62677
20079
59635
98008
79396
48972
54506
92005
71990
61713
99268
70454
87045
28628
99859
32436
89174
98926
78095
10731
68880
58557
69229
92245
47420
10238
73947
14708
8095
71782
66256
26498
75066
70342
19642
21567
43008
68203
57913
15236
89168
26923
93968
76435
64072
11920
66896
58391
7293
59433
17295
67273
54451
59874
73913
7568
73243
60605
88182
40393
94802
2854
51898
33353
396
97755
28561
75801
9573
5937
55535
45159
91801
8358
70932
7898
9047
61876
4160
37630
53592
23591
17751
84086
95590
84657
55098
49082
50133
58791
49480
49237
10519
89487
86743
70688
17432
85661
45583
15550
