20790
82466
95452
5530
97613
72035
68279
16010
33203
63076
83693
39167
26048
47242
6828
87386
28546
14802
30929
82957
56907
42535
1975
21937
36189
76638
15683
51880
31863
1171
5505
76163
90539
62295
90231
78147
20316
48680
11729
32601
20670
65526
11981
89909
81088
44358
99558
81938
7872
7835
46599
84486
20175
91925
70301
14077
16493
63943
30498
41516
73185
84496
99182
45524
57504
96101
25293
2799
90342
49515
46946
94949
17660
32860
5176
63610
92619
57345
73273
38629
71138
91363
64238
24875
74279
24462
71254
45570
42426
95998
61394
36088
78471
72683
21017
9028
69618
20320
58902
38755
