49711
49437
72444
62391
7356
83460
1239
92124
22464
10838
65518
56874
84530
43421
74168
12500
69227
5578
30116
27711
90740
74290
62325
35533
6103
9745
89710
36750
71177
73861
86260
4313
23509
41221
2053
27153
76944
18900
98600
93417
52206
10085
39227
21293
73920
31520
74278
51008
88741
70853
43481
50312
99040
96960
18344
90350
94918
10280
65640
97709
45333
7039
12804
57291
30428
9964
44643
79321
80461
78068
51997
42779
3884
83116
35826
59055
64305
29903
46637
72488
49208
56604
24346
89089
76792
86596
49817
11233
81084
38716
32303
93469
9635
10753
35124
20215
49808
93281
83087
20222
