11254
15214
95703
18570
45657
40881
44967
59682
27115
68304
63299
45653
62412
12796
57432
94634
91327
59304
41801
8805
39357
5857
93164
15085
2961
44968
84931
14335
88755
21543
97058
31971
67633
22866
72340
20990
43384
73381
55886
60563
30390
53091
82544
24177
24431
83949
86155
56641
51850
3827
96651
80493
25864
58927
77622
56303
50966
584
92372
28154
26973
36484
98609
92244
8201
75675
13337
70372
24506
47946
42728
25831
59973
14937
34388
87911
64158
69169
83770
41079
78247
50940
80126
51452
76940
14973
45604
46136
60013
80919
22614
88289
92536
38987
80542
77355
11109
88095
17557
41050
