22985
92814
90815
87341
20118
21136
31183
15325
5394
41501
75305
16578
57789
34133
48454
24183
26891
73727
92686
4547
87236
41543
45069
19392
48879
58777
70762
21312
69946
39527
15924
3267
53027
65460
19056
60037
41972
20455
563
96797
71585
66508
43422
84836
92465
38740
62117
37989
98850
75200
87411
19279
74087
95492
57948
44393
90328
14722
95898
62782
5254
18275
88868
72216
15320
40381
3251
52643
80940
28884
58455
46845
12122
42778
7214
79712
84059
25579
76472
69001
29117
36429
25653
2956
10957
70571
58388
88745
88023
11453
67082
51698
25487
64287
41650
79059
79309
67051
7347
87395
