29452
14872
60483
15397
84897
20182
65324
93927
38255
66699
92460
35839
54460
63243
61895
31947
59872
72256
18959
50278
24984
78562
66617
97819
17893
9151
36209
54388
44549
66551
35019
337
37073
95165
39133
76932
76012
86500
64179
19477
58530
70593
63484
45237
43574
72341
99992
71229
49442
59683
42177
24728
91423
31301
74947
50197
30614
53842
5721
41705
97610
61994
92436
49969
50605
86992
85462
19937
64924
4853
16548
65837
77357
43516
13155
57712
13070
68938
59891
2012
94693
18895
53737
85824
20233
9808
61538
34738
44376
81692
90795
52099
85176
10528
43066
88390
69943
49809
41506
82156
