93385
2817
5211
32427
69392
39968
43722
64217
51564
97569
20579
2409
45454
89695
46126
46581
81951
39627
30960
65701
36160
8128
82024
33775
50748
3863
72738
36726
29568
19885
44799
51492
86106
17992
11508
95669
50097
68252
88867
80275
81989
89984
29810
54701
31505
75091
20022
55898
40945
79347
43161
58874
71072
17272
27101
85521
18164
76157
70957
89660
26518
18103
40502
90248
92424
68657
17728
56370
19026
86014
74036
20716
41615
8889
73052
69857
94299
15518
24135
41629
19074
95300
3865
41772
54270
53904
39761
58066
97729
83473
96776
35888
19918
24633
13995
17242
24216
3434
99936
80214
