70245
46962
27216
59234
40411
60732
34736
15718
11852
20659
89923
39875
92368
91342
79077
5287
28184
42965
19442
11956
93213
32535
46628
51937
67301
6417
88760
39170
34101
22790
4074
53005
59271
72870
98053
72106
32749
12416
60561
13358
18323
15920
1568
8084
29136
17134
25970
52506
48791
89953
82615
84501
11016
76327
76824
33925
9829
2858
8451
25920
84671
58122
16881
12056
43457
16060
5597
60424
6638
22019
75221
56775
94953
51774
65029
3865
50166
89551
55924
22651
46393
28144
24531
36043
36682
58460
19482
4542
80493
81157
80869
32216
84841
38681
65391
54001
72180
62788
7993
11498
