79517
18831
40971
94158
41854
96234
45269
52261
17140
99702
48568
67500
73617
13918
41828
31686
61142
16060
35059
58930
32496
18466
12690
6633
38039
50352
80659
54806
32542
20933
42918
75719
94520
40989
24882
20886
65309
67467
61187
65374
40442
65192
3038
11803
51544
66250
59931
31553
28200
76461
46255
6378
6625
36878
64867
78318
85756
88149
61681
37454
70346
1072
14090
56483
17556
34665
95356
47944
52856
47965
5931
52506
6706
74748
73639
25514
47517
72513
37828
9638
50640
66094
59029
72071
36664
81690
89182
80091
15573
16865
12673
51630
48916
44445
73117
47921
98955
18910
26091
78967
