39626
22940
14711
49050
4902
26490
12138
58167
66322
3269
63264
65544
20196
24932
44580
63370
96003
68633
40680
42905
18782
12879
67653
88699
17396
26895
94971
4792
60211
50802
93544
68465
15183
539
40761
5772
90054
77895
11414
43685
61195
6048
13514
68234
86375
97722
40958
2947
75702
99418
40914
83736
27505
42059
26288
25238
37561
36262
69767
41832
57818
87966
15421
35738
19572
20644
35867
15003
2000
81651
73352
67379
13419
27077
71111
45917
72007
41745
35528
18555
92322
37129
75247
32090
22450
9338
40813
80382
44400
70855
58150
6649
17050
3801
61701
88539
6614
13885
50280
7052
