96543
43541
53965
87807
96346
32528
34971
20867
91918
14169
50141
5076
61695
29155
26159
60333
45831
40002
29832
29220
3102
86512
25314
52228
43026
36518
9100
36586
46026
84081
66769
52387
89066
70283
43405
3618
15119
34238
23406
76100
34796
5015
14209
78194
56960
45310
95492
41115
57200
79458
67034
15158
50489
75575
24915
33387
5818
92902
57155
222
68147
70576
90028
94298
97249
96606
87901
25826
47740
56532
9172
87063
43280
81679
41146
86952
16335
94340
39364
66470
40539
87411
53529
42754
52744
91385
38753
72668
16684
25145
55109
87154
49696
88778
98060
22811
80677
74594
39447
53226
