3239
67747
49147
67412
66681
58401
63807
5748
38855
85398
25233
41985
67358
10794
12578
21941
70514
69889
961
82174
8582
27628
87863
82512
27942
89838
55602
13622
26946
70485
92110
97174
57048
84747
9453
97897
89922
20153
3114
60192
93962
43479
4966
11472
9601
7114
23330
33019
73150
9233
75362
29838
33902
53430
50861
59130
82604
53012
56758
41472
2214
51053
88251
15507
70102
774
84073
94410
81049
8289
99086
97774
76757
5966
91867
9515
46885
65908
13912
37990
89900
39499
79504
11339
36900
57368
49993
51789
86603
4040
62127
20490
69923
28819
17876
97879
51249
71530
38664
83106
