27216
6412
24228
19433
7218
85627
45747
4814
19055
4251
87425
75772
79074
39118
43400
11496
6427
14273
54652
23364
21147
88093
37275
80097
86629
90639
91731
77984
75011
73686
23255
59683
98217
75887
47211
4698
12207
39230
42313
48310
49669
8870
99411
56011
72152
8510
38383
61711
17636
15994
91046
35969
43151
69082
54233
68767
27505
91204
27401
80224
7627
14327
74891
95647
82442
69331
11492
63395
94906
90264
79270
92643
37643
55975
79803
41483
34035
68865
75386
81690
46381
17002
80517
73746
65064
68119
95576
82819
65240
64554
23581
79877
30504
92876
38075
25370
208
15494
3144
60934
