7399
86671
32012
32456
30753
84946
40908
77665
11134
90177
8586
39966
15004
44250
22254
2584
70572
42745
4900
60413
86215
55375
74456
67471
55204
34947
2675
91221
61565
77069
2915
41487
49511
74758
51158
42261
75044
12810
64011
13115
90553
88489
26989
44036
65108
65899
87476
44505
21841
80587
39259
47623
57147
26445
65137
83289
9873
70233
28060
37665
34755
6231
38971
75173
52695
29608
81864
97372
12054
94072
75785
12417
77577
44151
35831
8818
74243
69608
62295
55982
27491
45524
10049
85399
39564
66145
39310
56743
86961
70773
41072
26225
54305
52731
32934
81916
67551
59406
88023
71771
