9097
64451
26303
79994
51464
23389
84605
64495
14213
18858
70862
56526
28625
80474
84324
13927
57879
93769
33948
13539
4570
9558
9230
74888
95361
32847
58443
2460
65235
19511
85573
83931
114
4960
87112
51182
34923
19872
91758
43232
51293
75320
486
67553
92748
64315
62671
57155
52942
95390
9189
70796
29603
434
50388
90343
63186
15887
74350
70164
47045
43705
89370
39693
52510
7235
82874
84814
11884
47888
70075
44573
10546
60246
99675
38006
84908
26624
23150
72677
5156
50354
86604
25036
39174
91211
51132
13995
82657
90288
47090
63767
11124
82942
57408
96381
24834
18343
4680
25310
