94781
4889
22947
54774
23041
4764
52035
64931
24421
98174
37942
4911
1215
39111
74444
79008
14065
43915
37299
59553
84059
71212
68724
64739
17590
66089
61345
35762
25273
14765
43344
21299
95830
60151
84973
33721
94189
24406
1847
96550
44186
38670
74421
88396
99259
25319
23003
80080
83720
53149
56060
67539
42983
11369
52539
87721
12503
24220
18431
62581
42416
32513
896
34182
50276
30871
58555
98797
34996
43205
39577
76345
94750
75089
1499
34283
85680
47128
90803
30973
8143
87529
15496
61001
40214
20935
53139
89926
65867
92217
40761
90478
15390
83718
38672
48175
80561
28948
28722
17508
