90387
92124
75528
12500
78019
84182
39374
4899
95787
75535
50011
10287
7330
43830
45604
56926
54595
15800
29717
98000
85562
78945
1499
83085
82863
50134
7095
39949
68732
5398
41854
70770
74045
19606
42839
65851
91458
28941
20080
6622
88295
95890
51496
58408
98677
78006
75400
66156
11808
29110
56615
37983
51685
19401
17327
44063
10820
62372
74900
97690
6464
71848
52323
34414
11152
52236
65775
56950
91472
17089
99882
17678
63036
73309
25967
63945
51816
85492
74886
25704
73554
80740
96426
68715
32276
31761
9391
34899
56370
42391
89750
75500
11744
14750
88048
54210
55515
47877
45654
24968
