38507
12794
61707
16770
97114
33903
95052
73274
99998
23996
89092
43993
85779
11705
29132
46568
29273
97546
40251
55113
43427
48718
34153
76752
38542
60787
15438
61675
7036
83152
76491
76063
81351
9335
61895
25500
65599
15705
89221
50027
69447
39107
54147
7087
19763
18005
26254
44915
53634
74633
59975
18773
41470
93805
23640
10593
63909
43599
82711
23177
41080
83166
7604
618
59252
35852
27445
99772
22100
75535
20767
64170
11540
16962
80542
56848
83033
56284
52874
56234
62574
50243
612
4945
69964
26138
95769
48904
1846
42234
99202
69604
24980
2349
88703
541
82142
96155
32614
29658
