66732
52611
65547
5277
5939
5101
17962
93532
43653
62095
68070
59899
19522
79464
67569
18322
42988
80357
41751
21300
51506
80806
96905
39222
77821
44090
66495
66810
69775
64206
92896
73784
39295
62246
2181
48282
43417
88318
14367
54597
76508
40328
95070
90184
82479
3493
78239
62206
34804
85930
75822
75712
29825
94556
6732
76484
62974
22350
68713
82448
94527
81231
49833
19370
89225
31746
4139
75048
91819
14405
25007
2483
57808
41117
54891
19849
54128
90506
26725
53789
65775
80148
61815
96448
95343
8164
92508
18099
67985
27177
73517
42605
86800
62702
68876
49392
41125
22700
60250
69879
