71820
54
39830
37607
27550
56347
76020
79517
85814
42238
60947
57906
57955
88556
28011
67001
62022
96464
22242
86357
11115
37197
67562
87013
82961
81168
43934
12241
98454
30785
88185
40688
29445
26101
19314
3202
6058
32093
62278
80121
9546
59693
54322
82545
75455
25486
94156
91273
50329
64800
52384
31980
19343
85991
90129
727
98431
13971
55725
28684
23054
91215
67890
60890
6583
73061
32663
15907
59830
17478
60902
87501
69617
73260
78048
41589
98993
58009
80302
94277
66163
55934
71811
58447
20862
97473
62217
58992
33973
98537
32407
83580
36348
68328
63518
82150
31359
35993
57655
10156
