52188
93970
94224
62740
68904
53844
53666
75354
9667
16427
41554
84193
9721
58980
61058
89144
67812
45157
16822
72261
83860
77043
23851
16913
56705
65912
7264
16275
67909
20057
39863
21582
21230
42292
92974
29553
45354
68013
37231
10337
32848
25730
83239
72200
35973
16407
81923
39692
80535
69925
12246
65874
84016
22104
77570
76107
20211
22440
86342
81852
94455
79317
44253
73875
5400
3719
10647
5959
84077
75599
34689
85345
27632
74992
54603
81017
83754
3970
65279
82204
71510
37968
84137
39597
63301
32097
89784
53228
38986
59447
9565
90258
7853
20720
57620
54477
63472
60876
26742
44590
