49787
74684
32209
65445
72174
85801
89765
44246
33729
64045
94839
84109
96941
64304
60402
22051
96046
46161
22186
18345
94413
71637
64005
24124
71059
84124
7699
68675
4434
9743
87585
6359
837
54054
18022
82668
30335
8909
92691
19796
1199
28669
66288
59771
48917
7924
80981
83589
87393
80809
63335
86414
63945
2062
867
69759
72306
53915
1554
2193
69392
94660
36011
70221
37577
2247
65827
91470
88347
56437
23497
14027
12625
68733
19517
31585
25157
81236
69004
33085
46458
35039
52023
10358
48897
53219
60162
74056
31878
91389
29604
39319
89659
10567
85687
85183
99561
4153
12256
53121
