94446
41384
63783
39327
32896
73681
74428
6254
52220
12973
90511
21410
7870
28242
33331
62461
82558
12623
58964
97596
43865
34049
47313
47227
73447
73072
33780
45108
2600
53971
15891
46019
89075
79375
26078
75610
75484
85180
85083
70575
22878
37305
46545
42611
88237
66905
63897
96538
58581
10278
49948
80435
37556
60785
82800
18986
21965
83963
44223
55289
82743
80257
74926
53055
9352
10370
21234
45040
29913
41089
41534
85592
38189
93118
35059
79350
84495
51834
35554
58314
47601
98029
76929
68281
59021
54263
21931
24103
3028
16390
95391
30754
86773
32984
97502
91842
98270
10495
27601
21878
