38655
2632
41775
34227
13727
9726
44802
22297
49213
21091
95943
9831
71703
12204
44296
77861
80432
63274
92341
4063
56535
85674
21627
79603
56912
20592
7020
13273
43398
26942
24902
53646
91383
72629
94639
95680
70796
34769
86586
36900
38981
31136
12572
6506
51499
74944
72046
64350
20132
7145
47295
501
56048
11486
38608
86773
81932
78672
62958
26172
12713
3374
27126
22392
83649
38249
10740
62072
15140
40417
52097
61728
64107
86644
34735
11946
84131
71320
50794
24233
48631
49997
48419
24456
58429
5849
34511
57638
60957
34525
29655
35201
73957
8080
19809
98597
91288
87487
12676
11234
