46077
56281
41223
18328
32478
36303
84492
11043
32528
72535
78775
78645
94527
79639
37346
90503
3516
86299
39538
26929
67863
79552
66785
24727
98022
51348
38738
84695
7153
31371
64866
50579
14778
31600
65482
83635
77848
9308
69244
1582
47330
41481
17300
50704
74499
55164
47896
71613
89515
22646
99973
61737
9568
2188
76987
8852
1808
34366
28278
5221
7926
52164
66403
37551
82389
93406
65674
54452
55519
91988
52728
10804
83957
70329
70472
80747
20013
36369
10958
40621
10358
67018
26634
20366
70306
42828
51214
76866
83139
85176
89268
84300
8666
40655
91577
57343
95678
31279
7590
32045
