47326
52109
19392
93843
56052
48449
50609
48868
1598
37310
45210
46053
40382
58403
73536
11482
28272
95402
58225
97194
54475
58000
37832
21469
95421
55553
95500
54290
18294
76963
78373
11283
18828
27235
39746
62209
68853
43964
8666
77422
99106
49254
11594
868
53669
83730
35826
54332
22924
72852
60571
93094
74438
98992
17948
26118
24381
50040
37941
72597
64303
5536
39583
76705
39835
64763
73307
96975
60746
29429
3518
321
20189
34430
39344
83959
83436
61937
16277
85697
87283
37708
54678
23511
64473
90157
84514
32080
3729
15645
36336
64626
8746
78498
97723
47417
76162
62979
74131
57157
