37003
40724
42900
11323
72495
59867
1045
48355
26303
38220
73900
39835
96938
81621
31796
60808
48271
77555
64666
25615
96006
71639
99678
32130
19736
836
53745
3134
30540
70982
45407
83355
90894
1258
43912
192
99475
86155
49320
96742
95318
40307
13625
26896
69444
31218
55027
64492
7851
18662
93278
36678
12194
5755
30340
68126
54141
91862
48824
60092
98029
11129
76123
12528
66248
17500
83522
51689
9809
77581
74426
8164
57015
86828
17133
31035
38231
34209
41289
51506
91846
96385
42763
41689
59344
35646
30620
9790
26570
17841
76639
14284
20370
13849
21545
58926
61087
41161
53283
15826
