93526
37451
30736
35615
44021
41905
70799
10562
18137
19770
30312
50206
90958
20029
92592
28044
8419
54378
53425
43370
71122
61070
54497
8162
27111
55070
51050
76557
91164
2561
75457
49858
62519
773
46106
39140
98760
51117
54922
70546
97979
96290
71583
79070
28907
63994
28761
35775
57126
63655
3805
50969
44058
87671
89017
52995
94920
21633
61262
16729
81561
70009
3535
51646
77581
73976
86901
3553
11004
84247
56180
17787
60516
23820
6591
34100
49690
42907
27743
59599
42841
44237
99776
49693
36472
98568
55256
33066
10736
61645
2541
98177
70703
6827
45871
29390
85216
8994
85427
5277
