44870
71602
46438
88588
94494
89227
84320
90874
34651
79964
63463
25201
32312
36570
73150
39125
29474
39009
37881
92393
27169
90472
92405
64095
41556
62889
45719
73465
94590
35843
37722
15975
75167
88687
71198
49768
51713
45238
19199
38071
5514
37701
93604
10359
45399
57984
85980
33613
97956
62794
28048
26486
70593
35538
73665
91249
35602
17993
14317
80699
97111
76918
31364
31780
6654
87797
69605
29580
83617
30519
6881
13134
54173
43293
94026
61919
13179
89286
18019
680
72136
20702
53335
85576
62351
62581
85268
26144
99079
37650
42097
37410
84660
7755
11726
85499
75253
30438
70144
96822
