94204
99537
63957
70913
4706
80932
8969
30772
82728
89706
37668
29818
97881
11847
56882
12904
99664
83067
92261
13174
58154
21806
90965
39252
3795
6029
42517
7356
38453
46985
49132
56451
19081
32008
69622
54009
74178
89365
23601
22281
22947
10351
79888
50141
81227
89540
31567
65231
76436
18759
30434
60444
83612
33290
60237
33467
87405
1232
60982
37701
88816
71644
20707
9682
57899
45294
77015
39211
83747
55616
90481
32781
59879
39600
26112
50423
63336
13980
31092
49987
74964
47050
75342
38781
91656
38697
2876
86276
51880
35977
1062
74178
89890
97606
6429
79483
97672
65108
37513
30163
