63980
14803
53908
57762
6026
8302
34291
85849
41188
1621
92350
88858
68789
97469
75583
94867
74058
29359
87798
44342
68040
68565
90210
91827
81034
12484
56735
86733
95244
32582
63168
45319
86994
88644
84071
50447
19485
73184
80336
7153
1527
84332
20569
66266
61511
64991
21680
9813
98492
64442
42027
31575
43372
36459
6600
66445
29191
72155
84321
49629
52859
30802
10333
60175
58221
75109
58734
11537
65334
58599
41427
15560
65192
97680
85639
2330
13454
52880
54047
4697
73025
71972
23
11914
79195
81143
83564
39925
66629
73707
27113
85800
88012
59797
44677
47625
7114
29219
59567
43513
