35684
65598
70777
64723
57378
10544
78386
5225
56627
96277
42248
79130
32817
3391
11971
30006
88382
75393
76956
2720
88118
35326
75530
5274
99126
22963
61670
68022
85395
57964
36459
23789
76721
57133
83203
64452
11960
61606
45608
53524
43688
42082
87836
13711
21080
43229
53956
90922
64943
37778
86847
52489
99681
72103
4810
59615
11543
41225
33083
42373
15195
52977
67450
151
86201
71119
60553
54166
7105
24587
67953
47420
81610
99149
65339
81974
57940
99614
6765
26681
35004
71988
17173
37753
57425
91522
63533
15916
3784
82579
79807
31366
93033
20759
40731
72200
1793
72385
53477
12218
