10210
96911
93312
75261
63784
14985
77617
78129
60675
42648
72757
12800
58356
23092
40375
53189
9124
78416
14254
89851
78173
49665
42915
64789
84541
86530
8059
11867
28523
18209
76123
98958
83380
25
99232
19232
86624
19559
59373
69633
38208
51116
80685
75751
58611
25647
26957
89328
41498
39287
74748
89072
39918
56981
94083
45124
11704
76380
1065
80150
66903
52979
16719
38560
8181
48395
71944
6964
111
92191
73405
47087
14379
36990
4088
30834
56586
92042
77354
51678
81949
41698
93294
50174
53220
50013
57042
71450
27685
86834
22730
62243
18229
24672
72801
50410
47224
54688
20221
37811
