78921
95582
71792
96704
42831
59410
91123
3585
99874
6829
84067
84095
24084
82596
58118
84031
17838
404
52516
26225
82353
40049
41121
75473
10779
14527
20687
32717
67682
93529
85090
17052
77859
89884
53781
41865
59178
62701
96361
17500
34168
22739
90108
77729
42937
36936
26040
11063
54329
48183
23841
51577
49457
74763
29424
2718
3011
73208
84818
80217
82134
29978
11663
60611
25988
34313
91916
22120
6526
52565
81004
56218
78695
34100
19563
11674
48225
22299
74350
15382
1851
94187
68923
57038
59469
88292
64770
15534
29424
93529
26627
24976
34892
37744
97838
64772
50080
17066
56533
27081
