63202
29393
14185
45891
72911
48177
15059
99957
36513
75249
29644
56245
73527
81491
80423
88471
84240
72973
3442
79823
86224
90895
35055
3795
23648
35819
92105
99931
40500
44542
46010
801
23778
18777
74229
86160
52532
9121
18596
97121
82992
4019
12027
97795
69532
28198
49309
55029
59461
44682
20632
48504
40847
94582
42518
74396
78149
11136
6896
20393
20633
98886
80982
6523
88339
10694
35666
58080
86762
55577
63657
79571
57940
54288
35805
28256
98952
67155
14919
45243
56350
14535
37126
88896
88931
77744
63784
69067
87443
40426
5953
28904
51808
78555
7181
1008
26795
39508
27687
17988
