85405
53675
67277
2629
89418
1167
62141
17343
84853
22702
78793
1110
29330
33082
79737
40038
93421
92979
84246
36095
55550
49346
45707
60162
33030
28602
61172
39603
88762
68242
81738
52056
76610
13411
964
67046
86817
49052
73592
84849
77827
79830
37052
39122
89708
14170
63143
8368
44078
36240
83965
42617
36292
34230
85999
93205
85390
39164
24689
19652
67803
31497
7442
78648
52966
86578
41889
89229
18341
94541
3337
85905
65192
38746
34004
54863
53032
50892
96565
4630
76419
92809
74979
24893
44980
95231
93503
29146
89958
70076
83666
62356
88064
46989
66495
39348
22281
86195
73171
23742
