23672
2439
82293
92188
67663
24451
75609
65432
27913
86614
97283
61250
35119
83615
69825
80534
56850
74203
95239
82151
7849
68455
26300
47747
60620
19366
31507
19723
97837
89825
39358
57068
53774
41767
8445
83091
26681
54060
34988
37624
84679
21049
33613
90028
78805
30951
53198
31259
14885
19656
25155
3632
32190
40704
60839
63621
73378
57165
55315
84794
4851
26476
20888
35745
17883
3820
33869
36409
86334
72183
23067
84449
5536
94697
63681
2610
7252
11001
41145
78853
39057
8334
53348
47637
88038
86171
11837
52022
94927
18424
30939
14672
74839
96270
65569
15813
68415
87061
76077
68847
