75482
31776
42715
49291
36740
51503
47844
14928
73906
26189
77625
71517
23584
89354
72103
3528
95318
60506
92848
27480
57470
38186
90812
9065
53628
88209
65445
18243
83013
39693
31723
33120
86333
20204
93748
55461
49413
9695
58861
78373
62815
76316
52535
70041
66403
90664
54828
71257
4819
47125
91965
70374
77834
83648
11139
14336
32537
86194
87123
46532
21803
84804
80305
5807
73823
84546
88798
84770
52379
98656
43464
56421
13887
1383
12925
33914
29099
66936
97892
68000
73138
76090
90134
75398
28972
58430
49037
51267
60695
89071
77148
90497
65598
19759
45216
3220
63278
13704
38723
54523
