74715
81963
23449
73194
98199
73157
54420
97794
13830
83706
75572
46919
88408
60126
92085
87195
55978
13645
21865
23645
72086
52633
66152
44239
86185
20733
69980
78633
58067
46180
41308
72101
42554
48723
54047
83001
56439
95141
42396
79746
31552
73813
71517
28040
49161
72121
97594
33304
47188
59298
58655
52048
26
95200
4544
37288
78088
2137
67845
17706
39563
861
39366
29084
28158
41276
2845
90403
36171
72570
67014
72919
74799
74923
20279
12359
4947
60342
46617
20462
18142
34733
48115
76305
32750
30540
33587
39362
12047
74775
52403
74589
28500
96242
10119
94842
42559
63247
22663
64000
