80865
34979
79378
74324
80264
30267
78167
30433
30267
90096
3419
47090
10418
90197
62470
17576
65841
79261
61442
93326
85141
49016
24115
50786
64415
62109
18025
21468
25331
29659
4225
53555
1968
35371
54139
29171
97304
87994
26586
99324
26813
8669
23210
57578
80880
64218
90160
42585
59972
32347
56041
53067
5483
79683
96382
49857
94399
41013
51663
80152
97317
74965
77832
70276
68844
84069
92290
5048
68243
14329
59194
59887
5560
32208
67988
70500
51854
96361
5145
73099
50778
67650
82661
6462
24885
38166
57614
52172
39919
37476
60470
21822
55373
38591
80365
7150
90434
67761
18644
60763
