48968
92346
86788
51852
76811
13243
44114
39553
42285
17885
20645
95991
57262
83790
63859
85090
41587
22834
92692
73660
90907
80441
46770
29261
87233
77195
22984
49596
40216
96207
90243
38603
16692
23293
95530
236
92014
75083
51328
74382
4245
23866
78957
41710
80135
28954
83840
74128
13646
65036
18435
43407
97694
10199
31195
45458
41880
22006
83387
11630
92926
87822
83769
95589
44008
58541
1494
34762
27484
32708
90856
8886
45939
33641
14161
94427
168
6311
50586
57439
96022
55005
21803
54267
64630
49639
46037
71569
49198
13295
62848
75767
85324
99385
90068
29568
21320
59152
9662
4380
