31525
10891
73203
98708
1629
90854
95917
53297
28575
17395
46977
38770
31335
84888
11893
2088
62887
87692
39956
21208
92184
60200
74761
97949
76502
3200
59617
60787
18170
92162
53132
24242
48552
82158
60857
92262
83022
179
82223
9267
50447
90539
43635
69589
4288
38875
55824
98683
35362
91496
80282
71099
75397
27152
89741
10612
81325
44001
96438
7185
67468
88429
47709
6759
14545
50195
47919
60995
81152
5358
47917
48030
22973
84958
73242
92390
8783
73500
92975
26833
18142
43900
31279
70731
14885
85071
62718
96650
98603
76038
92124
27499
98720
97651
99731
29549
42004
46231
35044
66004
