87827
16456
17601
1521
9404
84986
2059
18874
94548
63793
86236
57244
17797
11098
17986
84181
54508
59773
91147
79224
55798
81691
23567
59559
66771
55591
72359
58989
50426
46571
29589
24353
55676
79243
974
75752
65295
95803
31032
93341
65763
35292
53850
71588
75544
48100
4386
4964
74469
63343
92391
48311
14833
76057
63116
90505
10495
18624
95707
95853
68998
98381
36625
60941
67758
10255
68598
79964
11593
32143
61926
82663
97215
86998
87651
10235
89663
83059
70674
75974
40960
80353
6918
45030
70128
1414
61456
59512
67196
61504
75231
96183
43453
55184
46258
38617
37908
21956
4631
91102
