57734
44658
24165
6735
33093
62617
14954
8565
52522
64455
9711
75632
82503
89975
7027
19888
19556
73773
39825
11165
32531
15526
73148
54549
79472
78136
81058
29582
68495
49857
59050
58029
38975
77140
56208
40027
74532
81400
7895
79906
97005
13007
99974
27236
81988
27660
34688
86564
10642
20586
31440
22783
72351
9839
20518
351
53546
59049
90358
77833
61593
38176
4279
30341
37763
92663
37057
92142
59511
9330
90097
30596
34676
81928
77305
86663
25929
55724
15044
71377
29467
84887
19529
34817
18644
9360
7817
21748
40320
77994
98168
74608
37829
57561
16300
61434
90267
39858
91716
52758
