87575
45062
70969
54263
99151
77297
29821
72562
7994
50739
68496
54871
70191
90056
62237
75067
30887
62425
39172
10349
51748
93626
4552
65812
74871
67741
74906
88806
81301
19327
15766
99247
58857
22660
21911
27773
25261
16540
5594
55493
10272
89539
57068
26466
82212
19383
77995
33802
41911
95303
8784
11407
50869
72924
52083
72359
42747
36203
68117
60052
1621
91805
81666
77015
68494
54998
14749
54322
19614
19425
74265
77062
76373
99403
13134
13846
73753
13238
37499
70207
45072
53857
34621
50207
85825
63647
74977
79818
62004
4911
22571
36100
52819
18856
81035
79778
89236
90920
52655
5084
