82864
80274
49301
20678
2049
63828
10581
833
947
23517
11684
92634
85427
77822
37190
54556
90899
62392
90749
16633
27022
18755
83864
35514
68563
59038
54006
31360
22879
80025
90660
4932
78155
23594
94005
65522
80223
11538
82208
39479
45594
54892
600
73101
30886
25154
15402
69495
12542
81124
47436
99763
70743
66525
28741
60846
82112
86420
27278
36232
6956
25392
14770
19559
89817
62183
65211
23112
20941
87837
5652
7082
84524
47736
37364
27472
56974
32950
43817
80848
99407
59395
5678
13687
97048
6876
70433
23054
20716
3810
63578
67490
15213
9288
30842
94556
58304
77688
75991
42726
