47021
40039
63829
72309
14265
23039
84614
79512
10745
36781
18351
70598
25747
34503
96148
82133
10023
95346
9883
2442
66477
82789
4089
76270
75878
53102
77338
27887
4805
72299
34160
71234
70737
61880
85710
19482
47949
51446
29270
77281
96106
38142
17549
60910
65684
66901
11870
52008
47693
65821
1389
86859
31311
80483
89675
21738
99249
67389
18399
58488
20870
23481
74234
74163
86431
19163
96459
95946
63374
47029
5298
28682
99808
63917
30376
8240
34650
48423
30674
5611
87633
27103
67881
47350
50869
61562
59592
6087
5231
85004
42477
13530
92241
68338
83043
35848
97244
34514
75843
71350
