44915
59438
78189
77411
9024
30123
49573
50524
17330
14231
2171
26523
68513
66108
89702
55024
19604
79366
12623
23256
62374
80577
78619
5117
69656
65973
98617
15404
12215
63209
86428
17083
79099
70686
158
88941
85097
56558
68426
55140
48547
5694
91442
69445
56225
30080
63193
49970
45944
77208
97176
99817
91319
75514
12808
55770
17549
33361
62540
30476
10987
37129
78420
71268
53563
33792
24776
717
92950
97472
933
75758
68491
15445
68127
943
49156
85793
26925
90147
41406
53589
47484
13971
20288
55847
85404
76726
33245
34250
70269
55518
74013
47926
80201
36119
89209
52096
98956
26699
