11288
55898
51370
23460
92364
78135
77694
82506
90457
91668
58437
80782
46613
40953
43560
25972
93442
99406
87933
69925
10296
99057
61040
74422
17275
12179
91567
61378
12749
59715
40684
89716
84466
93090
61001
61676
30369
29334
18838
80864
33824
47639
51391
24033
91700
87187
43297
42568
59413
63899
3967
8568
62304
14797
46065
62738
60456
22388
36997
45694
79226
75325
16698
66578
13492
53175
93622
14023
42713
72896
85125
9297
39600
69829
60421
52536
77403
54191
31271
81380
31942
71821
20844
63226
50308
8659
44659
27295
90972
77460
56512
57063
74346
44853
71373
90982
30954
22687
86850
87767
