10288
88581
86957
64575
80456
869
70973
5540
63215
48654
81353
41343
64533
75304
36010
64331
23970
66996
36736
52151
29111
98327
75585
16810
7098
68910
55467
62695
70880
4269
65861
45520
51606
89960
22912
59926
15777
91521
67923
60303
41374
90337
1104
1550
88357
27624
49733
76154
13206
42656
47396
80319
34040
24531
71902
34453
31083
35312
61781
80359
44971
47963
24106
65375
55568
27595
54932
91844
98592
48800
47852
52507
36652
59078
23579
74896
17189
75484
89917
29959
13091
94479
35383
30908
72790
56652
49924
25699
19117
96803
19602
61996
1277
23149
55250
65484
17626
82661
67766
69991
