60239
2135
16285
20708
57841
59837
89
56073
26519
90256
17291
85197
39567
20838
35917
12235
85799
47243
32820
10804
48739
87099
85055
21696
6788
51950
82000
40044
95157
91678
98990
30690
56261
85916
11954
92236
12476
143
27974
62497
10216
17394
77815
29648
68085
89127
58336
1218
1057
91174
45033
15807
55354
90969
17325
62614
9284
30009
50210
11709
95783
13426
13527
41072
48178
39224
17974
50165
98718
17452
84093
88754
18725
8967
69535
73832
1111
79996
85200
21512
57685
46031
94691
27926
82324
98078
19841
53964
80751
89990
57985
28475
11363
13169
18352
98625
16143
77277
95684
50336
