33492
37939
43008
15727
1014
65194
97913
56447
23029
16933
49835
69807
92232
30162
65571
73234
87563
46422
9448
52045
97261
5545
57177
2457
60261
10206
41034
75466
56268
75157
53009
92996
83905
54748
37948
15097
53089
2734
42569
22528
81019
60306
90389
47429
11552
57241
13876
31892
57105
77185
52488
68677
10309
51874
40669
97755
44501
29042
43656
22038
10012
66911
82999
14946
69548
66841
25416
45794
46020
95340
84600
19359
30969
13475
19195
33551
25857
22741
78958
20037
99643
99504
85919
9877
23219
82307
64765
60812
98887
73890
99599
75953
58839
89278
73990
84279
83270
81858
42364
82211
