89159
55435
36326
7139
8306
48866
45250
59299
63731
65727
69034
16084
61626
93039
69718
88908
69843
38308
59242
81390
48254
88252
90863
8602
24688
60015
11444
10509
51208
23438
37798
10086
14335
21597
36169
14684
91368
19393
65055
19727
26773
68248
82219
2975
38427
54597
89444
70967
17306
62116
45443
55068
58178
96694
84501
2816
38210
24781
8251
2889
30452
68108
84499
44025
53962
75852
44931
85952
84680
42770
63721
77773
87275
91340
69490
71889
58361
60032
39857
74351
17296
40173
22510
34080
29725
63471
48746
37768
6203
19444
46285
37275
59760
21806
81086
21076
93299
70166
37388
23892
