77061
90327
45958
93160
79989
82939
56121
21756
80761
18250
27083
27125
7781
74721
45983
69768
36843
78232
70618
22070
42422
92282
38357
37924
75070
35042
67426
89038
12482
17772
98317
53949
7771
36350
85970
16632
91938
17393
32726
19169
93244
42218
32448
99808
88636
51473
64155
18635
75685
82891
35222
82289
54294
49175
59244
9899
83051
12203
52803
67583
98279
36468
91057
48375
59598
63969
42899
76279
325
96040
12209
95805
60090
83210
87051
91396
46953
8301
70049
52130
28552
56315
27768
64844
35198
42319
37172
44271
71738
75751
17118
74206
63615
45055
89464
99911
6346
6022
13052
82075
