73260
49373
84344
43055
16751
87834
92122
96833
89839
68996
12250
84676
87879
55497
66649
47426
2390
47527
40484
23628
28075
44792
63737
25167
29694
18031
20309
10115
38771
13257
66544
70749
96816
69014
4948
86761
44141
81007
17177
78283
49378
20219
21267
23704
90813
81886
21698
94527
57367
5727
53853
47750
88653
94318
31134
58223
80032
37347
98618
98113
58842
30672
69994
31349
40563
61475
25431
48214
88908
74767
57750
60514
36933
50053
65917
69136
54875
21242
26175
79255
18141
32769
6840
84041
62992
48656
72685
13447
93245
67622
16342
37364
10994
21013
35756
58894
67287
19314
57341
12022
