27803
46508
33863
44609
36656
78140
91906
36212
72849
1331
67716
25043
11222
31636
94382
53272
64039
72769
99375
31500
90520
62403
84660
93303
64333
58744
2261
12197
38567
29046
53006
90674
31891
40136
87027
76226
48369
62032
72545
69589
45057
55772
97772
72141
43358
46113
92125
59474
35510
40190
32952
30218
15815
94541
25243
41360
15671
97371
70237
99902
90462
24268
25106
28362
96811
63465
36242
94973
77279
99642
68766
78223
37094
13177
25444
38830
29817
47302
23520
39619
1855
92802
70011
16592
35955
5966
7147
72530
38291
91412
16552
83607
98670
64341
13447
1608
75244
37269
61525
62747
