51878
43450
90508
31140
6461
97747
62288
35204
48817
2652
44285
39723
40757
36746
64438
91251
89765
12874
29879
17615
39385
97482
58080
42057
35314
95526
54628
79296
84615
11704
24634
57897
27708
53369
97118
63500
99549
67699
49010
7368
67538
20837
8601
40780
93005
66427
52873
17780
68720
74538
3795
22773
25266
26310
7554
32702
4335
59828
6627
47236
92358
26098
35911
48281
60847
66208
52029
83285
16237
89283
4006
31712
48820
64067
77863
58472
23277
62205
76924
72265
45844
45122
21433
33904
98168
90290
11848
37365
3598
50668
6508
21353
75008
28092
29013
84854
29506
88827
27097
35270
