31585
29537
39419
92744
18921
60690
7553
73714
54091
54593
73045
69468
17576
50911
31832
33423
26652
43289
84766
10364
58955
48638
12120
70207
94973
24967
6756
35188
49437
88300
79295
79027
5184
9540
24663
99838
77016
94937
88009
73250
28445
62836
27380
43643
39740
2010
27763
24907
97187
15377
97895
98872
62774
31798
91178
79221
92245
26806
51988
31370
72363
42155
37102
49895
61113
69947
85030
47089
40426
34284
47140
67216
65180
61081
12925
94689
61538
99829
41974
26625
48590
41016
54255
5993
73732
29003
97158
19127
2126
34181
72524
76551
75910
94374
54733
38692
19977
25716
43237
30150
