92299
24585
7436
24438
50257
48894
43791
70049
23771
37055
13604
99619
39838
83673
7053
69682
68837
2466
67011
56187
17412
58052
64785
5731
75381
33820
94760
82816
74023
26065
92339
92207
28898
215
98713
56794
99588
12386
41522
27835
9949
9811
24212
37866
59644
40183
40015
29425
33672
31118
68
82169
92231
22778
49549
15182
86752
36591
22299
16189
68917
42288
90969
82580
15568
40536
35384
34048
11861
99034
96955
73763
11738
34469
65073
73089
59408
26787
47443
28659
2458
33965
22847
24255
87791
71604
18767
96224
85599
32843
33492
68368
65309
24031
42599
1462
18354
86351
79349
33320
57009
18802
34097
55090
52024
13537
3187
99068
67934
94442
214
58729
53695
12254
43331
52395
4556
29021
93098
96729
68070
28300
33148
10247
36440
44869
6285
39451
31781
57312
3409
27044
8052
29030
3829
65507
32796
41350
78433
58571
90472
69360
7249
3274
28953
57546
88960
62886
56388
40915
30693
11548
59327
13714
48027
7793
45602
16647
75143
19127
65575
48898
4403
41616
93283
36988
99487
58281
21248
49374
83092
5303
80510
93278
58407
12911
82332
578
70140
63070
73616
36957
8765
38196
65443
58041
7232
56825
92428
22116
54876
10098
43497
67714
16336
88007
15004
20374
27762
22596
17783
30086
56485
35205
32806
44888
34964
81843
82344
97706
58510
59353
69328
24014
27017
1942
14078
19900
31134
43538
28504
78508
46714
21809
36067
78427
17262
12198
33203
77017
98393
43417
9210
32801
68200
83968
90730
83616
17855
85056
63129
99878
45780
85433
3682
54000
36370
10130
4355
97888
69287
71428
52096
35665
25528
553
36462
74492
56498
94468
97238
60575
18767
87309
76897
65792
79481
36594
22215
17978
160
7200
17000
18016
48041
47765
78153
12790
78954
96536
40426
55210
19020
58677
82814
75229
34321
39346
39330
37793
49205
93866
96831
66158
47379
10689
84731
61453
43577
97799
33808
75132
46333
77040
51240
54080
53895
61801
40756
29819
30003
34938
30202
30955
68872
80067
58114
52979
3418
78130
66199
9493
20364
81503
60627
64227
43915
85876
19853
93629
11009
59953
47154
17076
56742
56159
85311
55055
72351
46823
70613
46155
75029
19098
56733
46968
72335
58307
89347
21191
87473
11571
69187
12242
89851
60137
19274
11939
55449
3659
19564
95967
59826
52378
51762
39719
11542
4577
2876
47250
70977
47721
17949
53986
69056
93330
24777
71334
81599
41647
5174
90442
61257
14000
13852
967
81829
78763
68690
30059
64757
80910
46785
28365
27675
59776
68210
65407
44984
52427
96594
21659
38996
62507
76932
33179
90685
43765
84526
70414
68820
27194
6796
69351
97322
40471
19612
38019
8397
59708
33933
86543
15201
74154
84068
6161
77514
76219
25793
85076
51154
27047
65000
55440
10931
26780
26219
32472
69684
16051
80448
83457
66568
96957
441
1041
87676
59799
62462
69464
45486
13547
41143
55830
6936
99605
818
70211
57396
60510
62552
4344
97350
78675
89169
86086
17978
7121
36468
73967
93319
50456
2238
78182
18504
38377
36539
89966
109
14857
10013
17359
65954
92361
85920
16617
72246
22722
65933
48644
82139
33276
20853
95154
42571
27944
83339
19293
65977
31542
43220
53900
86536
60474
43486
49364
78439
96878
36254
47083
20221
13412
2142
92330
66074
6137
46359
86168
35471
16682
92007
64551
61076
2244
32836
47810
80689
56848
62890
47920
15623
93062
50453
4846
6675
33571
87985
44098
76621
42859
98656
22676
61220
15747
96282
5890
45423
137
85083
6679
18818
56660
88313
43624
74777
34848
76178
24379
50670
62605
64872
84696
56869
21483
82898
50430
76392
54130
68807
22239
55392
76262
78053
62458
52880
51509
68514
32718
39113
92000
46022
43701
97372
83175
45873
86409
58028
75093
30004
44461
66029
84415
47077
18679
7754
30002
46479
45782
76170
22961
40787
93833
73491
81898
2377
25051
37095
3840
6216
63507
98467
35273
36917
5371
2534
86747
5331
54772
65432
23682
72734
49650
41734
36811
64363
80457
1549
74803
46755
52141
39267
74256
31573
91253
93761
15285
97887
77150
2239
40571
40028
75438
39198
81951
4854
45014
48506
5926
4565
8208
5030
24746
82389
83054
36991
90806
29141
78228
85773
29918
9177
40080
14885
41268
76327
94825
67164
13533
4448
90704
88061
38665
16251
96567
26011
39042
33634
60157
33878
50812
83636
69034
26050
24912
21278
81214
69089
72729
57697
63489
55716
43094
35118
16791
64234
70459
48844
48707
99720
91474
16373
85275
30664
86063
30319
40231
23153
25087
70386
85984
43145
82126
92962
27246
92334
11817
10910
36777
83773
8287
8085
1444
51765
27975
70918
20684
73590
96667
10943
70356
8226
78579
92949
31518
52089
26205
88824
45416
70969
50826
13903
22224
84774
83677
50723
55153
71019
10659
51729
61498
67116
1650
36154
38133
54639
28282
40848
5195
59619
11168
36399
11106
99717
1134
8883
36907
79688
63301
37545
72088
75205
8193
52772
80872
97539
93347
60197
52084
7912
87870
95273
46529
32213
86870
46072
30616
78095
86080
477
93588
78022
2652
85629
94074
99405
72597
50800
88650
11199
55908
56103
96618
74019
27687
24722
37898
77171
68708
66774
34433
99071
31787
92935
52382
69035
96615
70066
63383
46377
50615
84094
31933
51168
81155
59910
89482
54392
35713
74662
31390
79803
78826
75472
49610
75495
61573
72706
65578
20019
11269
90709
36463
31830
78163
15708
2048
27097
66898
80475
5057
545
48316
36103
40654
63227
19885
7649
86033
30779
62740
35424
75479
85479
64183
32929
97899
17837
20551
82305
21260
24394
69977
75479
22424
80653
75184
2151
41387
67076
21992
73132
35749
22681
85402
72244
99162
32201
81249
5832
26912
32592
39150
54833
55885
20156
30011
69579
60428
16652
77933
10359
4044
97489
48634
5515
7198
95679
27604
70195
18491
96999
60386
62377
90653
51757
29766
15721
89962
24595
30354
62341
38703
81457
42936
49805
79938
72263
53209
81095
58722
22599
4005
5619
56559
4284
48774
9583
83538
61297
19348
61332
70645
83436
87344
1915
97426
34407
20809
79736
23452
29531
48437
8278
91926
37664
99017
38036
29952
37262
29298
68228
19709
60906
96384
97936
653
62643
54637
97815
7667
35510
68517
27603
55141
23834
30979
5643
90059
74555
62109
27828
78063
57752
67326
48578
37343
25397
21935
53404
79812
89813
2347
93166
17788
33139
47858
79469
10558
8493
41535
141
25722
82268
32694
45201
44521
35302
64667
69960
16063
73321
71083
21666
85964
44986
56291
19582
46653
37445
5215
20458
44458
33026
71189
84400
72116
28984
33126
66678
51520
70934
14866
18636
83372
89296
64424
71404
2154
61240
41263
40985
80765
77024
78094
59570
10031
53863
26433
2056
68206
17955
11409
42410
2247
26616
14628
47958
3219
80511
79422
43769
19747
87610
38818
84807
72572
78948
40210
42551
24139
21084
52417
55630
63847
88141
52855
80549
55903
53778
2533
80600
89998
43660
73303
80153
73667
48614
45386
3145
19840
83448
55927
95483
68990
88923
88611
60357
6001
63443
49963
19531
1204
15758
19868
99489
46134
75323
47347
66278
10664
84153
2594
60284
15800
17324
68829
24109
52131
10736
10382
30703
88518
55170
88856
38156
16928
10471
18509
8458
76824
64743
95252
54941
5833
81711
12481
43467
99533
77748
47440
27237
11358
20664
58398
62296
47144
63685
65517
79412
33342
93614
48453
27371
11433
71040
366
25463
90136
14363
80886
74970
22854
88277
12584
22790
554
17282
75598
49124
92506
82419
26344
75453
47762
23739
97480
70255
3990
54274
39552
25110
92635
68956
72762
45577
51119
34465
44932
76293
36017
50994
59980
26845
5350
11373
7430
46830
54563
12558
12308
91244
60991
94934
65628
47565
18607
79962
50079
55414
33322
27484
83506
53850
75455
13477
12345
67290
69061
67740
55448
27523
56440
103
23924
82567
83026
78258
85394
73674
4595
52044
23474
81264
50699
62154
22287
13032
9768
74337
19187
65559
78693
85773
41813
22960
62258
58493
33561
65138
34212
66140
84101
98324
38171
81570
51057
34528
98938
31193
13741
87836
16368
30072
42478
3179
12907
13367
98903
86714
61261
88968
34635
59448
30310
28805
64697
31356
76647
93034
94894
8966
94786
17256
61145
37611
61252
71162
81001
43948
52406
77778
25545
13929
30672
18065
6349
31136
52989
16749
42737
17216
26239
63023
67708
73192
86422
96313
19915
10265
8133
18659
26953
77379
64655
21729
76859
79250
76170
10822
86511
72652
90300
72119
5992
53609
80410
44142
72752
76968
15432
26690
98429
13378
58726
57992
46321
7036
29113
66347
28107
23805
52795
37925
55115
63082
89605
83196
4588
38050
86716
15953
70604
91123
32173
82796
36877
78423
5646
841
49408
55446
87400
51491
79211
49997
88951
53100
82275
21625
56610
64211
21475
3248
51449
33253
16751
54958
3358
16884
95065
18707
26469
79281
35597
99090
96938
8640
83610
35417
63583
77210
10973
16262
27773
18950
53056
63408
24748
7978
1621
72046
61410
65970
16985
83297
60763
34024
34396
99566
59542
28016
68343
29466
94719
14102
31779
77765
1925
82104
14504
54274
6954
12833
84991
3535
96874
41549
73653
11661
88211
66623
60820
30345
2169
96986
56314
84746
17769
83056
61462
21136
82505
13552
32710
1558
35659
46601
20139
21849
8408
35363
45100
10751
90694
3232
97368
93585
97788
32698
182
84625
84508
9632
16748
61989
79891
94583
74074
78719
51834
44641
15927
44844
29293
21034
44329
95531
38485
64745
5018
6929
9037
45331
65830
75623
97771
83939
68537
8826
51094
23030
81421
60414
9715
33106
55056
61346
77357
71433
17526
84444
18412
8663
76221
35891
34423
75276
64350
81970
85459
56131
29846
24085
22438
85547
70700
3552
9988
7674
19578
8855
42696
83559
85339
79886
99721
19229
41768
89588
30039
50638
8032
60788
17006
5379
51873
65347
98498
27281
62025
10358
61500
63662
94814
73267
31185
93747
96330
48882
15845
90917
41
73653
66187
80323
45137
73102
31650
61835
13999
13000
99789
21097
73600
39517
54343
60946
42096
15794
72650
97834
49010
22141
43526
54040
95100
58376
94355
11748
16623
78622
94690
49413
88581
47058
20585
40315
99112
45175
7759
48594
77400
361
61583
61882
77245
87246
47290
63654
45342
32525
44644
13723
13200
21321
51028
48809
43981
54776
82941
1941
26899
5525
30016
95854
48979
84750
57586
52881
79971
18460
92317
37460
80317
43970
61213
40442
22179
98119
46806
95707
60651
69200
21564
9202
2529
10593
56538
72521
29509
40181
13893
68591
10641
82808
97694
25951
80278
83895
67185
61270
76079
50405
33546
33125
83650
82541
97312
6431
15968
64778
67826
44577
61457
66772
86898
8622
10994
22459
75958
65147
16848
12307
57986
51319
17635
7971
69734
79195
22940
41384
50254
85855
56461
38688
93376
75081
53879
30626
17317
70893
75130
43433
76239
68833
24538
57768
71837
91580
2469
73806
94587
81049
48703
42210
73180
66524
51066
13791
34770
39296
77988
18090
79558
50375
45877
17401
12313
94793
45494
45501
33178
85201
52554
10853
85314
78795
30743
59309
81570
30085
15838
13967
92290
1649
53489
6754
4101
74907
39857
96921
95356
54164
91098
14374
35038
38434
19020
27126
50502
43885
92896
77792
85078
79850
732
68210
65302
60266
59207
16408
91984
37459
26362
46795
52639
35937
22050
61298
43565
45933
4170
65100
44638
11906
86931
54836
70153
85906
44077
26165
79445
53921
71656
23538
64958
90865
33278
87218
74049
93386
44808
1881
44712
95342
83765
89977
46861
88007
11617
24087
43038
6016
77359
21875
58824
63354
54381
71969
56463
74828
14091
611
6884
7466
90448
23233
74146
54309
23277
39330
5882
68248
94101
60818
30622
51409
40859
76109
63997
87525
93286
99514
10109
10611
73331
55313
24651
13592
36737
19411
3974
32783
23648
47109
79517
82513
65693
79348
40850
77631
94906
60681
6931
7122
72124
13147
99479
91230
6090
12623
72369
27020
8496
77773
77727
20132
44519
5756
61021
95325
65616
28493
50856
96407
53072
84288
58156
74256
93602
53507
82672
52954
19771
19984
84234
16582
85891
74843
21640
80765
57370
12402
97510
41246
929
21483
79297
87040
28060
94340
16574
99609
49581
43111
82067
57952
32387
61904
39604
56360
78515
14629
96137
24188
3763
99677
54697
96009
50046
86363
86450
74756
95771
39510
34819
6328
16151
65263
40924
43802
75181
87615
66756
94044
23907
37031
92749
1174
16061
19195
36765
31812
68243
76204
98277
54682
98938
1448
19881
15181
22780
80752
95519
69276
71471
3624
81678
30019
35185
62490
44962
72218
31420
81273
39629
51839
12655
47267
43856
90400
51463
40539
23511
21546
23185
99821
66678
45433
56103
29367
1615
69217
66168
14355
68308
52404
95938
48714
8788
87050
69744
83888
72391
94087
83609
69489
62911
63154
46116
94750
4982
73910
72672
17131
73822
21740
16423
53542
37177
35226
97824
95097
34696
92536
16454
58263
94477
58809
3382
23396
70854
19069
18037
68985
82342
6806
38231
46366
79068
56676
82672
16265
5557
4614
77242
24308
83591
29453
53453
65390
18067
63413
20410
65871
83891
86496
14035
85903
19127
10427
4855
68136
55153
33227
37306
99738
35484
22585
81941
45279
36172
94359
46038
43744
37150
31943
50889
81970
97676
84589
27060
88132
12003
98439
88463
28154
74795
46499
75548
6895
4394
14404
16620
85975
27278
95118
45471
2638
11089
74030
81780
55629
19057
53978
44944
8964
90601
21905
94447
71127
64554
82755
76835
27074
64877
52083
33113
30190
91987
34679
78804
67550
92907
13013
79118
41142
73983
50044
99609
49682
46783
83815
74785
13447
5797
4900
76060
25179
15229
98305
89155
85894
28617
74711
2306
76468
41521
14722
23997
43173
19242
67150
93209
50016
18615
585
17374
11508
19007
22157
81166
6572
64953
2603
98266
69002
42030
49305
14666
26076
87647
45477
28925
98470
14106
57921
22009
30317
76412
42194
64442
537
10397
56571
37997
35225
6398
58183
23535
93612
43394
19167
68343
84751
66470
17373
71199
86409
92907
55381
1849
17928
42472
97819
25184
99391
44659
62915
64062
69345
8381
33177
51718
1995
24966
2472
72643
27549
93324
78431
36202
61463
95954
66758
76690
22709
61174
28320
63797
64604
98858
35632
12097
6659
61698
56366
89433
30095
14257
7947
2973
71426
45451
90192
97827
34494
14844
58914
54425
69716
53350
94013
75116
16213
78520
87848
71828
40306
97047
88515
47377
78351
33575
99324
44387
92970
76618
63994
43103
22682
77850
64799
61679
8664
42658
7324
15301
63545
23742
63099
12087
95346
58603
32439
834
4765
54976
30452
69287
79678
29555
77162
47749
94499
15764
37102
75486
30359
75473
90505
80119
70253
90604
58517
43627
31219
60853
17768
32333
14974
53335
26622
54907
65028
166
40515
49685
1590
91748
4689
83548
34040
47965
38087
21383
57482
62633
82199
64570
10728
75808
5401
68441
9450
7854
86163
57814
19892
19573
77682
40822
39982
35317
85552
29605
72709
64321
97306
65396
26025
5438
44556
42942
70103
21647
90914
2824
96553
51994
84382
51875
74638
34035
43144
92829
54444
94151
64951
32080
80385
99165
81976
61467
12579
11342
50257
12326
21535
7670
25258
49498
37075
71622
64171
50289
84514
17538
39324
58068
63486
54881
21977
63470
5462
32883
92462
95197
42783
71253
84745
14705
51243
84093
97634
88041
28454
39498
22304
92492
70662
2398
44583
25803
36184
44290
35066
91920
40319
23997
53428
7229
23110
15925
94299
6171
63812
12638
92730
21547
23312
4552
9274
36816
42124
88101
39593
2831
90315
49347
62566
40345
44326
91777
19230
57381
7119
50468
74008
11803
95932
49131
57821
89440
9168
21625
85906
99695
59100
40918
35917
11748
60473
15024
52068
54742
39081
94912
69970
90780
26395
52017
77786
92267
43316
47202
42072
7896
80871
42874
24404
42358
94920
14232
23154
98399
13288
28595
147
9270
72252
76374
58266
84527
36270
30181
36888
15476
84406
9242
31768
24251
83295
43554
2059
703
80340
96136
49373
80103
25862
13489
44204
77013
62676
21535
5098
59803
80663
36086
82810
25400
12186
29549
82264
21859
82017
63502
20321
68801
66972
3458
63343
53814
40644
22070
87061
44925
84376
21698
24364
343
78397
37421
74419
58012
46120
31039
27058
87938
25921
58396
41144
6792
46978
55622
86210
39829
63631
41919
97305
60390
63022
31472
59327
8091
51526
69895
9704
95250
14044
41160
64019
29674
26296
20450
15220
93960
13802
54217
77617
48895
66683
27022
12094
17283
70279
51289
69603
58487
38369
14081
33842
57406
80882
47856
59326
19179
47573
47395
62633
13263
47755
78025
18790
1046
77267
31915
25854
31000
23460
39677
11976
52985
94105
23098
13844
32554
64751
54421
26612
96124
67640
72501
12275
519
15523
16200
32509
46465
66033
20430
58803
10671
27128
49431
67352
75918
12857
46657
63771
8481
89672
80665
75009
50251
21236
8697
89376
86030
26959
63715
60618
7673
66551
44362
19685
57014
52936
91702
39364
75954
48891
70518
87905
27088
77026
72772
57256
87241
31232
59748
10169
15646
4462
82744
40604
2097
46608
16115
98830
33060
68621
32184
56008
64040
67468
52952
61427
3005
3174
13411
63842
53339
55307
90171
15503
78397
9531
29828
90854
23048
34881
9210
48136
83589
98218
5906
32957
76742
6497
54180
12700
26719
79839
42101
98367
59170
99890
87353
13112
49245
94571
92217
23300
1358
12867
76489
61136
2866
408
9945
74571
21856
2670
47214
82017
56344
66931
89695
45689
64502
26595
59643
89732
74131
94024
26465
96009
91598
31045
67427
57612
17084
37787
17491
80219
11660
377
20404
85970
85782
88505
3924
9866
68984
20454
29016
91972
40380
50114
63748
61735
55295
84400
80748
54853
90725
76481
48081
61665
60265
68609
66025
49005
68634
23137
11391
43021
12130
21743
24820
56155
83479
40922
47078
83501
73262
79435
83661
81453
87789
35898
73062
42675
75322
84756
43785
93707
5373
49587
50741
23902
7387
72494
92958
779
5955
93394
3063
5733
92260
85886
25897
55266
30133
97171
79499
74021
91244
11142
86674
8956
89634
50821
44862
99774
52810
68663
77541
97662
9392
24065
72899
73932
85287
68501
94891
13815
77386
13864
43512
3056
66445
98130
8142
29471
32239
96129
5590
23061
43271
59274
90212
61399
64310
61965
98070
39099
31063
28593
85718
49834
1562
77868
57951
9902
15169
57988
14822
42774
18158
91822
44030
68817
66048
91598
1968
34146
89336
31191
90156
36724
63852
45405
66140
10013
21969
71498
15100
10240
32443
30162
53241
97975
42478
87756
13686
76232
78978
10179
95283
50477
13577
20267
79198
65864
98647
64420
61197
86542
55
14980
74561
46270
26004
15732
63711
8820
32811
93153
19856
34001
97648
73031
32678
5365
62518
78910
99109
12294
44798
3213
66377
41923
64967
48635
90657
74981
31898
5807
5558
74428
86083
46214
97581
45711
80485
21569
87980
62664
99744
34652
75169
18898
83600
55369
68583
35457
20489
58185
67150
60051
34141
50234
55699
54800
55025
52014
61027
63446
98772
7756
11817
44741
37327
4144
96892
63494
91547
79520
44460
26600
89719
93696
12878
58271
67198
82560
18400
65855
2838
4711
22722
92009
89392
80693
66291
51717
42008
99488
92827
42628
92315
35686
7174
60275
40793
96893
6938
99749
49070
21398
59183
24133
86529
84395
32421
44990
32353
92480
17815
78855
31331
99511
97461
81576
87917
12716
65879
46435
30072
37707
14581
19141
13178
14881
96956
27979
76342
67100
54910
89822
12568
49350
32851
9265
79896
29370
69206
19183
75376
49126
32320
2474
54396
8502
41505
60368
88292
54502
1916
15095
36755
56808
47804
6067
71285
66098
39921
78762
45734
45225
80066
500
60088
3114
17939
55882
67364
34373
80685
24516
42301
94563
96884
48340
7225
25347
33879
46712
22821
71570
46087
3894
78490
5043
18109
65378
73999
89132
29519
15157
86473
10766
66756
98264
80092
95711
90913
64142
73908
86743
73540
5754
77523
61306
60944
33819
81518
83730
66155
98088
37062
50831
25690
81757
57725
42743
79128
34385
69208
71543
92154
23518
99267
9329
34996
6607
66723
66946
71539
78394
4286
98924
27836
24143
35123
77051
51471
62045
98438
76720
94146
30670
66547
31135
89805
48806
96009
64660
49635
52815
72519
2983
1848
64612
90318
87172
69364
47010
62083
35161
58550
37048
42517
5524
94305
57207
74170
69431
76449
15569
4409
42401
34404
45994
41455
18476
68380
66574
48094
76705
19843
2916
47002
47280
63698
96952
5340
46579
68934
9140
19089
13233
13225
30465
60450
34782
58281
80163
39029
13985
28035
58310
28579
10666
96478
34609
48889
4022
13149
12255
54147
20015
96920
22159
9728
21663
49475
98051
5742
84069
9866
34164
61852
13607
71230
35277
35375
55523
88491
88434
10128
15444
66427
56037
8978
79266
48691
47752
83957
74277
37420
520
79691
79307
45691
76321
69166
57933
49914
6883
88254
88404
64447
27820
70708
24168
91645
97027
54311
28501
33319
916
8938
54980
81344
68951
34773
52803
43843
65126
69024
31361
53484
52509
69999
68817
95785
85665
19553
9616
93935
55303
91046
28236
5688
86969
75077
77196
18641
39241
21884
8583
46670
48543
47313
36753
73286
95374
65850
52285
60403
81520
97582
72622
98274
81118
8226
12923
49339
47305
88719
20786
91972
61802
46133
39990
29219
19893
98709
63405
32582
60294
32646
72354
91863
23417
73065
59476
13899
754
20166
78873
64752
24410
22279
77801
12928
28474
14267
45961
27207
629
77276
74399
37640
94362
31744
78495
56310
80839
23662
14257
87975
18916
30910
78638
31658
7301
85994
29570
47624
16277
65682
33036
27727
75138
15446
52413
27597
70934
2146
72431
22553
24741
8339
90071
87162
12482
21145
30282
20049
30179
8050
3090
79852
88014
71051
11578
40875
12168
94605
54112
73997
66603
60398
69261
86086
13832
69292
95321
39003
45951
43968
49550
59219
18675
70731
91593
74713
54271
94915
64923
86100
24810
883
71227
61815
56567
73880
23636
22964
59475
75947
96039
90193
67283
85021
5003
49525
62066
51433
18427
73323
54194
97007
87191
88253
90789
11299
13975
19427
23034
78859
17269
14277
95668
74194
23222
54293
75593
86400
36432
97124
47357
45412
10486
45623
57121
68383
71698
96222
98615
87009
7187
4093
12883
61526
44632
57379
89758
56708
69665
6103
78919
56938
89092
88757
22356
58448
41240
60689
93670
44050
21511
58579
89276
80352
4136
30204
17100
88131
77910
91639
15249
84262
75217
78255
93415
12129
56641
78324
67282
94030
6155
61383
3134
8948
24601
86109
69016
40997
56966
5246
14649
41519
71319
56293
78248
59477
53525
37881
21332
78640
6683
75221
47835
73959
2256
20992
26577
933
42293
63732
30685
82942
11329
54863
43337
65166
85060
47647
36948
24587
95112
25369
47186
34846
60958
3240
44594
31576
36615
60318
48144
643
67926
70185
29901
68630
55336
18769
39901
81002
82373
53270
35650
82379
24071
13240
96428
31889
5469
60372
75045
47802
20623
69836
9216
71831
42921
14398
32555
60313
77407
46295
69241
53157
89600
97053
68278
63242
62824
79
41936
55714
41493
77664
74157
30875
99358
71717
8013
99749
79914
43363
37780
58711
6677
33497
27526
75731
99975
53920
75990
18701
19372
97815
97118
78598
77610
43573
17996
50287
80348
31366
16851
18557
89443
70911
94369
1228
26291
97726
20
45458
8815
25402
26848
94417
83470
74918
8249
48266
32569
9012
95749
98474
57980
47844
40347
33898
95349
9592
51510
47502
36651
64620
9187
15849
41704
39443
8041
19844
90574
26710
13568
48122
53122
46027
35081
33783
62733
60202
19228
64951
14326
72779
3303
42209
95599
43184
99532
20828
19667
78124
6436
53991
6125
94000
27325
62680
34577
76231
19092
70953
16792
73951
53549
81767
26509
448
25042
60201
50742
30029
50964
90550
1020
38694
71549
25555
51321
65971
93175
99369
97940
24429
13921
32844
7337
6465
92278
24638
56536
37045
95565
4385
82273
93692
15589
53511
5778
4462
61644
40583
22171
16036
77866
26515
16846
22230
22793
14444
15550
33634
10272
57928
45437
39418
52756
21238
31179
37679
13858
97844
70934
64260
58352
86420
46119
11102
56952
16632
60738
56690
59101
86554
89327
24639
42074
39330
47342
39703
39796
5609
80891
62751
20053
67533
2555
34516
87706
40638
13622
43635
96734
88597
32716
58119
99926
15759
83806
5259
5149
62918
49596
39569
59432
41704
91325
69249
67307
25961
38185
29557
48537
11714
57606
86117
46007
38402
37892
97774
16102
55544
11925
81671
4007
39275
7694
51254
33458
20946
1344
81147
7103
96625
97484
1757
5241
99274
1539
9397
17118
17795
33823
82336
57745
49277
97781
34882
26863
25420
57615
15198
66507
29546
9707
77149
2780
50316
67194
91739
83073
3555
72905
64421
85788
48857
47617
61393
27346
11157
29779
61528
71301
46793
55642
23375
40240
85606
29511
54212
98519
25636
1235
40410
60538
84519
96058
70665
10830
37882
17209
30581
39067
45079
90700
94760
78753
11049
32232
4960
59120
46197
49210
21106
80560
4528
75334
31169
56763
80026
88639
96265
84408
84093
13856
69308
20485
79757
12225
42888
33911
53020
86193
76418
59026
78232
63640
43375
69422
91656
17736
51115
86334
37372
44961
84840
28994
39192
18210
59775
97573
31061
95732
57267
75279
95012
91087
25543
46157
43964
45045
16721
13440
24134
89708
48265
95474
5818
75068
7125
67441
68991
41825
76053
30011
64504
26039
24281
96992
48237
77559
55587
77844
67154
33618
46470
31129
26774
9167
78961
1444
32816
72174
76757
80104
10712
60570
88296
36026
10534
76862
70429
21897
73060
7812
23476
53734
12282
97432
49203
95351
88636
23553
85610
56695
67830
38091
71558
73075
35955
73049
6269
42684
35703
75026
81328
90516
91325
42706
65850
60544
99361
48335
97519
26328
9837
99132
38981
6812
80720
62911
50760
90770
57053
96725
51739
26778
6815
88781
79862
51797
68305
23191
44792
51205
13053
9734
88359
5899
86702
3468
83697
38134
18258
55473
17992
38646
54563
85618
1948
85050
14122
75196
78698
59465
56389
74805
18041
69536
34615
21460
78964
46102
35751
76514
44465
50420
92774
25371
48042
96251
5401
1837
29470
62668
28344
35659
72761
87936
95413
94181
43378
17226
9160
43425
42125
55810
4636
70562
86953
25636
23758
17651
77819
94397
66843
39406
68761
39061
54841
54800
94444
14147
39911
87587
35096
63314
7508
64791
82922
3778
47077
28475
2540
84644
40519
67657
56302
45783
21113
37269
62157
91021
79949
6309
36649
47428
47630
23821
43117
62834
65269
36973
1938
63383
81079
39367
76846
41059
44098
85926
33429
97802
693
14930
20761
48996
52603
64441
15760
6475
85117
92785
25400
78088
71388
64132
60686
96741
67226
57929
79942
4333
26967
96390
670
79158
74966
3362
13645
6646
83549
58075
79809
91466
28245
5513
48016
8381
93974
70706
53436
89125
24063
61355
59060
27241
33617
1372
55740
74169
65746
88585
41087
29532
85010
24990
8683
95227
3338
89086
10964
42225
94392
33990
51133
60461
11588
31495
30456
10241
7164
74543
4011
26674
61924
64270
73047
21709
20432
57843
26663
92056
1205
69909
14414
31010
57267
50380
38946
28609
54494
71999
7203
20313
47823
77742
25344
85860
21878
29147
40201
78990
76806
19135
98445
5665
15108
75486
79729
93422
96694
45828
6221
25182
4627
82953
88908
74333
29802
70950
84662
6184
28637
385
60973
93458
46330
73484
23905
78363
33148
51987
10624
69062
13649
99795
38600
27647
62184
8345
38550
54136
91455
68992
60188
51616
32394
39509
22144
20456
99714
35705
81576
33478
13761
93957
96718
91280
11772
80282
17976
77414
48278
96682
9815
1107
80159
27606
91334
58377
92068
60427
86668
18557
59954
55665
26788
24453
37812
67126
44631
59132
97952
72306
38106
97742
34321
30305
24420
31415
61338
79411
75838
79936
40216
37242
7951
17028
96819
90884
9651
72703
9332
36920
89590
34851
78534
90392
12793
61417
66432
73160
10483
21784
8409
97441
15111
25734
79365
19559
11500
8833
97127
8176
14041
68551
35402
60589
87376
76689
53458
8301
52578
83483
77305
27950
46757
14064
34187
76971
10768
81831
24922
81233
45974
93177
45585
24584
97486
84976
9225
69696
75570
56066
94837
14572
8556
19660
3762
40309
89774
73628
75919
4050
62112
74194
78045
89089
82708
6052
62781
5523
74076
62009
732
56167
29165
17476
25158
20415
53617
53514
57574
38919
78098
1622
7918
64649
93854
29939
67888
87313
35885
16545
58342
5921
27598
30595
25249
98984
80670
12028
58164
73881
91482
70626
51655
47469
25343
24188
85206
79346
47845
73099
55315
35429
33983
19501
22471
98124
78358
47832
13389
69567
64003
60070
85004
3879
66703
13242
46188
86672
29551
60909
98870
51343
4589
39699
71882
17230
79442
56892
46002
24415
93615
65655
35575
60103
11466
26997
32191
25963
87686
85852
14963
85391
49261
27597
90040
18004
49110
7268
37086
4373
79415
79714
91820
89361
27839
1744
91665
53104
61948
28503
82887
72565
2799
78328
64104
37954
48975
25651
95930
19040
28835
10417
93466
40604
45675
49528
87219
30731
75786
86107
89482
82386
61347
85774
3331
69205
68751
14864
71264
87415
24835
19043
10989
91277
84516
52855
78322
77487
31281
59567
92068
18285
77442
67231
14012
78066
38347
36738
14851
6171
92049
92389
45604
76583
74742
97078
45587
2656
38876
29127
92431
48365
25149
21709
3728
72247
62238
53604
96935
24281
95474
2600
96256
53287
31216
9028
82201
57411
75558
95204
17146
17313
51048
11263
89162
17363
37723
61211
3377
86830
61977
60359
91662
20930
29177
48982
60238
3548
49023
41630
36141
65101
16177
92063
37015
26919
31537
45935
77701
85533
62446
65746
6325
87203
33254
31327
21251
36632
34397
59874
67665
65222
5750
82583
64908
81624
33767
66157
84492
79620
89248
86484
50367
3231
42829
53160
63874
37226
52550
21134
74912
76609
2439
72547
28271
94237
99446
94936
25176
86381
99348
85561
32556
93721
39864
33964
73266
5493
99348
55728
86583
82092
83017
38017
33080
49884
70414
65690
93749
27458
70785
97325
52886
51190
22288
81332
8931
50955
32940
81805
70953
63157
57537
22047
23590
19334
65856
31068
50205
32957
99722
82601
43039
23970
689
26846
22190
26252
14504
72427
83024
32733
19360
91442
21913
50092
94505
49122
40277
8433
88388
38223
95372
46309
83037
92381
50372
74744
11432
83459
57786
40372
19998
21555
1116
44971
45066
55041
9405
9402
32195
61731
83026
81883
84588
15602
30202
57348
88369
79108
97482
77870
32263
8326
59973
20543
54158
18535
29873
67651
20138
17729
96837
76297
13661
90514
35379
64509
87569
87773
47951
49253
68846
56524
26579
40930
18295
14854
83978
61160
91508
19492
94493
28898
31005
65438
89732
25632
37830
57797
99788
41897
34705
42499
46188
95413
88452
28636
70109
60698
90914
6640
90555
63916
68093
12152
44259
60030
45540
25782
30145
93056
88912
89854
5342
15343
13935
48437
92274
43538
74176
53028
64439
38199
35175
19356
70814
25844
94061
22289
977
85207
20878
35995
63078
37463
94093
23235
10875
12236
46727
97614
26773
67133
46082
26530
11475
6391
60259
35862
1816
59127
38079
35561
30641
98740
40137
13116
32663
77626
42196
36056
85275
63580
84672
22884
12139
73206
28571
68468
91304
63201
24884
80351
46281
67738
95397
91064
93143
19534
92421
28292
34827
88166
74190
44321
40346
89348
80371
25540
42491
84647
55406
67558
15713
73170
80816
75836
15059
10797
81213
18196
20945
20082
93233
70389
87094
71311
37954
21593
13245
19465
55091
36913
88413
92823
25302
45038
64787
23276
67720
38123
7697
46634
16406
50478
5233
77261
81443
92308
57248
76470
81940
80760
41684
64547
61480
49547
58904
54786
92287
25861
83484
34809
12668
75791
4202
68419
54329
45014
45210
23468
57998
56784
10985
92188
66289
96059
48294
16506
69098
5471
60119
2339
5641
5489
99041
12847
38493
51982
10452
12495
69704
43405
9450
76167
46989
98737
89322
78894
21473
49292
39345
58597
83089
36497
31586
43524
23841
23685
59839
55589
23474
28473
61895
11484
5949
4254
27725
41509
74402
91756
26888
69710
36128
82028
945
53661
56839
95950
98858
9142
92975
76997
80033
10127
89997
33481
3439
76946
88060
99929
31865
28870
96144
81608
96774
10385
57675
5047
18348
49396
1499
96960
81205
48851
69864
63479
33846
57695
71229
23588
20693
21247
90576
87867
84443
43421
12786
94759
32520
43368
3017
895
63428
70240
61079
29923
28472
42326
38299
71496
22742
41372
9996
89902
59246
65338
30634
80844
73004
63354
99650
25986
29009
53496
28929
55287
90317
83956
49189
43455
42008
90428
61808
33006
68983
66444
99342
65529
12710
23495
84128
84432
50821
98532
59353
33006
50870
99429
12512
99504
27679
74819
57541
57019
8930
3333
70226
9167
43824
37942
68513
88555
51406
48550
82299
57332
73754
83420
16881
34127
91376
11377
78701
70106
93201
27575
65822
29433
96476
48077
79539
41572
11128
74743
38839
6434
31370
74122
21268
32721
7760
27970
49415
24032
90874
11510
35914
80628
11490
74087
60339
53750
58748
21331
92018
61177
94254
18140
73058
44858
4632
3052
4108
50538
18306
55872
21782
60752
3662
16086
24294
97150
33365
47776
67944
45719
64933
91592
23015
46292
42644
92770
40590
57583
66497
72771
31954
69848
86424
19428
393
31461
99098
81544
92312
12298
94046
50875
39919
28425
99709
32855
41589
95642
23186
558
22173
95638
76705
814
33718
98501
72548
93663
63986
22720
89689
35378
33478
53563
64318
64557
65493
9989
93798
92093
43065
73764
65562
51923
67097
80005
83658
66958
4398
78143
34089
62805
30461
90712
60412
98211
56230
12865
95874
17239
59576
65061
3613
42067
20569
83998
78424
99347
63794
30840
53445
19513
27794
77293
34386
4734
29238
55031
66510
96237
99628
28046
68442
85694
49465
39338
20600
26039
4395
13546
46758
75573
26306
79045
17748
48295
21090
13873
60887
42924
71342
42930
16202
6602
20084
5231
85330
60899
415
89602
30485
24346
54232
59337
29379
60544
43053
43045
94833
68448
63869
76904
82939
72937
77149
34453
99270
73761
66181
92685
62504
49444
64597
98242
91416
74637
68641
68929
66184
79885
34258
78389
61237
70995
3474
83957
1822
59608
44330
33950
29278
2535
7919
65087
79789
42840
58288
18856
9528
13932
52327
26506
4982
92826
96395
11378
57484
24600
98303
22912
37065
18616
98504
3227
1452
35453
82844
28533
88140
29082
86532
43597
55210
36316
94702
61126
6354
95970
58634
10258
28318
90955
44576
37555
55768
30650
90085
9674
21511
86177
19112
87145
14958
62303
74390
68427
94061
71656
25744
56658
19314
62245
21063
38322
30919
11505
45552
31503
65764
10955
83086
96881
44812
6430
83758
38271
45995
48002
36361
72872
34276
35699
64046
49673
25740
43550
5766
75087
48698
24306
60536
45735
46008
13897
5004
25606
68042
69322
7858
32127
34300
59868
33193
49932
47222
81844
32368
88540
11074
59998
19116
67574
19250
99217
69856
69829
60996
43456
80580
47411
71609
76823
47628
88859
96642
35705
8428
21830
31115
70616
80587
38412
31532
53427
70442
19950
57023
1710
39103
69197
31514
85565
51803
21830
37888
65011
97685
5053
99043
58394
21840
69147
52115
55183
55834
2957
40877
8444
93333
37236
24313
61042
43670
23168
24301
64729
60271
16129
15284
92111
25369
81606
22203
66001
91159
39354
74706
64587
74496
63233
67519
65334
39097
37672
53546
94851
9606
17580
51350
73662
80117
93535
93766
11761
41764
45992
72885
83935
67955
28796
30537
6192
46328
6533
74285
4155
32117
54354
73903
83785
89495
20914
4332
46371
72981
80133
80279
86959
10861
87932
26477
85224
52104
85852
5819
30200
65682
71472
12746
94742
49540
16143
61634
55543
57678
75171
40561
17052
22288
7593
93127
3020
38046
47316
64998
36374
4279
36895
40711
22135
7469
18031
38074
55488
131
92185
64288
83963
38479
51251
14306
27975
3358
32703
63097
41635
16396
47027
84490
96540
24496
79404
14060
34674
6246
39614
90369
37429
28289
97860
59135
62889
33885
74978
9884
56571
78638
37079
63409
31745
33687
72619
76447
27751
2197
98878
91306
70040
96213
69393
98108
5582
80040
36821
33795
769
69700
90021
28078
33266
94220
9474
4179
35218
79730
19091
96987
78886
99706
56316
23025
87374
56567
72426
81860
14736
83474
97777
92437
9599
10502
74489
89116
9719
70690
42174
51816
65305
61133
42414
88947
10859
92342
39956
86688
3857
51681
17919
28993
24521
47314
93379
93988
56212
59683
81038
73724
78607
49712
13726
69720
35366
84262
11236
81167
49081
21727
46236
68293
67155
9370
93915
99254
91709
14855
95901
16562
61905
92891
16573
46987
59661
55619
57869
72140
41244
78913
77715
61239
56458
23791
95886
66806
80994
35887
37536
15829
21890
31583
43076
75590
6181
82206
50842
58382
88207
70488
82721
62660
44858
55771
32144
65675
95621
66665
18135
29692
77545
89995
23024
13319
34229
54874
36639
50606
72880
92237
35670
88439
85026
21958
75290
62306
52098
3223
6259
53491
42479
5093
46324
60383
84166
69487
83989
20305
81617
12311
30299
14654
98795
76388
29407
5860
690
76762
10968
29588
23242
78303
90147
99142
62166
16322
65533
29105
51207
27335
12324
55635
43194
39620
2822
80872
67957
96696
60714
23450
32513
12800
73020
23892
30517
46277
63574
93454
11218
44226
13429
1409
55917
80258
57585
39125
23505
27597
33623
75683
79984
71095
75040
21641
30373
41293
16589
55341
52684
57028
57038
20426
45476
50515
3629
99210
45077
29858
49276
65132
89867
67998
54548
76349
63614
29833
49343
15541
33300
41169
73709
59780
44499
8867
69798
82871
99192
39750
30629
57990
92157
37566
77355
9778
86671
78922
11684
47016
90525
86962
61856
92184
75645
7890
32137
89483
84351
81521
11743
47944
68161
65989
21448
83830
60846
10915
8283
37300
28446
11124
46298
13328
28298
15504
1522
13171
36856
5237
43617
59381
95869
35412
57656
50816
16390
78000
18239
39719
95192
523
74145
43669
84183
42715
8999
80684
14331
5065
28553
97154
65165
17338
2472
28623
20834
30300
4689
66905
79537
91458
76439
18082
29435
52302
66582
10110
52685
28548
77706
95903
71906
55354
82765
19773
34707
74070
26130
23905
27805
92514
75868
5226
10976
75358
67142
86836
84917
85224
65642
61981
10444
21408
41584
52442
89068
34141
7273
66495
96344
78070
94671
7982
66553
1023
24574
12323
36858
96081
85870
71464
86982
18213
60463
99078
61124
77772
62281
47601
65505
30288
73956
49455
97068
25170
94368
65144
78478
91934
9609
45325
79920
45210
91629
82228
74920
36421
95750
84367
88099
18632
28255
94984
54915
11721
79833
21690
47386
64198
49098
1780
84213
12943
37846
88390
99168
4992
88048
19696
13731
47508
3990
13392
51334
63470
44180
58918
58243
34688
57548
3344
14564
77443
67835
12665
74465
27859
99577
16837
51073
49855
34612
63897
25041
84070
68585
99401
8328
27445
61251
51264
90734
46835
34037
94867
76123
15954
2816
36320
70260
59429
67817
29993
16976
79821
22194
29305
31909
98585
63370
99170
87660
58624
1061
21846
39453
40634
9491
81329
35991
66047
56886
404
71891
12182
14688
97638
99571
32804
38017
72655
65384
73200
76082
3958
93170
24227
74214
93471
5187
16245
64374
51862
81783
73052
25475
877
61233
81628
13203
86981
18857
58753
6741
39622
10490
12787
26598
11946
84970
87838
12852
88347
10539
66715
85678
74910
73019
9739
54790
13969
29766
31524
75899
1537
63600
48012
61745
7967
38364
77189
15251
37733
43318
79512
82904
35070
70121
54817
54902
69779
11709
89800
82133
76528
58309
24646
64742
56607
85708
64436
34856
7644
54963
24803
61901
2444
12664
98513
40863
4047
68942
55463
93861
69115
1017
83887
59258
58367
9552
20110
69055
44431
74379
10067
10783
80442
46499
86654
66878
38388
56817
74850
45787
95918
76759
61144
77988
74355
86154
37038
11949
90649
13238
38368
24518
24804
51315
31409
29212
2618
57604
13089
33846
51823
15795
67793
7544
10445
31370
45068
82487
54942
38286
87006
44967
33406
55805
22015
78534
66499
52973
669
40120
90346
39784
20940
78480
96018
13427
66264
39229
80197
74780
9403
10331
7350
68239
25322
14155
73144
44290
86151
81975
26788
80491
14328
42665
99576
98692
72624
47465
95700
64129
26767
1067
15434
26032
82285
79814
24485
48671
64830
53766
8548
12132
51659
4748
52649
65661
10400
34663
59956
88809
34888
18957
86413
69841
36744
81698
54397
83856
73366
44208
65538
24613
52322
66043
68523
77591
31366
18575
41786
20898
90742
15672
61793
80344
44771
79319
51583
79639
30183
82505
99220
57034
57368
9386
50880
55918
46948
70803
94662
14444
16348
19528
19863
79304
28640
20482
16443
48610
876
10345
80444
89019
8822
59037
62902
82536
5458
43882
42890
52310
13902
98470
23250
96005
79284
95990
16723
30435
21002
649
24549
55526
32341
53133
52610
10787
59584
68351
90739
43886
96878
26863
45965
75468
27289
3793
46984
49911
273
18634
31238
51567
99293
60077
74003
61531
37864
75732
75798
65337
73556
94347
19946
91242
24901
32725
83428
32238
23960
60447
35903
77970
40955
14431
23036
77683
50227
56484
92586
37466
61880
64934
8964
77121
73047
45031
69697
19133
78200
80451
93293
29035
65354
77696
50672
19880
51238
38007
39267
45746
44756
53131
3569
38419
40332
40916
61416
27169
34894
19475
1705
49118
93708
56940
63759
76129
43963
86405
44423
93983
84318
23012
91313
71244
10310
756
8455
10268
96061
35862
33021
25933
18160
21520
66327
98037
23927
5828
32866
30032
99909
57685
20634
37873
51769
34538
80226
71163
65122
39050
59705
21530
10036
30497
63550
17851
37542
61848
55120
20290
55711
73299
81991
3440
51387
97884
65030
76848
91170
77429
39765
39964
17476
29429
10315
9256
30544
96514
17889
96092
38655
1611
98723
78081
93622
37370
23551
97881
15471
41353
5507
44736
97977
9009
66252
70
57352
36978
52782
28219
14224
73883
15372
50283
49527
50217
15293
22567
65966
59345
61166
55670
71547
81698
19372
13224
10407
80901
89946
4121
342
55545
55250
57680
5560
45780
67513
68381
45137
49861
34863
84534
79799
99120
28634
84642
4987
78419
82400
39125
17704
68332
70518
96817
82824
79370
27321
25686
2727
44910
69335
61624
97806
48938
55364
24629
66825
69991
51162
52250
9690
91882
54666
14973
84173
66986
49906
34995
82364
34353
3947
70943
24027
81576
80944
71992
6884
42031
62479
16494
47977
23630
21415
9135
44528
75168
61799
99694
91292
84485
95766
89169
75068
52314
45950
29628
37794
51092
35594
45088
71587
96035
10232
48334
62055
6292
48180
70344
95670
3508
18140
52778
19524
52200
41003
67384
88664
40938
95515
77326
89271
33432
66985
61866
50424
74485
28042
11148
60310
7772
96494
75844
67312
72597
95771
37423
39336
85837
42314
26428
19160
25096
33485
67082
60630
29382
30197
42035
2128
40442
50424
50842
94085
36264
90622
7854
94491
39354
71760
73879
71260
49671
81891
75822
6720
31010
68786
46558
95854
23749
55968
94847
58974
753
86325
63365
4932
83655
75264
11181
86905
88589
70914
43059
83860
82465
59929
60710
13715
40415
8878
96998
90119
10373
4129
17773
41824
36717
96362
10297
71260
87769
26927
64220
59765
39763
30988
72861
52603
78992
63580
44616
14351
70690
25419
69798
3723
81175
66875
30467
86165
46469
7227
89916
98109
64202
63957
40705
34910
88402
42170
73498
13548
67267
31463
46504
86553
78117
68982
44346
20352
46810
7177
2036
42809
46626
86273
63122
99938
31885
40531
49415
1311
69262
31117
16198
62679
91235
64720
46467
82095
7858
48851
35372
52103
73544
52073
67168
1370
92676
85659
1660
32524
2659
27812
97305
26265
57595
54799
91788
32309
25128
1109
31209
44071
51593
56292
25529
75795
62055
37950
14586
2635
22912
32647
84977
45621
6906
39246
28812
39078
28868
20737
86306
10311
49816
97894
86038
45433
82869
85582
44640
21708
78958
59752
99339
28105
98620
45760
39760
27270
26405
85948
16811
87717
31410
97387
37019
63337
57878
84940
95284
52320
97505
41401
43936
30984
97803
41288
22409
61168
39751
56626
5758
46012
28792
4326
37505
38179
27051
28676
93579
65307
49510
9250
76280
64932
43039
41827
39437
7306
66403
16965
51281
59965
70271
47819
58099
27009
47158
6166
23584
87605
81391
75040
1474
40570
96342
46518
44151
67746
84016
58885
19488
93400
50551
12220
70776
49195
17162
2658
38167
3140
62431
56971
76326
34436
59898
17342
87793
30810
20067
89182
13772
87572
1554
19302
47043
18215
74818
5221
86294
63627
7303
54188
98033
82982
89622
86829
22288
51404
91983
45256
93213
55408
84785
66510
18528
64464
37666
14416
54127
11682
94083
16359
8528
60076
42695
99713
31515
9151
25503
31935
92420
4020
22977
5652
60735
2613
52847
1356
12522
57984
20886
36814
44630
98365
45159
50275
19536
88663
62785
70148
35292
68419
54907
89958
76768
59768
60105
26327
97444
65596
37968
64607
85834
61794
67298
78670
7377
11689
71609
41213
89750
10294
32617
11467
59652
58529
42907
19171
29882
76069
77024
11839
46303
66953
22317
54150
73782
58762
17434
29162
38164
50880
46591
5173
6494
37028
3290
27057
2530
20736
19380
62337
82101
54149
33582
15025
54569
43093
442
39839
32868
81285
28716
21513
38492
91940
91524
27631
35315
35
51259
16118
11426
23994
43063
68850
56782
82247
41435
23558
52953
57669
37129
9442
51971
94812
52178
46646
77511
82981
4493
94421
91919
94025
15485
53697
14643
11262
28491
32136
40326
53461
65813
46747
86122
50872
74121
33208
43053
76275
71300
7384
55115
12899
60015
50792
30853
90876
16601
53976
37620
71804
84710
69564
32085
28064
84450
84596
3274
36948
89231
22498
46968
15025
43626
6778
35279
63450
1745
72880
44368
81125
88296
70846
67913
3608
11694
89512
18302
80892
72371
10895
87880
86935
59329
32406
35306
13738
4981
1203
46424
52013
48164
77652
54661
69164
19713
63228
20845
90744
40361
60743
30625
16199
36253
89933
23370
89077
39475
45541
76704
66762
26915
1669
3401
77005
86693
19204
58947
49811
58898
70935
9067
35904
50919
85641
93106
47673
53257
95195
18212
20474
82327
92874
63272
47052
79904
13012
18601
36331
36936
99503
30682
28262
24312
29896
9208
46179
40175
33740
88427
73081
39200
37799
72575
84951
89821
17784
49693
86836
73242
76941
40933
4672
40818
67916
64804
65667
10389
98956
18364
60502
49799
89852
22721
42351
82992
22474
58568
10408
11701
11209
53164
97637
81167
47728
11558
75392
68212
69680
40400
82512
21509
90755
34457
2967
65474
68799
16341
69531
84790
1684
38926
13020
9555
97602
24174
325
68135
32158
78582
86146
39298
6499
18054
21527
66887
82404
48915
23255
97657
97226
41445
55464
51049
99697
57843
99004
70245
30589
16232
31999
13244
50993
40055
38543
98081
66623
73887
2999
99059
73575
94978
26683
75930
46329
95764
71909
62690
62503
29946
48491
42482
7638
88714
25611
89948
55649
6028
40183
93991
35721
48921
67710
874
97680
35433
59831
37223
11852
60345
76924
88281
85186
9571
46595
34542
86301
530
3761
65558
22918
95309
77649
21614
9622
48405
40073
88681
87128
42058
62867
64197
55147
68745
36923
53765
57699
39380
18307
5765
42621
46355
5688
79939
70660
95355
69689
20169
22823
4280
85426
15719
69782
54961
2812
69866
54709
68862
58477
29978
8589
44349
38913
88339
80549
42912
87596
78151
25148
97066
19381
65661
92123
91616
96975
36472
1779
72994
76517
77160
83453
27590
74324
38452
92881
84584
5957
75365
10943
81985
13901
57678
53324
43526
17539
87653
38103
47461
10671
93156
56532
84795
99729
91953
1714
73969
52335
80057
25400
30901
5844
8625
50131
84970
24077
92434
12172
23468
41089
97685
28420
99216
76112
30607
95511
7841
62084
24715
35264
86595
44364
19606
45444
31940
49602
53881
18596
38066
95789
65757
4141
42744
407
32208
45999
89724
76504
48293
50323
7571
45627
50416
29602
46926
84405
97796
31886
4486
55511
87711
4080
89405
3409
33457
10186
97886
6973
87896
51216
50237
37095
80148
44001
1006
84624
65581
34688
76597
8950
5738
16950
9985
62937
92689
52320
48117
10514
70524
4008
51705
44329
74761
33731
79381
47248
40700
947
19905
82868
75095
15157
94666
41668
58858
43656
29625
34057
59620
96757
88339
1589
95824
21243
82575
380
42883
35452
76356
60338
91429
38358
78080
42806
37927
64730
88475
50078
57827
49472
42807
69109
3997
47794
26012
73933
66830
14528
67002
43717
46810
60110
38071
26681
66754
70831
19417
86140
93787
60354
87417
83337
32176
38927
33826
21313
37861
96513
25976
9775
29514
96769
80336
72386
60312
10091
79124
72938
67372
52530
76477
98090
74428
72445
3426
63134
39836
10100
49690
60057
46872
23369
20317
49683
52487
17512
49278
62010
46543
73796
50076
36880
25298
99064
39335
75336
79748
31051
32585
48188
39183
1178
88693
21654
4464
66628
46923
98164
36703
87355
56511
37944
55191
63361
96167
87995
91154
98495
46936
99706
10833
29637
67858
46691
29832
85548
39440
27727
79618
57253
6881
36737
74086
5327
1131
98805
65094
99650
74591
12722
64939
55264
58364
31008
87615
40924
25064
43774
19748
78177
158
76704
72592
10857
93730
39122
46758
69203
3627
62472
92780
71244
53194
81672
6366
15186
92516
53621
32602
48319
69659
27919
42569
40196
75081
31268
62017
33391
44581
74390
55981
58879
52038
62914
40224
23447
84760
48692
43092
39806
74366
8481
51289
13657
45693
47638
72810
44548
68453
23112
57561
19985
10510
66661
13389
87880
7278
92415
11493
64628
41938
95674
52217
84068
4630
78028
79570
17646
48483
21437
88819
42185
694
10070
86864
4158
77900
1478
41132
8948
92943
41135
99911
4204
64137
17762
91229
60705
22237
3807
6323
63407
85658
35050
48703
3247
91372
89175
51741
33888
43107
38610
18659
45752
77282
40846
56394
94317
47635
40770
89006
76304
68455
87552
87835
55109
49638
26547
66994
39116
39332
52167
78329
95671
8778
39515
87623
8114
91730
15253
96703
23466
64308
913
88174
97061
21470
97893
91284
96307
22665
68523
17541
53248
58344
52011
18225
52331
2214
2937
17870
98639
19731
81924
77662
90413
85138
2539
37260
6867
23334
18148
23673
39977
13340
76987
97402
87630
44471
71243
90975
55914
54464
36359
29316
17639
51490
44617
34821
27753
73191
66282
49191
6327
29274
20952
79475
44070
8108
64768
67026
87516
29260
52745
69539
53861
57810
32409
7893
58957
19708
47105
69081
88364
58448
51162
86994
89994
26979
84401
6386
79650
60720
40842
20126
64393
99246
25482
48359
87432
3859
410
29230
40373
17680
47477
5698
79273
73979
12398
69589
61005
60689
46649
8732
23705
18986
6477
150
4992
30122
25800
78934
19046
34970
3885
15410
60388
68771
36921
47128
30165
70376
45819
28680
43497
30145
75611
20762
92709
52311
76547
19808
96836
69804
95748
43362
21030
488
53062
93509
47267
86394
13224
19672
8667
84573
36412
4601
3889
6685
75877
97280
94724
91369
62037
26102
436
54912
46416
97614
85892
9789
5989
18677
30429
88309
64938
51409
11012
77331
932
84006
71490
76688
10656
92921
64764
59048
46409
67426
56278
73107
86480
56512
76407
25767
23739
27431
89288
72336
95466
10983
16529
19824
15577
6660
14546
71908
66393
48554
39100
18646
62454
61082
85485
79210
56379
81804
65018
10283
54197
92481
33791
20635
14093
92715
75141
10019
50344
79062
68190
26869
18712
33111
2152
4845
22716
52097
67575
15879
3688
53269
31162
89256
90616
37084
40595
84665
11403
6599
10011
17791
94127
9073
16044
24209
44852
60556
71609
62422
70179
64760
18837
94735
46792
1342
24316
84343
56813
11896
23070
90022
67158
82777
75864
87388
28286
90533
36743
78550
17858
50478
10670
2895
13286
28284
69122
15088
41125
37239
69091
10213
31912
92829
47873
342
59287
59829
23364
47007
15569
81027
68360
20683
35179
79564
7363
1801
70493
10283
53284
68504
79091
2173
97252
23847
94018
90188
12782
62157
19339
5241
23065
63457
58995
15423
50574
7089
63844
69578
58568
79365
14389
55818
77344
52392
94725
36128
60879
38651
29862
81189
41047
69915
18461
70436
48900
41688
13338
63852
75318
24262
73406
57369
2616
1905
67105
8983
51463
97663
28308
33932
59322
78964
58546
31233
4294
42286
62690
69760
46448
56504
96659
95143
97807
3457
61904
71557
45984
90104
15191
82916
44056
61870
27040
50436
21866
24336
68983
31620
36101
35116
87429
30954
38761
72005
35001
86283
88372
48770
8977
22875
74325
36314
60342
55127
79428
67689
63842
99054
11675
17874
41570
80908
33354
26412
64440
3478
32068
56876
12768
45433
21843
40690
87284
61570
73645
17168
53889
68147
83525
85213
1282
4776
7140
81697
73694
72998
789
1623
52269
54253
92338
44912
15833
75012
62165
63241
46174
47718
53432
45530
77424
29074
8966
64932
97929
88486
1233
5997
26916
21038
41682
30771
16279
30963
73521
1876
86268
81390
4625
18298
96161
17005
80793
79339
97366
90223
6716
31518
79220
46685
27499
26383
40129
71218
1373
61452
71966
43988
98205
11475
14674
79195
48112
37284
42218
15847
20492
34947
39022
59027
68586
87536
62054
16580
89259
59022
77649
84441
79628
33109
29500
46185
50766
51315
18398
23347
64838
6511
2764
68521
21888
82207
82223
71057
90980
73691
58433
24956
68768
63045
63463
21120
35531
48374
99154
79839
46257
27175
58736
79723
1523
69134
55373
12772
6041
46034
6506
31836
95690
31775
81141
17429
46508
98752
29028
15107
92381
99429
73590
53910
5538
99142
12217
22631
96528
15372
7097
37748
80673
90478
72625
54756
1799
71640
11058
23851
16824
38636
63957
71543
57544
71825
4698
79959
1416
19176
65338
40849
10601
27943
47535
56094
65387
56769
29819
75955
77723
99712
7689
65007
99064
31879
45718
83215
91097
50693
69323
98024
42386
2631
46820
61444
99524
98490
55449
32047
6412
22571
29751
46392
31915
40109
76985
18083
96397
30825
16412
7012
654
48738
79427
49156
60123
49596
76863
96877
90150
21944
79569
84926
11648
43876
72405
34537
98445
40176
42475
33131
85043
58899
81916
13167
27660
712
54414
46991
25809
3851
52152
93842
34801
99955
90810
25130
15704
6923
44003
72093
95902
80495
593
55483
44074
49323
73667
92359
79845
82448
83302
41332
52176
12229
40597
82621
1510
29129
71227
92458
79539
85924
96758
16007
16412
73515
56627
5640
63425
93425
60320
45155
76203
27890
64527
70487
184
63426
17686
1086
81987
49296
82251
60616
28182
55884
11700
56500
69463
14860
83692
94247
54073
73188
36977
5827
29665
42454
29895
16800
59847
50689
27648
76090
63808
6471
99237
28740
12166
89775
40222
85721
36657
16865
9362
84114
24980
5711
84084
30903
76006
20557
69414
75429
38534
1738
12495
21197
13311
50550
68173
82469
12713
31828
32618
91407
85168
86864
11618
69229
37773
26499
26881
75586
3218
41610
68598
58338
73027
97999
2361
4745
66197
48748
46423
57802
53922
91243
44916
17372
48487
91111
84153
83279
48421
34617
37330
56817
23918
89264
50230
87906
30649
36285
17211
88025
16867
34667
5819
30923
63754
76863
18639
85800
62396
43271
87215
85485
30326
34127
19161
38241
47968
12948
26678
80733
29417
18659
68088
7123
72724
53107
62632
20145
52101
46414
19428
45585
91781
32444
97974
20634
88675
31649
72849
48675
66577
66036
21862
7984
1289
52633
3649
60276
63920
19464
18912
29355
27620
4925
77341
64455
69488
98566
67413
54268
24464
57583
69657
83931
9360
72982
33463
29997
30388
11983
51212
80945
9334
13379
32257
95263
68257
31384
9227
6490
60532
92128
45233
87684
46442
39753
18048
74278
41073
47834
48603
60599
82189
23185
87813
27409
81363
92038
79484
98523
19690
14693
33538
40203
3262
16455
7158
1514
61775
78142
41933
20529
71582
66388
54060
99439
8578
37731
14067
41521
18709
54813
86759
87628
89719
35097
92159
40527
29385
49281
5595
41527
8388
14577
93604
33744
39759
45171
92042
3690
99644
77266
36838
19084
63657
38514
71891
7474
77748
40288
90025
39941
5416
96068
23935
47871
80281
26778
40267
56399
8074
58114
9928
35438
93192
55395
52438
63262
6059
22370
15350
63524
40713
16578
43715
97851
3749
40180
71326
11931
27252
25231
79769
34298
51960
27317
47159
28072
82358
96419
86246
391
47182
4191
92679
46434
55396
74707
53985
35040
18451
44492
13212
35698
82939
12955
13039
64423
47346
10684
25452
20512
93135
46912
45512
41504
12896
71544
94295
4308
57503
31866
95145
10753
65517
8973
43580
39962
82514
32756
7737
82516
77594
6403
40228
49975
15081
13142
66036
45580
45846
83329
67551
59282
19601
70812
68128
767
60000
58067
44346
33888
11935
68868
62411
1214
4606
8558
95807
70653
6230
96618
51744
48593
19824
52445
52860
8217
66670
74777
3863
16302
56121
54895
64752
86485
11110
45982
44407
51331
10683
35150
9244
95954
49539
34690
44811
65052
33084
20913
42307
61665
12174
63739
20521
87892
49559
11560
27115
35219
65652
81268
54530
35480
33088
55722
9983
30201
90139
73733
2434
64670
94021
53748
90958
37002
32702
24741
99009
315
62226
15535
26532
67604
11573
45646
50336
61253
22774
26704
44840
85491
50144
12382
96035
77749
24003
44294
83292
16299
17611
79994
91671
88379
59677
6085
88189
98956
53778
64758
19167
92033
16048
60792
6002
61267
50912
88426
30632
64456
31683
9582
99623
61283
51604
53084
87713
55409
44359
48249
22942
6913
65816
71096
27069
23665
25319
30134
50058
13682
56181
85571
98237
36401
41041
72487
94626
99940
3109
45288
76259
79093
22510
53921
41655
24940
3867
87882
47631
29613
51975
16677
27559
20256
10582
76439
74949
7560
32599
37714
3403
36172
36778
98496
88053
82145
77068
15861
38128
62392
42410
36643
10483
33331
2048
57313
35497
5342
20897
94536
51963
24271
56548
43518
50547
51253
123
32493
1042
59217
48895
3092
39769
72608
68260
1659
5484
38748
27609
8666
6682
48761
16689
52320
73416
87270
59914
90609
3438
56290
79736
8733
82024
91615
37299
13434
72502
12875
8348
24239
11505
80013
88663
816
72674
9204
16886
43033
26073
38219
55016
80248
38516
73253
44211
69811
1350
60669
90258
9023
26309
49350
77853
14583
48584
32303
69647
55706
68149
60787
98051
19217
66318
59405
22290
9693
13281
48348
56657
64431
25903
75282
41824
59243
62176
67428
14354
22434
19675
32741
13061
16970
46656
68986
89178
20315
43631
42417
49204
66162
74563
97601
98556
46320
30783
39047
70426
15755
83797
33367
10588
57389
18177
21424
4393
31969
48214
82824
56767
36477
36017
21803
97474
35700
87309
76410
64935
28616
66256
50255
89766
30907
98640
14041
47596
14055
92629
1642
9659
34624
83389
77670
30933
44858
6170
2524
72399
71139
99024
80165
22192
45838
64475
73039
43201
7857
51209
26286
14718
44159
31244
82248
54745
4598
32332
6061
65994
60205
30007
24843
55946
30050
32508
44009
1847
70382
15977
37234
55749
80871
51824
45060
42063
34110
2954
94933
65981
14656
36587
49324
56383
87368
27322
31042
16648
14122
62030
4973
12932
28111
94864
10455
77584
90035
16419
57671
70862
96577
5040
89080
48695
6536
70680
72268
42288
70050
79431
32101
65452
55566
45585
50647
64526
15985
86480
6222
63433
11142
13783
99108
98654
31373
81792
85423
29251
39094
46448
14359
85985
83648
64722
39833
98099
57655
78150
30573
85556
77963
93583
73550
73926
14724
69124
99421
60223
49789
64439
3793
8645
5097
98292
53710
22773
57832
18462
61993
90946
54665
40692
31933
35183
66452
88745
74464
26275
56535
30805
20408
28575
91783
9253
36295
48698
46925
23654
22375
70397
54524
2895
28717
71027
45431
78638
58464
97907
34085
94006
81796
56268
86668
24529
33132
86686
22539
69983
46213
37108
3984
3454
51378
66328
52576
50090
10949
68784
37739
65663
91233
51026
30113
86258
34032
76124
26890
72139
73964
44985
68281
99871
90749
88370
41680
20973
35571
64865
68744
30160
80272
11295
90579
92916
66573
66791
11079
26601
79990
99906
21375
61813
93534
97325
79086
15113
80640
92768
62345
5051
94127
63694
36667
49246
26722
18742
32870
56378
97654
70779
63245
84312
92463
76754
60096
84955
32360
9172
65821
60093
56072
73262
99810
89787
89413
97810
21579
47022
10489
8768
88331
81262
67449
82409
95482
12366
58438
50637
31889
6638
37188
69628
35959
40151
34011
4014
55759
66087
96237
34829
41068
55536
45199
99072
59053
85934
28449
3351
44889
89692
96904
65403
72193
48393
61395
40755
19038
63169
47839
45986
7628
63572
20149
62050
19847
52967
34674
45669
40023
68319
35750
26926
58894
54098
71886
95703
75336
91384
6905
25263
58255
17499
39741
19575
37332
65017
81803
58635
14422
42194
99168
43151
77041
91623
31136
56092
36859
6555
54847
63393
38875
38233
10491
70058
64040
87397
53362
62263
38710
268
99900
62240
60129
132
17581
70552
19707
75882
55310
68975
75819
73691
69324
49097
18871
73776
88735
9776
938
33120
65136
44259
56830
75266
47283
86302
81839
59457
72994
90636
22681
89252
80628
25952
68362
89009
10035
79482
88268
80595
23035
35251
23640
72320
4100
2475
26150
92669
24920
43726
47988
91402
51705
28585
21440
89837
97184
21642
32783
86920
1748
93222
27593
48774
91367
10409
50789
92378
28371
21896
38574
55329
25974
530
35486
69982
76916
14246
93515
32190
35140
7494
99471
64642
17666
36020
34803
18842
70191
73126
79140
35243
52937
63462
82142
61635
45178
3918
40525
5308
77573
77896
18147
62877
85795
75618
34212
41500
32700
12233
67417
60671
30585
16997
92213
57306
17729
42026
93621
30656
76740
16575
87099
14022
25931
34499
24497
78687
67897
68485
5011
30559
72227
63718
36314
3090
69408
51909
12355
70923
22744
47014
81350
34331
87595
81795
35076
79302
32683
78771
88749
5653
5400
89063
47938
98234
21743
51285
51527
93766
75752
94560
4957
28001
3023
75144
41116
92125
4599
10526
73650
59735
35860
95987
34158
56191
96830
5446
60060
53752
69796
67580
79156
78206
78127
9082
53896
8960
67410
87230
93099
34936
57091
74055
52233
82872
39218
82490
48502
76982
21765
76302
15001
54027
97209
90024
21833
68408
11375
87733
84720
10332
9642
55499
68137
27427
36911
36554
59057
40714
53402
26600
90646
87374
6671
14103
32384
99044
8265
92898
41704
70166
42656
46715
54871
84051
44533
28566
12695
10815
14434
40658
35808
73142
27634
27116
47894
5596
37274
36682
86965
28279
68727
89205
54554
90027
29288
82963
69646
94524
38226
62147
54278
36741
81894
18757
20287
76919
88033
38870
49757
81147
74189
24005
44314
11954
386
95734
71464
47591
16458
2053
95080
1318
77883
78419
97940
25466
20622
74509
44777
29118
97926
93897
84152
81428
55253
97642
90640
66428
21782
80617
9852
84382
94356
29996
52650
93267
68797
99971
89636
4970
95396
76687
69243
83438
60417
97055
79833
37531
91388
75220
88143
16399
49886
87363
68308
81973
83481
55100
63409
36185
26696
46337
64767
51128
8426
58918
41927
43333
675
38962
45704
14693
77015
73046
46049
9591
25980
94177
68253
24397
63537
65395
45613
83419
36998
20181
44450
20019
95364
70753
6
24871
72765
9893
71723
79718
72995
86964
96789
89734
97852
45293
77729
23687
71921
62565
60732
8815
8290
8113
78777
44749
46594
8931
86910
2386
15392
33676
96501
42710
28723
30409
41615
97564
98549
68999
67446
26
80655
80203
34954
19108
91474
50677
8857
5200
48329
24104
33822
25154
91411
34466
17525
45897
82473
23613
15911
29542
69623
15556
17245
48390
66905
15172
72346
37766
4087
12095
19546
70705
1642
69412
58796
52549
95509
9812
15413
53363
63290
53260
57280
55814
36908
91523
69204
86658
82972
88597
96054
96997
90078
79898
