70458
35170
9223
80538
69815
73069
62968
7218
91924
73900
58753
35044
75493
10658
32973
47959
42415
46218
25477
9816
39589
96265
58110
95647
33694
18834
95739
21735
50907
57937
90902
94390
47883
45264
57238
84867
33683
18636
15075
18233
36611
60569
88573
68034
54100
2248
54259
68374
47534
42299
2230
57855
40969
20434
79988
91648
35610
73839
48740
15954
44
67997
35648
76566
21461
58385
20578
41158
49267
20917
63938
49875
45534
6842
94856
77230
97081
12954
93093
86715
99710
24218
18671
28179
41673
21571
84529
55384
29767
65327
77645
92245
72718
29979
96345
27246
49029
78779
77941
31020
37444
47837
76148
650
88515
44792
52969
11380
90649
48227
23416
25853
4128
61281
82251
23951
6098
12387
78429
2753
59649
82245
55835
48855
14307
80893
35483
60442
12038
51016
83712
66591
71380
43806
85589
77271
71219
19203
27921
5874
83953
53410
38527
37561
1128
82537
76814
50034
44342
29427
6125
9635
36303
42998
32309
74865
12579
61486
67833
11877
53268
22265
89694
88292
98086
73991
34184
44042
51745
11773
1844
64841
5847
34038
59234
95021
72497
51847
82691
71913
69658
29201
77826
44699
45650
71435
26239
48447
69352
50233
25719
21786
67639
59603
62288
22065
10608
16002
54459
66214
29102
14267
47244
90633
61776
38984
79067
38387
75443
28732
8140
95402
22690
21925
49810
23342
98995
77278
59186
74551
94856
68160
42217
15894
40613
90734
55942
16762
14452
59961
18991
55887
99936
40070
43671
97149
36184
8162
5007
98912
16243
63822
49804
98266
28767
73854
15212
38050
75721
53509
29890
23849
23893
13095
77413
27911
51540
61108
73191
77219
57922
65445
14811
46163
89422
41991
38070
20111
37128
22300
96646
94173
82543
7130
17265
41425
46245
38310
58338
96723
49953
99865
89809
79305
45915
48788
54770
39717
50051
68690
21229
78449
30704
79967
74496
41414
34053
99373
88053
71497
2564
66347
22547
97366
75195
29218
84718
93612
12045
35007
1036
69326
57442
83009
37439
64261
62695
29923
95525
76299
82030
85092
11493
3995
9036
76910
73989
63014
75735
37341
44717
17030
79923
76572
19652
88573
98211
73657
87561
45417
80519
62594
83589
63812
69953
91431
86579
58778
72535
61913
30043
23403
22421
93543
46646
45496
29150
66051
16755
37535
23024
44416
79504
4483
3201
56959
90399
27456
51071
51541
77106
23508
40433
21697
42620
87473
75114
55571
98759
11631
14858
57765
25851
96557
81709
33999
18427
20489
19053
70102
80144
84731
47868
10553
17338
8983
24663
82420
14728
58921
88520
3116
15954
88467
77467
9503
62119
62691
6422
3465
93329
20351
66934
6290
53088
84202
1677
72081
30892
69101
72421
26251
22907
35721
61771
45175
13468
43722
48379
16880
26651
77887
67337
31221
39348
5272
85116
82173
56119
51612
47998
83615
346
10363
69189
39611
90485
46594
5409
93536
72237
60905
75468
48987
42551
5244
91115
8472
27571
26590
64666
21946
82726
9858
58979
13194
95113
58257
36434
97648
50343
284
44231
58800
88642
88404
78161
82881
30100
61224
39852
8826
93582
32956
52933
56485
39477
52996
14218
95259
94295
42321
14037
37342
72973
4855
19460
74279
17758
66890
93974
34875
98991
89234
1833
43372
55018
90102
45157
38351
447
69484
8398
25800
28066
93774
36743
55339
49280
9110
65757
40126
28553
81497
48560
70158
37989
34674
23777
55023
57020
29087
85663
91681
54752
77539
93740
35127
84705
57567
94789
30064
44593
76552
29345
17340
54170
52503
94752
3943
23609
7972
32838
1635
56507
75660
79716
63403
99630
43409
69830
79859
3768
14260
98318
46359
39950
27091
28860
61891
27465
2302
19606
76052
16552
16719
31883
10997
79188
54895
81281
10624
18321
71501
27868
15275
30820
44701
65784
24595
11573
10332
80747
51506
50321
8809
30515
13501
53162
94754
34402
95873
28218
33712
7377
71646
62376
38062
89279
59194
71146
93896
31622
53843
9876
37993
99144
29578
58701
97469
73491
49363
36918
91922
874
96896
66234
35110
617
72148
30975
83393
22956
24953
71851
79220
77419
34674
22538
89619
82836
94696
11821
41753
43254
64566
5145
25146
88364
65429
60326
1369
29937
17343
78233
62995
6632
37432
51273
50435
98167
24806
29507
6067
33325
46524
52185
10275
90694
57497
18073
96127
34723
29379
15115
11688
45470
60915
44571
7635
66156
2273
39066
84276
2717
12343
43840
9178
95024
17514
80162
15643
66448
40411
3723
17074
69347
83477
69845
10344
87954
42408
8606
42231
7772
40579
79087
78103
61213
51659
58517
95032
52057
81611
93652
26027
8946
5301
88998
61348
42129
15676
13110
91406
49485
5250
54622
26467
1648
30011
47693
72202
43105
5681
25453
64286
915
6703
8193
63300
46749
20686
89318
25841
35044
34192
98597
11535
66990
93995
97848
74345
38363
5239
83666
37635
30329
10427
1823
30433
99277
28020
41992
47868
16323
11702
57114
21327
83793
47595
82590
77745
36901
17463
59434
10194
29890
28245
89123
31588
7252
68270
86580
77900
12335
82724
13180
44069
8198
5616
50409
55696
7414
74923
29858
99387
85298
76090
78559
44825
43441
93267
76878
19489
42029
11108
40527
36789
74167
20278
34205
38432
35103
71286
84671
47831
76429
84775
14966
31162
38277
49859
24483
93104
67883
94995
71842
98708
10890
65400
21732
4007
71368
6015
60159
58518
38305
55430
73008
88974
56545
80659
16012
40080
53104
73427
94380
64197
49310
6714
58487
64418
64186
96886
16781
29439
497
92831
85295
77706
51950
52650
76043
95323
61924
41292
9899
50929
41565
68162
3802
41580
29178
36821
1972
82660
48719
11273
65416
21384
18414
89020
67285
32212
6527
61886
30921
8836
93941
80258
14766
44940
56220
58887
29922
23140
24015
6054
83585
41610
9252
87532
1572
4461
45496
84961
93678
84577
23977
75151
45573
26571
80708
98484
59438
98909
15820
64072
75381
217
9836
55976
6945
38805
70545
73412
61796
18242
72744
15834
84958
51157
90801
63928
94834
66014
14267
24260
10547
12815
172
57380
12818
31721
48382
11487
95577
92707
2567
15995
8753
66585
15332
99167
87236
46046
83210
54604
19717
55833
54998
5223
26213
87674
42933
27250
66269
4180
29227
40988
69301
86611
7590
29089
50378
42352
28658
2621
6981
56806
88722
78051
7424
83732
58988
79014
38252
30876
56075
2026
65398
75907
61766
74403
8819
50251
43974
88780
80927
36888
12627
94951
93744
4371
91328
36264
82115
64550
71089
57578
76385
56315
99039
10025
38712
7000
23526
11195
91105
20653
91879
11764
94951
31369
71696
94387
71266
19157
82953
38233
83370
78920
47328
65088
48332
97379
24000
86047
12252
16182
29880
98110
90827
39802
32767
94815
67822
78144
94613
94404
9876
45961
34190
20084
19060
66784
88580
71737
76650
7318
69480
97419
89380
11157
5855
75638
36685
33962
57848
15291
604
52548
59575
15544
52590
30539
44488
35426
56099
17750
72213
79631
5364
40914
25290
9119
36896
64081
70390
21573
91641
12650
3918
95245
61405
45671
65794
99602
26816
68961
81876
70964
76277
72658
36229
29937
64658
57552
78423
75056
59554
90167
25866
66222
56595
30702
23607
67353
10062
69340
27698
82390
30003
1292
44009
55841
25757
59490
64334
72631
5722
84969
36238
39566
26990
65481
59181
66870
2110
48259
74609
36782
47930
85877
4342
86555
12382
20006
22338
15030
57801
66039
32193
42642
20956
38956
27785
11629
98922
41191
2161
80724
86768
91802
27368
99706
15163
85956
10021
71669
50530
30474
53570
81782
99349
44200
888
96586
57103
41231
89850
72717
82764
81891
21052
9731
4492
27849
85510
6345
84792
99326
6168
55154
39619
12649
99782
33586
59727
16997
94172
10985
61490
21995
44372
17531
62906
37082
59053
10309
44296
95304
30182
31410
59816
55086
39735
82081
42850
34951
92487
15952
4897
37911
34006
70229
41442
47038
95624
71602
45520
59731
45427
81182
57805
11937
6312
40671
4737
24083
65027
46996
51137
3837
22276
68058
64492
65122
89494
82602
52935
4072
92236
40466
81414
64392
77032
21932
14579
85391
54943
50329
17707
77190
46587
2306
79346
17656
41458
62949
72905
25683
29731
62113
71442
93407
94390
55706
57131
43076
52801
3391
31290
58531
68811
9243
82637
15276
77983
18855
47600
56434
17194
97352
42023
43146
947
36070
81540
71072
18455
29383
52307
13195
7733
78107
89393
4137
48906
56814
49391
42151
30665
17094
37556
71770
10846
30681
70174
31024
38050
33832
17307
67379
2231
43327
97829
83337
60574
61974
18467
18121
38782
67694
58531
69417
80089
79374
56165
5975
98653
23244
87524
2974
9833
13889
27949
58956
34737
26593
82256
26716
48325
90366
48809
69649
72114
97796
31930
85410
96580
81352
64479
52941
98274
74186
57292
13564
76422
11467
68471
76698
32744
90612
27449
23640
11033
49150
93948
31011
42862
55056
9747
77336
68420
80808
58906
22685
81970
91280
12473
52234
74043
38180
8349
18624
5014
58537
101
96309
86983
52468
35802
43957
26019
84711
95525
76783
74840
53742
3190
95168
88718
40846
76094
76381
39114
7881
97093
66569
53819
4326
90452
55200
36276
67524
97955
94251
84824
6871
76346
93792
82864
90890
641
87337
56270
18189
29940
65816
64173
73372
1783
17478
87014
79944
28196
58312
33865
18003
66643
45236
72986
75994
17713
30675
41677
6657
44524
95896
79326
41960
49700
58529
15121
63849
72371
29281
99890
59642
27154
46830
59921
40930
51681
62549
59452
8584
10332
49728
8625
76809
12430
72145
18582
66839
43010
20527
62595
67007
71417
5831
77525
5371
29285
90644
92200
65122
75362
43960
87579
71764
68904
10766
40720
84509
85500
80274
69480
50718
80381
7256
46250
92287
39346
62904
28535
89096
39647
26557
80732
49152
39605
47557
77904
43832
1738
25052
37825
79225
84927
90816
79747
33302
76670
16736
61876
1635
90390
54638
37470
95535
49230
77607
10804
89967
61550
37177
94264
33942
1711
47854
68626
65968
26414
36423
25850
82036
43506
49563
31875
3473
92234
62148
84296
4396
98104
859
78821
84134
34438
8369
12329
27481
24996
55259
33599
57461
95317
39361
8094
14628
79058
75753
85929
75619
77932
37867
34357
31736
36096
40545
18637
80049
58479
96834
83655
66841
9785
93216
2561
4833
17232
51446
46455
91461
11446
44877
42085
79214
8716
88294
36613
92263
56773
49107
18926
85208
91189
13643
82241
76267
43120
49795
28100
94649
3901
52819
71941
12080
98480
60142
36354
28087
41373
54420
49811
80998
1077
81526
79417
6357
19209
62191
44883
94094
42075
85976
70015
11081
12942
66750
87747
29552
88473
38756
59109
76210
29611
65755
70190
96273
37639
71527
52073
36738
16446
83340
77374
77586
8851
85744
33245
30496
26798
924
30848
18146
80523
10164
31537
36299
75122
60587
200
67631
57856
67921
20119
53907
38715
77742
78761
70817
46954
14738
39936
22162
84856
59551
72444
3774
31003
31230
27264
70272
42169
16986
41419
78640
89195
68061
41504
36816
10762
38480
38861
23985
51665
33948
15592
65181
39695
52939
45459
17641
95418
64269
55957
34438
35705
81857
53056
72724
57984
78962
23080
71175
4052
61921
25671
44070
95773
54383
58800
90809
28424
70929
50975
97296
88525
22219
31545
72266
26361
38922
23011
84810
66237
70703
2407
9253
9405
57348
6461
73323
69581
50065
70679
76236
52554
34360
60592
88244
53960
36242
87856
22358
81047
47815
24668
31436
99315
90349
23437
11064
45274
53883
63037
47224
34374
37259
29304
15522
6790
14160
40450
35272
56144
26494
12451
5111
84595
24599
45305
38478
83810
78301
9972
70509
94356
38272
33904
38469
64203
5672
10627
63269
36992
48565
52330
23656
57380
49046
64134
75692
48231
89344
77115
28645
5816
53427
80187
37948
85983
66612
21603
72683
47951
33763
39433
55410
86327
38858
4379
98548
14040
45763
72214
86430
73335
10835
3427
82268
82333
98033
30748
31640
1828
86245
37471
14930
29581
49108
24549
78494
54420
28325
79910
86785
11245
98225
97901
78383
33070
34927
39916
80737
42137
15596
19197
36899
68502
49060
65347
72
72190
21149
69822
29014
54721
65199
41317
75927
24822
69261
60866
36273
40626
68146
43968
74724
46098
68308
47529
49439
51690
4095
26918
35751
64162
76400
40724
83565
13281
9244
12339
73969
95743
5027
21463
47728
69207
49347
87217
34573
70904
36947
15588
61052
71190
47483
41099
45525
91764
81202
98084
743
21395
12368
77505
64530
95716
29598
33217
72809
10161
93152
78011
87157
23070
96518
70210
11365
63167
51836
20989
21344
14267
88802
15705
64671
99932
68881
83102
99287
26881
75455
4413
50863
82029
74114
78639
97690
84566
48361
38300
26210
75834
34070
60246
63222
42210
98587
624
97822
78710
88890
40241
21718
21773
41479
58411
92470
5230
56293
22357
9041
48801
24466
51526
59305
29966
98834
5859
8169
60827
76202
11979
13429
95239
77728
24263
142
63899
63059
80819
38252
26177
50552
81163
61048
47531
77731
93410
13236
5347
6030
68833
57645
59893
92478
63066
93658
11044
74461
51998
89198
81894
40077
55947
18800
68584
43843
31177
86331
64438
6286
65912
9001
62189
68925
33397
54289
20116
78585
4692
67290
67376
66766
9923
15792
73330
43960
10078
87451
30127
19407
8435
53854
69246
90837
70085
73343
53943
36622
57890
67553
6030
64571
50545
85432
15767
11044
6372
18621
46974
84726
62445
41574
32967
9957
96296
84437
33644
33845
84336
7886
72072
10281
83988
58183
21648
40583
14563
96908
94731
30626
43848
25030
38233
85491
99870
16787
43252
85566
41700
18995
27618
75878
57164
84241
91001
28032
85159
79714
22424
80861
66910
64052
55530
38355
48274
49100
45783
13884
80075
53265
53029
78395
31917
51952
75611
30121
13620
18266
33211
92155
97871
55309
62411
96745
24162
87447
72368
61384
6823
41127
881
90688
88380
70377
61744
22672
83548
19754
63325
33313
84074
48558
29937
27046
71073
43586
84353
14927
4259
68692
6607
49167
13873
56673
89870
16269
53201
91223
96941
47492
86791
49926
85846
77477
1587
20755
9213
36314
77852
73166
35527
41653
6589
31073
15644
53268
52113
3810
59698
50510
21580
21740
20590
78935
21542
16534
99335
6357
23075
26240
84068
54180
28775
52796
18605
20934
82905
59269
54359
49534
495
97710
71181
98871
38999
60927
30021
27440
45256
1520
15412
44924
2137
71570
63830
199
98697
41995
3201
40832
33184
15023
34816
43716
34324
27674
97505
33978
19027
37400
13483
36193
67942
59205
78901
1211
41564
2842
87691
32519
36550
30611
74750
35390
69684
19480
41950
16453
66704
61878
64307
73879
411
50980
9213
27644
52438
88195
47896
717
97452
90703
99241
23708
82964
43455
65575
51707
4328
73801
60668
32285
18541
25768
36545
68971
89787
88557
45897
60331
70599
53256
66012
33577
28235
15033
2220
41597
603
80523
77911
40939
78376
60580
4094
94829
22886
94750
7426
8443
60273
51678
80089
29006
33336
37842
63440
98473
25807
57216
17086
74649
18134
60001
40347
52203
20891
10322
57245
23141
13318
84202
94148
25546
6067
78249
5546
42980
97892
56175
1938
2040
81296
27056
89348
86668
61119
9776
59382
11764
12254
78067
29543
49687
30237
67468
64225
64437
39922
78301
60119
53087
78203
44726
8335
49704
25078
9578
71262
37178
67552
63888
98837
79821
45811
79525
27812
1128
4277
3100
89896
32103
57903
2784
54515
83355
61089
81930
23349
9858
43697
32130
19323
138
35698
37256
1848
46390
37669
46594
23466
3412
25628
94390
17829
70111
15706
47377
41350
97305
86735
6757
12496
98978
11673
90015
35322
8580
62145
56834
93665
60584
71760
17401
7460
56515
47497
62222
19848
62106
5277
29052
63966
26204
14653
90249
390
90921
6294
26211
26888
67018
20401
76345
26593
15393
88527
4844
75494
56096
37388
62947
24613
72493
22818
16669
77948
91493
99143
47301
1500
39887
65473
3134
55259
51627
20452
10686
54271
98058
42172
15212
66132
28983
41943
94971
92565
53778
24174
18460
54938
46405
57990
45221
78792
12215
55314
47326
57017
49998
85013
19664
22369
58821
71458
96161
89353
94123
97895
17032
82382
7047
81182
75548
22964
39588
48867
55561
20778
85748
27868
257
68928
73087
7961
22445
2634
66387
44963
91218
41621
20356
92469
27058
18600
44317
43682
9086
3840
6805
40654
82707
7153
25002
16595
75520
38800
92751
63093
85725
61429
37034
82859
99209
59259
98689
65893
9437
21116
88774
18107
96378
52712
43183
19192
82277
95072
93029
93346
6658
39148
15548
24048
52738
80684
63903
77603
29582
77013
96642
32515
33455
90297
78852
44675
45939
56632
41605
10871
57503
25897
83967
44695
71186
77425
19843
78875
1668
66885
59884
15034
14963
49905
96655
58342
89670
46457
84214
51482
60057
69607
54196
75731
91598
40277
78487
75411
83725
66228
28294
80881
27946
42453
33623
67560
44685
89340
79983
82148
65926
40527
56504
26748
46077
69429
48677
70900
77130
42383
19729
77345
21145
21113
72648
27139
38430
88965
23979
66846
16763
56423
63510
41588
31953
54881
25679
61178
74668
70663
85159
10933
21262
49965
91762
96446
25111
54903
84093
74042
95721
87968
22364
47455
45490
6639
18615
86666
71702
92201
22222
43691
93556
10910
6760
42100
10052
42412
13697
44604
27831
29
44213
22177
22035
47038
72999
26172
6666
45114
49972
27567
29725
60833
24529
29277
49602
37096
40424
50769
79029
60593
13391
31855
54180
35343
66344
18311
62530
6474
33018
10673
6943
3202
21193
19949
18849
58697
44619
81922
4433
77308
10950
84766
45037
71794
64915
861
32370
65391
89134
3491
48055
40709
66625
73102
30489
56825
89600
13314
95537
69727
60995
41197
57932
85800
45569
609
29473
30852
67770
37072
75160
55983
31784
60350
79491
7702
9279
78899
27867
90312
68949
14668
18450
6230
16004
99371
28011
13914
87951
11156
46717
41747
32302
63972
22656
82267
4982
45782
168
95609
58157
46363
945
30955
40622
37354
23801
21112
36491
75076
63036
94237
71034
31584
61571
72280
43103
83716
86679
86525
36700
25280
23037
19615
11263
92743
96854
35918
20550
15224
21302
59714
16712
72925
84727
82202
39686
96981
54411
212
31851
89922
38226
44491
69541
21561
61071
25454
51490
23838
83850
18847
52453
88172
56673
81545
33431
96035
3316
95051
59536
64543
76281
84149
85422
26953
57717
90713
39191
10800
81791
96512
99586
93409
76512
80980
39452
91952
93115
56056
76457
57404
42417
7477
31965
61961
99587
2642
2385
45695
66194
8420
58424
55418
90944
62425
84445
7060
6422
88090
41928
89237
403
48464
68702
95028
50160
97972
72604
23111
62869
61598
39104
77196
78859
16929
31033
52067
58129
19335
15215
53483
43948
52966
60231
11689
1149
25267
41149
55590
75915
88180
76674
9621
43583
99804
40236
91412
513
92464
27489
63097
80290
72348
90379
13485
85417
92772
91641
78110
46696
97795
35714
2573
53371
36441
74067
53527
74330
14713
13037
87250
66222
68794
33457
72425
69704
20562
38026
9749
82205
34787
54401
54941
88313
96425
73842
18217
5516
36901
87467
70771
77966
27719
52950
18862
78694
81399
33794
22980
60741
82636
64497
30869
8892
74067
33289
93060
81948
28188
13695
16554
80436
10259
17245
70483
42938
34955
2357
5511
87973
12453
95796
57995
12241
60832
30595
62482
82140
24270
28218
19144
10983
11728
74576
13056
32600
28591
17132
93377
62883
54782
96206
66763
27792
61578
73434
91521
64486
84222
94997
51169
49582
41825
13893
50931
71916
62360
33200
5388
84853
83645
7596
70413
40497
70862
41934
77253
93476
8099
81585
67451
82845
28909
85370
25228
49249
57351
423
35680
59243
63457
68474
63571
15853
89452
72352
17436
46400
510
23424
70782
23073
47138
50372
13760
55022
78315
36728
2992
44426
66515
33312
16158
69594
27539
8504
35517
77585
15425
95562
20243
42759
48086
24817
52954
19092
38053
48551
26626
39243
11874
48927
15538
49917
50567
77493
19855
97358
50120
36143
26607
61102
45043
40650
47616
63208
6240
25300
40828
24092
37707
47684
20601
15478
31119
3200
55253
56536
58246
31826
97611
4937
7076
70184
14331
88373
12601
55294
1407
39459
99155
57184
68736
64952
97417
43295
39225
61357
53228
1401
278
55786
26019
22942
97642
67765
23441
50662
3900
54980
95877
4953
52902
70748
46680
3428
81361
41814
92480
14860
35534
4048
64450
72370
45767
90337
71551
87288
53661
74164
97518
96324
99114
33247
29877
64279
92840
2140
37973
69851
3958
75985
43195
57696
22064
28607
39358
70029
89689
7944
3384
98904
16013
55054
37692
63969
79664
44031
19450
77093
35136
80795
81875
11161
50359
20953
96139
9750
57709
62539
23486
14482
35449
72442
46816
17279
97028
36082
79678
46502
67296
26089
89078
99304
9524
31947
29
22548
8313
1426
89421
83481
87369
89624
34962
22646
50462
26015
47429
88029
47080
12673
99770
2372
22124
76185
20881
29736
42700
47163
65806
25709
23478
18527
33593
40927
71310
39821
82877
13091
73838
26645
77869
3642
29751
12088
69543
68623
92814
91823
33221
5061
48663
41957
47640
88049
18264
71433
38425
53924
41593
903
59720
15936
5117
10746
81807
94522
68946
19264
97852
29202
17781
99403
10609
90447
19273
67610
13546
91114
76634
89453
23146
61553
45229
54312
79079
40217
16661
7390
68748
70123
1038
7125
81388
44643
88896
46903
74703
88817
91135
37460
58804
47585
25093
43322
88933
8355
53424
96401
4890
49795
77825
68588
76580
60764
98216
28827
59602
68724
80455
49736
66109
18726
19429
36229
27952
68014
61693
60018
8577
33212
57869
16118
65086
40337
94074
65699
71233
70510
8539
44651
19154
49460
55863
61753
91814
6697
37806
75362
99927
5921
38056
97857
2186
66306
77386
97344
88165
13271
51054
43317
22793
90567
3535
50647
60263
44516
90534
61097
27239
859
24131
31167
20585
79580
14980
67634
18071
40467
75500
40730
48891
42258
21982
38866
99651
93897
97090
9283
5078
57733
19628
34306
6976
50504
7720
99750
50758
12239
15521
92122
19052
44124
10222
51022
30263
47008
3988
42127
6914
31269
90594
12726
65132
74542
72702
49572
17612
91237
4855
925
99009
32863
95679
12673
15150
27708
4975
9311
71543
49766
23225
62061
39476
45454
18061
21368
83831
50298
2560
45472
63042
424
71698
82274
71203
22745
27664
72803
76041
74211
88680
2605
62597
64467
679
80743
81611
55470
66036
4867
72580
9431
88037
32501
60958
67076
71169
91372
19827
87278
87125
7068
53093
29987
73235
26021
32657
73711
4831
92069
91262
16805
75048
75834
41036
99202
56574
65283
98531
89263
44500
10783
65676
88010
43995
64007
28558
89703
64484
61865
44633
37789
78396
93282
10160
39
85508
88020
25075
65896
88695
98222
90997
47577
36669
70195
44927
98777
31258
15738
40023
20008
17470
78507
76700
94140
89755
93333
19758
53718
40821
13220
36516
19424
67088
13278
56022
10922
739
39037
37142
81602
53043
68662
64840
65120
60499
25125
66901
54492
81725
27670
2382
39348
10717
73675
2164
44391
56801
41006
64465
41485
84470
51761
99570
22858
76546
15791
86129
8121
35114
94853
69586
23663
88433
3363
3070
9460
65369
51898
88920
49722
69390
22625
40838
8378
55134
59358
62865
90090
21085
66954
23331
5294
36288
27138
57792
29437
43034
51189
96995
34407
51183
13584
35321
84244
41756
17499
15588
21978
25271
11344
70018
88290
5224
67270
43132
34782
9093
62039
72188
58431
12850
7865
84519
49559
3616
39374
71550
62254
52113
15720
24573
11960
5569
78530
80728
44999
22431
17122
77509
56203
9419
30508
61404
20556
37318
43253
89205
99000
78887
27243
97606
9421
95518
7052
75959
4501
39807
68184
62635
42376
71935
39373
3471
60747
3191
24480
69301
72420
97189
83193
79742
25570
1009
63173
68885
4513
35019
82455
21892
52242
48047
99856
11660
207
58392
84834
1631
45979
81961
32838
64869
81927
90135
23644
66534
9848
62474
83862
52223
86324
13302
73604
81648
45809
65822
30988
80699
46506
12857
96963
66538
7624
93716
21157
60146
78284
99264
94919
61286
58018
22370
52478
96239
55841
26730
69425
34837
89723
12898
57911
93159
85849
1149
24122
29631
62881
51594
80506
87785
76110
74610
41824
66392
70689
71961
57174
58764
56542
203
91178
13797
63211
29928
22840
3274
85412
70930
86625
21578
48359
76298
76246
22241
63263
56392
63452
64496
57893
34980
99748
6733
30064
56890
90826
24980
75475
6041
78874
44204
29515
24492
54310
14144
86951
27659
17764
69712
30037
85437
16761
19276
2316
938
38541
79212
19916
88358
54418
76296
85462
76516
75222
30552
70637
92236
36038
70429
30358
70619
38202
13127
90074
50292
199
18637
42636
42323
25804
71587
66559
72167
45733
29854
39626
49245
52629
45728
58792
64131
80852
5464
59739
65118
32492
85767
73334
40433
26518
31137
51325
20195
3064
91602
96473
28316
30235
20220
76992
78382
29907
89733
81717
19135
28770
47315
43111
69072
70177
33906
64168
79588
78758
59713
34674
53005
19739
74943
26741
27669
7000
18398
50871
58936
36366
71473
32197
32028
91062
52560
72259
16963
49366
9066
47163
44961
85388
21735
29819
91021
58173
69137
70492
92929
19599
77543
19849
20709
54029
83672
89386
53287
81793
6459
90285
15453
87222
69747
15768
39633
31479
35146
2061
27629
91584
55241
77002
77400
19816
66932
6461
63011
52511
30500
45684
84372
72195
18281
30141
31578
45079
60756
29715
24236
29238
9438
75308
47565
26682
10022
61540
85396
42850
77062
22354
64698
34285
73588
24043
77453
56682
91511
9373
80717
66287
47181
94520
39093
18254
99564
27153
58138
9007
74185
60055
28659
30185
11074
12785
78950
45494
27589
65579
78032
75838
24225
36211
22200
46258
54134
85151
20192
84570
34419
41560
70601
16027
73249
54691
85051
41148
76423
57255
26159
91424
21736
1516
85254
36470
21598
99948
30749
67045
59964
11702
43534
48956
50529
68442
86410
97741
62147
61419
90637
96279
70439
60414
87831
27769
65584
44868
40689
69408
65276
70157
26461
86292
16044
25370
56909
86926
40878
66769
84476
73807
1102
42149
93675
64387
23320
66318
95755
6337
1902
60577
83332
44142
89273
71898
60104
87341
46431
75917
28937
39653
70525
34578
58243
84319
33660
62770
3657
6348
87175
12238
89559
72345
69823
17603
65313
59390
63594
95359
82647
27586
57890
16319
98028
50913
96681
46411
52389
65903
69321
60699
44176
50419
5114
23959
98195
30392
44658
73915
92484
97761
95849
67225
97565
18712
51743
34304
11378
88256
58452
21887
94358
39832
10399
7786
42223
66425
75282
85560
91914
80710
53009
59046
46479
11881
19302
45459
87959
3376
10037
16802
90153
17520
82450
92539
6125
17692
48966
95057
90492
41057
325
62979
75068
57601
75535
92538
56450
8680
40958
73425
87205
16102
35695
13203
31513
5373
17328
39857
51076
809
57468
26807
86104
70938
90553
63854
94548
10528
50770
49404
39221
46532
40242
40546
98464
47353
73951
84263
53408
12776
51163
61802
53719
3463
53141
15710
49294
6290
27839
7783
62630
35734
72329
72930
12348
28933
96641
68389
24905
88453
91858
71506
71225
39828
23594
92272
51718
59209
52728
88786
22005
61907
81599
67497
62750
46918
44007
47734
95236
70382
19006
4563
26832
70302
75729
12311
52433
63676
82847
77716
12293
28289
84585
56958
90194
39232
57779
35112
78050
97923
26739
82662
47056
94924
99476
15607
13910
30894
90962
80323
11568
97213
99506
5255
52024
4444
56572
43802
29085
44004
45107
91825
34893
89209
50926
98116
66111
38098
84129
40366
82690
70253
316
5252
98279
55723
14252
53111
8952
51183
58039
60540
51270
30909
85603
79543
17468
35059
40933
83578
93890
81394
83736
92531
89302
86095
63179
36110
98469
17373
27546
29897
98545
83127
94208
64350
67953
38549
23887
41583
60618
18144
94856
4299
27417
44842
24069
37173
14612
2783
21736
83032
34241
9915
99331
51124
96104
37332
97492
7085
75316
53142
7240
54846
93400
95988
94316
36997
92567
88711
6991
1648
53131
70394
72495
15042
99116
62529
91767
81860
5503
64887
14398
77355
88283
68954
69286
69996
71243
40899
90193
10450
53197
93486
99818
50379
55796
55225
28305
26791
67519
29188
19172
85315
10307
71316
23904
46201
66383
72890
9998
87719
18095
30606
9448
40668
85783
52227
46112
14779
22004
95706
57330
16351
93380
63182
89984
20276
86257
46312
8218
89922
31009
20597
60246
87441
40122
6954
65003
39862
74729
90279
20395
736
6470
54788
81388
96466
66641
61690
43417
26289
567
9156
95986
447
43419
61086
14706
12109
2772
58743
27601
80122
51614
51660
57775
56847
30487
63340
55127
71457
31027
394
84582
5774
23459
3269
88718
34373
70590
3408
79508
69107
17293
39396
33120
9399
90711
23284
95808
93240
25962
14117
43580
73482
25591
12173
37673
40145
47867
44698
15849
46035
81623
49908
66374
33261
97447
49633
95233
43146
63
71579
92275
31642
14316
23591
57503
98971
96309
50817
63004
94649
2903
40310
77825
19099
79243
39849
11844
52893
41196
89247
83962
11433
81410
95252
91694
19734
13204
24999
47107
16301
33920
51957
83976
78225
26432
68305
48
57440
39550
80983
35997
85711
21837
41224
59774
93359
7187
24346
75739
40261
88205
77970
94844
51355
48483
37635
31467
18095
35165
26928
33208
92988
50662
513
85793
59233
55741
38627
46819
65923
81139
57481
81293
18112
26328
68378
10153
95926
90874
8116
34237
42730
98745
60435
31883
92979
84442
65282
19180
78007
35999
19142
64775
9632
28599
81605
33977
84965
15326
27796
58267
81093
56169
16026
65276
55242
78609
94872
49750
98660
96410
98678
11959
39541
43252
59804
81189
74386
79037
687
79791
24225
38076
85045
33967
15817
86015
33320
1121
49016
23153
99162
75240
30105
44387
27821
50136
84501
91699
41175
68817
98897
20762
50432
42577
45454
16328
96974
3289
82245
15182
20369
15949
31583
65670
8118
27396
16211
10072
62522
70811
71996
50758
91959
14769
14399
38169
72751
77353
1004
61185
30550
79595
64216
2588
94371
78702
70949
5432
55845
81498
46685
49858
97026
43091
20707
70309
6353
40989
93796
61834
49245
64576
190
38173
48222
40268
56520
78846
57358
23170
17588
89281
64983
14135
493
41425
36288
33781
12441
15117
14058
34365
46571
78415
13937
7956
52366
59542
95353
24992
51096
84704
86905
93440
58444
96125
9677
19147
20729
55368
47385
62838
44253
55317
43243
3945
72128
72797
5514
22015
27982
54604
19917
35763
36290
52261
47088
73622
90883
40012
6925
22577
67552
98985
14780
23935
22141
8218
55489
32196
38693
4860
75870
77610
22285
52136
95671
17721
59845
96217
75449
55807
91033
68672
27206
51379
67423
97366
61404
64665
50654
66177
20738
1095
5076
95173
69006
49793
30192
73926
46139
31667
3286
4737
9317
5282
64423
71309
42738
55499
22254
83646
97252
82629
36968
35453
85719
30291
42715
11324
99519
63561
9856
79115
33068
39766
100
11772
19422
57915
7844
7094
51025
10539
21756
86007
38105
19386
99125
8640
8109
47002
41456
98196
15634
74436
26075
24428
48145
32699
65137
67580
77719
37283
92959
59608
71027
38595
43389
18233
47895
14114
47281
61722
58997
14472
41686
91510
52621
8300
60963
16704
57341
55756
38280
15390
88255
79518
34308
65147
15813
45069
93252
98805
1317
36661
87556
33856
72930
13720
49827
14841
82249
62500
8820
1429
35088
1989
25580
62234
73959
45440
16535
23826
49697
19238
79520
61911
44265
23768
52940
53564
85896
6491
80475
92509
61326
29126
47162
93970
85100
80293
83837
61272
66019
69243
13056
3740
96978
46251
47566
83199
23144
49374
92720
53238
3758
92145
59621
15036
12222
31249
59369
9708
34023
89310
21350
93157
727
86956
51453
35530
5831
55930
23278
20171
9889
17357
36958
94989
68956
25958
93172
7362
44326
50520
74002
79012
44469
98071
58303
52101
19015
90457
65894
89005
11549
82071
79834
44166
46069
88994
28392
3911
75916
46922
78596
12638
24612
39277
34074
99234
26738
56019
62284
75927
40984
30765
12414
5215
85968
98088
13847
83950
65778
11276
23672
240
67745
36000
76838
91854
63691
20886
77854
61190
67848
48681
71215
63752
61626
89127
68544
43234
3976
60843
16169
89288
46990
83578
6464
65045
2016
52599
56724
22417
4748
10594
45834
87114
78316
28661
52627
50465
98625
57425
42077
92104
62380
29308
93834
81491
56319
41140
30416
48517
9723
72339
42416
46338
73936
40408
49246
51161
43059
47279
43857
72315
48139
5334
33660
34094
48277
46019
20878
21239
21995
48456
7677
18205
47119
609
33784
3311
28789
44627
78930
83519
79557
62143
89176
52158
2816
30712
54945
59630
99776
57828
37386
43862
96458
97549
7742
43988
1529
9060
38640
46864
60801
45725
7300
87508
46714
81138
64456
35008
44091
73031
41180
29485
31480
41625
66778
71672
5599
28966
31713
59093
35012
42863
21852
17458
52624
94817
62908
37117
55844
69106
99182
51665
37464
78862
22033
32721
82566
62949
14263
48199
24469
10464
61028
36188
22953
22007
76943
21688
46575
21724
46574
26276
51879
97667
25458
25718
70340
84007
50602
60710
24273
25700
25335
73860
40241
98909
66223
33423
32188
57337
44322
75928
51613
56407
21471
26997
35240
88359
20863
8457
80700
5840
4815
15506
38716
66915
98229
38175
51118
48839
68993
96801
68669
84205
86130
5582
85591
41488
91140
36260
13882
31707
33764
65903
3154
71005
54484
27640
65475
37165
60032
67726
43201
3030
91889
37663
83931
67909
41281
23932
24065
83588
85170
40296
16476
51365
18633
63910
35003
47758
61063
95516
25900
32925
68938
62435
50687
24410
98531
67972
88048
76313
30921
44051
41644
44047
16887
15348
39948
88157
49723
83986
20899
87013
27614
9136
65108
17782
18123
41743
79240
92439
5630
31834
83560
18107
34462
30390
6652
77142
31867
68828
14025
55703
33396
94375
71890
97288
76430
43547
54448
80046
42415
22533
70108
12692
17170
18665
61853
69573
59650
48736
76578
49651
28226
25135
58952
26013
35607
90515
66158
89722
27894
25080
6321
21153
45411
89678
51096
33271
57713
8796
30865
72515
71818
33207
25225
79566
20626
56935
52721
68253
29422
25471
2090
8405
95430
14746
6898
99966
4714
31114
97297
9297
25214
36585
53911
36571
17021
38370
89537
73227
57791
15706
77353
62347
17755
83978
61202
20792
10228
80598
61709
10016
20083
80960
15845
82615
23262
57907
46507
41757
9327
8181
81226
86414
56419
55186
31026
93541
87288
16529
8992
32656
98198
41500
6295
49119
89064
50217
5567
2100
59999
6913
28398
72329
26344
57084
48110
67994
84830
22655
98419
28993
85893
1393
52690
37925
27877
27740
20111
67942
85157
45256
65094
752
2780
48726
882
96204
24222
74951
22630
39744
58991
64464
17015
70839
409
75448
22097
51684
78244
79744
53385
51804
9951
19422
37771
4763
73166
41851
23682
12888
83913
82569
80359
85673
32163
79687
10150
33521
61632
22932
78227
88304
62248
6433
19947
374
62719
31842
66914
99144
2153
43988
25329
54805
91481
90822
19930
91773
59103
67950
93862
78796
49060
12996
62129
82465
43822
13012
9031
62753
62225
17820
65840
39990
77085
70727
3347
45507
3314
4536
63639
5133
7931
85062
91830
57043
9720
9559
68500
6020
12156
94320
67415
28002
67116
54578
76232
34568
67821
38543
98135
38440
59981
59843
59425
22638
85024
70253
58040
15476
43630
47807
28195
75737
10658
59525
46789
59499
93661
55577
65685
31750
50921
95219
40788
90272
77801
31526
65348
44551
54780
88282
54440
74825
41509
83666
26578
2617
56903
52038
54162
1603
48469
66383
71730
94216
86676
95949
9092
87720
62257
31896
25100
76527
16299
70774
28562
51722
76740
17399
98949
29424
50043
56785
95085
53356
87587
36434
77644
89550
95557
50084
9490
33083
81726
4589
48607
86951
7604
47031
6799
26433
48660
63038
79141
66120
95881
37223
64039
35179
17043
877
99934
1565
19196
6188
41961
9417
8324
16174
74896
9670
79829
72960
62052
52760
5463
42637
28691
34212
51768
47147
61970
399
97023
12206
41380
12757
95263
73465
65698
76951
42918
37099
24544
64060
79124
23836
73345
62316
30429
2838
65853
10122
49805
3231
83905
88977
69055
58154
19086
85255
27073
86009
18221
97769
79715
81214
16620
18589
73600
59
26353
87557
7150
17177
90699
8232
58640
46087
51911
88950
41784
33318
99274
62969
2984
23640
92986
27055
81456
93517
21997
26413
92434
25805
44927
40223
24010
89618
76091
75788
73036
42203
15844
35402
20033
23995
78922
20375
52456
38346
18202
40855
92724
73770
14971
99241
66907
10405
56390
19607
32817
61096
42262
95768
88463
79446
85939
32006
73995
36866
51524
89605
894
1152
76377
27822
82046
43242
89956
28854
95857
26641
32430
15946
19952
31495
92518
65350
43451
78148
56316
12712
11451
8040
76899
63646
52792
68090
70460
69512
35609
44044
68837
33247
55657
67576
78509
1227
45068
13742
60820
64610
32952
86479
83576
68555
63518
73697
14133
78284
23968
24249
21404
95160
76019
67990
73231
65294
5295
2968
80468
18429
25392
31146
99320
30058
94042
68009
63657
44444
67880
63322
79045
42306
56786
75122
70228
69319
86076
75654
72527
97063
28147
44273
69472
64438
75232
21425
32016
23882
96541
58708
36575
42262
8636
72354
23565
75711
21340
65129
21755
51737
81160
51107
64119
29156
13344
97536
19938
94711
81639
7462
31310
81719
89096
64626
5222
97512
47100
35556
6245
44339
13228
17791
33332
44673
8486
90857
28495
33775
20740
64406
15535
90005
14559
10664
33843
36677
51163
91549
23685
4469
7359
19097
28939
67491
47238
28707
31594
16513
84065
87306
91512
67157
66129
12141
53776
28901
47809
7331
73076
14682
24191
67816
83978
16846
57106
94564
73739
96591
45048
8147
33942
69693
35167
35289
60592
91240
82707
76206
22852
15040
8754
23839
12977
99021
94006
49163
68886
16580
52847
40477
29781
14453
74743
36165
56950
10474
89916
25440
42365
92325
36645
11145
14423
66640
29521
85015
35320
49653
39665
46269
70740
63102
50254
50724
82629
65278
92543
40666
36203
57957
71242
30619
20439
82690
36997
48576
85998
5797
7561
68047
50170
4845
86787
24072
21165
79882
76865
28112
57627
11308
48839
29479
96430
67335
74502
80355
13551
13439
27008
99426
33692
36471
3186
21811
39886
36452
39206
70747
12668
87475
33275
51546
15970
37743
14329
50448
34624
39601
55684
78836
87324
45954
79478
58181
61394
43895
22837
88178
64683
84735
64665
52859
74003
89516
71364
15610
27435
98136
53431
55655
4983
5572
22853
18986
87656
3744
39497
42774
98845
44234
7145
95488
54449
93681
69446
12191
73795
76532
56602
62817
6195
80012
92243
2767
13131
38142
9849
34429
25534
74154
14590
47560
26168
33538
5578
13916
96226
13362
91428
33776
2950
30078
28688
7878
23323
79319
54233
28251
33528
39734
43472
98198
33954
86526
86733
42023
48391
85123
16730
82774
83284
22623
29160
81241
58304
75235
44498
94622
55563
35786
80929
27270
73684
31834
30500
39813
1137
37412
61327
41240
25728
47744
96295
79762
57903
78709
60691
32328
70837
98132
80019
72191
37426
87739
11323
15464
53594
62530
4651
25290
54471
28682
83570
18695
99321
65831
20914
16380
99424
9042
17672
6298
86866
5384
38155
40092
77424
53155
81008
42815
31488
61785
77114
59884
82125
1331
96760
989
67352
39591
88888
80044
9892
2826
75673
64042
50860
62608
78522
19288
61896
48760
40142
87997
55128
57245
46606
68090
65220
30102
22004
22270
42280
65941
26407
7409
15143
37735
841
22095
3535
98808
24348
59383
82323
13925
74278
73026
83648
45715
16467
94919
55110
38399
93353
34820
59718
41376
18240
27515
69866
64110
10452
7415
92809
74774
28033
43821
93622
48615
13471
30350
92655
72820
26884
47176
2436
8850
38443
84972
67890
28379
31366
73930
82578
97669
4057
90312
18641
32276
35082
9647
331
70248
85649
70035
58332
24964
19627
50133
79790
99739
61271
88780
62454
76703
88947
96138
74015
98044
94785
28668
74366
35580
84482
60568
53167
22005
21052
40781
62607
62627
63839
64121
25632
24316
40179
14673
10623
81522
19018
5883
77595
98695
54430
5760
63194
47312
65692
55045
90863
22264
43633
93479
90351
19955
21255
28131
58357
5008
21207
32943
10122
71180
6079
48446
47672
4845
12557
70480
12303
12999
40944
8630
38577
45045
34535
60869
15248
85055
78056
4164
91068
75178
23876
66570
4192
70383
15347
75740
25703
97565
54680
40034
25971
12887
41759
89932
42995
38311
91063
33635
148
12207
692
38431
44559
97326
92181
93823
38279
54054
1511
10060
11753
8153
73658
44986
33991
25167
14232
55855
90583
94223
49109
16737
97733
61932
40480
30039
67212
58044
88350
64697
11090
48484
2755
89561
9287
76278
99680
60857
28723
98845
65215
31337
98785
58419
90717
31119
34946
82360
55504
74844
78934
40386
57384
217
20465
57238
65409
10462
36366
63699
87602
63700
20710
50654
85396
67495
21774
11064
61855
66345
49494
40016
2717
28276
72291
63591
20751
18439
39043
48311
34993
21737
82208
69007
76992
17069
51082
41141
24245
19323
37024
71044
16858
25394
76064
72148
39886
74949
55523
61884
65001
40653
75800
60903
37454
50353
95672
94648
34226
4182
64125
87509
48432
11067
20341
18732
98536
63683
99956
20660
47075
51170
3089
76862
37188
43676
1028
71708
87667
22948
589
93857
47638
79277
39003
21750
29421
49105
21163
54217
95595
96555
54964
74273
69055
90749
67061
2280
90110
22273
85989
51637
15934
31666
8886
64942
94353
25288
20672
48403
53442
11159
15513
80882
64485
93411
70484
97080
5832
64784
42387
8802
41733
46729
96997
68525
45823
58609
86981
63153
88846
45444
82668
57413
43881
78010
21528
59889
28792
47458
87469
84963
14682
71352
19825
6154
61129
93211
79694
62194
24670
45180
2227
45283
21543
41368
46503
52469
8888
80670
81645
77085
60847
75122
5673
33575
66358
11784
8705
32772
68970
94311
39182
64756
1153
31218
81540
84064
85016
47784
39067
94677
2977
42173
83373
30681
55248
84083
37914
36200
78219
61360
22951
81842
3678
87196
4646
10744
19656
14075
58351
77789
61309
89943
90691
98298
15445
45816
9709
63774
97205
70656
61979
27499
30376
79371
33657
23946
40399
61316
80706
23666
23204
70466
3927
86855
59240
60275
46067
68024
78057
39640
27744
38158
78631
32635
55223
57058
64747
33056
67116
65489
32295
71737
8408
91535
23393
63558
8717
94456
54787
27333
16443
66661
16877
60181
93217
83315
71473
91566
82997
91494
26197
71692
99756
53222
20331
99074
36704
99877
45986
77092
70290
21742
56816
95053
16805
31153
31181
98415
27179
33108
619
26927
12150
61979
46834
49163
65394
41089
69603
93989
21619
70392
23544
16264
25944
96992
65940
76360
335
32069
64134
49354
25454
37970
82799
93569
92396
17456
62985
67393
21503
63725
60564
1062
16174
45968
77260
60330
81169
34470
33924
45911
99119
44171
50012
45511
93920
66849
51589
34850
96618
45002
84149
90972
35112
60750
11610
4732
83765
65580
69705
40835
9888
72757
54039
52824
73455
59646
72514
24387
79146
73945
41288
62997
31117
83191
94768
80296
42692
13550
3804
60145
23084
34553
44401
97239
81128
55876
80635
52733
145
45391
81569
98073
26523
33777
68483
10332
50139
13416
36026
83187
60244
80875
34683
64642
68419
25401
62186
62976
89515
60607
79504
4589
35408
70082
52376
87142
34453
16390
67180
91834
91333
8853
36851
55873
56358
33145
59879
78256
66728
52625
47500
88549
54560
49122
71567
74328
69738
16452
56004
67590
81475
70700
20383
51278
51879
13685
61447
16665
76193
15079
30124
20088
38521
10296
60791
13689
57569
30667
58362
19490
74431
3741
82342
6590
19995
16464
95684
57434
66108
26538
19946
17232
23347
68854
25284
55512
49827
41419
75550
87317
20974
56458
81202
54539
42465
40997
97526
46291
84497
6859
36995
64057
6638
42914
32349
4884
62978
60688
75481
15303
68884
47024
416
85969
57248
7386
46299
25530
97829
85195
56872
82156
55117
46231
81438
87650
98867
60084
79541
24257
66077
62058
50697
20132
94870
32589
13704
97296
95728
11201
38056
53117
39504
69965
48306
18185
13913
55488
27706
74716
24540
24276
10198
75873
11379
32286
70953
73648
51618
44439
53078
88295
32496
60786
99605
65346
26683
30798
87023
90662
5804
60325
72095
58928
55481
36104
80117
88238
66441
54539
90581
30290
53354
30643
99824
61289
7340
97894
65464
91932
57424
88577
75344
97300
93751
24543
72123
48528
99251
33456
68854
33781
48867
65078
44170
17905
78513
27013
36612
92478
24472
70603
63957
98114
25552
40842
42765
18200
9231
70829
58659
95456
98680
76392
30163
66939
68148
45342
57705
74554
19054
21451
82489
78248
99434
56461
82427
61846
58980
80708
39413
34001
39786
19269
42692
38841
45183
53594
31493
6879
5567
15193
30937
42477
20361
51236
59946
54934
19247
1435
57807
11107
7121
29966
45721
31040
17305
31737
28664
75914
30978
34114
57651
59242
14407
52525
75911
70057
97357
74769
23935
17089
15069
8133
39275
23991
24586
62201
99420
63374
56763
8922
45102
83682
57009
37699
26929
76020
26435
64043
23947
94420
48953
80419
57291
57862
54858
9356
8219
8572
56301
7956
15780
30231
56687
34591
40719
16179
37570
423
25242
60361
67216
38196
59341
69272
92030
61489
35344
32687
93895
79905
16595
32719
27708
58988
34642
29628
31895
26148
1863
67306
63859
64750
34533
17643
81472
96578
30617
81796
44452
50318
77172
61268
1259
6499
90715
10398
72572
13792
4356
19600
96129
7370
24088
57971
99547
1497
11465
18078
28411
31619
18521
60162
13502
79775
16626
16796
71538
32442
89978
55445
61122
63666
47748
52848
99034
98966
62434
70745
50306
85868
98114
74333
47388
66693
73665
83913
62437
27787
6436
53576
53144
26989
45343
48599
439
52724
26030
78621
19413
91031
70853
74646
76495
69652
21377
3438
10983
60448
59238
8226
77436
75989
31025
8832
20343
18635
60896
84321
32764
82273
76519
51709
66970
63822
26262
14903
21944
65473
94882
33111
60458
97970
15475
19957
56216
1642
68753
67565
86188
97395
89102
89040
59471
22744
82428
66388
54302
34692
36016
24553
35736
86225
61897
60668
93198
38430
47834
3476
63921
67736
56371
29524
77866
98360
19615
74533
39072
23779
56325
54108
82082
37984
75368
61484
15635
26006
45172
11943
9792
37390
72966
86330
33883
84355
54919
62097
68825
39808
46982
82307
1040
38601
97487
90663
74020
91594
52426
49993
31542
74853
26554
25932
53522
26909
95419
35869
31958
52194
68905
83331
69701
61703
49374
34862
27570
28850
88822
81862
54544
69483
93361
45034
82582
47735
56692
78527
44444
35591
22623
34482
28839
89987
83468
70942
83399
57225
64591
7691
53527
22821
47176
75586
51677
52630
14819
79417
10912
8408
31418
11224
27209
79213
75440
55306
44190
77111
51372
67360
32779
80283
6436
48580
26034
82658
97194
88296
6957
14004
71432
92984
45574
89903
19074
80000
12451
42404
28968
54057
37365
71860
64018
82628
28789
56104
84962
65246
3991
65578
33340
27877
96148
23180
43792
19731
72311
8963
36336
18266
77180
33592
85206
31096
67869
92712
40580
80318
11586
20921
79380
69912
83668
39392
55806
23500
1215
11908
75828
27574
9535
78998
65704
30396
17111
49251
91342
53773
56106
38181
18169
74360
72013
97295
70784
74073
90760
6045
73022
6468
66861
26337
98418
73951
93996
91837
65577
79476
29288
40338
85992
49109
45791
4514
73777
12201
70983
38066
90324
60445
78530
2379
82823
95059
6301
71035
88445
35695
70615
43974
28415
44686
94790
782
22181
95728
57271
68766
431
66249
52333
37102
29673
55441
72783
76559
34804
6350
56317
75940
88272
5222
64198
37179
46700
70525
77838
91122
57230
82868
6868
49961
3149
93331
8822
40790
2433
49369
53301
27953
39586
31060
15795
49615
81464
33453
34455
22597
16068
41335
58756
92185
4939
93660
15572
27692
61185
72842
84080
73768
50534
43929
21115
5165
20194
59098
56156
99908
5454
57390
95140
75721
90789
95317
94737
13930
91175
73862
55331
16692
3702
87507
70287
78841
59254
59254
15724
79621
45184
15923
8671
65543
91567
81012
69741
68539
37442
9542
9308
29830
25651
23409
96441
21435
88361
95944
40072
26310
89620
62847
89097
80892
68291
84380
8206
67772
12259
47628
90955
3113
54818
10053
24421
7794
86737
34728
48898
43765
70841
87124
52554
37931
63264
11371
34949
47846
7339
48410
82809
82482
70813
69410
67605
21493
78043
55478
91240
2552
23993
40036
48134
8044
51629
9211
3356
93866
4872
53137
44351
25181
22200
28258
10189
73355
73539
16188
92496
36565
72436
81235
95925
59899
41018
41987
65637
61072
8519
67437
71475
4019
32912
15605
16156
63846
63601
41671
47406
51175
91873
10690
32238
92690
20021
84601
13844
17206
93487
95549
46742
37404
74867
18832
48976
23814
74450
54830
75226
30702
94762
69668
42505
65483
77782
22528
37092
94477
83278
26830
91901
13057
71844
71708
2356
15672
35888
802
14446
15050
75676
75538
25
9204
20009
32611
23962
83883
55334
45215
42264
71865
91425
37554
52063
50029
43718
87915
99555
91726
42282
76957
17900
71459
5548
62930
88686
54903
84956
34576
40760
38643
5869
80403
491
71431
22052
66205
82228
87173
95609
61215
70024
63836
72904
68918
35849
77406
50930
51613
27489
22823
76340
40303
68085
85472
83342
50394
50254
67825
23125
12852
98002
15959
79950
91377
55184
80693
80186
10987
18173
97213
46999
67509
78098
98074
43618
37271
41019
59323
49355
33204
99455
71015
37807
14242
26813
42525
13863
3671
42022
27166
46185
54710
45560
1235
81638
73911
71394
12289
38421
58569
92862
83157
66917
19128
6144
70846
49155
5351
86348
33038
70845
39350
96444
46659
91441
82492
52271
63604
92786
25797
13443
96391
66647
54017
80598
10738
51383
86964
95589
63128
3319
73919
61401
77932
15272
13844
46134
34976
64972
44949
28893
25129
91372
84363
65038
44420
51902
47904
90820
52058
49492
52114
94331
88401
24033
14325
34762
28907
63526
82063
24771
23836
96623
41740
89611
38796
29152
15459
49195
54635
93845
36146
36230
84402
90223
27419
27524
15851
48372
97057
68874
4540
39933
37123
10662
91465
9701
54992
57705
92742
80034
6624
36239
47156
4923
24913
55782
98022
26300
63523
85819
17171
85120
45669
18875
56816
11417
10693
62958
95282
23272
66664
93019
28728
58981
74458
68869
53910
58477
22767
52800
11510
83920
82951
82363
961
26218
8216
46250
53259
84332
49015
12273
72014
37707
64744
50579
577
37555
68014
96314
27181
91959
4123
51558
86762
67795
35358
61410
98072
44831
57973
52278
43807
48644
46870
43420
73752
95441
8736
75179
19179
3851
70094
79426
37323
94472
21945
80685
79075
65920
60777
90667
78760
98289
98915
52357
14674
61789
65789
47821
55607
17562
89670
10760
57719
21238
62327
80012
22001
66259
97230
94945
32892
14585
42585
80336
26854
13970
11991
671
40706
26301
93445
72500
8745
5805
54323
97266
8065
88240
73583
43552
56224
36424
11323
32997
49389
36824
41296
82273
35111
26712
17391
10775
73340
85046
56282
40754
11724
97358
45084
2590
18851
68838
15117
38305
58624
83961
27155
44869
18062
30351
51549
83031
39427
23123
15984
96286
67989
65653
847
90989
7955
18222
91835
67741
32062
20877
71303
92597
54089
97914
60247
12217
30151
73882
77379
39922
94686
9604
49885
97264
56919
79151
71114
20521
45338
34524
32129
75620
50687
60732
24554
51771
96371
14550
75239
7916
35093
61156
81702
25743
94021
99395
69120
2931
3645
76032
92047
8386
83011
82796
22745
63541
43902
63053
81561
42957
73818
25386
7193
25512
18523
6841
72620
73875
65505
95960
57373
22585
86277
98129
172
61766
45419
38139
2777
38115
41355
98774
37816
83263
60033
18557
50687
32343
26989
14436
25517
66356
48007
4619
16439
16298
30187
2724
76737
39671
62211
51626
4104
21450
52967
68318
19314
75978
93441
57748
58874
33054
33113
53055
77560
52504
95962
19600
54444
94204
53672
13428
65291
16285
92183
64320
73957
48914
10379
49832
14793
51154
9736
53925
97291
80126
63436
86849
54816
42205
98270
22758
89407
93831
86604
89484
85364
28275
15364
69338
37435
5216
95480
85813
75247
25906
88014
98475
87755
8322
5129
71432
32616
98672
90495
63460
73790
72922
44107
82138
47734
77755
6918
38160
85425
7587
82165
68065
17756
7897
67059
88094
78942
94076
96025
67217
15478
62473
80407
89079
56969
80567
69381
98306
48404
75503
65549
27511
73637
36821
37890
24637
74188
3095
57090
32374
51757
60783
26674
97798
52396
38221
35530
42388
73114
12908
26610
9458
43266
46712
13888
46257
35665
87433
55482
20391
99215
43461
97554
9968
53238
40707
96751
25022
17370
70263
54036
19391
88503
31833
72906
70556
53620
61397
28805
11563
41307
93229
75735
96307
72700
1216
76730
15820
51765
90272
97151
59855
92708
44509
80977
14916
1702
63444
19216
5312
71704
56403
19938
38888
87015
22530
18943
2928
86994
59312
90032
40514
27783
77490
19697
84991
78072
49712
8963
86191
49954
78766
57682
48542
78274
12825
12363
66066
70773
4099
30485
48893
8963
70426
92216
35181
39380
62570
71195
7646
12926
27067
68158
25800
20142
54098
19990
79496
76101
79333
93360
19197
52481
22128
34920
23514
58870
94904
31925
7504
81904
19073
4726
1847
80553
71847
88401
69437
10920
34715
99912
928
37305
98804
48959
73561
36967
21750
95827
72558
88798
13904
16346
22820
17333
30333
93831
97169
88514
98520
47124
51969
28329
8796
42313
69915
39385
55217
20973
18161
94186
34939
21897
90009
74661
66660
25397
14959
31698
35939
7306
23501
59796
47214
84062
26265
58828
34165
72183
80100
52891
15756
87416
95662
90019
47402
51539
65675
38318
53899
84514
74060
1472
15053
47814
49962
82151
29633
34821
78615
68358
72695
94354
319
70390
20649
87345
18641
44633
8326
39486
87631
50333
76699
23033
65749
12088
97204
26619
71633
94743
57538
82987
1120
54556
54665
18156
38810
72412
22389
89803
40297
26686
39289
98091
27249
38994
68047
56820
38227
164
27274
24662
50465
99410
65640
14098
59912
56441
53202
71761
40746
12941
2711
93140
81709
50899
40346
83106
20124
68979
87186
14675
49463
93497
58501
52644
88443
79753
89854
33075
24665
91345
71041
65183
18452
9405
28913
36483
45723
39124
95488
77701
78455
88905
69312
8018
94488
72398
26620
31320
72670
71746
83883
4330
15088
43279
48766
70392
45593
27238
36261
37009
2816
60678
7612
14294
84529
72832
23067
14057
17220
46327
97497
36791
59201
86726
90312
34640
38536
14147
40435
91685
25177
57570
42193
30913
23469
88290
42688
12684
22617
8551
42760
55322
33339
26191
26926
42522
47014
63373
39852
98924
3455
30474
24502
3590
18239
16485
43056
41175
86769
78792
17754
87003
94249
15221
44275
26762
8589
44510
28313
18024
59418
45238
16600
23388
79291
82459
99829
80221
18582
50150
60372
29880
35331
66932
84377
60097
41407
89789
77394
29639
4057
22822
53148
3959
84928
13054
33204
70660
38201
94522
77248
36079
97463
48784
14620
79441
41649
7478
34393
19434
14031
73447
52907
99110
27054
71278
1163
43425
99796
60223
68967
77977
87810
48777
61910
99422
80125
9352
61079
69326
89584
59162
61849
10325
33497
99498
61992
79403
25523
57768
37608
55743
47511
72343
41392
12197
92326
94544
21371
78782
45879
74265
20159
25179
99052
21318
22912
30599
14023
13311
91957
43205
29577
98548
58675
66350
26334
30588
80300
87619
12723
98483
80605
48367
13790
11628
28549
22550
83753
19690
54864
17273
61289
58932
20041
24824
50663
44378
39893
7483
14555
93368
45945
87554
52556
81293
78032
51584
77648
95006
33274
60432
38019
16495
47184
1806
69167
26473
87522
71339
18276
82046
30789
20863
40596
26204
52724
54650
95558
86234
93179
39915
50037
18751
86110
65674
50986
34161
1428
37603
74630
38753
50058
58095
86210
86432
18499
65469
33286
25956
66418
86514
18671
10399
50300
2430
49046
40586
8580
41887
42360
32219
84439
40103
49789
11923
70580
54690
47359
14869
85559
29296
73670
70250
63110
12733
25901
66381
13773
93658
72382
95957
10107
11641
89568
72310
16198
24010
28083
74542
26031
22512
2065
40394
96127
20180
91163
68100
25138
19136
55215
643
6397
46048
71624
59308
5115
43497
371
20171
6686
54674
39928
72644
68300
58074
56679
44858
8608
67801
62335
4820
87574
95489
89436
54900
72313
31202
32510
38738
3170
89512
3840
77978
52094
44672
3181
99158
81324
85084
34339
93344
10600
27141
36206
66859
17005
67178
50799
31136
5969
44587
54354
14836
2691
18599
79258
18466
59833
20675
52603
98742
73521
80604
33329
4013
64172
6644
41471
86825
92895
97863
27962
88788
21539
10888
90713
7507
51479
36475
71335
6328
27176
29173
49920
6106
52541
86906
99372
82605
97072
51476
90658
94897
35657
2960
63413
51764
79949
2141
72690
19066
90703
68219
30313
48371
65366
14440
11502
76562
33904
71573
30834
9154
33118
39913
99961
9993
21966
20670
12118
87202
72355
16055
23172
53755
59090
63264
33184
19795
61145
41726
53107
53818
53234
310
33195
55904
65415
17274
57030
6746
56920
57472
13784
95499
42562
11085
21967
46817
171
62447
33199
27337
71015
79401
3146
74706
45505
68116
46890
86057
201
79673
96365
8095
69000
8306
79806
78332
44082
64904
51046
50955
83137
2240
30154
25538
4648
15795
21352
51366
188
98693
58649
41650
94157
34366
15193
90767
50013
30248
39511
32424
1762
62685
58340
6052
91050
9230
40592
69147
65337
45764
26257
30642
36404
48916
34250
12634
1296
97595
44899
9603
33038
92774
86258
92988
69992
51134
56468
24057
52642
13687
73789
83692
98016
21587
27803
31693
37567
33528
70546
72283
35387
53429
39871
89269
96911
17283
25415
62817
89605
61898
36262
35188
66367
74590
62541
20234
99517
96129
15323
64820
39961
34406
9604
67668
19338
50639
32075
8032
191
58637
94828
88259
6205
16817
17011
73473
47550
48247
83538
28657
21551
75979
73991
19118
34460
1343
38594
12983
68964
880
72336
71796
97488
26024
99824
45047
16498
22682
36354
74680
89305
36577
61889
79316
75454
32004
37244
61357
38751
527
54379
62751
78115
91410
84377
72894
60968
33174
29213
79328
92516
39179
87422
61906
66856
55994
87762
96462
17182
49442
12504
93016
7603
11480
13754
89793
47505
74670
82305
39834
22729
30207
56500
66825
80738
52487
24707
95971
5850
92362
27170
61314
31641
76791
55329
7837
1231
39356
7883
26170
91990
56314
56182
59730
65381
62776
36737
16519
6231
85012
58835
15719
70106
4470
85672
42096
58356
41172
8938
68935
91423
90926
95540
64490
61839
44102
71764
96911
22945
67679
69938
49734
54881
27698
90680
57054
81604
67993
76029
61220
61386
73644
83876
63622
3669
96048
30033
98633
28635
98589
93832
83462
57287
76249
46544
76628
52115
9443
44892
96499
97103
8425
51474
58439
1118
99520
62992
95131
59360
81228
63611
71319
17951
50854
1142
22776
61782
4497
36181
57523
16570
49799
43065
35442
50352
9209
68139
91496
45713
75677
6475
93591
21057
159
54872
23610
36013
98468
9861
58876
35185
98296
19391
84723
86386
26637
35008
50979
99332
83718
267
67209
95422
19920
46132
22768
3038
71014
93500
77379
60725
92386
89660
41886
18449
79875
85463
3833
56484
53819
76087
76944
80158
66421
6714
96463
58746
99908
7087
83856
52031
24426
83980
10235
34573
82534
67896
26527
71793
97766
74912
77247
12397
73751
88485
84209
18542
93252
66841
96938
29182
66659
21557
12669
3575
43158
59013
96058
3333
46902
79753
476
28352
85790
68766
88722
32526
12026
25529
36304
29755
48185
34591
88753
97914
7069
81260
80366
12934
95301
82806
61123
24996
36192
79797
52739
41247
48093
53326
20360
5456
18892
29322
41299
47807
78150
75525
30185
85061
91729
82335
776
76247
32547
95456
25083
2239
80028
67674
73645
95910
3037
41056
39706
75505
43902
27817
24386
67337
29845
10616
8537
61659
8102
13293
4291
82002
82499
75842
75822
34685
6474
68179
62673
45339
19387
61188
50866
19648
44746
26881
82887
35461
20697
92668
24101
48315
95215
49922
79598
70561
42176
33447
58280
11127
35460
81156
18050
47328
95148
86188
76896
24112
96743
95168
87538
81447
78141
92178
82895
33539
66194
7962
43732
86010
43207
66632
85317
62096
60097
76039
61709
65061
53321
35667
96395
78288
34901
63044
87133
22976
21833
78553
35808
9644
98478
99563
88623
35798
98568
9523
53030
49687
33506
77778
4530
3126
16126
22780
74141
74822
11801
76645
9463
2390
65537
75988
7390
98087
16817
82704
15371
364
97699
17433
43989
7635
5856
1194
81665
14964
21234
28102
69491
99647
45971
8792
94041
64820
4611
55261
60870
55300
48792
17124
77554
18508
61942
40849
57759
74076
93048
36152
94929
28956
99581
82595
54378
90775
23495
30710
92575
14099
22195
97295
78293
63551
3163
45090
93807
69199
42272
94502
45999
68641
23418
98412
76229
10717
89297
64499
35523
86239
8037
85442
16233
69621
26745
22420
89747
48033
56292
44414
12178
64847
91470
80534
5938
69531
69296
59786
97693
44575
83133
52051
36830
33969
70320
37510
19719
84749
68584
5214
84197
82027
99907
35560
68107
30142
17385
99217
83804
4163
71650
79694
7332
79490
88976
53235
82982
50533
99853
15
80292
3995
76633
23681
84069
39940
84810
13972
84934
78466
59258
29945
72027
7028
10206
59707
73134
60564
81787
63523
93444
51228
31539
60922
47301
55065
32554
28361
47306
37318
35550
39770
6271
81131
49326
34396
46473
33764
71280
26418
87378
13720
864
11484
51717
92239
50593
22751
53598
24013
90259
81494
40889
9010
93088
75725
23643
63965
16275
96861
91449
19212
22376
51940
83260
49026
84647
26676
37283
4493
45044
29349
37530
63101
10607
58960
741
71146
62032
75113
76870
31890
35149
27141
48405
14966
94867
64787
63010
71756
40272
45994
82884
10800
46699
52439
38085
39833
44308
72242
49535
43635
18445
66468
5204
50451
13313
25938
10925
7635
87409
21777
65087
75594
12307
80378
65290
21838
23975
62419
36764
19635
6362
74047
86980
68191
18939
43682
85333
20591
65075
15018
17924
37668
27997
26634
72376
15159
63881
80306
40171
91396
27816
14761
55039
5562
49595
13699
2222
9483
15467
1060
50404
91136
23127
66065
41236
40080
79393
66946
34304
84908
48333
42943
58985
47969
6791
49447
57462
88142
61637
81948
7577
25162
90696
19348
59691
52269
48254
80583
58251
86038
26527
73801
5901
62115
14185
35921
36513
27900
8862
65004
37206
38617
95944
91170
59760
29439
46796
18154
15443
46691
58629
39575
79205
38216
34249
41356
80150
19078
12616
64278
64817
572
72077
53677
26620
95794
72230
34095
18000
24873
5690
52259
32532
5670
90809
15140
50169
22610
40554
8591
1400
38234
82254
62545
57546
80693
86796
91664
38763
64563
78874
44212
85971
50666
29199
18127
17484
59390
28127
30351
44356
66496
24715
59769
33459
628
65853
37975
32246
27469
58562
96126
91580
21810
25972
19541
2829
13064
18672
61383
52545
79936
93732
84649
96531
96008
25209
4052
98262
66439
63397
88479
8011
73006
95472
70467
90618
84924
17833
54630
17515
31784
6695
85830
8291
12532
10371
66902
9760
71528
36261
37140
5013
83005
4747
64521
48318
82314
98436
90062
22806
38555
22982
60492
12241
98594
86217
34743
61083
74213
57833
19964
44575
42855
11236
46142
71690
76956
68151
95846
72736
46041
36812
58625
16836
30313
4822
47512
10201
41567
23104
26428
96028
44222
8596
91772
41374
71198
283
67126
38286
56930
78848
13975
58151
21524
23445
77269
94290
34411
63869
97527
54416
12678
10801
49373
85974
14647
46082
49456
71732
70377
48066
30287
18064
20330
86711
88383
66493
90791
2954
29456
28107
93002
68833
85947
