13992
59338
642
37473
7117
35997
33183
50490
73706
82258
88316
90047
60414
35269
89640
54096
37885
24689
57408
86389
35247
76949
90050
43331
42281
5116
7129
5438
9611
53056
59487
84878
82849
46838
47197
67557
60629
68522
99640
23576
76700
37128
93933
10067
28383
77260
53348
10275
54758
12686
62779
57611
66390
34903
31508
52175
37356
88876
19904
20879
76851
38995
57722
22563
74806
69074
21209
11369
83129
75160
45500
4849
23582
95047
76657
91766
18596
36084
18926
51030
60516
63627
18521
3749
72330
58186
27249
77137
65516
63463
42953
68520
22613
31664
10137
52288
76936
90256
43114
9950
8951
81064
99903
88201
33795
7562
11944
16617
10785
79521
69224
40482
4360
93086
13025
25671
54527
60442
32219
95722
25811
43435
63756
63437
10513
6253
56709
31165
41454
77741
51552
98790
91835
42035
39642
95524
77037
14627
47207
69540
68662
42584
18173
90591
19806
3013
77464
18481
51564
35667
6607
40750
85083
76914
28811
51799
42811
55487
22728
4598
80790
34988
18487
64365
11731
50952
41020
74126
51193
39896
71359
22902
91723
61376
61826
28674
37589
66451
44711
68677
33863
6398
97449
34482
75178
66463
2706
64348
56158
29047
41322
51526
15505
58220
5553
68108
47536
17197
76636
66214
17903
2114
12473
83269
97268
89625
85247
86282
25502
25501
51709
66677
77000
42619
66464
11937
18948
69605
8191
63960
33522
12055
26409
96047
16767
84687
40605
71627
39280
5199
18647
44130
20781
16036
79792
52027
15612
78335
31135
82206
3124
66273
66001
94024
92242
70793
73142
20897
80592
73719
83731
95191
2077
48881
92872
36946
34961
90464
72417
19986
16038
90709
45829
80620
23645
39368
51373
78857
53862
76617
42161
80113
96736
49564
10801
80195
1165
89874
29663
89483
79889
58123
40884
54274
19582
74094
8723
5537
72211
49899
36672
91914
78364
78932
28577
50197
44712
87768
74634
81022
74409
20867
63238
69963
82471
17584
982
54277
8419
40458
90024
45399
78141
39480
36711
83496
53220
86634
7411
44977
83495
68156
33061
61321
26134
51591
41746
82587
39424
97952
21019
61144
96312
23095
85803
92460
53210
35011
39858
51028
54397
14780
36730
66651
56479
93731
13538
57320
13022
40230
48394
89748
86418
3875
78596
53373
81680
21786
34458
31211
59150
77224
85551
26968
45373
15128
45316
24850
21167
2465
34737
20424
64614
2608
91295
11970
74101
93638
80523
86423
30303
74758
70044
77107
64650
69220
97831
63560
96637
47483
60387
99600
6201
59359
11279
56180
82806
23714
7492
55953
72011
79844
35328
54727
70170
68224
42943
45169
8563
82984
8630
89349
4483
35675
11969
7669
39095
40490
73287
2579
68852
84087
34948
28877
50740
7278
20696
136
38965
56085
80397
17168
37345
9065
54537
17891
2743
78731
72219
98098
35136
239
81050
7059
70150
94000
75759
72576
70919
11889
12418
88462
22543
18597
43625
9891
78250
67025
46112
22961
25563
96722
90789
10181
31124
68111
14454
816
52300
17600
7754
19160
46053
78500
62015
24429
28421
4623
93939
59387
92062
62250
73757
66022
29751
68667
64945
30740
22670
40932
2912
58292
29002
20826
5579
63021
2284
19958
63790
99796
66464
42856
589
79233
41214
96217
67362
87604
18155
4569
18059
97712
91419
12594
22735
71123
83885
88097
17821
71864
25594
9742
40304
85061
54106
93417
39401
92225
34285
93345
8732
99282
64629
6850
26991
35218
68928
39152
8229
14595
53008
81034
79288
58646
31303
91203
71271
21179
67270
26975
35583
32177
71505
13569
68256
42648
79286
54742
29808
44244
72161
13469
27816
36097
84721
16681
84933
69246
61756
68088
866
54697
88148
32228
78095
95217
48958
43335
25230
72250
73436
34312
13895
51758
98760
60576
77108
30902
48553
41996
55980
98965
91472
64048
54308
8615
46183
67319
82452
61010
74807
8160
21101
17821
50177
98435
55672
17314
8711
5238
81208
77497
58282
85223
39318
42385
42777
16042
20261
82144
84414
59107
61245
71996
36476
22671
13724
58673
81129
65689
71820
12380
71315
78919
17483
30746
41739
90542
45222
24524
37053
72931
58490
4371
13030
68617
72006
28563
71203
57865
60590
55349
20009
24243
95238
82799
96631
40224
99611
14229
8112
90082
95438
46293
87738
54066
46136
19369
15688
82256
78096
11626
67887
65490
90033
26472
16784
47128
10733
10351
96097
26334
51693
44866
97318
68669
38073
94779
99461
10945
23299
19338
41428
83085
88992
58467
89492
67356
31818
97170
49399
83104
1265
18607
57200
49041
28581
32709
12773
63541
38302
90770
34442
93837
31596
4143
35167
12578
22500
56834
24940
73080
59319
4991
37083
91524
13236
81237
861
88663
59970
95933
59554
2385
19222
45547
61271
65360
46782
46360
49657
73426
82190
35950
2589
60872
69103
80832
40438
24489
76893
9348
94379
1534
60718
18740
67996
20177
1122
99458
22934
36593
35516
7414
20182
10620
69672
11439
25502
43908
93538
44559
71743
98181
52086
11951
56596
65070
96052
38045
63437
7690
46067
77157
46750
5481
70073
87377
89061
83336
24366
41510
72829
95593
75686
36213
45780
79265
3936
90058
5487
19539
65843
97243
44427
34159
5977
10100
52545
4901
57032
23012
92794
85548
45967
99083
96651
16326
31128
95426
21257
39985
52046
28170
12732
78735
53000
35184
22687
20669
1467
39948
86400
83627
17892
67675
58221
60446
96101
70015
20990
43151
29210
21172
53606
3401
49744
41447
24819
68295
70177
26809
45998
28569
92559
40314
87725
58127
38120
93908
86438
9029
45983
50880
5724
45410
18310
97490
79262
4100
9252
62355
25492
9892
74488
9448
94453
45393
96244
71804
99675
30002
55888
68627
77185
39181
31282
17970
92662
87554
30494
42276
40045
42954
70682
45429
52656
27233
74938
12197
81391
95770
54511
65799
56774
45785
59653
98737
26204
24691
53908
27737
50070
55995
58800
35898
13588
2041
2793
38912
9182
43198
88858
23987
4741
78839
53460
81550
56140
11648
1612
59026
58382
66601
46688
20684
90989
13162
86453
46202
36924
62320
88128
70969
6531
86913
6876
32858
81383
14350
80599
78244
91583
65899
8144
9761
52773
13137
72854
24455
91236
70512
88597
23998
52441
55609
54960
83837
69900
91732
62533
53036
13865
51821
10837
80327
19900
3547
47915
40251
82815
36783
32395
30448
42357
4742
20101
65358
88566
39582
87759
19120
79158
22234
89585
20892
16486
54800
82268
63324
46038
47712
37679
30690
7023
66212
95254
65494
82458
51714
82092
88889
5222
51105
23560
59725
81319
46246
65787
46948
28564
74638
99199
12316
83797
67166
20471
57339
87269
12083
90994
50269
65699
5541
31087
87807
14087
55891
10042
31214
62676
52502
56482
25391
93183
24170
56220
29116
12450
51542
85485
21590
21700
999
34037
89318
36696
75549
89071
72724
24676
37454
82527
56066
32344
13386
54471
59760
93575
70388
16160
26144
25919
46089
76940
85886
90720
49580
5687
34283
76972
57158
63496
82528
17579
57468
20292
72629
14941
59989
30013
21291
86859
52241
61075
6452
94834
58939
24801
74013
21965
89740
72145
39064
21072
99166
37465
13328
24136
18836
94028
90510
50590
54738
92515
71249
74215
77731
63243
70029
77113
26440
77707
75129
36325
80990
69503
95068
46709
71813
60011
83707
82770
75310
37472
22015
92528
38365
98636
76913
8902
66976
76710
92187
43443
87405
93868
45123
40148
96700
8408
31984
75752
68325
47816
3743
33395
97685
76284
32022
19446
32605
82735
16329
55483
19460
93060
45760
85281
25406
63288
59174
23786
68465
302
1506
38101
81232
5756
613
57622
37426
26027
5868
68251
41348
54043
50560
11120
81874
49727
7737
87489
34101
92148
19432
34955
90762
98741
17053
85472
60616
33618
78984
88262
18580
17671
58001
82328
45127
69244
89248
13411
14670
93373
94453
2009
91854
18963
28733
50478
70142
9615
1329
52706
46855
79895
17223
83165
50875
80170
74064
86592
66815
95846
82501
57250
74925
16553
87341
63126
77243
71091
39873
83028
83145
7702
34891
97040
22511
36017
55358
62208
14739
70744
84640
46386
2783
84238
52925
40145
34004
58700
77771
42693
15299
48183
12736
23793
21439
10507
90462
74315
13546
80367
49624
24162
1932
84492
25641
59693
20319
92219
87436
95025
92918
54387
75910
69930
57774
72980
22417
92201
61152
42416
13053
38575
85440
15516
78901
48836
93912
52246
77526
58173
21043
11447
13597
70058
85554
35070
31706
6370
24310
41369
14480
47328
26648
82369
1067
646
19409
81771
69636
35287
45388
81041
87757
63527
20909
96322
84223
18634
46460
99260
20278
66555
75373
83246
58264
56448
21908
41193
52503
73776
1550
41692
11017
51594
39272
9858
53185
8111
15180
41492
63435
38443
41691
69753
13499
18008
46267
49063
140
82046
57179
60050
22808
52664
61767
90592
94587
43487
6048
75953
67812
33629
62793
36423
88232
34813
29423
60583
74464
26814
49416
53229
34185
30072
64119
36052
75537
53701
60071
15141
25344
30476
22136
34026
46416
26468
41650
74155
84137
45150
84582
40332
87999
84
42740
95126
42223
43791
22931
31771
34514
33385
94012
80544
17462
99234
58793
9706
25251
19114
23175
37896
27696
47585
19335
67932
68610
78642
29376
21601
48407
80057
49060
97765
85935
57813
33743
47511
84920
81729
42977
73360
10560
67789
62599
30562
57670
90486
99234
70561
52323
11113
95493
82060
27920
80698
77839
6462
38923
93628
33345
56402
15284
49496
53524
58324
71711
79854
51498
86810
55616
20152
54459
29588
4941
69876
55147
41851
65731
14967
52788
96879
9146
4967
64923
88013
66968
78258
67810
93020
23240
58260
95603
82273
58221
3690
67412
64956
26549
48446
51945
63478
76526
17361
6336
13983
68239
16372
2468
77822
96222
19042
64526
67220
61435
1825
3937
24896
5482
15678
34921
65072
49178
50539
71762
29319
83693
48465
54310
72718
73704
54505
20592
27737
76575
73904
42844
73937
32883
72345
85241
97066
86733
84309
3205
38909
26421
3449
3090
66992
43481
60245
67352
56831
58563
16152
62823
40925
90537
72910
78078
778
82114
83078
40368
23114
55174
18425
23373
74167
8305
97756
46899
22331
99722
82700
65457
8118
56859
3768
23377
80815
47371
11213
43697
61738
52849
32101
70996
59290
80190
13455
21129
23971
42673
50548
6148
63270
48872
25899
11362
2941
26253
48604
34634
84619
84031
1452
9483
69027
80454
79284
7492
48022
99867
20526
23963
79734
82446
14812
31902
10770
43876
23458
49732
94562
90054
49999
14675
19171
3762
30030
7928
94533
96327
34546
95835
3095
61376
1617
64962
20961
78731
23352
97447
39776
67134
24078
29671
97522
20909
21135
53066
46860
74159
38988
75534
47000
71986
44301
10993
15136
27578
13224
54352
96203
74556
90703
93606
97540
38654
42965
49720
72837
84669
76761
28181
41049
74475
70422
58441
51967
79750
91391
44923
26228
25049
319
17426
13697
21484
11015
18341
90107
2151
17164
97773
16433
63767
1103
77575
46305
19900
25808
37276
96799
29005
22029
73735
30991
49529
76705
14580
22246
82805
66806
33440
50424
74069
43518
92665
72753
84039
10744
38822
41526
16543
80322
27409
22082
52595
13373
50040
44460
22224
71130
50533
94693
14901
64868
13717
63963
89047
37151
79834
74714
74061
18070
67990
33773
66548
71858
60068
30454
5465
55086
62110
17556
14784
7939
62092
17590
49548
22334
30302
27832
151
81575
46238
67588
98172
22324
46922
19324
58217
75113
59535
90956
28482
98275
19100
16
88653
33924
90413
85960
50857
19227
34499
54644
77356
34979
84878
90108
66308
82519
17998
93878
61729
86672
71196
90881
96257
20814
44653
20672
46412
55682
71396
3359
86433
2735
93664
76212
38220
63837
75948
98759
41111
81663
6185
49585
64996
20715
72846
54758
94433
83677
16722
77921
55132
8231
96452
82053
89983
99889
99970
67008
17600
53438
79296
42692
69881
80569
12769
6489
42358
98345
97860
92802
76201
24062
28878
27093
16890
52505
57686
6879
35540
57135
64322
44333
95585
3960
30490
41360
7250
11284
52390
55593
55140
52808
72485
3944
2534
75542
77383
88384
27701
19527
75065
29572
71891
90495
61063
82088
42183
59114
77540
5042
21416
24459
63673
41910
9313
9436
60404
65683
57053
79676
19834
30616
5221
5541
45481
24502
9331
1608
65359
98869
86954
5632
91418
9985
70711
27744
33566
33101
54702
73116
72851
78548
60985
46969
94312
50235
8279
98491
6557
86532
81259
9955
19189
65863
66428
7526
47414
90651
34233
30358
99084
41894
52104
52133
39230
37874
32063
31359
30907
23016
78807
40176
39283
29351
16192
41973
92244
88838
92460
86518
89450
48865
98067
78688
74894
10475
83802
68322
4389
61351
54708
25673
25843
6657
71039
34831
7624
54370
59038
90670
38424
9900
61814
2722
42392
18027
82245
13597
54881
61994
37605
36124
54808
54096
18075
78156
4446
66181
60069
5084
7246
88737
48449
65433
91068
18392
80033
89686
56703
50305
20188
90161
72097
11865
79797
80031
85060
68412
40809
7112
6763
41602
94386
34198
63718
18822
67387
10329
20614
11384
85392
18854
72603
65659
13663
6642
75195
77188
30802
74087
68581
86766
57862
85829
22997
13623
61896
90581
3511
84830
36267
13864
17419
49754
4153
66039
84839
60067
23820
59759
57823
97394
9667
99488
42818
89853
66118
70566
37581
68165
89928
77256
99741
3345
39749
4264
48906
79228
19078
20469
37581
12872
83750
99469
70512
13526
39212
99758
69008
43697
38721
16031
10257
21364
79928
76107
64451
6618
12892
60078
69688
4414
79832
73066
98253
86208
72293
85888
11157
44756
51267
65505
51097
54421
39583
63114
53032
44095
19241
60831
52261
42348
42820
25358
95794
34681
64170
35131
22458
71445
68085
84845
85963
27981
47266
40085
39892
72219
92502
51037
53645
79877
88626
88096
24518
29603
79358
45043
84427
21056
85763
9751
63278
11596
19155
98436
78847
68165
10937
46394
54859
43823
22488
95595
50766
64364
69068
94624
41855
30165
25908
18297
52495
75640
97366
10671
61576
31454
59378
68854
99281
44226
28643
43098
85209
30816
66881
40273
10179
45552
30007
76817
31846
82021
94564
77953
74750
95009
51792
65762
46828
82044
32714
65041
14443
58103
52491
44571
74070
35470
40329
16664
56244
35947
1847
84536
14623
54991
46659
37680
20414
14275
16731
39918
54543
83437
2596
24138
43628
66221
60054
77389
42036
19995
76937
82390
70960
70388
21020
18335
15962
32832
31494
53372
71336
51309
31101
54639
27950
49730
36570
4052
43738
13580
20772
10038
38668
39690
19761
89733
69573
63577
44364
17076
29246
62633
51415
65726
11561
52147
85942
19299
89453
42668
74303
38001
91697
16232
88088
36824
95066
39261
8309
79511
81173
43843
90064
93721
84940
65667
57619
86412
78189
87137
21172
60688
48483
81753
12789
67780
54113
52128
76660
13353
75404
87326
56780
93900
71924
73764
677
99648
7724
74684
57282
98945
65585
67000
37509
73900
72656
46353
47562
36513
79611
88261
34388
35410
90736
50338
77960
86270
91965
21766
51340
23651
2673
36804
28293
2792
96310
17594
416
80330
22375
44377
48185
48531
39794
47028
23443
89865
45446
65570
11757
10793
51398
57115
97030
94860
51418
74157
12557
23296
64174
9041
70650
33983
46737
98034
31203
26118
6671
39354
96672
6870
84662
86233
83181
51908
76996
66270
41341
3395
95559
46545
47908
7620
90442
9946
86426
45647
82026
59299
99131
65751
34760
32334
30697
80521
97647
53373
95396
97660
4467
55024
45659
93979
82305
73832
69769
63741
75121
19680
16544
40020
38018
27688
31076
85999
96892
2198
696
41449
5148
8729
74643
5329
33419
24799
32518
8185
92109
40952
20195
42241
12444
99814
22651
39023
31247
8416
19388
7339
89429
26565
55854
7434
33680
44377
60854
15610
94277
58455
33271
26189
87987
43824
94329
94273
51073
44579
87552
74682
92779
34974
1697
22507
78243
26131
82761
59049
88098
46695
6656
3465
36204
24261
79877
8033
49687
86138
53832
81828
74156
61524
27248
5314
91110
72889
84898
4469
44788
16936
16654
75276
91954
38023
69324
37042
53460
74667
60579
39205
91575
49474
88352
81803
38605
63926
91022
36500
29024
76335
21383
66208
39779
78383
12675
92318
67807
9769
93553
38227
19038
18470
16679
99120
24427
12185
13318
28493
91141
38067
86726
18898
76597
4613
75972
89771
80191
30144
72994
69955
96648
5480
13989
40728
14314
18809
34385
66044
50903
34353
5259
91742
36432
81842
41240
86613
82217
89402
13598
48971
53079
30658
27239
83522
60001
52743
46883
66391
16572
79711
18916
62524
78162
73549
69968
43114
47153
82153
8952
51119
27664
78221
45595
86421
36321
7298
53600
79622
46114
36869
50615
49905
6592
53387
30254
10959
49780
60640
88139
5101
12849
18410
28578
23424
45922
84874
58284
93943
21664
24229
43167
43229
43897
46282
93089
31721
90568
63550
53732
63494
1147
86113
31537
78515
90076
85828
29079
86729
4667
39152
96349
2735
26141
8617
2974
45040
344
72202
64427
50387
55722
10245
18743
29162
82559
67212
26088
26717
33363
18507
82457
62181
10484
24440
32421
33965
8367
13026
54001
56830
43282
33438
48852
75643
31677
42358
60999
61235
15072
79712
71434
89556
52155
37044
63510
73065
54577
77535
8040
12447
74030
90523
89294
16585
52755
83500
2072
55055
56728
11545
93166
29009
73377
10167
46181
93854
81077
77137
93843
39246
31177
70217
39722
44343
35646
60040
21968
47918
11252
47763
23726
27832
16328
3401
19079
76012
50811
47864
94665
99289
369
71448
78002
56873
30743
94695
18713
45516
810
31637
65804
16312
45685
91597
23961
37717
60516
10798
48008
70029
11602
36287
73551
32776
78404
22204
30097
64012
58937
33168
29504
4265
7853
41634
53202
46728
83638
90393
53446
76509
37385
97166
40707
57251
4795
67549
85288
4769
15860
92559
93785
44837
56611
37197
92941
10828
57349
81293
90872
38156
63384
7644
29934
97949
66075
60016
70075
38944
99903
72054
75161
2508
21561
30298
87599
61882
78292
23487
16347
51441
33051
14307
31685
48177
55531
7049
81043
21829
56108
78576
81571
12452
24673
98578
57661
47783
90251
62652
73696
93439
24456
27553
60946
38382
55196
52264
58457
7327
31
77228
8802
6923
97691
43192
13913
50505
26231
39890
94226
23400
88173
62853
62070
22055
32869
4914
47494
54482
29253
60104
93534
98297
65160
31901
50546
87949
52
6130
57120
84902
50219
40130
91201
17082
19989
27307
65247
97711
59786
45231
22509
15590
67259
38094
77261
10227
13835
83512
72218
93170
99758
97199
37930
37284
50044
43667
60095
4380
74045
47025
48729
70297
46555
79361
71461
81657
43267
5244
92244
71958
29933
67733
35609
83344
69563
57758
18661
17186
243
85096
40468
82077
17211
69200
33729
57940
38456
20312
57456
59829
93000
88692
59455
13426
96692
47098
47038
57474
36386
42082
31843
39719
45359
7737
70557
65049
15245
82308
8763
81653
95675
6378
59435
6101
35032
78251
15690
93778
63096
18402
21161
15853
57767
9309
11211
55957
6813
84394
49979
39888
7125
62476
67802
44002
54251
51641
69558
77983
2829
47566
41570
43802
27796
77070
38138
23726
8082
16025
7047
58960
15454
42108
41114
47174
94437
73157
69027
15419
51684
9082
54989
71925
17500
78120
69813
94523
56501
13136
70791
99979
64313
22465
40246
11762
46878
61950
91772
46017
82109
27223
37266
22126
90709
95287
2987
16829
86390
38525
71167
99543
79866
29720
57331
98814
19050
56691
32567
27289
9100
79138
7181
65870
58938
13732
37158
33535
7668
18210
64642
36061
53794
33795
5312
92221
10830
2302
79022
30163
16329
29528
54835
67743
22342
75452
79241
95723
85186
62457
30987
23648
31800
53984
72468
98882
73185
11452
70399
2996
68162
6275
99956
96348
924
71758
65648
2178
75327
86043
1128
31722
42617
27687
61952
20788
81512
3494
75430
51890
77983
74201
44990
97162
15272
30590
39727
33715
51389
23787
76489
97779
31052
40019
30332
381
12690
29692
76287
77745
36036
20767
18560
11298
23036
97622
21481
68970
84263
17827
11097
61294
67248
56817
4625
40700
20671
4500
4453
68260
4645
98158
73580
47360
13092
30757
32873
82366
43343
73221
8106
52914
28595
59585
16793
61357
83989
23961
31403
80223
33834
70097
68295
51516
22512
2007
798
51403
80390
9654
56594
53630
42592
61112
94863
15381
74560
13063
73483
19759
27792
43293
74520
43010
20691
73371
9047
80699
38730
28266
86706
38760
39064
51222
30987
13233
17226
17845
19918
26738
87871
43378
7616
47120
52452
87512
19691
99841
47349
22564
68820
84675
79406
39293
19037
34884
97674
8654
6606
20720
87375
6826
49602
97393
15815
8045
56615
53723
13029
22737
97269
6202
8724
317
85333
45581
62616
18272
42869
62750
77029
54233
20130
72366
36275
32887
91234
64120
1411
4360
66722
11531
52555
75066
82651
21661
54796
71455
86724
91279
78402
11101
18275
54214
21288
12282
91111
1458
64305
99356
24685
40159
39754
5599
61667
5973
75018
80088
26142
3576
59451
77107
55569
1700
18504
28337
42035
42918
25676
1742
70231
16676
43399
33300
5945
35549
56625
27617
39374
24114
6747
67237
41014
84748
71398
12838
20347
2769
17308
5272
43050
15883
7237
60352
30342
4558
78977
20488
54030
66269
50598
6163
30720
50506
42280
53707
62515
64076
8809
4654
66398
9935
16474
67327
90270
41601
66844
99496
84216
76212
54007
86170
23910
24622
13915
10810
35063
68328
29348
52712
29346
17344
89771
16662
89303
53808
53605
10970
52192
9617
57011
12700
94748
60400
22050
83042
88769
71516
58415
49576
21854
85401
1907
37113
69093
65372
91659
52489
91404
16450
73187
56392
83363
16115
23285
43664
81766
58520
88150
1692
7611
94702
6181
74534
24634
7316
57319
9073
20585
4910
18220
54723
96364
2010
93399
23280
3191
50766
75884
26438
87031
5263
56440
95685
94607
26359
83424
8036
76440
1279
54802
65891
49521
57501
45352
10820
17521
3196
39027
43083
54469
9469
98210
78508
554
4577
91192
80210
29305
81670
92538
2732
42903
79672
30772
91432
76815
72477
33934
79513
85749
23670
46401
32284
50467
75208
59183
1071
32895
20940
8358
8660
86527
94597
78262
96099
36903
27185
75611
22379
58836
63179
87551
24020
17677
94718
26498
31240
72094
9354
24991
82302
2131
40471
72818
33221
68607
67184
93626
59144
70389
6589
53948
71430
24317
99112
3942
79395
87637
58959
63428
29168
60181
27786
36141
88772
46693
91417
67881
19179
89696
76807
28398
3459
27472
11934
28726
46316
45972
10017
21293
65013
75816
42317
20091
87117
32611
70974
93718
9301
36199
19771
21117
49051
26981
99678
31302
93707
89393
95014
59847
19207
44325
66538
26939
85010
12602
22463
14998
14464
87283
800
29305
4726
29268
10527
32707
23495
14587
33354
28824
30952
56846
81478
24278
16171
27839
62857
11659
46915
38526
98193
32168
30089
33273
19332
72160
24775
42449
54905
67543
11766
67483
27544
62636
86975
96719
37176
33444
85228
15363
87026
36213
10434
76700
86299
77192
54620
35073
78447
79304
5949
6481
68466
74175
68186
80601
41506
28915
55481
52717
64692
70398
25154
31809
1057
46899
84941
69752
3892
35808
17973
82126
98312
47651
9046
30536
84286
29412
4912
56282
52150
47569
18173
77213
89970
55903
29447
433
87324
99549
98296
22609
11952
57337
31769
98313
60765
1500
91099
2164
35966
86383
7882
10131
84540
6178
17878
23261
1415
39450
10968
70349
76099
89606
69441
39769
46415
32111
7533
8329
57184
88365
59432
56583
91802
18324
60686
23974
65787
99712
70060
56167
89016
74730
35218
64359
86592
19037
44539
24137
64300
44152
65065
70229
93359
19250
68126
8161
48528
68034
51956
72379
16348
29321
66917
38367
21564
80018
88193
44126
38007
31322
10275
73487
73466
36858
11885
37662
53242
50296
63177
9574
53972
438
15264
5944
21762
87797
62279
31934
56672
20420
28274
58674
94045
44943
19562
24952
68614
44848
5069
28626
98
28679
99803
61247
43571
42329
84124
81685
59867
20200
2040
72469
38216
13545
70917
5372
62870
58626
53487
33562
84060
42321
23363
47891
2054
84588
5118
26613
58761
53241
51551
97011
8974
80228
63568
7809
81136
57455
83731
29243
94351
38622
40595
29060
55035
47104
47613
24256
58277
21856
73269
17852
95620
8738
53010
54756
84623
90071
43164
67511
44010
52990
20253
96603
40732
192
29273
42843
83508
61092
30503
98378
95316
23399
30702
91671
22596
32841
76478
20474
69367
80736
68107
21132
95454
39120
57106
4879
97530
86073
20847
64976
71275
95042
53293
70112
8900
14275
25718
83207
16806
19428
59411
5557
66943
48296
83222
43986
67997
71134
29063
58332
99009
95425
24131
92712
80438
76389
76722
47672
91105
83079
29711
46154
70509
47844
11776
72908
78089
30139
36246
82138
11079
8956
333
94892
27136
8768
54756
49321
24137
95933
88578
21686
18688
98392
4352
79087
66658
25052
16840
49615
21120
25698
45743
67207
36844
15257
58774
93442
29133
46077
5395
79810
11825
51794
82920
26243
5283
46240
459
33290
46537
84631
14707
4769
89304
83467
2272
66284
86556
60863
2829
43531
22618
84716
60880
26743
27160
1442
21475
18673
71485
47612
10042
45744
81961
36805
62560
3843
4115
982
26485
41776
26198
94721
6908
20642
11298
1510
46838
20994
69175
19899
38767
28577
64858
85407
48364
33618
15577
33371
25047
93171
98032
54496
67025
37704
11623
45797
93310
48868
46210
30367
32058
55634
93744
94832
49818
96264
71940
77803
52354
37204
60560
61193
80399
8688
66907
4136
50366
97317
66611
1206
80729
32547
45415
57458
97562
83330
52123
63551
66368
73355
51815
27761
72082
80565
28291
39410
88739
57489
8059
30486
10370
57394
53566
87065
31764
33920
73801
97239
21027
9240
9871
34271
20625
97292
4071
25242
49004
42988
58970
43490
47228
12718
6799
54710
34138
86780
20755
46584
69549
86281
16194
97944
95102
88664
7527
12390
91399
49664
76621
41018
32248
22757
11706
35139
13420
15135
68648
21908
34676
9473
21882
79051
80189
1135
13264
4261
63797
57451
65832
33413
85166
22355
74031
47469
87687
89728
68584
89289
54971
99876
44587
53304
40301
81911
17164
3680
37055
77273
64263
14006
27182
98985
30413
57045
65399
72359
45189
81237
80781
42137
76930
67680
20974
38687
24224
55120
87357
44453
68498
75070
24812
46557
58615
10720
70678
30268
8505
45988
72616
61232
68587
18553
39691
4090
46469
8392
36466
81489
66500
77973
25253
35967
13585
94672
18045
91499
33440
19286
28641
19561
82807
24981
9983
69032
73322
24847
30388
36423
74560
58730
35247
58822
11364
7337
19698
2767
49222
7046
85438
76727
91701
2796
91488
6491
53599
69096
93842
76381
78164
97509
77747
39563
43040
23728
56393
17380
77810
44319
400
85349
4375
99977
44087
27268
70860
46190
94151
82813
46374
81713
43886
27972
96810
93769
71435
43801
17921
99470
27504
61317
72458
73762
40687
90152
6469
55393
40268
22651
89262
7578
30130
75235
1882
65560
36074
2112
53222
21525
37349
31438
57011
49088
94723
8573
48329
44732
71410
64401
92407
69123
77024
53910
99686
39271
34298
79634
17244
36314
52954
68745
8159
71756
6830
8780
63725
93440
50312
97476
90753
44881
88581
12854
37785
35367
52255
65925
36863
6809
30339
46293
56771
76942
88262
59609
21172
80313
25442
44446
63230
64831
20972
23350
71226
9812
65622
99085
5162
48378
6521
44390
73066
43131
93209
56512
69225
94148
27398
76581
92122
14204
53339
61536
17687
22780
45638
7876
60453
19144
62853
27967
89637
17685
75300
13075
36091
15628
57562
71334
63656
89976
65674
52109
30933
76998
34363
29204
25378
67425
78156
86971
88511
88650
56350
96460
87256
89674
5197
99588
32752
15744
40991
77870
5613
24646
12458
51548
11571
44741
14393
93353
53898
52720
42270
27566
68656
34393
9467
85983
18839
49387
18744
77775
92033
81522
9109
31249
88298
9061
4905
26555
78686
80502
52543
47587
32593
40320
62286
31923
69178
18415
84447
15268
88058
98671
5991
20279
19179
84349
1100
84401
45338
18330
78702
7602
1870
47658
36387
16298
29754
76656
70488
95645
21509
73601
13965
64240
19078
29876
81498
11676
50175
57858
36067
26459
20882
55578
2098
88437
87729
94239
58999
6116
75068
95077
47256
75074
37065
24077
17007
39394
74845
49607
62692
35883
43258
14634
97029
33901
12608
48244
30056
14529
70914
23099
34414
54032
10427
98682
81786
17391
63285
52994
30434
73218
14285
14301
43412
65730
99762
766
45256
88549
21719
7595
73959
10056
35892
33079
85422
98072
48108
10588
76408
27753
85091
77812
88859
67724
33299
72907
45676
85014
29351
89383
11445
18732
70739
8858
99510
76392
93647
10960
7113
46111
88628
58125
61630
91328
57869
43634
44906
37644
46847
49836
90463
51991
2636
67150
28832
78429
90135
29275
32084
51001
29535
95843
95972
52831
98031
92735
47837
46207
17685
14430
62011
39889
63988
85632
62417
16626
11871
61950
68627
1698
43375
33561
492
5943
70622
85877
74189
81730
33973
52954
97016
21520
83935
40513
34347
20204
42009
51024
96836
4204
15702
54414
27923
61487
99128
75228
54580
75175
25182
35568
24696
72151
68299
83106
62418
60783
98904
89592
80282
68938
66332
62700
65863
3419
378
60416
47098
72521
86494
11465
9529
89116
82772
29853
60104
22924
31566
27850
48185
7993
72228
62011
84658
30483
80817
78825
70532
16395
56733
28152
15849
61439
42060
37190
30426
2798
11572
2613
34903
32654
31925
88225
91400
89943
71994
63501
47537
18542
84708
66615
37123
44557
49601
13217
23282
80051
82768
39905
33539
58656
77342
5124
42768
69857
34854
75879
15886
31843
94850
38482
71719
18992
11005
89071
605
37363
52803
49533
58366
71474
93597
65449
20180
79361
38710
46790
26894
62483
7955
21869
72729
15021
60827
21523
17370
87991
51553
17305
83347
31525
85826
51172
21110
53773
29941
60928
23733
59249
22416
33399
28809
62556
36394
85136
76661
47420
13726
9862
1022
93789
28172
81614
16471
42928
92378
93284
86574
27473
43017
75185
1522
60201
39042
88107
37204
90148
32027
36183
98214
91291
27859
19311
93774
79549
72140
74277
24109
70760
16703
77405
55395
68473
98722
75036
23947
30860
8772
57776
72293
77226
65197
35384
3106
68224
51173
6852
48077
83262
49059
60244
15822
30280
39524
34588
92527
29846
61217
96829
90127
50064
9668
30559
24934
32549
73587
86985
82323
7254
60333
71835
49604
94263
27924
52949
78737
77626
17481
40119
44161
94153
4074
95703
75497
91534
54535
1679
5735
10264
83746
97045
93029
56927
24646
54957
68685
52472
16078
6386
6952
54109
33788
23348
70090
50432
46903
83101
12182
16503
21641
63367
83632
30746
79305
62779
17727
60334
37029
48876
63499
81554
93681
43123
49150
8015
12597
81646
70541
43620
39784
23004
88856
3555
94947
81324
93423
70225
86997
42609
99575
41117
5725
88505
21843
64304
51938
17251
19386
50251
2716
73512
79992
44290
80756
70433
73987
25048
56035
5866
48649
43717
78829
63840
65570
14367
84854
40643
90542
80038
70881
10921
31457
83877
34983
62856
2056
64897
58495
24155
3238
956
86595
21883
25238
40890
38876
64371
64204
86123
67977
13800
18048
98374
17609
42462
14513
47211
85861
65834
84960
27288
60016
42478
85791
31780
66719
68603
77751
4805
35786
96759
79801
96829
92871
57472
98101
34475
66337
15081
72242
99944
25169
86731
13771
94603
26953
77532
74267
99785
4872
81249
79927
8323
90184
91265
72657
71352
53397
99677
55477
5493
18782
51963
1452
86525
8503
27816
45730
77936
74439
15124
46522
61598
86449
58685
32504
40046
6252
85848
48931
49008
9072
65889
43063
18969
94513
11492
4133
42181
44685
84013
73066
46051
35575
51610
25323
74897
98078
10455
19838
72915
71735
92940
61162
4549
53049
42912
82133
73645
30202
80506
58533
77266
66048
31288
52597
80824
11456
32408
53237
58671
47822
11028
33020
76120
60421
86158
27761
52881
38255
29536
50833
99963
59244
84521
65530
67112
8526
61277
13088
22667
7419
34468
1422
49019
15429
76271
27892
52465
46933
71972
11721
41637
65063
73357
11618
3919
39219
26037
43064
83070
72512
69636
98008
61971
98785
95109
10821
94949
44897
22950
13705
2579
5955
98509
97730
33361
73747
96267
28684
74513
47920
80028
25642
49700
98718
7634
95197
32852
93332
4195
38256
4906
65193
83878
34096
7451
51612
19385
13073
37847
60630
6442
54694
23976
5289
50341
29621
88898
99423
45790
64417
44036
21624
95015
82365
79983
90074
88331
74310
14513
14208
38988
4625
51008
95151
24205
66233
166
69581
92057
33385
63672
17287
99324
71549
63827
33156
45886
11861
82116
59557
79611
34444
87529
31180
60492
80658
67398
6761
87225
65664
34791
13927
63470
22356
91732
11386
29973
52790
27562
61781
98693
41769
13797
99773
93350
26018
39266
20978
3501
86417
30484
90855
76224
95425
55188
11857
25649
50112
55505
70726
12012
95881
69770
20260
72996
78093
13582
11122
99427
17477
63147
3798
3598
99712
32725
71531
61644
17264
94966
8195
3622
13957
76735
80873
47665
4339
61003
37284
52800
2522
93868
62848
57319
41757
97798
29931
35632
81931
6141
66948
51438
41371
72091
88661
66576
95776
72675
93088
46331
43866
1400
27579
96814
79032
21781
96487
37764
38979
77761
78769
2471
9889
24937
81411
32545
44799
85305
59536
17985
14020
44242
81191
2085
63508
95485
78651
7760
59086
80120
64456
45764
80426
4428
11025
60959
4045
19869
12817
71688
68979
66130
89892
80811
26624
83086
83334
64955
45630
23146
83084
78069
43940
43182
27398
41726
57169
98543
37329
16434
73287
64394
67280
92160
56759
58819
97729
54034
57403
79650
3621
4448
16390
40287
28400
97207
72907
37391
87836
40135
51882
71097
34499
1980
7621
68731
9799
73983
25613
90056
6670
70078
61058
8499
81158
93874
56040
99488
3345
51139
34503
70983
83502
72828
3297
41556
17219
1636
17901
84594
59624
63071
29447
30631
11522
30301
9251
82471
92347
1255
26908
86544
64623
57985
58113
25021
34398
51275
22611
42571
23328
8840
33511
11804
69338
27499
58214
89601
41019
90684
44301
56692
58905
89213
46465
93811
53259
88363
24105
74323
86143
70141
62026
21349
98891
91953
462
58826
68688
63487
32213
22171
41238
26718
10399
20710
33437
47394
16897
58540
73438
49052
12329
41526
72837
91983
89771
82933
11272
10202
49538
31296
54079
52956
41856
70564
10181
34284
41563
30361
56599
83201
68248
30035
52025
9872
87234
46546
87177
78584
97277
86950
60212
16248
34478
83186
3563
44960
99795
70239
37735
30592
86730
17816
8256
56731
9151
94752
71421
70695
58689
97923
66805
5277
54953
30785
42445
99446
71936
46452
19782
95195
8061
41433
70164
77940
97961
80947
55078
97380
1733
67648
4397
40830
91631
14998
52684
14005
70031
9803
74760
52662
53705
5824
88989
72406
25661
49601
17913
88297
47149
16806
59409
27668
52112
48039
78237
56747
38597
54978
45662
23679
96572
69915
35713
26890
69479
27722
687
59065
39882
96523
80501
85020
84181
68913
72819
78173
76774
42780
56892
21026
25110
96157
54036
45779
87070
64459
30797
81627
80461
64818
61981
15810
58122
4785
17065
38795
84676
68658
60682
39461
33205
23552
49422
67014
25977
95382
34461
59633
65416
82733
42347
54560
68819
34618
38200
91516
16128
71908
43354
88118
388
79982
57789
16915
63461
90590
64900
63501
43644
75574
92973
78270
67956
96916
54564
14580
81325
18307
91310
10039
93246
85883
95537
85969
62061
94205
71422
2880
96567
33909
24308
88064
39162
51032
73523
49185
26960
61174
6950
62193
93127
96758
4807
9432
52971
62966
14276
65864
15728
82489
46166
58548
81487
52013
60960
90685
94678
44073
73831
15604
25336
35693
38883
85348
79893
23186
10270
20823
9943
71100
68048
19461
57921
43911
53415
99574
66120
25718
16876
58405
82133
33386
90695
79903
46928
19211
6625
54262
90175
68315
81417
87737
13727
30676
78941
20644
1935
43131
34057
72808
35948
98425
59984
32485
79285
31250
62436
50500
99422
65576
75325
84480
69537
48738
19739
83047
69747
64955
89357
67110
18536
59656
99205
25721
4846
92606
51754
98795
60450
68948
97671
4542
23174
29546
65241
52492
83858
18507
24724
25700
66147
61323
10930
23039
34929
86804
15226
28852
59427
95578
1376
41697
39618
94181
315
61516
39381
72348
28999
20654
14696
30996
1862
61355
56829
53761
6685
71588
60221
27195
89891
85617
48244
34324
8764
57604
45175
70369
90190
68877
46979
38564
7454
86272
99423
51449
40799
13747
30244
3905
12536
41255
53779
83064
96962
43653
21267
50660
58361
26695
91428
17318
37515
2166
27330
75648
53734
81383
66064
42242
27338
62925
59845
2173
97846
80416
34650
95698
35449
39075
96641
86564
91254
2101
92096
45983
69996
73347
18922
58427
52717
54539
80914
24487
70692
53276
7632
23582
41971
84871
32478
99181
77445
10523
23788
79616
14123
11493
35197
94286
82684
33083
84356
83754
79670
60377
62685
35109
11225
36828
33438
48216
9779
49892
96520
53880
59367
78882
18519
19353
71183
63625
41076
11581
93946
99186
75684
87422
79979
6714
18408
97794
2396
23390
1593
69740
20589
39601
17614
36716
8992
46999
71133
8620
12942
71452
97110
30763
77090
48861
89455
3143
47689
81285
8789
2962
61478
47713
87491
76608
96726
94067
71452
4991
21400
14951
99181
39867
83407
40103
73672
60203
69948
57782
30899
39638
86422
27756
40143
35351
81825
28129
11721
8723
58472
31230
38144
73695
25491
94969
18825
65673
20011
22732
55133
65103
48208
24858
67620
1506
17993
87117
11701
4281
30425
74343
68161
51377
7640
48609
29746
97696
48113
85883
41215
22436
37853
15827
48956
83768
60203
522
56311
16713
63691
47679
53472
49630
35861
73374
47136
65424
70714
14412
73900
7900
88920
72067
91480
29443
34501
33280
41335
14842
43257
76540
72464
6136
38851
64886
62710
55898
76422
26121
52965
79654
6371
57045
26660
41492
62283
18801
53634
97084
93946
91543
55268
82071
99032
22477
9686
14568
20771
59323
60050
5873
67602
96427
76899
8319
68705
57021
60413
55835
47298
26286
77026
84108
58616
61927
49907
94467
80173
88626
35052
94580
22331
20094
39833
95494
91638
43504
53969
42477
59359
50861
7037
39684
33445
28128
74033
34441
36067
92625
93399
25184
44945
14241
51253
68946
37513
54129
20719
36919
89479
46364
9973
44652
75978
7122
52292
39694
35486
5074
4106
15505
91956
14359
26475
49265
95408
71232
47110
97587
95213
15842
48975
62136
29798
64237
66068
29001
58949
94827
29616
23605
10933
7873
72028
36580
50658
91156
97453
70126
87151
79739
44890
5139
24678
12842
95172
11246
97394
57302
38112
89477
54166
97758
75530
2144
89636
39390
4390
9570
77756
28931
43988
97884
23879
58499
71753
89296
30190
11357
90214
88698
57574
21450
86777
20604
40114
35307
66297
52713
28882
90393
74501
81708
30700
58354
11109
89190
12356
13938
50857
75940
94940
84820
72793
20547
1816
21318
54367
30204
83230
69984
29227
22394
38613
97477
89101
50652
77403
42781
19781
45683
67838
6344
27768
68949
12336
13225
85346
74087
57418
24776
93923
73457
65286
65558
12165
76271
50148
74262
47993
18258
62083
15901
76849
20589
37937
78711
86424
40098
45246
90487
40325
44353
79638
75892
24924
82833
85008
76912
15554
16349
16814
88021
62290
59203
75524
44138
81095
16787
63906
49466
61180
97556
86818
45368
70956
23829
71416
42177
50626
98229
80630
76239
57147
31756
2166
28237
94098
88279
16139
19591
49738
10560
8414
15417
94475
74774
15237
24728
94080
95028
19271
39886
68787
28734
88369
57851
14631
60118
64553
85830
47002
45702
91493
25195
62046
36683
29330
2108
84337
70236
75647
60093
8161
39827
94240
86217
78237
10324
97174
89869
62871
10165
48141
13899
14126
91045
82349
95058
25132
61543
63844
56555
44550
24411
24223
56157
37069
23519
85271
41790
14542
18545
92780
83238
22711
20178
49317
19070
56234
80562
64716
13536
65275
6876
74413
79782
70386
28779
174
65382
92396
9127
25037
19105
5175
81915
13609
302
8511
4321
6748
85118
47781
13554
14382
80002
6808
12338
18542
6471
47623
87605
74872
83108
50821
35273
78451
86472
75490
22506
69762
33813
61449
70238
35474
27253
63344
76618
42232
80402
48118
93311
36156
53786
25647
79658
14023
32136
84400
81333
77027
59258
47254
17437
81067
25667
7946
13460
97853
15276
39401
88215
96284
46830
15584
76790
37692
61046
94003
45003
97930
94562
94585
40554
84922
94091
41153
75794
26254
29254
90837
45516
30357
78018
57153
23709
56600
88085
47418
56074
22158
65396
25599
88410
15654
30476
52697
16466
1449
72037
38202
37126
89405
46854
51877
48792
65743
62899
95039
10207
48703
14978
34367
14577
85447
99772
31742
45622
82453
95415
9142
2634
96256
41931
38524
63020
66003
98385
40297
93495
81189
1670
58545
65297
6417
98731
15406
43171
39814
79837
38091
53502
49233
21750
59037
25810
55129
96768
19874
34102
20836
74604
39004
35798
13685
28791
79933
31303
30912
21131
69913
62902
41700
71707
38644
80374
12068
3533
95695
73714
95752
29894
37489
12530
48261
24764
86790
64835
18954
26300
86868
42900
14552
39502
26042
79021
32442
31171
92721
78733
63471
37651
23506
19982
54598
27729
30830
22891
77456
77281
694
49488
28691
95544
9153
6523
99084
33254
9325
12512
986
19404
53586
48725
20485
104
6473
1769
95144
92009
34702
30297
97610
39892
9133
5934
58894
87222
45893
12067
67620
74625
91741
30715
55583
19624
11784
36283
4400
96551
11595
18321
78006
23992
92805
89123
13048
35117
90612
53276
37266
58636
63345
73036
88605
35244
97445
79543
65148
58112
62149
15334
1716
16215
1346
51330
10693
51929
81553
80452
97315
40757
45760
6755
69617
68504
30911
33853
74697
13315
91200
36416
72437
97518
75622
44155
95175
24019
12647
1318
5686
50557
7703
59052
25659
81717
51245
71139
58210
82569
4545
8486
43010
49598
85542
33449
37953
40553
4435
76948
80368
44113
81383
12397
73823
91512
74039
21299
80768
69556
48361
4566
40878
51699
13999
36607
9875
36102
84466
24431
55343
52490
27736
55245
72344
26661
42202
27473
6625
29773
32001
94335
50394
49782
72409
90326
64644
4487
71783
74349
97608
69748
66571
95869
76857
62612
42301
44800
64435
71627
11991
74262
85166
69911
9553
36657
80357
53043
87047
711
90074
59085
64981
41188
1592
78884
99573
98131
36729
66263
58413
82849
39057
65498
6125
33497
53609
81415
60845
72547
51684
72712
68396
17486
23897
33692
56726
78576
72188
37686
83329
87095
40292
5271
62935
89800
94582
99278
90712
47594
88753
28292
41311
72293
57188
28675
24243
22978
49008
92457
48813
61219
17193
83867
81284
52434
58943
14840
3171
20512
62412
60129
87898
28448
69010
46809
73118
81649
49929
9545
46731
23181
14380
93312
40669
5744
75340
77722
22724
25429
10782
81105
37454
64931
60201
80019
48206
41731
91254
76275
55280
20471
2207
47196
74899
10120
18724
68990
88331
25456
7839
68675
15191
30584
4637
58776
86429
11165
61624
97680
58710
60901
17237
59211
60393
87758
25706
56020
43316
24863
73323
78369
32306
39903
35615
62329
66517
29841
53075
23878
57831
63298
33124
29518
11309
29776
50426
53881
51014
49565
80187
74186
98363
81844
19486
50636
8091
55101
15862
80263
16644
80512
3500
36679
85346
36340
93602
28661
8499
63046
49840
68638
3666
73046
24109
85013
63606
65019
45634
42444
23657
47958
62070
54719
54888
31542
43033
49139
5264
4842
83175
46550
52146
12568
85031
13177
95674
54005
22550
29982
75413
3470
69327
80955
64521
72503
51849
83393
52787
40766
45517
81520
39252
74882
15453
46300
20595
11230
88257
77931
69699
45361
36511
98440
27151
32729
98315
1905
98695
21185
17090
2959
56227
67374
82014
89627
67888
57871
83087
63002
55184
73760
42924
25352
63258
41047
84275
40224
82080
6259
50467
94647
45859
39661
23687
59320
92568
76864
96931
64905
83296
83447
55055
87897
15382
9020
77944
54060
99899
3735
72082
5921
81997
41870
48547
79359
11749
38195
63144
4021
13926
60876
91136
73345
11876
63947
36377
20528
44083
24890
76081
59468
20900
65405
85220
52120
38197
19149
2183
81120
13045
26660
12064
32410
25822
68965
24962
38740
44907
41529
39632
87131
22184
28689
39590
37770
82542
25610
24838
86855
19298
99272
90254
98500
49349
41658
41771
24168
21312
11620
17354
31274
75133
99046
55261
34828
96843
24511
28162
15895
3856
60700
87296
82615
8187
46942
30264
80446
94661
73787
800
23560
23366
13045
66430
79856
17143
78493
6711
42499
62678
60165
33186
92607
6159
18889
45993
20478
61905
80488
94144
36381
29970
9026
27268
1176
39267
43594
40558
70627
97875
54561
98153
14105
74934
79440
11826
91556
85629
29739
22983
43398
91951
18932
90753
47020
78119
17788
9379
95939
16879
26684
88847
83062
71207
73362
71210
9937
38838
61495
28255
77073
70224
97957
96857
32967
89518
21909
66652
894
12829
31010
83054
91830
7394
67644
10535
9497
45425
69823
69028
85824
28397
30274
45957
27157
81983
45120
22183
78490
91014
43964
97123
76283
43258
4041
6119
93545
44566
96483
11488
25164
44842
14695
96969
95481
11612
6355
62674
58905
83343
35258
82666
91737
36191
13030
90135
60116
23515
63472
17330
59543
45731
18928
91723
18155
79173
89545
81213
86002
87869
79199
31120
69158
52617
82936
33021
66810
27550
47078
33231
1054
10076
57066
64899
33565
97489
31556
35654
38768
6326
83475
98581
17422
26794
4367
5503
36837
6448
50826
4217
31754
87224
93956
96696
33440
26863
78411
53075
15541
66638
72643
90840
81674
6355
33251
82890
2539
35247
75336
88945
30855
48279
13688
43733
84120
45809
77988
57233
80483
72811
61348
65672
43315
4579
9987
63082
85887
11176
47862
38959
34289
27775
29144
81976
14472
29580
19031
26238
63762
80026
9445
42090
972
83130
62573
96631
15688
96509
52805
70922
39333
84743
67578
20702
97299
77457
28458
6771
51839
5468
56267
34839
2421
95847
21802
95255
77716
86876
64716
37986
98386
71594
93495
76147
23541
67376
81918
33358
78568
37532
19427
73461
31150
85635
56457
3925
47692
28308
89938
7896
18882
46480
34296
15704
85071
9966
96931
82357
72859
52128
79528
19272
1265
97676
68887
65623
92064
90278
49977
92564
1342
86783
41578
88705
77583
43114
81873
42638
80339
83857
28390
91635
54179
87621
73315
11910
32220
54932
2603
42849
20850
1570
26066
86716
96594
3382
46695
73141
63243
66409
55354
50488
33118
78901
89265
49788
17770
59193
60838
46238
77365
56941
43772
36747
11814
35953
86595
40874
75251
71775
57463
38146
81757
94191
32985
37224
81922
90389
76210
18088
42178
44747
68345
13824
29728
25350
36861
38509
36379
85237
9532
36117
15901
68222
72870
15232
86120
91798
21768
65701
92821
44823
84202
49481
61415
42382
94470
58887
47986
12752
52934
87321
71863
64754
60811
15387
33425
62596
39324
55456
55944
19726
92786
20773
33423
72450
83147
13251
11329
69656
33661
89643
56777
88192
92417
37028
14463
96485
84382
71862
60808
38495
71400
20697
75339
5073
71791
84075
17453
65567
50214
5401
78273
9927
40908
62808
78985
83734
20990
13555
70931
22954
96093
30562
35557
13229
633
15481
55297
8414
24420
80897
56743
1474
68557
9342
10971
40947
62620
74511
34540
3264
92873
56495
68829
84661
77752
28314
38412
78631
74268
22231
61194
81147
1216
96506
20424
24153
89404
87261
99924
63190
2293
9311
24436
46880
28210
46568
14568
47503
61658
42264
56409
31944
5303
51273
54010
45858
20962
84074
85151
22657
69236
13068
97052
95322
76382
97620
49157
41818
22931
64219
54160
70291
69360
39982
37451
98016
90172
2005
8045
62400
84345
21116
74950
2455
78396
55628
20360
13843
44419
9083
59440
22529
20558
16314
35785
69859
57785
10262
69534
90684
44434
30726
45790
82540
14437
54617
27912
26217
91854
42053
31881
19172
35057
9617
25151
8414
35812
44784
99369
2277
46918
98911
92209
59743
69464
91564
37742
97930
98287
36498
75059
465
39481
82881
89232
87040
97228
20379
14335
30011
43574
96440
71319
55634
68978
73105
34797
83973
94908
76505
64952
93732
32413
82042
99124
44191
61987
80355
91074
14065
5790
11206
99367
98621
95414
31731
26577
674
23134
91543
29219
98814
17208
35268
12685
95854
75901
68181
24579
5713
75035
52292
72453
53870
68334
90064
46970
71975
35063
70036
93061
83475
94176
75571
97295
55996
85465
47999
2157
88008
81081
56631
16999
71873
29820
820
5457
93839
27000
7803
78188
27643
24326
5883
34387
739
95695
98685
91152
41405
19739
60636
75182
67687
37708
2180
31217
31358
84444
50236
47169
56978
65210
4796
30728
29738
20221
34256
45385
49425
99223
4397
61052
20730
48038
50973
63923
75722
67741
20304
13063
64187
66561
52189
28376
17235
30195
55792
68589
61069
62657
74036
5168
87800
34542
17885
94199
4829
27827
7530
15510
69548
35169
11779
29125
6865
29374
98641
64852
22945
35129
41047
35816
91961
4165
77927
34227
71419
3303
64603
86035
73955
44725
12589
5794
87165
21945
94634
39741
58058
14140
59323
8862
34738
48973
30898
73043
84910
71391
73303
90976
86942
40098
57261
59932
30193
74875
64258
56856
1272
95030
53964
8991
61869
67013
6935
77961
81448
29005
95944
97009
78231
964
17528
28724
19025
79010
86391
94431
40405
7137
89743
8543
21729
72237
81586
53206
44933
10230
85532
21068
25502
57573
58213
62509
4534
47197
73866
85488
68168
58774
8251
49454
96638
40459
88200
89530
23650
69147
22747
74997
31876
8913
66283
836
58379
63435
48600
46118
39342
14692
70436
8847
69325
16113
82041
74858
65584
42841
55920
70263
25015
82101
35016
48791
12987
764
38278
22684
67674
36811
18460
93281
8329
46013
54327
47541
36916
23431
37453
26453
55864
18200
13701
85378
69764
99069
36572
18111
81272
47495
68393
45061
63920
2333
9202
90177
93671
60615
8946
25351
24027
1139
76553
76011
20296
37052
14589
40761
87669
39388
18465
55069
55528
71510
41854
86787
10689
68410
46084
75427
34980
62049
24877
53821
59019
10196
2760
20940
45126
37574
23808
7932
87455
31493
891
38681
96389
54295
99578
34379
25431
88630
6746
60877
66304
78198
25052
74819
5118
44086
82827
9898
33196
54302
45722
44060
87879
1531
70738
63425
6487
8169
72945
69784
75172
70850
15823
66848
52926
57241
56479
83898
44853
70296
87254
52205
65813
72014
75867
74397
70986
1919
11075
61915
13334
57909
14544
71891
87148
24220
19670
87837
10456
83149
6689
46714
12854
99892
1756
39902
12519
99349
87355
81506
59162
97246
28014
53577
75939
50323
16208
97588
20924
72872
61925
73780
4669
12194
31435
80919
14711
51368
16419
2853
22284
48613
94017
2115
71498
88986
74182
94676
77086
38013
15652
75586
95503
92871
2237
50085
51572
71084
14743
86607
95478
25980
93820
15498
4178
70131
51740
34553
35228
33078
41959
86854
70572
66197
11400
10485
78604
21645
85227
70115
69748
93514
56335
91612
16493
54410
64815
19619
78841
58843
728
64289
1622
73017
37749
92342
94615
77073
12494
4137
10227
86913
34546
27847
7213
26017
6864
63555
3575
98246
41048
31076
52401
13774
81975
78118
72036
61520
29279
82861
20937
26771
35892
28762
29348
57693
89454
37775
15226
17295
46466
93843
40133
11772
75709
83375
73507
80572
2377
54023
84574
43391
69090
6442
26562
60900
3061
81356
14117
7377
8407
30523
9574
36629
28614
50194
85765
26211
91846
21511
76963
72612
70365
89815
20741
22247
18603
61983
55450
70031
69398
90371
14311
3427
32141
57061
80627
57053
80949
87002
28881
96056
76291
17586
77846
67267
20695
7566
33554
47162
4517
90675
58489
36764
17259
99019
76361
65455
66192
15288
69172
80097
36056
7752
86365
10183
99606
28218
85099
66472
87951
65314
66221
24444
23065
33633
26793
6145
46419
4854
508
29407
55484
22644
81084
80198
26936
95890
88546
38450
73699
4893
31030
86168
13249
24527
72559
20158
46311
92848
7690
42771
42047
68972
7043
65066
18722
65848
46974
99369
29039
50366
81903
87221
54511
83906
1805
69318
30969
17971
27996
25633
29716
63728
85611
15602
89802
11452
78435
78139
66451
90854
98017
4029
73619
21563
53416
82707
33312
32726
51573
97184
73450
83335
18180
37762
62804
63853
40059
60279
43057
66265
68757
12572
60534
45329
44838
29646
60482
50444
27192
16837
66642
25183
52072
82181
83587
4158
8842
27512
19438
73232
49829
90793
1098
78173
94641
86626
56963
75261
73116
95535
22108
62286
96452
94278
45856
95442
95833
15667
56554
61289
15006
11675
624
25259
15043
50265
43187
71581
31725
11130
31520
3463
5665
53031
81168
26799
46110
58692
93019
12213
10713
99522
11458
94314
2885
72750
79758
51151
14326
90778
63024
46442
26009
64084
54659
69443
95671
39231
9830
13323
11511
60663
39949
18463
31783
92434
78940
17949
5394
16920
5459
59126
69540
35872
80553
33931
9596
60744
4875
56244
91840
30513
53606
52429
36578
44073
48129
74406
98659
33693
39441
87397
51389
16677
83212
67724
79539
59990
20792
71088
87686
96771
92353
307
11851
58726
74974
17202
37761
93033
47341
1758
95635
89738
81807
54127
22785
54980
38265
35027
11101
27640
4238
25219
90363
68074
47472
89344
39394
3592
28148
2016
62311
25402
96774
56743
64027
90094
85197
21950
69296
37645
31516
83712
32092
39398
82922
62056
58688
68267
60865
49520
46259
41286
2279
45777
5853
81687
16983
56869
35027
4332
92503
93503
24792
44861
94288
75320
94067
48250
12660
17014
26353
85061
7891
98510
38219
67812
55344
38289
13326
60143
90670
59032
33518
7308
83440
9023
40395
41993
12011
90171
41829
34058
56592
35395
46232
68976
44480
26867
37013
34704
5081
44381
57861
57012
4305
88076
87837
79981
92263
15952
62528
41928
75171
83912
42463
41861
39524
15009
21671
74596
2596
6448
64413
47853
46819
63705
3672
64843
25302
37643
57846
68936
2496
66873
87815
89245
55417
63170
50936
75036
13021
79323
70368
38279
64165
46261
9529
37504
69966
33265
75117
95754
37685
91138
79094
14040
96081
36908
46081
47532
40328
33156
36837
33871
7333
99474
98027
53085
71717
39907
60507
34954
79046
38714
46548
69791
99896
90444
70661
33855
67222
710
13501
13339
76502
70478
81673
62877
94887
36870
5524
1438
82542
23482
61742
77598
73366
16250
29079
80687
15797
12601
99152
13817
24303
72218
58497
35917
84955
37466
92340
99268
14471
90315
5814
32847
50252
97713
74213
52462
70464
71325
68419
5930
14223
75505
76296
50775
12837
90715
96924
17055
59977
23130
63083
57012
91460
34604
60717
11407
39551
54226
78062
5111
40387
76083
72586
6653
17416
52001
48055
5494
22790
33176
13961
62438
2803
61586
61397
62825
87889
32949
74147
74964
92330
33480
22110
77483
37377
89278
89650
44216
73203
37916
31513
69583
78247
41242
11784
48049
22587
3580
30693
89972
95754
25888
7213
87135
81379
80825
60732
5334
42286
70364
38229
4399
90362
96745
71377
18705
61198
86266
50399
53601
60002
89533
93587
30858
82708
64811
8360
54290
16576
74119
66639
34061
21094
8494
29043
65623
18998
40134
12964
17496
48000
933
18086
10608
39082
68171
64894
34952
90974
94384
50261
59864
36045
17336
91001
38968
22642
71721
14891
46990
8039
8725
33493
12971
32998
59949
63032
39351
56032
39830
48426
73567
78406
73379
73986
15796
27109
19546
61004
50393
52083
92154
43152
69889
90299
59499
72697
98118
28977
66070
1978
21302
4790
51503
16311
96894
93004
52998
30731
51120
33420
42961
41350
5421
94332
69285
59745
82058
56881
32655
62560
10469
11746
65959
16030
88676
69718
52393
30637
58693
6387
38781
44409
7260
36701
42749
85108
54411
7058
24791
72125
51325
2210
67371
61266
63296
25895
60324
25077
83951
26048
60777
16693
27210
87376
46070
84238
11365
14536
52964
23964
53071
80018
65235
23191
75455
29574
46537
21533
28590
63929
5233
4092
19058
44152
16204
58944
37195
84817
32048
80859
10269
55226
28082
45880
30051
18924
94418
55154
86526
27664
11612
67345
70753
83948
414
21969
1904
90831
48808
96835
33518
5345
60832
44087
1095
98102
56659
59628
31799
29228
10966
46884
92643
21187
42206
33572
78339
19894
37085
42946
23708
86704
51196
22137
51667
87366
80907
11130
69508
83232
84275
36988
58904
4869
57735
31071
73345
99181
73596
55143
40467
22035
99322
72043
38693
73900
7435
7044
60635
19398
89343
67740
58528
56284
60616
3060
58099
89611
29560
42621
50727
89636
31605
67347
44015
44058
96175
92975
78702
90835
62838
53313
94363
62625
35099
72744
54329
38890
33940
91124
58535
98725
41398
52606
23097
74534
53169
18656
23571
60391
43079
3773
82770
68473
30936
552
19497
50875
25528
62018
93027
39060
70239
35439
13451
59534
96177
43801
34354
24048
42714
46085
22379
45004
14240
82344
50303
13645
18845
45359
14096
68242
80414
36754
95870
64528
90739
5781
27954
61985
51152
25736
27922
62359
90832
98003
9783
8213
81861
34716
36164
76118
49490
95734
35798
17524
64413
10662
42552
55842
17662
61753
26743
86289
77420
81884
47436
68521
27941
57408
25720
97397
17008
71941
34214
72378
81370
52351
35152
8067
88718
55138
86734
50825
55536
85745
49196
17221
37421
75216
6431
9283
55054
58548
25046
58414
8744
92410
206
79456
29230
18652
86954
65194
55239
13984
44163
863
74077
45356
2268
60629
62060
87284
87049
88759
67939
8055
66340
60275
85177
98191
45974
75788
65250
96240
5275
42720
8731
93034
44083
75786
5072
49475
48980
59809
93917
22848
24004
73641
4818
37074
39595
93671
99785
37837
80767
58612
85086
45804
51237
77250
26327
51549
80302
43275
80051
10310
52380
52517
74058
42870
49579
61761
34321
34444
63416
95702
41401
51856
29620
40714
96056
22070
30605
18710
96993
98071
3878
57619
33698
87838
95417
82973
55325
1180
10592
34655
15514
24794
96435
29629
70459
29225
94215
93541
54401
92077
74035
27431
14433
57414
51820
76518
62932
23908
36815
55875
25520
80349
569
83629
66002
21704
47528
4192
68410
23736
26399
99469
30873
40782
81149
58889
33233
82750
3249
86932
57537
82222
70632
13014
62817
40746
777
44335
58771
73553
35525
11417
23482
40240
18380
96151
90839
5852
21968
55966
61972
87470
85144
28231
98176
68490
24068
26240
85919
12791
94200
31802
20463
56141
28888
28748
30670
92844
76281
59702
58064
95083
25789
22857
76773
78471
82228
69462
51973
89896
98856
44093
49379
81140
96620
20023
20155
84065
5909
53348
33440
55443
66029
7438
97765
53551
47137
70629
64232
91543
83429
18397
88102
6120
62985
37294
42034
61181
51716
20114
57177
15974
29850
9358
48824
94953
99424
6186
4398
77883
26564
34847
23528
87443
8647
47189
87378
36970
95289
79445
45366
13105
13841
67840
2157
53523
93124
47449
85351
20048
28131
12401
85528
36415
3176
30300
25727
76887
19009
55253
12458
32324
65064
15362
80474
16337
37807
31188
38930
16871
24304
50801
79717
74286
20388
41418
68053
1981
11625
54732
23215
48512
49719
53975
75266
76802
36414
56080
35954
54320
38898
27375
19019
4302
69059
34482
36404
36826
75858
65418
16706
37615
75262
87515
2685
96341
92152
30445
83195
2751
75959
43868
62309
13652
21551
6961
86013
24884
59670
63934
79103
69466
86576
5717
76438
49491
12395
92792
93158
64445
15539
95249
54592
72384
76471
94439
48208
20029
67241
86333
80625
13932
4243
84522
71963
88056
47769
78159
49732
20285
45756
42538
42754
76080
46044
38290
71831
97879
32334
61379
99442
32982
35036
18271
96264
38192
84652
26913
33425
56084
47202
91270
21482
47400
45838
94409
79194
27483
45512
16227
7222
52033
81686
64420
83431
39953
61874
61439
36795
72771
68960
37876
52615
56115
9413
77131
91094
76497
49424
45243
61378
24860
62546
29890
3994
49965
23221
9835
1940
92110
37872
48945
77842
57924
23648
36329
31460
68558
60199
54430
31667
84485
81865
37875
43546
14570
79419
40709
55022
52407
56077
67981
62616
25765
27755
25442
51272
17663
12482
71847
73215
18129
38306
98029
27895
90898
51635
47411
61955
71782
28379
36411
78701
92543
16251
16585
72407
11923
39862
11289
9829
42355
31795
15415
5984
1388
61351
94247
65385
39452
12184
78479
45086
18217
13464
83169
9941
63832
23914
26511
51352
79185
30040
42156
7760
10447
927
41121
65156
56695
96094
85612
56407
13242
57699
77360
73015
47410
98313
5955
1856
31780
94918
31267
91222
41466
8951
15905
11045
18698
72036
85432
76219
51386
92493
13294
45837
99307
56587
30436
88463
64452
26808
4867
79353
31914
57913
49383
16759
43473
23052
35643
33725
56999
31268
6453
58108
31967
53805
57249
65472
86858
44990
80441
67661
73371
28062
72055
4952
48780
18277
4755
21668
34706
76152
38793
48142
9523
27900
6269
24976
77511
60077
87872
68104
67745
64014
21506
52074
68365
31711
30283
45208
81304
32038
17771
27562
19851
96060
79029
65657
32673
68892
19562
17850
62463
376
22283
55620
42993
37664
13240
40879
27853
37236
65103
5745
29905
36404
62584
81779
7790
72233
87185
99110
80061
90885
78717
20384
88420
65384
39223
89784
87626
6651
95654
3791
33492
15643
87027
82698
43049
44363
63208
50969
6384
89011
74019
84992
55838
9494
1485
40132
42682
46202
78269
76468
84940
8331
58873
47639
74299
52135
94224
31967
30692
83255
34119
57566
19657
17086
39179
38460
70870
36792
52310
21782
18631
43601
96653
97794
25411
75050
63176
52256
96455
46829
23965
29659
85845
98139
93054
38450
34570
38162
1144
15930
55346
72992
66856
60584
71900
60270
50826
76298
45871
49809
30682
67331
45707
83294
22178
71536
53545
76641
47038
78707
7707
13643
26173
5774
70672
53517
15472
93062
100
54383
51263
97629
33751
2436
75018
97184
42518
14264
30502
62321
68444
25236
68626
65446
66611
42460
6694
12553
30872
24376
41317
29663
35678
65690
5998
16130
94116
85946
41378
67615
35840
47030
99746
62353
49205
50140
89440
54348
90385
3271
14207
60081
49
99043
86354
94629
48431
2764
62782
35834
37152
71958
79784
58435
78874
62790
20186
99287
5782
52142
4954
94623
82342
48235
13941
18414
55480
82125
5879
24484
69591
14034
38390
89829
80135
47075
34275
17382
8480
42240
4542
11828
55681
69903
1810
11498
97306
37700
50125
46346
81545
97684
18292
15199
25539
6163
77544
3639
20510
30695
3226
24868
55516
35841
77152
49074
33078
9213
87157
57898
64928
68611
4141
58254
3204
21780
91661
59634
68291
1498
45778
13522
37825
46727
98956
59244
94298
18856
27366
73798
92337
11318
87043
69878
27870
79618
21868
51017
68801
91292
68359
43925
36464
64967
34421
75834
61522
45146
45183
18052
29597
35863
71128
79200
21285
94174
62474
92335
7717
51085
36922
4232
19021
45744
11534
35415
83097
80662
55388
53318
94340
13836
97176
20493
69283
83816
91164
35365
36308
88785
96460
42981
61338
45111
18404
35047
9995
86688
33942
44067
30486
71589
87933
9810
60368
55030
79901
65437
2465
3747
83660
13434
21281
10242
4035
74960
51477
84521
41911
20338
9311
76501
13165
98085
98268
46715
65099
75004
73556
46219
30047
8541
90524
15979
91524
33178
11009
45832
42400
58428
55328
93372
69923
55578
21825
37317
16863
83648
55367
71263
73913
93105
57974
64480
16113
36025
49437
29223
10179
7113
14638
15476
28926
4349
79285
8218
81529
6373
57330
10109
36305
77759
22786
41394
83989
73362
54730
79209
59893
36509
98509
4899
28875
21022
91079
32464
79656
85986
19241
64228
84034
58183
95432
91642
90490
75520
31620
8004
4028
7597
19392
20162
94726
53698
6157
12142
18848
74764
42912
61124
29262
18353
74056
91990
75240
53254
31943
80552
16787
62731
57547
45084
