78661
67749
26387
99096
74186
71089
43106
67291
82608
76764
70995
35958
48433
84340
73286
5626
33417
33012
39866
71584
38831
8049
91071
54170
45165
86136
11469
81718
99478
75698
68422
42455
96455
1412
24498
22859
60656
60238
56109
25545
58531
70947
28917
35420
81420
17292
27809
9855
17716
43564
32119
2938
46809
31207
43271
73482
24162
82802
72758
44056
12718
18258
94217
86120
6259
62457
96752
36176
37239
96322
13283
73674
45337
50308
5849
87734
40264
8778
40780
50499
37888
25799
47849
38296
14170
68900
90394
2813
11391
15326
60301
59562
67582
11928
31332
77975
42903
89204
97381
35434
73511
18553
55253
34883
92806
16087
87281
23915
76555
42209
59218
54487
6804
28228
85366
40275
1153
77355
17791
99135
97271
35536
15526
59237
3911
11949
38414
50268
16892
63962
77985
72975
1847
13931
17428
87008
60722
12202
31465
62424
89986
61386
66288
11212
4242
19023
73748
25740
74413
59354
72316
20671
30703
36070
17650
88740
45226
37695
57277
54291
78105
90818
60311
79232
83111
93652
94874
63793
38758
90274
15078
8390
65010
14941
53343
34928
53557
21330
58496
39156
89280
97206
55122
71174
12756
52844
36532
13736
56401
5019
25701
71526
57191
65318
58446
26669
92085
42299
65569
863
20986
93813
36785
11303
57393
69798
54360
11095
15687
28737
64336
75584
71120
37922
38510
79600
72353
67498
82846
9381
34609
64716
72597
93884
32810
77073
72228
2520
34146
11683
56393
5303
40042
89416
72382
25199
90099
3080
75150
92999
88363
8571
16950
66988
35733
84681
29546
56276
85676
49645
89600
40089
61385
97059
6275
28720
42696
27860
70193
61238
85101
35570
42801
75759
24284
44423
41919
25075
72767
69297
8047
87695
83920
99839
89234
24887
60828
12250
14065
55039
17627
75882
85254
85715
56278
74901
62161
69155
84817
88215
69441
564
21730
9968
10361
35672
55010
75279
65927
91197
52424
61393
73847
43992
95929
85374
33556
86065
58568
93655
2886
14797
13292
51247
9286
93783
45129
49497
82437
22686
18233
23859
6953
89688
46753
16993
87497
29683
31516
87105
61896
47633
59271
19162
97655
27149
49925
18926
44855
58958
9750
21603
60757
33486
88465
26991
21203
80205
24739
79258
45696
88806
54333
13003
82186
89642
44056
45309
33541
92872
65711
55189
65279
34779
35590
68915
33187
86394
20739
40921
89597
72914
18743
34703
3344
23902
86639
32257
45146
34041
76034
53096
14161
52441
1051
71699
69271
18749
94663
93903
87301
82611
20042
10021
77473
84626
95770
75548
62010
56067
35750
5561
79375
31602
1391
99368
85844
82052
61632
91535
74566
97245
12759
27379
45074
45317
10442
38631
62139
11142
55859
16858
76890
32012
40091
78795
92970
42083
2196
89111
26713
3943
45261
73512
58349
30253
75176
52860
36804
42385
1126
39946
32705
79669
1718
16835
56950
87609
70334
5106
49368
28312
24016
39516
10231
52823
82099
43574
58382
94683
96350
721
37988
53837
28897
59499
659
87868
64079
7870
43436
85752
69298
38968
45578
37029
74148
5105
62629
26767
41727
16063
11762
33130
49464
40696
7503
36691
48051
18502
33619
87624
85749
80173
35184
43301
55329
48222
46756
12613
78445
58920
63512
39251
22513
51620
63369
55254
99047
63308
30923
74780
82468
45666
46149
36130
68377
9644
3731
84981
70511
2664
34201
56550
12358
34255
41366
30364
17499
23414
9338
11602
5434
11771
19320
8014
14155
66712
75248
57001
34699
78291
60950
5969
8953
78462
34754
46029
16917
52101
71763
11219
3923
10804
81413
68343
52608
8297
69700
89730
35676
27739
54175
61674
75036
48977
94988
29549
42509
96115
3739
7174
84155
46859
91560
69605
24059
91997
84027
29290
58298
78488
58140
65726
42293
53469
33225
89211
33758
77130
37683
69982
26602
60981
3215
40472
45152
97822
77259
90337
63024
10993
82389
20750
5331
46807
60402
99327
92550
98740
16543
30102
17421
73516
23179
10301
83447
91849
54081
87892
21025
29037
28646
14152
48712
86835
19854
14131
89110
62474
29524
63200
68880
93198
74380
85014
76212
21286
60638
95749
557
55017
18881
65275
78885
49704
13186
97319
47164
69413
24695
83894
82183
97226
40187
81860
25602
70963
82693
18651
36561
84094
42976
94606
18325
31531
67260
43445
24384
58730
33500
23079
87988
75617
92674
99960
86980
32704
2244
86569
46849
32199
22358
14425
31092
553
12311
39935
53634
69825
62476
24537
31579
50980
27036
90286
18619
69462
16040
19843
91369
73776
46225
89163
25424
33124
168
1426
16922
8367
59843
84390
66540
6209
45805
67328
97934
74416
1006
24367
41117
79336
85427
67463
1109
70368
38171
77417
16865
61717
46039
84978
76271
7728
88967
35028
33416
65830
37030
51980
22565
64256
33989
70115
20605
20443
52050
29971
58075
33913
81955
11423
45060
65522
73751
95725
9595
100
86303
81313
96993
91589
24167
47573
20152
15343
7971
47935
14027
85260
61929
71628
39776
83757
3142
14839
73433
13441
76989
91868
774
30557
25175
14866
7211
17192
19583
60834
40496
86067
28490
99420
63168
72448
57731
95856
48082
3084
32332
2088
41447
91285
84361
56697
20970
56801
58172
7764
27015
713
14819
33901
5990
36278
3876
94074
85663
18809
21576
64157
53993
40757
22909
62405
18921
36741
78268
68983
13118
14336
176
19688
74506
25778
88225
29614
95566
72747
66946
53834
16114
73473
74069
28623
64226
88749
18065
29763
48328
6247
78113
37203
83078
67746
2239
90945
39
11600
35377
9702
67577
99516
97602
92052
53768
98653
19439
76153
37203
44858
31887
5541
51485
60977
48300
70921
66362
5199
71555
5259
79761
92769
41776
12722
11112
86463
51899
19392
8466
85492
86450
16708
78872
39272
12567
92631
95628
20029
48377
34645
93566
15102
25247
39400
87251
9712
42931
53545
90808
99032
97647
88353
3189
86163
64807
44060
18391
62027
66235
45721
37737
19373
15700
84918
46214
59704
30468
69309
98187
58592
58627
97896
26728
8470
15607
3668
78290
15918
20050
85181
40591
97438
96262
6799
31496
4088
75612
39652
4381
44864
36609
65093
37959
93787
27983
50218
80699
65211
44244
40593
62300
74142
46207
9601
73313
83061
37507
68828
11567
80811
7845
39691
89280
16598
76693
63601
62001
48368
92310
14071
90307
43357
19941
52721
90827
93390
17607
5923
85481
39423
90044
3299
64048
52180
11478
97600
63594
33610
17047
3687
40948
72096
4953
61676
71912
97593
59867
2189
39668
5469
56939
82983
37612
4762
95330
15884
47691
22171
15867
47956
60745
19460
95422
94174
81367
45254
7564
35017
71865
88239
85553
69289
6063
88545
1643
70977
8209
15451
64178
26692
92025
9299
54445
23584
80393
46613
10617
40263
41315
7900
89481
2801
10816
44115
91813
38001
17469
82254
97777
6778
60496
93643
21868
53713
58937
36571
63310
87676
40763
95017
17734
74726
26721
45115
96301
62897
10167
93836
75562
54849
93479
27496
10209
28900
14528
49541
8041
70912
28028
23951
34043
31621
41872
7455
83205
60332
24386
89375
77426
41799
4579
46463
81180
75689
51688
73215
50364
6010
45579
76282
21788
73005
90487
52738
53770
2660
55759
6012
44524
96931
59324
34217
84000
59674
42533
37515
13729
92458
66331
2658
10201
38094
38434
59806
13299
79769
32556
67750
80836
92752
92168
468
36477
29564
24423
84891
83689
56586
37843
36097
2273
36563
95903
67721
66434
32634
755
73290
59928
56320
60577
19999
44884
57051
96048
37109
96484
56030
53377
31979
41572
35115
88614
33696
58301
70760
7654
80072
64183
37115
57314
41298
99409
24043
87347
73544
21568
49923
91772
99781
37916
26473
49739
46808
5901
9034
5706
3178
80564
43308
93683
92060
90630
99938
77810
53690
63357
31909
41701
23676
55618
88928
6322
89366
72817
45367
41207
93598
81250
43964
85754
64423
23059
79661
59147
6675
2641
3453
15941
22244
74194
26390
16166
11612
52252
58199
80456
95248
51951
66045
97930
13665
43924
96938
42435
58119
80928
46485
58319
3009
91512
46114
57578
55484
75522
10151
68049
6988
45056
32496
87012
92429
28315
37039
79609
71165
85282
55683
86702
60125
1871
19997
9693
23076
51624
72881
75602
18320
59720
87680
64637
70052
98361
85028
23616
38824
75577
32361
22910
150
4451
85460
74433
22927
44443
52047
9969
88305
13787
73517
51097
42229
10930
55414
92635
62457
3403
49910
745
45963
14308
14484
70701
9468
48292
2077
72038
9038
92041
46566
40647
12071
50620
58266
91655
11358
61916
8869
89917
44007
23179
64441
86962
68953
87085
31842
60294
25529
3384
20131
40982
22151
74283
57149
31310
40409
25911
89785
21823
84507
52038
54750
33120
54276
95863
49855
62018
77714
97351
87646
27336
97783
52848
28107
89930
2484
11503
89504
27292
37128
39751
87586
33657
44278
26908
29163
52255
99117
49181
80387
49393
69542
48808
15952
42686
33082
91811
1904
70096
81830
77587
29630
33992
11526
42225
2072
69876
63021
82994
63617
94791
42673
96210
46170
37940
5247
2574
48061
44469
96605
47529
61635
92245
83399
17269
47093
81142
11489
36047
49227
15031
24376
37519
45450
74298
26539
72799
57635
90587
11727
66328
98591
97977
66089
91466
75825
10705
85205
55263
67612
58131
741
63356
70969
43759
59233
28210
12848
23804
59548
82597
88589
39078
39129
6568
83938
47722
64222
28567
24787
25200
69850
76333
21220
68300
35295
97182
91157
29669
56931
8005
5842
8676
42373
17726
34463
95518
56128
37741
7972
98615
93391
72751
92117
18873
39431
20585
67845
17608
12241
81059
60282
61140
60907
42683
64431
54191
17687
37544
97562
27888
34252
45666
13870
46171
46720
63379
50428
33939
64314
76330
17414
71934
8666
85404
93033
10804
19633
88333
43349
90654
11008
83554
90299
97899
26182
94796
47716
87788
91350
38674
33418
75864
15426
33492
41462
11226
23043
85301
72847
49792
62798
65027
77150
64380
44968
5618
34404
20352
16665
8535
85691
46910
55811
50179
90416
86380
40149
58034
98652
91251
28787
22106
57624
5432
36957
53511
6586
75401
49900
61316
38430
23663
87917
83822
80733
32819
83836
91680
72701
60806
50158
19094
9204
1529
22171
43644
85222
40839
32267
17126
81029
63329
54284
40616
96825
60281
18222
11420
63887
61371
93071
17865
55400
44236
16183
211
72839
77578
81374
62523
7833
89706
48117
3620
95681
77303
61121
37283
24222
4365
79272
14392
99727
8146
62723
4221
7487
84300
53115
9336
83596
64902
49739
37662
7704
13483
35408
78472
32952
46722
26464
73358
74292
45691
12899
58255
20051
4668
41112
4867
38049
71047
13523
96992
17119
62450
45188
38964
62860
66542
14184
70935
94067
57843
70784
95158
33259
47684
81066
75720
78811
53463
23617
49785
34467
90085
87598
60568
41546
88357
71577
51707
21556
93605
82137
89834
32286
78905
71394
64692
10797
52708
5757
79197
2711
3071
23732
5209
67135
82361
29676
39066
11017
43242
83579
31430
85684
55070
91432
42915
67885
99265
47554
32445
98939
49671
41368
38745
76533
47716
32837
46467
42986
43549
5908
64635
76928
43639
99474
24765
71192
52240
57524
35552
4664
6452
81282
15982
40901
183
6310
47548
11241
74680
84075
53647
14555
18456
33553
99701
56307
95669
67
28708
70203
85571
69173
98003
56738
58499
50429
90654
36741
5247
87143
43875
55349
16708
50779
18784
58662
15214
42279
64346
89178
92668
62613
1472
38400
57631
84552
32240
4540
49699
72154
563
87274
38653
65491
31414
26650
85413
91885
47872
11769
98105
19302
83481
46396
60263
37745
72169
82984
37452
10781
37637
41611
13317
3364
86171
62716
13373
22835
13376
547
38401
87301
23170
34849
24268
94431
76376
71964
83256
60745
1139
63166
96220
27040
61134
87893
80839
66999
71146
6119
42927
92908
41312
79020
46953
40208
67215
26963
86491
16519
20989
39374
71724
51208
43406
46644
23920
28894
2462
41703
23974
39064
657
69159
45785
7455
5676
75125
67839
31715
83773
24032
71041
43888
21059
24351
84029
19297
75184
79783
99939
15268
82232
32623
43725
45453
76062
80859
60366
79766
5012
57199
14137
86822
25654
60822
15279
93382
16690
41110
29597
67936
32513
40773
11353
96194
4604
36686
61965
82673
41514
17292
46801
94688
28135
74079
35811
69684
22280
12932
53328
92938
98441
85112
53687
5636
18704
55051
23836
70774
80445
66051
86493
165
48072
84323
2238
47845
85519
98826
28494
38937
9335
86914
51427
50931
60893
98624
56403
84857
23096
98163
5104
80079
74701
54961
52686
36475
84186
16590
7495
96999
7254
33865
60689
79391
28979
44396
11356
35681
12294
29444
28839
73012
74362
70032
6472
43406
18238
41500
5585
5995
26349
79240
44308
82874
20344
24732
80197
93760
47042
96256
2779
53888
82559
5125
64544
2113
71265
78764
42143
38550
65341
61325
24029
37937
24102
38165
2304
3267
62101
70654
9469
3081
11694
10409
70848
15347
89756
19459
57697
151
54885
92142
33109
37256
24794
80690
74789
53457
73159
7886
83299
45786
19347
16130
19953
87459
41093
18210
25679
79025
46635
22824
43740
80125
61863
50302
64090
86777
13442
39190
38496
36151
80169
95743
9007
16099
67179
48238
13467
19747
75635
50418
97265
45409
81504
50454
41025
47852
38162
57252
23130
49388
96736
4346
65668
32646
9823
9285
31852
1321
24183
74805
38575
64654
63660
77196
7596
77066
28026
73205
65098
88501
40031
8361
32835
73649
1656
54889
2423
93119
84851
84934
92921
68426
15304
20928
40269
32262
41176
97313
24235
77990
81269
12984
97215
88308
36981
82537
63980
24459
55894
12461
44585
51049
13051
3434
74765
90156
7011
86435
11176
89336
86529
36841
81764
67939
80786
34680
72023
3673
20864
28818
78673
695
73829
68114
67071
95393
26570
56223
16391
57190
72003
6560
89491
18565
54433
51933
17120
44843
3884
56946
73390
93190
24412
88425
95365
64333
11840
76938
55163
58101
81029
87510
16672
50719
40392
45696
62745
68420
90598
38585
3386
13817
89555
56838
83712
77340
12425
68902
35
50564
87644
28641
93083
14851
8691
29448
67752
66700
76963
69260
24967
44926
88635
38262
42685
13585
4372
70156
7476
98928
31748
8465
20730
92805
42149
83426
65857
74679
54692
12294
89427
53978
69608
40437
13023
10643
1060
86590
44076
9320
77313
29963
20378
1947
17496
49481
91274
78354
14795
42510
6884
94360
68478
14887
62282
24098
16193
42882
61405
50968
93662
85940
84303
10943
86525
14577
94801
97854
29664
83599
93390
99417
14261
84571
32635
12969
32997
74180
66382
95557
90059
52942
55006
30080
43097
19677
71199
37080
46072
65550
17660
70410
32787
93898
98433
22395
59016
7702
33210
52983
46538
66015
8337
29677
80994
36847
10581
97292
91029
23149
30884
25892
41091
81894
69476
2175
3009
95246
84238
35728
61327
97154
63224
90184
99794
65464
11267
38337
54458
42098
92538
57871
68744
73943
93340
17642
85140
13763
43744
85222
37626
94901
36155
14532
92173
28169
26404
19891
53927
7006
16651
97787
97712
11990
20575
93490
49393
87195
20262
39112
82768
16049
13367
81749
20659
42086
21393
89809
33087
8202
19305
53452
45480
42475
2171
41744
58806
9849
90841
50288
76006
80581
11487
13429
50904
4919
58945
96194
72906
50448
76032
96032
4082
80272
99569
69761
94173
99562
12324
41519
92863
74980
37283
65390
44334
77540
40855
2503
96180
32052
47134
8944
15849
22143
59685
62716
49941
66034
21557
97543
28710
46351
74072
30039
44745
69548
27111
51014
85650
56478
64511
20671
71639
26428
33705
64739
27682
87066
43299
96000
71166
93866
15664
1102
86337
33291
44671
31504
38307
97877
36609
63911
47238
31949
73830
98018
50179
44528
17203
42050
13595
14703
10569
43545
38168
31184
69520
24891
1880
2357
66804
93920
62437
88598
44885
69197
40762
94375
30941
37304
5110
57496
59618
52927
79504
13960
26677
17793
29573
58212
6423
16076
61063
91587
27784
29954
50448
21636
86453
83738
49260
86682
88093
44882
44375
50815
38953
12241
21253
98518
79861
41602
68296
86052
74748
52155
35545
89150
91283
39488
51810
55273
9632
24463
38313
23950
87009
50345
30567
53873
2365
89949
8332
29995
17791
79665
55768
65496
27123
65489
19091
94250
6474
99070
19595
98824
405
55907
18547
58036
53098
17499
19578
7075
96754
77767
48377
33124
40262
4803
88733
30305
44518
63027
17955
2479
5994
67248
85185
609
64882
92762
24087
86108
99853
45388
83002
63215
558
94363
69305
44765
82749
88282
94997
33546
4455
38914
93373
90328
35877
35556
19478
22336
36405
11615
24128
33815
89608
4308
35892
87982
84765
24271
90573
57919
68158
86630
42383
93151
34516
86470
62506
94336
62710
33337
46852
72280
32192
11230
70078
4982
35909
72685
33994
85455
2055
76964
60570
81054
2976
94211
84209
46896
80587
51901
21560
28321
93178
99955
53286
12145
58971
69438
20733
69069
88838
18419
41478
61063
69087
23392
82431
38301
58214
90467
77460
53087
45566
53449
26096
35356
59668
84793
30718
57039
28035
22742
70523
69816
4501
54827
58902
58498
31476
22644
92904
42640
87668
52682
95078
50848
57791
49525
90874
77633
76653
91682
19250
13858
67805
22357
70379
8598
46783
90323
1147
44377
48484
92028
92477
28720
25602
693
73518
45373
98326
57640
10796
30763
59192
41164
16029
60666
56056
79348
85918
19208
93790
8967
71471
57879
72823
41106
47182
15209
36046
13477
92061
15216
44503
92082
69620
96029
33824
39061
62234
14724
95667
2256
10078
6622
14273
98696
19320
18490
83612
35126
52758
72422
14821
36179
44859
1994
39954
11178
66738
2249
96113
77508
97640
39348
77477
67609
26263
20872
71902
17763
4624
23179
88940
30914
38159
35256
52854
40058
63669
44941
71696
71577
13409
89788
6110
45867
60653
49510
48081
42918
52945
94274
922
13278
22329
67024
91399
98376
79634
26065
38144
72210
60096
24293
87038
99716
26259
8309
30388
93483
63833
74748
69617
87321
57442
25290
737
54870
83994
30715
18756
84049
94996
4667
81901
86297
90909
11202
35276
13984
1847
78241
30059
61155
11540
27613
91551
53228
86988
60720
10764
74482
69781
82877
3825
45273
60239
57595
97375
36521
62516
36571
169
68983
65731
40504
33080
54040
42094
26410
34753
85242
3816
31715
8807
47088
48505
20810
64632
98114
47563
5958
17552
14210
36574
88962
34617
58727
87030
7262
29787
42575
83677
39326
48237
80422
46564
25164
11766
32068
97081
27033
10090
50083
66485
89542
5088
30250
84590
55789
87692
49307
75859
68841
18272
60729
64553
92939
4033
29874
37325
98982
55583
26039
70710
44153
36242
2182
77686
1028
81372
1589
69209
83625
75216
13448
98320
72426
244
20425
63606
96885
80394
7880
43194
79426
14497
86394
55123
29611
11058
4697
29500
15845
43123
82837
59906
82141
14420
26422
82051
40485
99379
7478
81917
87476
9944
43803
54530
46945
92487
50197
8048
20172
26988
22608
81285
93529
95783
60881
43761
45161
13441
51799
93448
17028
81550
77488
68860
53519
34518
76348
82076
87798
52007
63246
24279
30439
57846
51939
93731
3970
17466
64530
31767
7414
81222
29278
88588
69614
45672
54863
76173
14601
97518
7883
17322
75710
94923
43055
70347
22939
19547
73836
77795
56991
35109
62082
3923
52948
96510
21512
39814
89789
64210
34037
77106
6141
72529
90927
54648
1369
29195
87802
5715
655
77989
71734
17230
87962
87436
7728
16068
91489
57613
49653
60041
31722
10375
81658
23837
4205
96076
176
31055
9287
56836
78597
74305
47027
92211
27742
6308
51163
23815
90686
71654
96150
94703
41668
4381
44598
1417
66122
45498
17180
46899
26980
57685
38283
29628
35305
86376
27124
47619
27095
64985
9025
58551
71563
2184
33055
64819
58634
31355
6454
26064
69941
66651
45399
35755
12196
68392
2894
61736
6316
96192
11839
56227
28740
95678
45308
86946
82630
80720
52707
71556
54505
17261
52872
46486
97064
50287
65064
55522
90162
94003
36363
30273
33863
35393
42584
81232
78816
44252
448
60562
84454
57309
37423
38898
25561
74048
33379
27954
35845
93764
8251
34587
14858
49891
10722
26176
74439
7969
28588
61712
86900
97573
97062
49745
11727
48340
9333
28315
33610
46603
89676
14031
49577
99855
56571
35713
13472
58742
33792
90883
89473
23655
33269
94944
92946
21450
97036
56581
64562
83693
77174
30498
62235
64227
94643
59968
65476
67827
48852
72590
46042
14074
47084
58120
83223
17769
93195
46459
2040
65618
46262
32152
8908
51565
26852
72843
5097
23663
43816
40179
75627
41371
60366
11429
30855
44666
46743
96436
40122
59243
80361
2719
79638
45149
40125
46909
46694
95420
86341
37335
50687
10812
33950
35970
3864
2581
20094
90573
16989
52544
37493
43406
15721
70896
37968
1273
80088
67930
84227
72469
73454
32594
74505
59796
68607
47498
93648
16237
29839
20687
79126
20429
53404
72617
6919
78187
62654
82342
38338
18834
97826
50887
93884
88011
643
5116
39814
8001
43770
46685
66963
34472
74002
61364
68372
70041
24404
9797
12419
25919
6838
16884
53472
35695
15553
84230
74463
65177
32420
73181
68551
27587
92149
58665
50503
60996
80849
77190
79691
16410
85710
16757
79396
69592
36085
92688
71059
10012
80997
70220
94804
11168
73111
840
88341
79761
18241
53681
61725
24290
41392
45296
15292
97528
5119
89813
15590
61170
55568
43162
35297
97011
84068
82719
36620
346
3486
76134
76427
80745
16339
29386
61517
80360
77506
70547
93789
33245
21929
28960
33880
65022
4922
3417
41539
58390
3173
30965
38313
16468
13268
61163
33446
5763
66497
45037
9932
65710
61975
40607
79136
766
42812
64422
94539
16139
91360
65081
57804
84210
23723
43870
51755
48565
47773
82666
14844
89125
27007
66505
79933
46585
21117
13494
35478
4020
15288
87947
66387
32736
98083
52697
49466
76651
75747
82205
57399
79186
84190
26417
79311
16620
95881
40294
31642
79459
29525
59887
34440
20052
94976
60158
38580
97302
96552
78778
92044
12535
70155
76527
85066
78282
16947
68597
18640
67665
18417
62742
15138
14408
89991
46494
86275
27290
48586
8279
8781
81492
27289
39407
83587
76695
68141
34996
77803
41552
81975
34979
64901
58473
72
84944
4388
45923
61828
37664
50869
71643
15931
81727
95742
72085
696
94301
26517
40354
5180
40564
82804
84283
1251
13702
59744
75575
26740
55933
62836
87168
75997
2269
44170
35382
22251
66229
35736
8488
50893
73592
90548
64595
68190
92903
95457
5916
45696
25169
61236
85226
10672
6831
15770
71902
67697
46900
65876
33604
34512
40244
50892
79965
28916
54411
86068
7490
27184
66608
42918
10870
76755
94815
49576
13542
97225
95417
6440
70612
91801
55066
458
77399
57673
36215
28358
28244
9504
90484
41820
4865
79330
12330
6468
14324
20238
95817
2353
38024
45058
59942
35774
56490
31980
73023
63487
77245
18963
44855
13284
27070
79555
57592
17751
95055
86973
4026
83575
23725
69548
81751
79281
1388
37221
33053
44094
27863
81403
21623
18817
43056
78072
90977
38515
42439
19512
98665
40624
65373
25536
22335
58026
92678
49996
78356
74777
97872
35979
77408
33113
3503
95463
30791
82760
47033
17011
12948
43162
65714
73308
18371
16765
80612
43857
42894
15819
66213
8064
93525
18804
74435
7068
29820
22618
80495
34421
51173
9957
87146
35599
30924
30704
12653
29786
63324
6095
80692
73365
11600
32249
46767
44902
2625
69049
36498
61272
88841
51158
7073
27468
45177
85918
6306
38139
416
27995
80726
81505
93906
14536
5003
86416
16777
70054
78986
48874
23309
43009
59350
11781
7603
76021
86645
69073
97573
99284
81770
78917
24810
72746
76375
56591
90311
79595
80833
92663
6325
43535
66457
69088
83592
27791
12800
28346
85218
78570
89714
9858
52254
56220
84338
97234
85876
57926
41534
26610
46815
65082
83559
92270
88416
21762
25771
24040
37719
23546
89434
90446
37164
93240
95947
21329
96161
71592
24938
20061
58578
18407
95948
59368
74635
64298
24688
50010
42850
20105
38290
60330
52705
185
92573
23253
65069
48326
90864
24082
91595
54710
16573
43322
32796
66016
69425
42304
16736
25637
7662
8289
85101
72301
10173
58169
29132
96293
15480
58546
73355
13914
71108
21740
34761
61666
8025
93316
8987
48380
18925
52728
10850
21065
23797
88818
50029
85911
12767
44220
4983
8388
91129
88885
22135
89867
12801
13933
17138
17009
79744
77168
38730
37820
63097
65901
35422
97883
22956
47112
93675
59262
27596
32395
90994
56289
50129
79243
46914
38313
56402
13738
21716
62302
46707
14007
33445
27396
73535
11131
63170
56936
54981
15819
93753
85590
97085
47538
7341
40130
14202
24292
24423
3875
81394
31706
29732
92163
34081
26990
13693
20518
53721
10889
29706
23476
23681
21822
53389
86248
35750
61706
16823
87059
28785
63515
56194
12907
79009
70967
14849
94967
48323
55413
31259
63376
22448
83429
88851
12440
76251
22992
33126
13608
29916
80803
90361
48610
86565
76428
18172
477
31246
92073
29700
82508
71427
50659
20176
25009
70749
7836
55233
63186
80203
62833
4872
31332
56871
9674
95954
23846
28231
53580
48823
176
8599
65457
46177
39492
77792
36281
44677
6281
80806
31340
82473
14096
25227
72919
63747
99909
10063
41330
96651
47397
15043
48778
42040
71361
73280
97857
31387
93173
3746
12106
39485
39276
30299
22996
80362
70552
39511
50743
4234
98387
10697
59726
45692
80776
76762
9483
31883
8198
84692
65809
51810
17116
68076
34952
39111
4185
43920
87533
67781
15250
63462
41897
32869
47470
77222
50491
10570
67655
17110
14790
51198
10215
72247
78633
75903
28317
894
56629
62467
74610
65025
25779
31559
42272
17406
37479
4607
44194
1674
76227
2015
75698
64089
29925
30491
38270
19647
74487
91249
10092
50569
76487
60766
51488
32915
49282
39570
72355
53345
3497
739
43209
99012
27162
97364
51062
24477
82916
57974
48274
22181
94407
88149
51714
11276
56191
90065
67095
58487
50079
93334
88820
33511
96241
84935
8053
4704
23944
54971
48603
67227
60271
9436
51168
24254
88703
26805
87565
13506
5525
57237
42173
22457
84904
15828
75296
75017
28868
41301
33996
51318
44153
51045
86494
70034
37124
63040
91016
442
55075
95476
48914
54121
33115
62255
59511
98055
82275
98982
37536
66265
46585
55386
73248
21803
76534
40334
85129
34392
28011
74822
41704
3827
97787
47602
15382
51455
28031
32155
65773
39288
57569
18968
38246
57021
43540
62155
33033
74173
52164
31661
47897
22730
87025
42505
96541
69035
57684
31598
50451
43656
86021
47900
84104
33106
4094
1187
90768
32411
58938
60883
98928
86450
20435
1853
46892
94186
37543
79400
59335
17579
12064
67719
78612
14383
42845
69070
96965
40875
24436
91891
35814
40984
4877
5400
85163
71003
99095
54957
94768
33524
12753
65322
637
55360
13219
12189
97293
68904
14424
45746
59797
98026
90041
12812
97496
89221
96720
12835
93056
49336
27331
19493
65682
4216
41815
86115
13510
82153
70284
94550
69292
78484
63459
51551
58903
41358
86048
25148
35541
47107
62948
89541
32410
35738
53289
96737
63410
7665
88651
39814
66910
32251
12821
7072
96830
61475
82029
7932
17607
5965
1185
96948
21933
71371
84705
96504
64723
65751
85023
46982
68329
9929
27567
93609
91363
92023
99493
72289
3640
74686
47602
92785
1541
40452
22974
4167
56727
76455
36412
26655
59188
83939
81240
83217
93698
54471
19971
38176
34282
48435
56728
16291
22982
19093
95186
45869
84348
56318
49615
18572
99243
20886
30368
48811
42473
76638
8317
62803
22261
45072
97321
2139
8176
58214
5384
46454
47479
3579
18171
11480
46560
4676
48393
67673
73009
60999
99808
99385
76156
8880
36354
11767
4944
33711
52501
42073
45823
76319
8143
31306
25317
69027
32525
94859
35061
88261
28146
11847
13436
48219
94241
31338
70682
69609
74210
63718
75218
26377
25903
80135
88718
45010
21131
43106
96734
56014
72503
10149
32148
32953
97715
976
8621
29142
35457
7053
89624
80197
6929
27741
61547
41281
15411
24946
33195
11257
7916
29902
8665
36414
18298
61704
69205
70236
70524
52784
79727
52761
47720
94052
65794
27960
42431
99925
93044
89863
60282
79642
63071
49881
7167
77776
34108
18791
98660
9512
56803
90536
3510
38278
69680
39312
39222
57855
59850
14998
76639
81715
47283
57655
45172
22370
80574
37706
68355
39336
2731
49721
26738
51901
77114
8400
35951
47465
46922
21921
44755
68364
13887
99651
62144
89667
15035
48636
38958
51459
83207
98422
64585
30650
30766
19249
34692
69372
16510
98317
16088
67302
51634
74117
84321
47308
92104
77252
8114
61740
52474
81211
19600
92712
22660
67305
79085
78801
30088
17925
17509
49619
30900
2454
47892
71029
86364
82063
82816
9866
33939
15247
48032
56949
9699
82708
15535
26939
17233
87735
56725
89553
53980
45285
63543
17860
21497
8241
99796
48261
52417
62337
47810
32245
95898
76927
20859
97067
73554
57124
53689
59181
25114
15987
86494
29732
8190
53513
19948
61513
52645
54627
29259
72361
74607
79874
39044
24045
86751
83300
44768
49149
72013
38067
87253
45544
15653
1750
18681
97509
74707
39295
91570
54823
97304
4609
40602
70947
27996
97557
88428
10361
56337
38172
75245
60587
23362
75997
71541
75806
97223
50421
17115
80365
55256
16943
25485
39872
86051
86343
31921
40439
5873
63099
79950
70577
67939
13686
85145
11717
19876
88181
2472
52412
33270
92147
79500
95851
86246
43284
18414
93971
97468
74928
6387
36425
32993
37236
98296
37935
48113
28373
86137
70858
67429
39432
16877
82265
70356
92281
20211
46839
27991
15582
87142
77176
10225
98770
36934
81872
93733
30085
25551
33371
32839
85664
75322
42366
94605
70351
99241
22515
18374
98727
44855
62166
52151
69231
92831
6850
73917
82084
37254
93189
69221
12294
17295
3100
22005
70343
45293
57870
86219
69639
41504
64776
84849
14691
32410
87291
71979
41219
21457
92143
64147
62550
97873
8484
51657
5221
63411
9319
49741
21796
24773
80488
65550
87533
42951
10036
58657
43895
57563
58437
83197
67594
84884
47420
89769
97330
96096
16396
16573
44617
67623
42197
87813
78406
71117
40903
64023
15681
85366
25506
34954
69128
20819
48017
17020
59524
1952
43652
86079
5888
71268
87623
41156
22819
70805
35851
90534
22890
41072
22187
18259
67851
51106
90985
29780
81447
23907
53799
89240
53297
25444
4100
90530
13315
10712
37325
96281
11723
80305
74885
68789
7068
39648
32345
82185
61079
91545
68277
81694
13627
84746
44283
97421
91320
5305
49904
67439
5425
38479
84421
33644
89196
4083
74798
18706
44327
89252
13098
35760
32999
83800
7375
18864
86519
19855
40610
64383
78040
21782
98523
89804
36080
68224
63768
79191
53754
22036
50832
25012
52038
92369
61495
46094
93931
40622
94507
59398
15478
85325
33855
4326
84005
14198
79515
98744
86832
29400
30760
48388
21626
43500
90470
67940
82571
84554
20276
46863
12092
65049
38771
9666
85440
62323
74492
33305
45664
237
37070
94520
11638
39861
85884
58023
13480
83265
63952
7434
27496
94018
56928
17132
33903
68337
7200
14595
82930
41595
8299
88746
60161
64448
49421
37766
46997
77930
42179
37294
94342
1234
84851
65106
58314
46260
31244
38151
92435
77047
45010
45649
43419
78321
58129
92635
64346
23762
74930
76111
96054
58889
35169
45172
71126
59594
46393
36123
25821
2944
32760
22293
48516
8227
63115
879
64145
88284
45176
74652
12159
17363
95647
33527
88698
3242
73626
77819
30738
49871
76049
53169
44443
71621
76442
1390
17761
76583
46895
34318
26289
5788
49328
97682
95402
96226
48445
17225
95878
76016
7644
46927
20849
88432
68219
37640
60598
9212
52481
96792
85089
97769
60165
6378
81714
27216
77585
96159
94023
66304
35593
62070
43735
48162
26396
44287
36931
13681
87183
34208
41588
94823
31231
62165
60475
62889
43964
60334
15973
6150
56069
67123
59618
55188
28295
89864
86146
97024
67114
65464
96592
27603
8442
44599
32818
57460
90262
67425
61949
24597
89292
41640
39136
22147
48689
17873
53879
14044
86786
86646
35232
77217
74160
43388
78126
30767
97189
83936
82690
98623
30446
95541
81203
96703
85514
21873
21358
93851
53273
27429
42425
35119
27406
14152
58377
32030
48369
98881
18261
85762
40369
78847
81889
27279
90343
23485
37640
27622
97206
29179
87037
99905
91574
49530
8202
41667
40778
43
55563
74369
12840
51695
27006
98345
31044
79971
34336
86210
7956
81057
92941
9151
90569
49662
95954
60652
25530
91153
50375
22538
81719
31781
42701
85190
71642
77833
47255
1426
63368
52559
57583
38361
67299
44805
40553
9937
57551
17464
37600
75986
83622
67135
53693
74037
81272
77409
25191
90705
29385
16570
7200
88777
69153
93476
92935
33873
41233
65719
89229
11889
48930
73058
55891
67512
26574
2093
65252
85182
50225
19
28327
38270
34185
70056
3176
24065
10417
51338
36008
32800
46561
48611
87555
3661
55756
91307
86919
53988
43326
17044
37315
98093
65953
58869
67651
32153
22563
66749
91189
88343
93837
83116
43223
46937
70262
3837
44256
40461
91874
66374
7454
4331
61952
47211
14027
98729
60526
46688
70232
9292
16414
46731
60383
22318
50431
75426
67594
5927
23358
88751
87595
57838
24710
24288
34147
85572
71500
702
9248
36379
17440
18765
27905
38494
98097
38319
54215
64890
17848
42838
28594
58695
38934
20719
44063
32289
50363
48929
41240
43052
94098
9779
8070
45455
43241
23640
69311
93255
60989
91634
91404
93489
90716
28704
21972
14180
36081
46128
14907
46094
52228
18252
4526
56240
59864
72556
91630
38530
53982
5240
50519
11735
91088
56283
47588
43095
71091
11956
38867
87062
75006
73981
40541
10303
97207
35463
78491
16074
86175
60638
89487
8528
8720
22572
38262
24678
99514
92803
61731
77216
22912
9803
17074
29252
24334
63416
60482
13752
10578
70444
98759
93753
76658
67666
99838
69809
38154
86909
80388
42717
45409
81828
17208
3945
30563
65603
74723
43785
68076
86301
92046
88537
61425
77257
75000
39880
36685
60881
50444
93810
27923
96436
84201
50685
22814
94006
73698
91505
64006
38073
97076
57434
16359
15544
35516
50610
49844
11331
36866
30027
42522
90194
55537
11236
32242
74410
99382
55497
56816
88685
21451
35681
15109
67469
92816
36756
35147
66948
17198
49076
21182
13157
76544
87317
30480
89192
41125
98996
12929
18889
95925
31731
14969
4988
25290
18609
30043
51234
48344
44736
11891
96371
6463
79460
22274
62458
53757
83573
12104
15590
46545
37477
35752
82593
42686
87729
84343
53671
65592
11272
9548
92621
78669
68623
48815
38031
59216
86965
54196
30437
20826
70720
88447
37290
17912
10377
71891
37272
76452
80428
90162
4017
12030
91130
50431
85562
35321
88551
27845
16485
86694
1047
73380
84116
2679
84832
98866
1192
28209
55100
55134
59214
40438
10026
21190
24237
52486
79343
60958
7991
46507
72844
1407
70932
15661
93754
58780
96452
74515
66515
88537
89878
89914
6851
64421
70603
61199
86562
50579
25054
65765
74997
65663
81669
62158
39524
2413
58689
98998
60691
39395
76999
55548
76916
36974
85943
75626
41642
32233
94549
16938
3437
70860
79433
17480
21355
61206
85717
51839
86133
79264
69748
65660
97446
47122
51099
40617
2829
94853
98094
58978
39616
69650
75975
275
92878
35973
15799
69577
67986
99942
46570
84802
21878
76725
70172
41314
54699
14981
68667
48703
46539
74388
34847
59473
22299
60822
33886
17750
11509
55430
2401
16295
24157
59100
67160
78058
97193
65845
74126
83616
49100
31002
60211
86367
71182
27755
4221
71814
84292
31840
99451
3240
91877
80503
11010
76424
370
90392
80608
30569
36738
98539
21511
6756
27616
86246
18408
32131
63103
38652
86927
57239
51742
84592
39571
62777
24096
61530
83204
55577
65769
17808
56941
97778
80254
4871
94347
223
97298
59896
19127
41211
45029
9164
87519
62848
42004
60238
16252
73119
59793
43052
58637
15518
26312
32534
27581
84845
19518
59909
16980
76418
43079
55248
59751
22695
98159
24913
44683
47999
57121
63754
63648
98634
89546
6507
31189
78652
75689
43063
54603
47634
51272
49423
81083
12130
33574
54692
5412
16963
45384
82391
60857
87094
40064
48019
29061
37561
27408
76663
60776
91003
38667
12843
33348
44619
88757
19539
82328
45577
90281
59892
52475
37807
93643
63852
65695
73051
39465
10237
24683
23972
71673
78075
18043
18574
41215
55519
90020
64659
97752
47594
4393
85477
63713
55452
21269
96084
12750
72437
85569
33697
50184
93719
59575
14735
49633
1676
97023
27236
11937
75591
48788
43892
33327
27462
43903
18182
16211
56488
98673
33721
77083
27543
22296
28268
7473
51335
96747
93947
1086
26995
24171
6068
44040
61052
70985
92419
26415
79576
65168
50285
85382
64855
37027
67885
53851
79862
25069
48911
8287
37472
32051
27846
92214
95602
63546
58846
71363
41091
76263
34325
6929
17409
18768
96095
39352
88781
61493
79190
83185
9029
16514
29188
57289
66078
89479
64108
54586
50123
37570
25904
10656
9877
88179
69852
27732
87996
34752
9811
28166
6657
45176
72119
34573
63603
45443
2453
49169
10924
21560
68753
22069
47101
22378
87456
98473
82988
61078
64525
36903
71197
52540
62982
99497
73922
33076
73063
36179
74714
81889
38556
84880
36142
43672
22142
529
83511
4819
24605
92495
58157
63905
45742
80767
83686
98425
69654
72864
34683
61094
51286
21850
53592
60457
46399
75503
79122
72157
62059
78971
70322
78401
27991
99389
5326
43517
5304
59393
26444
51634
48640
53333
25400
57498
46084
79682
52027
60813
94649
76677
8520
60900
94158
79194
89411
84059
71042
86740
87130
62356
72871
91785
36589
14325
71965
56649
8305
50414
28003
43821
68612
1326
50779
84468
35366
91950
17709
50264
29099
46663
76222
74159
25582
73962
5052
74430
72397
60605
61020
13023
32246
1798
41623
96746
891
26182
99279
26214
3713
99314
13067
75679
1577
94095
35599
69906
3856
19255
78817
92603
35180
19592
83817
48424
51912
57319
29683
83661
41578
12111
91386
96473
53967
83221
41704
14499
95096
83109
2808
68685
64867
80495
61909
79015
88999
11458
97581
28897
44197
40309
83076
6589
22602
72671
83864
5274
57904
57024
43210
82759
60785
55043
72434
47281
91756
62315
8527
41084
45823
71741
58691
23783
6630
91135
74465
20909
63635
84249
61924
77065
5500
13608
4495
16682
5067
53970
41533
68518
29181
35555
67769
1995
94955
90011
14937
90740
1041
91829
74988
26883
40025
75739
17910
47519
27260
32593
46670
71904
72421
24587
31711
76032
53840
28537
56531
15654
64200
84843
23623
48680
93554
6201
38596
14616
23893
20400
33654
83455
96403
68742
61311
14845
9587
2858
65397
34166
43900
83674
57251
30024
31935
72275
84979
7075
75144
76880
58384
8622
42419
30222
2965
46543
73669
64158
20938
46034
20397
45792
75434
79398
5462
5218
75984
98338
64198
95490
92277
72466
54582
54429
18265
37048
49112
58036
42760
6530
84811
69865
9912
86678
18963
89816
51247
70555
42523
29512
26585
19868
16525
92438
46593
12275
71340
43870
60545
53441
92286
98830
25900
30762
70148
42151
2888
40535
17613
42863
97236
26869
38778
27822
23183
96606
69670
41730
38932
76151
60359
64423
37670
94146
91016
33928
45978
40451
57407
68020
41860
93658
84386
47116
89562
75441
93809
63885
97778
29333
80954
7367
16073
23683
65955
26212
17971
80739
82950
34912
30762
40408
1849
91302
56004
23084
32972
31583
27831
51925
73428
5908
97118
32676
85818
32630
17298
45911
44875
96585
62451
78637
78978
88861
34329
39375
8813
13844
54857
73700
98891
66896
58026
68687
76180
52968
36634
11353
49827
73977
85238
70575
72095
69077
6859
3329
30612
43494
82429
88672
67820
96483
26589
79540
60839
32240
44743
79592
96132
77348
92223
52996
24391
63264
7414
85447
35574
37355
36834
33121
51022
72490
2333
3894
39041
34145
83464
51021
53522
9827
10987
1399
29058
23626
9892
90078
69122
91499
72230
46989
6358
42428
76286
17027
12399
36130
41358
30345
33620
93358
38047
72742
79678
61630
36266
19251
46108
51092
90332
32062
40775
95916
20458
68428
59535
77237
99723
29807
67072
67254
32958
34593
90871
95897
18819
94804
35785
40643
17338
90434
13331
71957
21931
445
1706
40843
98847
32362
67220
27703
26633
6066
10503
28429
57150
20988
19820
68511
76118
15235
57642
20213
50374
86263
8275
19795
92522
59612
3521
97779
23942
63340
60432
94669
87914
76083
56033
73441
41903
42054
80977
16639
79305
81944
11362
33182
84072
77663
25552
75655
35617
2870
70266
67865
67675
20711
43492
66425
31850
77306
18953
16798
46802
73987
31049
94382
17373
14111
23386
12776
42652
25545
39057
67310
12507
1009
59284
68898
8608
36336
82796
43751
53690
88780
33831
47393
80292
90461
248
122
13137
44988
80362
6076
84411
32922
38169
5668
25759
57216
78257
25526
27822
35690
61343
42019
65084
68740
65836
28106
95965
2394
62996
65912
21720
80559
41261
34818
50454
36000
42745
35549
3483
34855
23409
65559
47723
28147
68335
8322
11415
11847
82213
14127
83607
32971
90461
66134
92395
7526
57603
84800
43351
56388
87061
62181
88943
26987
23420
98745
37175
99972
34698
13363
91165
96553
39502
8646
9296
63328
73904
34200
65948
77597
19110
79836
68421
24993
70469
22154
94533
41973
85808
65375
86269
9382
29513
14761
6089
18196
73778
71374
70653
15924
45622
99710
8255
79954
87415
13549
68966
92770
91362
48940
49413
96138
80305
11215
63903
38004
15577
91643
31540
73954
36882
87148
94630
31616
61798
84305
50700
99601
5185
60514
78607
30496
51263
30159
806
87960
98150
37148
39618
37900
67329
46702
20538
68136
76088
70440
84899
26375
93962
78227
53999
28506
86493
69332
7443
18377
30702
60320
93158
36627
41822
8811
98969
26682
61364
14940
36164
81344
61512
40737
91273
61457
27419
78809
61844
14309
12592
4396
56670
24692
49739
36060
38617
68537
39779
68105
17760
30024
24658
53789
24826
71145
43733
47669
40106
3127
41113
15970
31989
64974
46606
67436
51304
760
94133
50091
83401
75816
48007
17873
69387
13365
12664
80181
15848
39911
76401
32026
51409
27246
3472
52880
5134
48715
69634
51580
75126
67224
17562
89616
81309
97736
91963
14345
52402
11667
28054
77157
25499
23978
7324
40859
76427
9418
49146
10265
91245
44842
28581
80477
21481
45311
20534
25977
20273
58193
21368
80975
68431
96383
2146
63163
536
71
41436
61850
46643
23954
48089
32820
30339
55182
83964
51876
99804
14880
54894
58474
33626
33478
88726
75650
9888
1590
83333
50628
78374
69112
48573
90801
12147
18109
85243
90397
96446
52873
21410
53073
54951
52411
17002
48514
90261
33327
78247
25997
11711
53630
42186
58936
72591
8525
54792
3897
38267
91516
53990
40265
25865
34090
9163
23286
24227
51383
11326
25989
7930
23171
56500
94848
5550
89145
26334
29275
75615
27237
94315
44353
7335
68348
22602
92593
58670
86412
77581
13224
31645
66836
68665
83697
3533
3421
31965
88793
38982
21905
69526
42678
98038
42463
21601
49829
33538
67251
41489
28701
40228
3661
91221
277
11263
88777
6914
16076
20204
65634
56764
30445
36963
85252
31022
55648
30297
30371
43864
88802
61877
92680
54141
86096
38678
85680
24374
98197
43998
43608
77677
21936
4228
2242
68729
44268
40273
27822
84836
80602
36584
55080
28769
23958
96296
45200
34424
596
48744
62905
46530
72778
36090
44948
49041
26943
87754
92765
76588
82323
50135
337
1909
71638
74127
42662
91962
62260
42894
31325
14757
11260
51437
85505
65819
88791
17337
92971
60173
30647
34583
4298
44594
35805
47255
23283
70506
48679
69579
97394
43692
24875
20538
74033
96736
60342
81827
46507
3933
95945
37871
86500
4295
95784
74799
25266
3122
91475
92099
65803
67072
73690
95999
85287
40527
41066
63966
42357
66206
75201
72679
61566
9237
23930
91066
13162
46197
36305
93397
67649
55881
40606
21304
10203
95362
39774
93978
51050
24511
11377
53913
16291
79833
50698
44780
34111
85559
60443
99121
36754
64716
60119
41012
96730
46965
28548
74502
51333
6757
84802
588
45767
67815
88933
88433
33485
20270
90816
75716
1631
74999
43824
28195
33218
48800
17084
62105
92790
18831
40262
66292
17837
32253
51890
47792
2422
99143
84577
23136
98315
98536
89103
36564
73356
2277
49448
67393
44621
43744
14077
34469
51249
13101
78242
85373
78904
78362
86824
62918
32942
90593
49985
45018
22779
6302
43581
445
51916
73335
5717
5358
94334
54193
12545
63810
18747
4106
21865
94351
45203
7385
99758
64721
80727
12647
98571
2604
96864
84420
82404
36406
2851
10400
89589
820
30043
3364
51188
85877
78361
51990
85531
97662
37852
82477
47066
24500
65140
50503
35749
40991
77596
12043
19896
42317
4432
1621
83736
6142
16371
63404
69338
30917
72661
99491
24915
30902
84376
15679
73332
77857
97766
87775
84814
56958
31649
58449
88909
69318
87876
7010
35752
96425
53745
87090
86984
38375
97334
13031
4246
86477
21846
22942
93530
57237
54359
44199
42374
32991
2000
75758
93470
87676
58141
1362
1665
20321
95241
99494
32648
45095
50694
53689
18473
80666
62857
42040
46499
87804
44342
43312
66132
71577
93466
36035
3407
15695
40084
48800
93359
88448
76820
3485
92014
27704
15860
35329
8122
25580
47435
6237
66593
70482
68022
91031
12597
29892
79441
73756
23579
94375
67809
12852
32054
23883
31206
13306
85920
27522
13515
93677
32135
27895
88290
4269
93186
12776
82035
90179
33556
24584
77937
15754
56478
24970
163
45056
47616
96774
7784
17247
54866
68648
98090
67402
21021
88180
2211
38836
4357
76326
54405
5306
47341
8550
67031
11390
88234
11683
91886
43520
83593
51098
6282
78014
33640
35501
41183
43354
33876
37422
26865
39012
24689
93582
85491
2085
61083
99535
41613
59150
41560
82893
16171
42592
56988
64208
69025
33408
4314
97866
44424
95418
46817
53263
12777
15117
11163
67294
6015
90913
97752
6224
67717
16131
34777
71019
83021
68743
45566
76056
66946
37349
51365
88199
56698
63071
51400
58966
14258
20285
72794
96216
52563
98765
56078
30760
65489
37463
34961
49135
19435
99273
52220
56713
16229
5826
58202
70504
96326
34013
63015
34550
39222
31844
27119
47062
277
98990
38951
8074
83146
62098
11341
15281
35271
27207
55229
32197
17763
17382
89596
88925
59052
12909
65305
10680
82310
40360
62201
61962
68
94321
62421
51590
77809
31650
29966
58827
83186
42319
44649
5665
82595
90863
71962
26034
85990
81406
78639
62409
59066
50240
11061
95485
81936
9890
78307
3316
17236
19705
75481
74518
90126
78635
63629
67936
26285
92182
20526
80470
13981
45902
67598
46033
67041
26353
58597
82591
98716
29046
26341
7942
97124
82569
94766
52801
69265
95179
3869
43100
47023
67422
53681
97946
36330
38538
84467
33106
53386
11255
13585
69862
40865
79454
85840
10406
23303
50694
554
63311
63867
47491
68100
1252
80842
57042
58617
21298
15381
64663
1353
35130
35660
50961
77597
58158
9500
65543
6085
75740
64677
65534
71155
84457
7611
42043
37335
57875
87214
32537
25678
1807
69933
7256
82961
20892
79768
68819
15430
93368
51046
82602
29207
49174
42643
10880
93088
20746
53744
65191
2069
4169
21754
75558
77788
89868
66373
60515
55104
62142
84305
9267
31865
47228
23321
43050
66570
84235
88891
26006
95574
28288
29462
8572
58267
76930
78207
11961
17064
47774
79369
26947
98631
75451
19807
59735
63103
79017
2452
97947
26437
69439
46980
10341
65160
54351
13165
78487
66501
24709
56728
51583
694
91352
36618
21949
32094
56437
86583
44303
16152
72135
23983
88664
64469
99107
30273
87540
24934
23255
33973
98458
73474
13391
48682
39020
36736
5851
91330
94748
16280
23104
50862
36555
2028
29532
87295
19851
35176
75377
92022
38756
43146
44683
32529
21256
70107
56320
330
54527
51964
77531
18342
98415
66452
11366
85762
96162
54649
23301
3483
82849
50295
76183
99616
15919
33888
11265
80469
74439
40061
48277
35874
38883
37119
22647
91831
10871
28083
74815
2399
31631
30812
69138
19455
11621
3183
76804
87579
89549
59076
21859
92514
1261
97089
71462
62575
55632
78105
13635
39244
32533
49850
57604
57581
76673
69917
48270
71539
86464
41821
54431
61463
65156
38538
71304
84724
77891
86563
19257
73054
8011
58774
61079
58331
65036
22107
8946
58744
83687
78592
73834
61961
75415
37018
9784
66318
85045
91274
77684
98987
74602
60144
87339
19907
36976
61552
24777
20916
81941
26318
67576
51997
86458
6045
68113
1241
14753
35701
475
91554
59429
48116
70550
65433
65508
86579
76979
95632
93588
74118
19835
42078
40101
45966
37254
97447
52515
63323
12197
28904
30307
44359
30130
60231
63911
70126
86150
79456
50189
73101
46080
29451
3492
1866
73000
80258
14818
47503
27671
42874
57170
13411
18571
25352
38032
29994
14679
6263
67535
58337
52465
63751
26709
81917
5362
62381
81975
84678
77920
8568
95368
19137
35092
65855
22537
80582
54038
60174
51923
12592
18486
17135
27625
27590
9870
18709
47203
12341
35654
27997
6542
81607
63137
68638
5492
8493
82752
57283
86373
89871
13357
92915
51197
48171
59597
39941
14584
54706
78362
76323
31942
29648
82454
63595
9012
29587
55077
16041
29442
57067
13805
87333
84593
93634
73540
38906
15966
66182
30188
11876
44307
21270
54572
43529
84232
27649
64669
64603
74728
23315
61335
49727
4957
26703
85333
92988
28014
29203
90768
81044
34503
26914
39260
83523
41313
46128
73538
85211
69671
44499
31363
10340
51393
56156
93998
36520
1523
64040
92530
34856
79154
82771
61584
14062
30651
5046
74310
22643
78139
97184
58339
57823
74696
74803
91281
40363
97663
5966
8424
67247
25695
24377
66292
85523
28495
43821
67782
17347
51277
5766
95676
79758
90244
38740
47905
84749
88483
90184
92733
55179
3046
7298
95361
35567
56078
69740
13129
22173
39549
78673
26381
82306
22938
66796
53321
30869
91391
55682
20680
5920
18319
32518
74597
62872
84522
10976
84158
30816
78535
59154
62827
42465
24842
21160
27593
6880
93348
95665
177
4174
94253
70406
2727
53911
45665
7873
80404
35173
22436
43467
17173
90136
98175
18751
48481
77654
49342
50262
9032
89537
73635
40282
72883
94568
95801
51445
94717
76482
39747
86637
61856
684
66424
10187
63442
76259
5396
41597
36059
94271
62741
58156
51639
46355
14410
63232
42668
47249
92141
15656
32706
36021
42630
12173
29979
22697
4384
43207
8635
72688
87180
19054
73477
16515
69841
26380
73953
56168
83774
60178
16072
17979
90237
90792
81548
18101
69310
11071
23415
42761
91971
63419
5825
90006
5764
15932
20504
39491
25161
28148
64317
30781
75060
64589
1471
44017
96972
87747
46201
26585
12957
73336
56932
86351
92268
59402
52851
22536
68660
13237
728
76554
75743
58447
56556
89491
88968
20271
98929
71431
14833
35116
48221
31903
26977
36192
27734
91471
49827
9304
32616
65994
58210
53573
2358
7124
78284
260
5927
61903
67263
32053
74171
53012
74838
47049
96321
97549
1046
23354
20861
54334
34719
90135
21714
65614
27372
45311
44352
47204
59787
1477
10100
36361
67768
62809
77706
23247
82585
15089
42557
14653
2478
33438
77391
19764
93722
2516
87933
29777
6825
70467
43189
47452
27604
40025
60731
57560
83762
49683
79395
52083
89954
75409
41402
20886
94349
70741
98846
29585
78745
67441
28721
73605
61077
83479
66122
29588
75037
25630
88592
36893
28545
39574
23542
57577
48336
6776
48220
28064
1089
83463
58806
79821
54085
35598
51048
48142
23455
27541
63958
54527
3597
1569
47149
37030
60417
52943
78093
26107
35170
36495
94293
26094
5005
32266
26208
15767
31448
53102
80767
48286
83824
60364
16384
22635
5017
23298
54858
45032
81888
62814
52066
97482
75595
94043
66311
83335
46468
21480
32155
27346
4618
74107
36842
25730
46417
42627
9246
66541
44079
96091
98911
29262
90070
37358
19528
3019
81157
97908
68813
83715
28153
70220
29571
49619
26655
99345
34817
64150
40553
95147
46833
96792
13661
8811
70264
9611
55363
23650
92376
19428
68280
41893
81702
40596
45116
69729
55774
98405
66582
33595
59067
88466
63428
39879
272
56398
16769
6439
67262
66541
5828
79190
44319
32525
62582
98137
31617
91758
52367
5622
99659
8957
28922
73498
36086
48261
77831
48374
75734
33459
27316
68088
97847
67201
40355
87182
33657
26232
88122
76712
24869
32740
17549
68133
35107
30992
73491
53064
36126
12962
34596
92030
83661
89971
32669
91358
48990
27964
89223
37410
32653
56587
20880
83883
53603
17266
27377
40948
23960
82938
51269
43657
10031
13027
5613
43364
62633
15668
18017
21388
33545
61012
51121
46022
24106
73956
62252
12650
31926
28312
98650
5749
70068
75653
3299
313
5414
58995
26291
35529
65391
82140
46258
85674
6714
26934
21628
98130
85978
69762
5140
88452
18924
21939
31867
81292
14185
69237
73804
97123
71879
20988
17751
75982
73688
12023
67017
72230
86589
1230
19055
86232
86780
65623
45338
79972
67909
45962
46841
43224
50869
56438
20308
5777
5648
92952
28809
69793
83341
33997
29301
32492
84370
40217
58324
20426
45299
87866
32851
63938
50517
54355
98241
63491
92668
69989
89147
25354
64300
38825
98109
78042
2437
15363
82235
39099
55711
18985
76067
90044
59774
90482
8240
53850
95449
87016
22813
60301
39643
43208
38545
95460
8006
4189
64947
28331
75718
78648
32700
1060
1707
28689
81272
69105
79876
63387
23667
16233
49107
58643
92826
54741
70919
35293
24186
61430
48898
51079
75593
8164
81704
27124
10824
56025
76861
89769
5349
85071
46788
97523
25715
78090
34619
50663
9483
69455
57742
9057
83407
97534
84281
10535
75705
92
85643
23160
43518
42155
53603
36439
99609
20690
5884
66661
67796
44280
19234
96357
54693
20457
80179
65156
53914
27622
80230
73295
40042
85312
91996
61388
65760
84190
33933
58017
38818
62014
31047
29251
69767
72848
58044
33869
14376
60580
75795
56701
68082
34794
13778
643
84949
71461
54362
49250
48759
99499
18281
40006
9786
38066
51663
60957
84444
50786
67664
18496
24550
43724
78842
91644
34606
11141
49024
42060
36924
80211
86990
63682
10094
83120
67598
78386
71633
49331
76043
44616
19346
1198
41866
87438
49642
29960
47508
85640
81295
54048
14989
94244
27479
86240
48327
38485
14538
45364
55535
86979
72012
35776
15712
86390
40498
96471
79747
9592
6212
90535
33036
93394
85123
73041
76198
59682
79699
24460
63581
72043
6340
34551
12448
30718
52597
64456
70022
38299
98662
78285
56098
55513
66960
29614
85542
95291
96603
93827
36421
10249
27821
69507
10918
25320
67654
21589
27909
51209
53555
33067
79411
55738
56271
36966
43613
27544
37939
23529
80429
39537
93276
60456
89952
6839
36119
95317
34385
48941
52551
85664
85215
56061
58090
48039
21526
61349
73209
38462
27688
83261
31078
39257
36356
87628
82844
6043
41714
33482
80009
10476
47149
36841
79252
95397
85532
91542
18551
46410
91972
47786
94870
44609
1591
50406
28711
10878
4122
27145
43725
7819
98347
40100
2968
54541
46858
59190
79676
12538
63786
58332
92440
30217
13428
66426
78285
45451
82468
86977
46096
56791
2598
24557
26463
18511
73559
59632
90977
23627
50509
36638
68559
39785
76597
47102
33562
42873
69795
92777
19796
82166
6069
36557
54506
66067
67758
51047
39501
9177
63377
43889
38811
15594
16451
48271
94798
21973
3254
8192
78619
5317
92331
43189
46598
52163
25053
17818
26859
98367
34461
73516
45669
72765
47291
9447
92732
92545
35220
83205
78967
17763
71092
56665
93635
48112
20131
74587
62698
90590
60253
43806
5963
18922
83660
29715
17700
33613
9981
99031
21958
3648
58657
57145
90915
84467
51843
82288
62074
19602
12464
24588
28564
71582
57819
2964
3642
11870
53118
42836
10559
21811
52593
29919
90613
7021
79757
56601
31231
53805
81882
72003
35319
44385
49384
16197
10228
15917
62031
8170
24461
43871
99357
38443
93193
57648
73526
80816
44614
68157
2148
41399
64747
62937
64826
61765
5866
91551
64510
70720
51024
55229
9510
14729
73717
74381
62939
35498
92612
55680
88396
6285
72364
62065
25917
29831
87224
42633
87352
13989
72704
34686
90593
6130
33171
20511
98054
47676
82325
65500
24583
65018
24145
70996
38392
89634
36369
45147
20817
32337
75772
98964
6210
62274
12301
49567
97231
91023
53521
20781
41268
84182
28385
77467
36490
58030
12461
48448
49726
14306
99202
41891
72681
51978
44189
36667
60596
29385
895
68316
8784
49754
68763
12759
14706
53861
66918
58060
35227
12550
24669
99652
10653
51558
38447
2071
96465
73803
39920
27917
43560
63512
31213
51520
79904
25407
10836
94748
34638
93877
10001
20898
1957
81620
38518
5601
82365
2264
88720
7900
4039
61183
22306
37475
30491
23882
22283
10999
71268
34072
488
88624
45482
50929
26630
273
49258
38464
19433
59924
10870
65548
44566
70221
90113
32533
16849
2691
59358
35036
19713
36036
42140
93089
89750
44056
42038
18461
37842
70235
79913
50160
77317
5425
14015
25771
4317
1695
17403
17178
63117
13548
46800
52688
852
69795
67561
77158
97799
83234
41860
77360
67831
13076
38504
86017
38664
13310
814
78311
61726
21376
75824
28093
81094
35791
58379
94168
61367
96303
76531
85629
3843
36202
72517
2663
84128
43290
55871
21069
18185
18308
64999
21926
33181
79407
79031
92792
89311
10223
98461
18042
33840
86626
95648
4661
35523
67989
41810
13663
60304
3354
28251
26914
56246
97308
89967
38619
80846
94990
96956
37566
95571
92453
22528
74166
17619
76617
84250
90860
80310
60012
65162
11463
24547
7997
8837
60494
75671
44511
34578
77196
39127
30322
31704
37227
5864
26225
66832
90493
36909
12413
25081
855
92219
12730
39279
6014
71404
8389
29042
94249
89815
46923
99102
77511
93631
77166
32180
78083
93430
97363
82991
26862
54739
6794
42258
34119
13015
94366
47300
82723
50473
34401
72102
87359
51122
17541
70017
56169
43540
58048
48545
62715
97974
93557
21210
37901
41493
18803
73810
2106
44610
53074
7183
38235
56993
44840
80088
70225
27695
45625
34815
82790
50795
54129
2656
21978
25235
90787
57979
9149
1266
1102
96973
63843
73739
55353
44013
51985
33558
89871
60540
1514
65361
50465
307
6343
81562
49963
86188
86349
98156
25484
40477
76428
20055
34048
10308
59719
55600
98519
93465
70285
15168
37593
85819
8559
89620
41703
1213
86592
96082
95379
10117
98137
38814
34851
38494
17385
34424
56694
58098
59821
72692
61447
252
12322
70370
83345
44711
36744
61739
43142
63790
64518
63886
97042
67584
74966
45436
92176
82666
9695
21889
5821
7326
67627
77807
64825
34515
73056
59674
47760
38437
14763
26666
14308
16379
55588
26492
47524
53543
46074
91262
35063
39511
34816
80731
40291
73916
47358
80678
55527
65552
53261
35829
91882
86525
56511
96720
94767
61068
6844
49400
99477
80493
57092
29872
616
37656
30819
80121
89998
25635
10723
412
96648
30169
95521
57703
27559
47972
85654
97455
97450
26751
56185
25529
78120
21861
26919
78608
25049
55795
71680
521
36981
50401
53090
85641
73604
65287
29403
21701
94001
78664
64427
60221
1361
87568
28360
19595
26118
2986
51673
15593
97733
27671
44813
61434
80193
64070
83920
77121
9554
26358
37696
19968
20046
75445
74591
14320
77146
8888
80320
85124
82415
70711
38201
85280
1109
92747
52925
83675
69280
78704
49657
90017
5213
15746
77754
1957
25379
9150
57325
38957
89179
68847
82985
941
6014
92667
86474
15181
18483
74233
52794
31921
1410
85466
83166
9236
1804
59552
85088
23101
96847
58169
42935
42613
68014
9876
63382
77983
8215
30825
49936
47554
89503
91855
39794
63725
19516
53794
45417
62303
50433
78266
89295
59718
53663
57773
33118
71628
86523
30958
44787
60810
76819
3178
68156
82144
20608
18665
3158
92400
73774
94344
90062
45389
71058
17408
51693
39099
82502
5224
70108
546
8861
67299
97620
61815
49350
42781
23451
66387
18269
27047
22632
76203
14727
92639
21078
28687
23562
63490
86402
71379
59146
71120
51102
75899
77093
56757
37186
48628
20725
98044
74075
3869
37038
18479
46047
88335
11268
20079
62350
18014
60487
24223
25554
71932
93687
53555
29601
37694
80009
81990
23247
81663
50887
1810
94160
61957
55986
84455
6873
15745
82074
20932
36910
37131
12716
21646
6866
63763
83418
81839
4385
90663
48413
14849
63740
96277
87675
56666
77605
54127
78620
32309
3912
10036
31808
76016
3045
24687
31408
71452
47215
52043
734
43775
35898
74352
98916
5035
25785
80876
67462
299
74070
62059
75989
39420
40812
71763
88113
89270
95867
24393
83300
42089
87184
79543
684
22813
12130
36924
135
21729
88625
80569
5898
56134
10982
56320
72881
11328
80526
81547
47249
84056
54645
89579
91117
15689
27049
95744
1210
11758
60130
11068
43999
29458
31882
96081
62665
12502
36487
28222
30157
43083
5379
58878
31323
50233
20213
84092
95809
51539
24796
14880
73770
76469
82681
32743
98690
48054
88564
73524
36393
40104
80889
98571
69660
12726
29860
38451
9356
63044
1616
15095
57683
71240
21001
32003
5206
46398
82692
92928
30961
71500
17693
44113
10443
38689
24261
57668
36940
71387
11132
86987
21009
26532
82979
80527
39484
16471
75908
96419
60503
42984
72332
98100
35489
67073
31439
97280
52293
36653
83686
84070
51
59594
22033
92901
22867
16302
5549
88881
80338
75768
91996
98362
94627
28391
64644
9002
22858
16837
88304
19280
92548
15937
96394
62511
55151
20825
22615
17037
11077
38149
74382
54253
99888
46634
567
20029
41739
96096
43296
69567
60142
96736
57901
62399
58509
19449
24364
33988
9393
32972
90036
99052
2418
76949
37440
58612
8817
2834
19651
28494
75185
69038
27142
4723
89789
2461
85811
11045
36469
27190
98358
82054
70037
86686
97461
77503
62545
33838
43740
88900
65923
44458
19370
47399
31491
81644
49796
45472
50014
35122
82255
5315
19427
34453
67629
23141
26053
5311
89987
84633
53344
7002
95699
75291
13547
58778
11135
97102
60301
5583
90501
66108
63371
26457
95184
82346
52330
86627
75444
24665
85707
87851
1089
94505
86798
61206
37624
2721
31395
40773
97488
82111
85300
9381
94731
23885
42644
3567
24184
16807
83523
92870
66169
17402
34244
20611
61648
20604
91421
15633
28945
88307
44648
18874
38052
73564
17928
29147
19246
76781
42095
28897
36130
82053
89315
65634
18220
25869
14363
50479
9813
81105
1686
79655
24530
25398
96726
53580
95130
51888
59321
33542
74768
44308
54260
34103
10188
7816
60381
61163
32036
56491
84671
19166
1582
11852
27816
90637
78873
90297
2523
14909
87578
14751
35812
31737
8447
34881
21559
64328
30449
91086
92601
16711
94429
16720
60034
44609
74626
4314
88285
59761
59282
54520
58510
21253
23825
83660
14870
15528
64793
14953
12159
7925
29000
72667
22952
59745
1203
1189
34589
74939
91853
14625
39408
32519
7366
46006
99402
51450
22754
25089
21570
87392
2018
13836
66981
85162
61056
61350
11313
89513
9236
86552
70721
10323
76183
66017
43515
32508
16633
16210
50303
56911
99256
61377
28696
78683
92379
31070
91285
55642
29383
56617
90374
19049
41256
78408
47492
28808
85089
238
96902
6224
76475
76184
81985
74319
19854
31755
10544
25427
36552
77356
23786
99851
83049
43040
73931
83036
87133
40162
24694
50243
28588
98098
85191
24586
16514
27676
68290
41371
91544
51070
75109
40373
23197
43844
62462
77429
18914
98646
1696
5564
74080
23337
3119
36985
15236
16543
1755
35145
82133
48493
75266
15755
53185
29238
35445
84920
92883
4976
18081
18403
10180
2115
33478
58877
71344
67554
22455
24992
87569
60688
97164
80087
71969
46127
10338
17672
70813
70586
29004
93012
62340
23130
22062
15644
24922
23264
18164
60224
80279
24817
45409
93708
19584
61876
19728
