98128
49357
93033
95109
67670
23324
51549
65192
727
10853
31262
86877
92521
47632
77362
6129
81064
13782
64433
41871
54431
7775
15681
95906
77569
42187
97708
68911
88488
62070
71948
54790
19340
13043
19230
88559
46627
21624
27443
60141
46250
17446
42793
25960
18419
86755
34139
34756
73709
25690
87564
20070
56781
3929
66900
41490
20070
10979
70301
50731
33059
21507
76548
73867
74292
57518
80579
93885
63287
39786
26634
35609
99537
20359
41849
87246
64706
95355
60449
16111
79629
51432
62353
51577
7223
64130
71162
70295
49771
71569
68466
7039
14508
7524
48316
31496
30673
51479
65450
97268
15801
27109
28679
91913
87837
1383
82641
66647
87482
18656
96565
74168
62944
55251
37710
52150
88797
10134
6556
91663
80681
23417
91822
62993
60129
10103
59304
77577
51256
90488
77676
19812
9714
84150
4666
17290
84417
73770
42563
51317
68358
7574
9241
40108
7993
22687
43307
55085
11703
60241
35644
76073
16450
70635
72707
27250
35729
53848
47800
34654
69187
50833
23047
23279
26395
63265
4033
70257
51087
47988
559
94423
29796
81059
70458
7369
89124
54113
13368
8776
28842
9878
40065
97820
84389
36939
17940
17633
73419
57459
15762
4264
48402
1715
67056
46996
80883
36091
87709
49243
23425
42241
46277
32496
86588
51742
55446
65844
97782
61373
22586
3227
66283
51032
82132
5510
39074
44310
13452
20423
86232
18773
87039
5810
24865
5005
23836
65564
21965
68460
69210
13803
36185
46696
39485
11784
18690
23803
94695
49496
11035
31610
45591
80649
52889
41923
33738
58633
10149
92658
6038
52890
47573
45554
81873
70985
88386
93487
40556
65700
70031
6669
48288
5478
14411
58782
93517
24045
46407
76047
90715
90571
9917
81697
41956
94901
21316
98239
62555
35539
93913
15603
12311
74632
97538
6746
28153
62504
38936
27780
97501
78283
71790
46565
79704
24638
51351
66004
79584
45614
74387
29331
96641
8048
23764
77434
40905
55273
8137
37691
75401
70859
15281
66923
23932
43511
5103
17836
32739
36051
59880
67093
84143
66906
34409
44285
51247
76539
29132
95831
63814
50423
25938
88405
66403
73247
93599
15713
47104
8833
63498
3182
97722
33966
16859
79057
48295
72555
69175
58712
55429
57478
35219
4995
97481
58358
44389
31864
51919
17451
98444
77643
60387
60076
22850
10963
19439
55937
28570
17491
76710
64459
60526
89616
63789
18831
41763
72916
50791
88740
39651
47871
28789
28869
38993
69856
98261
43572
3606
85096
47730
39779
62528
28629
14359
71212
51876
70435
42052
17999
20039
63871
63045
77647
79157
43662
3041
50792
65467
7801
67538
82220
33474
55537
25763
97268
98082
37097
8285
34331
62815
34925
22852
55824
75109
60824
22708
75706
45038
15390
41750
45186
48233
8506
2809
85219
6607
78677
85667
26027
17337
26731
74212
41410
45878
24064
2235
134
79424
6081
89039
81782
49265
86785
24191
14117
80088
16280
8033
6254
44569
90275
10622
740
30465
43607
72234
87752
90757
97268
68539
47393
28061
89508
89825
47304
99353
29066
13164
68049
3587
56718
30067
30448
57464
29627
22709
2898
80361
27282
90307
3317
27806
72127
18583
85623
63631
17537
47565
22555
45104
16679
71156
89144
128
47482
50886
80526
17759
77173
99072
75106
69443
90843
88559
41861
39118
90767
88831
55883
31356
37617
64810
13566
80181
13121
26406
51889
23619
8112
89326
62658
50821
25944
99406
27657
13118
89628
18637
46477
90222
64570
81586
2321
38354
46300
56095
89466
71810
62127
56450
96650
66534
74050
1483
30494
81547
72990
61302
8538
95746
96981
40636
45351
4265
13439
59246
7316
59684
82605
71080
54776
73664
67022
58034
47317
92184
55108
14135
9390
79033
18529
21788
22947
9130
81644
1626
57693
53922
79173
75453
65831
38727
97700
46864
34823
73761
23694
30546
56777
5688
52276
22821
4325
63800
54035
16231
90136
71545
45953
13299
76173
96948
57192
75132
23927
14194
84600
5801
81337
11805
99718
99870
25909
12289
65902
82462
33787
87329
81623
23878
80272
73101
18445
39049
4302
68179
99764
65601
16077
97107
30122
5207
5368
9588
14519
35816
25113
31780
11393
90970
80775
71818
33019
77560
32301
78275
22246
72386
90197
72289
89374
82930
80544
50366
94714
1362
56588
50283
12813
58171
96822
60431
76560
97752
98068
82892
85478
84332
12353
84594
65893
95976
79359
63779
32794
81900
37771
86503
71237
85830
94809
57775
87139
71410
48329
32290
75534
5879
58129
72732
91134
53825
80038
4720
51017
71542
8670
15629
45566
32010
85662
24985
68487
59759
59334
27800
16847
60533
7266
91199
95135
88415
29357
17178
57039
67184
43390
92399
29705
51869
54030
43160
74165
95045
98659
36393
28664
3935
14687
41336
48907
39217
93950
43686
66787
6614
61276
11950
82591
22813
94860
99098
90538
29781
4227
6905
80495
8530
97088
522
58143
80632
62134
98784
35224
21488
2034
23206
44968
32260
68331
37260
14017
3252
47179
23260
98763
23807
14397
25651
20737
20155
97520
45951
78012
72278
65623
70723
82429
31801
83590
10552
26488
66313
97746
28064
24674
5599
56305
49625
1778
10395
80858
88680
86332
30539
61624
49698
12897
45872
76494
23903
66202
49154
687
8026
91822
60671
69239
59241
43392
20798
49973
66952
67604
42277
50852
55524
55335
25713
6581
49079
24151
78414
97370
71391
45159
98765
76830
71532
21836
97662
21877
10050
96463
67744
89562
45824
92241
96472
86442
50312
38049
79420
49059
43400
96227
24489
5739
82223
25123
30744
19076
44342
43129
1444
74209
10578
67174
89754
36666
86056
59281
30659
10444
50657
5132
84612
65705
81778
91002
52246
51826
72242
63572
11212
84531
97966
14822
58702
18610
90528
72299
64079
9995
70977
24968
50831
92776
7552
5654
1408
93599
20132
69038
89865
66362
87019
50415
90535
69171
8362
68236
33213
40149
16568
58269
29128
97158
28848
32368
52311
94742
60574
6479
96705
80978
48033
23388
27499
49743
96921
93111
51597
3359
42311
17187
33101
13006
41701
89733
59400
68674
4690
17737
91074
91805
90325
33959
75950
11472
37300
32717
4821
70630
77513
29279
87467
12837
72892
61339
64231
41869
43535
12276
32364
84853
21746
80122
10673
11614
25887
16855
24295
68570
73991
59228
12236
37551
29869
79323
28286
30216
46713
16947
91263
26622
50897
85636
97604
6671
24459
62208
39176
19771
95788
49653
46811
14951
79677
44539
17674
27776
43907
17878
18497
71010
8168
65934
96126
20404
8208
93457
5156
90471
89077
58981
86466
186
89423
41043
68747
18969
40064
33107
22093
57485
54479
35106
44931
18270
20192
25470
73067
80817
34550
69946
63424
26132
88380
47873
40696
32782
78919
96326
22890
5148
74458
60463
36468
75168
36694
28732
48284
7397
53285
98184
23449
85747
77913
15733
97393
881
65117
65326
10613
91866
75105
20142
6908
87088
10705
8968
25489
73691
24949
43906
90766
78297
82540
7636
5165
85333
74636
19780
99899
16477
72897
29234
80375
71625
81689
65089
56321
77
41860
53910
78521
27738
95413
73965
18223
22783
99199
58581
34383
11394
87369
65814
97233
95144
6845
27982
65282
38028
69740
25700
88707
73872
97991
35452
19467
8446
60293
75087
70221
39718
5038
49056
48831
59578
83176
48887
72748
14230
96136
79968
48845
60861
8386
94417
49954
30752
54252
60685
70898
36821
41114
93613
71472
35645
49762
17063
75299
71925
28769
30790
17991
44937
89584
50850
36281
57784
24087
94206
8265
66291
2539
61106
30790
8471
23887
70857
46718
94891
44342
46152
59743
55204
41075
90205
26859
78475
91434
50378
30359
64134
23620
78487
66387
28886
53343
57013
1117
37491
21024
45946
94435
99780
36224
92541
88369
85408
13779
50935
70057
57143
76784
67385
74571
92823
89273
34684
66667
53653
45691
29892
29131
63393
76879
96168
92451
15861
86096
75011
26007
94006
2638
88977
83698
42931
82663
21995
47378
63525
41130
19865
65139
76468
91703
75245
83583
64157
61623
89733
41784
26817
69924
16105
61326
7721
8747
36621
24777
35044
3362
57377
74829
71436
55749
58844
86492
18489
46290
79849
81929
77458
42153
2608
68558
40707
67138
991
28179
87398
94695
33281
82599
90988
67379
37016
31059
2479
85096
97701
42174
12343
91783
56371
60218
70452
79087
80533
90493
67323
14606
16984
74626
59783
71640
43549
21792
42125
55203
52457
26656
17152
37300
12505
54281
62832
40138
40099
81917
56849
45909
68746
51042
51996
92634
37670
43326
58341
69698
13534
96987
39735
17500
43735
59055
46127
70330
99261
20360
43027
27371
27705
19417
99546
29144
49171
71377
21620
99538
13459
59856
29192
73427
90243
66135
50106
74827
61167
50582
59242
73629
13852
74518
75641
28988
87580
55023
98513
18139
96941
92997
21768
77142
18168
53796
42812
14502
2987
78700
91140
38987
95183
84304
24400
65905
44091
24865
44676
18810
60671
20513
8761
33015
92676
21085
56943
95626
9507
21700
6047
63186
61642
97039
41118
901
58895
26998
71617
21337
98169
73787
17301
51902
20952
33303
63260
44255
3400
62759
83746
7808
73363
69228
6239
91754
5412
22720
88717
47572
91372
5352
41631
32193
61750
28441
95626
87019
48786
544
93769
87828
27549
30190
16531
49629
32784
62879
12024
97669
1763
96463
25584
84082
1432
48927
6363
22609
20937
36398
39906
88088
95162
67188
84891
96864
63549
75497
94747
63375
43250
98130
93223
5074
87065
7274
79042
81579
85280
95902
79452
1393
1752
33492
27094
94793
94162
91398
57627
67226
13102
32930
95851
31103
47390
47855
34178
80749
75841
74086
31653
64703
88966
36401
61475
30274
64711
59013
63112
13059
63877
31567
25302
78107
57005
54265
28024
5831
58479
36164
82591
48789
41026
81903
71109
88574
64402
37439
2560
99144
94612
37232
77648
61168
71998
29571
21517
21754
24317
12928
37470
27642
14722
31083
14851
5399
55070
87004
99894
48642
15032
7874
16727
16413
61294
59709
83641
92640
91668
45988
25806
19988
39350
89621
45440
22495
13434
30535
14644
79216
21266
94682
60091
81367
56945
48944
2205
23759
62116
18608
53857
95095
66733
67841
34510
53426
6347
785
14248
5825
54531
6874
64100
74281
24855
5238
27332
53112
11910
10283
5056
13227
20597
11117
58739
24573
99834
23363
61108
47641
11113
65121
60323
95272
90960
55312
2780
46384
87996
33960
43396
11404
26509
29526
77956
83955
20643
42352
42772
71145
81515
76357
42720
19687
73439
80019
37370
90020
93818
76267
74840
92619
93355
24998
36103
67550
15234
8076
16825
2733
64162
21996
27780
99959
71984
65876
73412
40457
98723
40713
47682
61082
36431
40943
54686
85868
71928
6901
72023
1858
49669
39680
12926
83502
16812
93941
24221
93239
55615
8494
8318
29481
55689
42822
39137
92270
79486
24346
13569
22782
70657
15099
17472
71494
52225
9106
15879
73160
16020
88056
84233
76780
8952
10529
18596
15299
52597
79813
59551
3301
87489
95795
91908
86940
73330
39222
24047
58343
82284
51258
18957
71005
11299
24668
35526
39057
87231
30759
36631
25942
98453
67197
31184
18249
18977
78893
47621
78627
45936
41185
74046
37976
45495
2056
92851
53461
17172
65376
43220
80914
28562
28089
2724
48761
66259
6318
2374
67497
31764
891
76541
98724
42084
69694
7436
58018
56759
97007
66022
64843
22757
5944
64525
37716
80786
22658
49020
33536
17213
80108
17462
71525
27199
68808
68986
20410
60533
35749
11023
26457
81152
81905
65407
54001
87177
96069
53448
23807
98517
17622
52023
50970
87614
66675
57242
57232
64031
53877
66016
30052
71288
59984
80621
70073
60331
91660
23233
18832
25123
54214
76675
52108
8402
51630
95433
23808
17400
25592
71223
3471
27849
80760
51840
66010
8001
51299
2569
52524
9790
96279
43563
15524
62978
57406
87013
39724
9604
60638
97259
59662
65740
90951
60025
4219
77016
54534
45245
33406
93305
80020
40875
56483
92783
57132
52948
58414
34261
824
55162
19527
36698
3835
3766
9021
34483
39138
55214
23709
84541
48068
24473
82205
86451
48867
24847
50352
21931
20456
1609
62389
29181
50169
83775
45838
48181
98656
25973
60727
93845
23498
17009
31101
65077
54225
65907
99124
88573
48947
47059
29931
5002
84621
58378
80888
51363
17885
37483
12012
85436
52104
97820
52604
21577
78936
85626
60644
68794
71714
41145
20111
38537
26102
763
10436
40993
50485
64940
32307
99315
35026
30841
4693
57241
82944
28133
66114
99191
66228
46512
10616
57541
78694
40881
71150
74124
98321
98545
38593
83084
50464
31742
56560
31231
29515
76262
4941
79098
65156
43890
33743
38654
87838
45850
79272
87486
65034
99315
18900
96453
34325
27928
69152
77302
34015
90505
91598
35990
68718
70786
73507
75820
45424
91008
55968
69562
62303
61214
55251
77348
2963
60646
70077
97878
77804
63631
10595
92616
97698
64777
29600
60041
34374
72308
90890
33843
48383
59693
23192
2168
9030
69095
54124
4788
29134
35920
70461
81086
93821
7146
74430
8974
22166
87397
96747
62694
86838
52009
66224
38104
31350
70084
70000
24139
3682
72868
33923
40945
47716
52353
81161
50297
39472
46705
76038
70638
97669
39652
41711
9526
103
26782
14261
27047
40306
13384
38353
30253
74755
26304
36878
14821
52104
16147
18185
98812
54175
88398
42198
35947
29970
39116
10430
5244
5633
10809
20854
66707
85987
64765
67487
46530
54483
67628
57682
19374
35285
49175
68988
20938
10417
24830
16021
38778
24265
61325
8332
27462
46263
27686
739
46301
94107
65488
75279
75261
2370
92377
67458
60357
11259
33031
11873
73391
95329
48499
27368
32629
80492
91822
80644
27898
13872
23794
70888
59760
31138
89526
42376
10639
39250
49018
81470
63919
21071
14499
78880
37210
85389
63964
89904
32791
53515
53184
12786
26281
58078
16575
59957
8709
4912
87018
67222
41632
85323
23814
16719
9225
96603
85284
95788
35362
97675
44895
69627
59966
77336
33394
28375
94561
99401
59564
26008
81766
7482
59835
13478
9867
35392
3749
75234
45462
9174
42042
12803
96810
3012
33664
67183
12909
16765
31435
66839
74008
92546
36497
1966
82463
28602
12125
6801
5336
54039
2803
64180
47028
2250
30598
16904
89466
27714
87326
90020
7541
45439
45702
73445
46922
25076
66198
28172
92099
23341
48947
79729
81527
41284
77730
70122
21521
17342
8291
99789
94170
59018
38118
76653
22995
85333
56129
58325
65955
75776
76493
42817
6227
5792
8887
24350
86487
80747
7508
63785
51704
68113
92379
88180
45687
86875
98275
48858
61088
31349
92132
34842
84072
88827
1228
67881
67775
63263
53282
18931
17230
41581
39908
7523
34798
54713
82496
55277
63628
6106
1366
67189
48694
76014
31673
31584
84396
72969
22280
53252
43783
48590
14980
81160
49766
26720
55147
50940
34989
8809
79872
11886
69249
73169
84937
71329
92620
86136
61906
56657
98635
39255
32614
84484
71399
57417
90685
290
79474
97401
54177
6634
90373
33777
90450
28538
5002
37447
31416
37667
48326
34341
97373
85510
28570
9032
78532
78077
99938
86554
37776
55056
60064
86623
30631
98347
72155
73615
957
93506
12904
14133
8860
46534
45197
4049
22795
19607
32382
17411
92907
82267
78530
92058
28610
18601
18260
13983
19060
29001
42344
20909
35410
32322
26219
88034
52198
98572
16243
30845
4222
43052
16
99756
79028
98751
85876
69216
25004
76362
4288
84548
98776
86657
14725
66677
67180
73603
20260
90966
79869
84338
70473
41791
49198
12790
78054
13180
75322
64179
6522
47282
64897
44812
98550
2985
42794
22995
53994
7057
55731
43209
65755
51194
98375
76564
33981
25081
33135
73230
69578
86698
57469
31662
97188
1424
30506
75085
43796
49204
14709
85329
77250
6113
13478
48868
71461
41046
98423
78072
27732
79230
52603
27924
3071
95425
64082
95549
51898
58832
43746
72299
20618
93011
6000
67414
37006
71366
38931
88634
84647
36660
73822
12079
31051
789
58231
44251
2704
1337
46995
75782
93304
21203
58626
96257
64675
82822
64864
21848
81804
93698
44160
59676
2803
78014
58690
33603
85499
68575
95473
50810
6874
37608
69306
94224
99585
30990
36511
87716
15030
33022
22124
78309
36812
51949
2078
39367
9069
56889
74495
69159
11723
92547
64481
52961
63495
93533
37819
35132
95696
43412
62701
73464
14145
1909
47535
24333
46983
59194
35354
40863
49665
57322
16796
63232
83764
86740
70637
9927
37796
19162
16994
34939
87057
78921
58867
20497
68570
96181
41437
78859
19808
48198
25248
5934
81817
10520
25207
67485
5208
54367
63846
33395
19735
20722
86287
86421
55359
81361
88081
97537
63211
50553
94095
34271
78782
34890
60036
21427
85604
98581
98193
22195
42441
1511
93475
82767
31418
77435
44163
3568
55733
72965
82205
81673
32132
5675
22040
69224
50980
88171
41901
44193
94026
73265
27737
40314
97
7859
34425
84708
67716
2297
95498
57894
29562
83870
78887
75404
52264
32320
31478
72088
80838
49266
50586
14868
12423
60462
65156
92714
69405
93856
42554
56667
93902
52307
16646
38212
31805
59980
31198
99341
74408
31872
74448
78262
804
44521
35255
17170
12684
47399
87907
82617
79366
58553
76273
51529
25829
94460
26372
44015
39527
2044
44590
38346
78286
63401
38830
34256
37185
85564
37415
34700
87902
83544
59969
37616
11403
48854
53003
30491
60957
27994
8351
6249
5380
79347
84046
50990
52442
81206
32348
90567
46387
88326
73495
51094
91969
4196
2225
89854
33715
98380
45660
79862
36998
12972
71435
33975
38920
44496
60930
48450
95698
24921
80958
27024
96273
41290
19485
54264
43870
23498
79720
53819
23572
60706
77816
52433
48038
95034
26553
95140
90057
12948
20807
95368
70819
79001
19422
74106
33517
3162
88130
42048
21552
58535
64738
38004
97291
90706
8608
48543
86269
98002
56107
78631
87193
9656
80574
73487
38942
81747
49994
97336
28248
93361
63143
56295
58333
40834
79668
43537
30016
38060
92179
76873
38926
86571
96452
2667
90165
11314
69624
47739
80314
78916
961
82819
39875
95238
85407
52692
23890
71642
14708
27987
92286
48656
58597
39238
94815
3418
18297
55710
96982
20851
53861
88652
64981
82514
38798
77305
32783
32562
63373
23063
64117
20501
43983
90889
76826
92901
34216
37693
68602
53749
82692
962
5935
83177
3483
6981
33231
80436
30958
69714
1927
22834
66401
89980
32778
83054
51705
59626
16866
71896
34191
22666
81098
62557
7566
22242
83303
42501
53313
38890
24886
92752
28768
21999
83852
75524
54030
26508
22792
30910
46433
40325
36208
9653
69074
8736
37859
28369
92152
63469
38800
56031
66008
52986
67948
2725
69077
55313
34111
60285
32294
21046
48303
55813
31702
406
48560
20232
64202
18899
98103
79659
16249
80450
93368
89976
93479
91233
3145
51135
27879
60468
82525
86058
77255
1833
1948
59193
87555
1923
97362
71143
40527
62532
83631
32458
53555
58353
68113
7301
6078
44640
79290
22521
45828
58799
42147
19707
64427
54737
4256
19122
69300
41730
37691
65451
8706
77959
67682
44336
2005
30058
97583
15289
57376
8995
49154
76596
69543
57045
13917
36911
58832
15641
24647
95457
20408
60310
93834
68367
59596
12293
98228
28217
76567
27700
46717
53352
49574
48303
90891
61490
62610
72952
64459
45137
82003
18123
58278
7753
50506
80676
45074
65466
60241
31114
54557
69410
35170
64369
70475
28952
98115
28389
82932
10139
85628
74240
31604
22648
17181
44454
27668
85080
26332
94725
18483
84789
55433
80951
49009
76643
14599
14003
2918
49681
2395
94482
99792
39212
16560
2348
96361
18970
65714
7193
53674
19959
51035
36292
24700
79147
99710
21477
85665
43248
65887
31669
90280
85559
42576
94088
38452
21400
32813
75779
96718
70987
73896
82054
49776
33155
77305
75238
26549
28020
7088
52992
87343
87952
34588
11643
9339
16691
35246
75153
19736
32612
35417
55091
39669
926
94541
75581
79531
4719
43170
67155
12148
18981
78478
10805
83083
51561
87471
86515
51513
7329
72570
64983
24239
64113
69407
12581
60450
92658
67898
62913
57286
44629
53947
74844
37251
12261
97383
62708
61670
2572
46509
51713
60433
35961
90384
31542
24701
3493
67678
56190
53070
62590
98239
20246
73176
10424
49546
19463
39875
43956
25727
14289
22507
53159
13395
47329
67243
3740
33938
94718
40135
63564
34143
45012
98364
99627
80555
10165
31680
27072
36510
72625
58112
65727
44844
11051
78372
63228
8539
4745
58160
5998
67642
54081
31786
41597
43020
39578
83266
43893
68406
68607
84758
81444
15091
45255
46557
35060
81729
61259
35887
98810
25843
94853
48360
71823
68219
53132
8110
11734
95663
60215
60538
6277
63692
61966
5987
10886
22352
33248
27116
19348
18993
9502
72399
13116
90273
56144
56832
25428
10132
56295
87536
61015
57545
15123
87935
91256
20981
52394
56817
39749
27305
83776
95285
60900
57972
96337
24941
27947
96605
86591
54252
38170
39210
24987
65928
10886
50574
94386
78645
20177
32013
35702
73034
98396
679
20124
96792
89538
22812
22191
69929
6003
3638
24155
90043
51643
90792
86884
33259
38560
12884
5538
92613
66687
57571
73813
31509
53350
20302
30184
85977
19821
63081
10051
78094
13387
7955
52770
30723
20921
17579
10942
58794
23873
41024
89488
39596
1144
20188
1631
64391
53582
35207
33079
34872
87736
10140
3007
57889
32292
66930
26719
32220
49649
44387
37675
92361
95482
46288
75072
27306
10337
49923
66697
2329
52157
82981
14769
36902
56754
73361
15119
66020
79450
20623
26739
95399
97039
78551
14438
42970
80377
11584
97528
62917
32374
3389
60495
95919
8219
58733
53296
17498
84341
17969
32565
61762
57196
37572
66198
56528
95244
35145
1403
49947
25995
4050
13765
42252
84677
21793
73157
10910
32786
38388
59317
82684
83624
75485
55299
59195
14782
91716
48242
90926
48780
14057
25053
48096
1246
34077
44565
96612
36585
85345
52773
16164
31834
56836
34868
78234
70018
92261
21575
93695
43443
63342
95301
86457
78799
54987
38148
60246
83651
28110
4265
70370
96432
24031
75782
88756
69231
90512
22268
92066
68629
2813
10821
14758
94398
61213
8789
52513
46538
61664
37773
90638
49624
1575
48487
5328
69644
47995
90386
73969
72871
6722
21321
87603
42178
1487
97919
82040
4219
40207
38017
22063
72254
12440
54987
31155
13658
71261
32389
34071
66943
73036
20510
76690
64441
5906
3662
96679
51856
64293
41589
42544
64458
74828
70481
57949
47515
61952
36877
59500
57531
33618
54790
66210
43775
46526
56186
10531
581
87968
28890
78613
85738
37487
28134
38260
89789
985
68810
74873
76264
2640
7680
6598
61299
40382
27828
12125
31917
16447
28304
67502
52202
45670
45019
47034
2161
50853
47296
92639
71547
23970
94233
32592
85940
21560
42021
65208
38668
41913
38690
79630
22021
96210
63040
23796
29831
43357
45048
98521
39367
95959
1581
75787
37187
8403
53706
91202
19680
32514
49407
38028
87390
17530
30038
8630
9060
89502
55310
44718
96943
54696
4102
50640
96791
41345
26821
23816
32544
59389
7085
53266
30201
83762
3837
17220
15809
16227
8885
450
74321
56285
41965
4416
6982
48091
97256
68556
42644
65939
66105
32894
66245
60791
80842
76838
53649
430
21187
44796
34132
44210
59914
25780
58830
88368
4458
15808
60626
64752
68003
1553
87622
83247
17902
8195
25033
84385
13341
1781
48925
42861
77122
74644
63024
68691
82051
25613
25170
70714
56046
77313
19900
85802
72667
48686
59427
47107
18986
82272
64467
35262
68850
26062
62495
84767
92406
65718
45697
33345
57150
72426
91496
11085
74617
39371
86075
1894
96975
84529
9550
59416
6445
1954
31434
39945
99557
57561
42344
28874
34039
68117
49204
3156
122
33574
15537
26110
4869
23422
81575
77550
75077
63612
11756
31986
72715
32554
69405
13901
84856
67401
50329
23338
16825
42773
66504
49402
22723
54278
10765
68596
28185
12976
78332
93832
99848
59107
29022
11974
87912
15516
19388
32327
36920
43746
75258
92312
82762
66204
36377
53033
63364
41892
12605
39950
51655
26838
86845
71995
66327
23116
96562
56282
69509
3797
95567
30759
90794
88311
70517
65720
72290
35097
37191
39716
58026
23474
67441
71038
63206
16710
38019
36130
47445
10112
37300
58271
96235
51081
17076
83430
72459
66304
12042
80463
95409
35866
78776
60328
36287
21792
75241
75512
82695
80648
65134
54672
82936
55130
36070
38765
25685
38412
41590
88352
69170
17487
21891
36027
64492
16813
41451
40600
2584
38566
61983
86309
25397
72343
26314
37505
37813
13642
90092
55164
26613
73934
62804
19807
49155
41990
81103
68585
93760
32887
78230
44986
19369
67814
63832
29062
97218
1300
80272
26958
51660
69181
21270
82008
20235
35502
1942
9935
92827
2900
99859
81185
98689
79713
69850
36437
96278
73862
99221
86447
49419
28628
26722
32939
45105
6938
66151
37084
62411
75024
45865
70020
17832
8854
37255
79128
1773
18439
11868
42372
75487
44719
56633
98236
48227
55903
2250
30721
44444
40212
41208
98789
51207
44245
93074
18654
85029
66091
20964
2073
61855
72692
80981
55891
56819
74596
54583
27502
97193
81701
19329
48182
3925
10062
59875
85386
78615
13774
92388
41119
60039
88687
2690
72025
36370
87964
33844
57713
96037
5278
12924
88707
7446
13472
76927
87638
32388
12314
77940
48323
96803
20896
47303
8324
25783
71507
51596
69930
22487
88352
41387
67010
99548
34422
40994
90513
48039
66424
1018
35054
67351
71807
21041
76622
16950
35241
4056
85356
78751
38345
5744
66790
25172
48162
12033
94124
86278
25137
82600
43906
83556
37488
60380
79107
79024
48690
49708
32683
68069
72865
14716
58625
75044
43813
47477
34442
27580
81489
83604
37271
44204
57174
44015
17740
76174
66895
7737
62928
22707
10588
43541
34201
9356
48728
64658
99403
8556
37858
36378
96425
75619
20345
85138
4212
92137
80665
95339
26104
99540
91753
17090
75323
2979
56615
9020
28225
23750
31709
93586
75179
90802
65504
61863
68653
76641
36072
43402
26422
60767
86943
75589
91377
39085
81424
59685
96512
13369
40703
41159
17393
86175
27589
40178
20527
40194
52065
3984
42566
14678
71108
22965
49930
99825
36947
43637
39953
13085
64022
71652
37027
18984
60277
60965
20181
65252
14894
28722
99025
15279
98543
58378
76663
57927
15242
35054
71902
89856
53847
98261
80047
52524
56112
53486
64906
12552
23492
31232
26824
64337
33324
25453
70178
35864
64954
75888
60167
17954
98969
69635
87703
59695
2903
45795
28521
37636
55566
87240
97226
61339
25923
46566
34663
84823
92104
77004
71950
95793
13765
62927
88210
53056
23991
54066
5620
66571
9751
67244
77752
54281
38320
54814
81006
97265
28404
59128
12487
82905
64455
62675
51099
47462
60465
16308
57451
45455
60050
36073
51603
54195
37088
92049
47760
6623
11306
43127
41081
74111
69335
56788
23254
68841
36728
67662
80197
23083
72633
22091
78261
59665
48100
43286
86570
94377
79084
61983
8306
27676
84997
84271
93830
74905
8641
32417
3399
62850
70009
92320
50454
18630
82565
34737
22724
82916
84660
91585
36173
71699
87800
12288
98325
14707
3023
40729
83145
79537
99651
62866
90178
28426
21944
78193
46827
42473
2283
4683
48200
14697
15637
69510
97970
38665
93882
33099
63911
80565
7276
22864
49193
76897
5134
91316
18829
64858
65927
5697
63695
28577
50199
58424
92747
85106
88473
10913
39754
41555
62388
41895
73484
12949
12340
77074
2409
33433
44123
80756
29074
18713
39728
39444
790
69299
26911
52502
76234
35940
7655
51635
67971
3973
90000
25477
8671
89685
76830
60270
98953
57469
81926
71307
84274
40718
25013
16399
44679
87013
9503
74722
60444
90402
6772
27630
90498
15617
35182
49160
33398
95809
77422
90678
78488
23937
52877
74730
38165
14953
86674
62725
56195
31414
18067
51484
81419
70613
87904
43632
19024
38727
23160
19844
28713
43918
11275
92633
29487
89843
70271
72458
74050
89833
46910
23307
29644
93105
28912
70130
77219
96163
99493
16042
38568
5333
98904
71134
12691
65462
85239
36399
16316
25284
8569
19169
36791
30579
58354
14118
97182
43337
17856
93629
78383
45695
4205
68119
77398
57578
53190
58509
24558
6293
23981
18902
66285
39343
78894
93373
23285
42896
50421
83855
41552
51431
38053
9734
80836
15126
19565
92790
32749
77677
30784
85644
95942
15474
97833
82564
34728
73820
67893
60728
94029
87231
7998
43624
79463
31440
16247
99111
3312
23745
84318
3845
72934
45792
81740
60702
96351
48901
75254
5245
87026
24335
9854
52988
11660
20210
87074
76762
70083
52036
77755
86986
14957
29891
19906
2544
37910
62120
27911
63920
84662
63246
84981
96235
81196
52229
59583
9103
30292
11856
81278
84544
38417
74744
94053
30513
87537
98176
48185
25919
69819
58266
32442
67913
85267
87291
27481
49304
4460
80719
73097
39937
21925
74711
54573
16541
51779
74064
52294
55858
39642
18913
41412
70379
57977
85097
95912
49204
76709
6712
72135
48792
90539
11541
99587
27074
38402
99249
97275
83432
18861
77080
51863
46774
67611
37021
13858
90026
12864
19440
61573
86142
87535
472
10916
35051
18915
31823
72622
53381
11886
77152
37872
67548
71364
42076
23279
41741
41502
69352
96569
96664
45392
83698
69397
80097
68925
88066
79282
3326
1773
46041
19873
93076
92380
59304
95826
41977
71191
74360
40109
18598
9508
51701
24051
85731
45656
64282
72146
61916
13422
28760
16376
56460
20499
10961
94845
1850
46198
4422
95908
24619
21347
9600
66685
88370
62916
3532
71626
98050
44237
66795
8725
30504
48969
75765
57854
77093
85668
16885
51162
78000
13047
42570
50472
53224
33419
39760
94839
5948
37937
89425
76331
79625
7978
574
54136
9379
94399
52424
97683
75035
72516
89578
52144
83506
57543
70721
58773
88003
44678
59074
68321
44244
92538
65863
75244
9250
54128
81274
36673
61558
20155
21222
71188
81901
53362
44848
33393
21684
37785
69584
81076
30952
82400
41457
87411
76731
40852
89993
90838
95386
38890
17383
30366
56751
83310
38981
61764
72825
58799
91607
69394
61644
35519
62895
17172
98120
25343
9370
75839
88758
31155
60230
24819
23767
2398
84590
84937
18822
96292
66355
71878
36255
63610
88782
67869
93594
97874
40833
34310
10418
58666
36206
91747
72217
40746
76593
4694
442
62838
6926
28975
74258
56388
79192
87274
97300
78402
71875
11397
47566
21744
63947
90513
1361
53462
12894
71497
42847
22658
49642
57335
20012
34733
46096
17982
41362
21232
21028
21230
53023
46305
88399
73278
33268
81728
73793
6556
59658
59518
92161
6777
76227
45618
43524
63968
44485
58365
75891
54482
50839
15963
45897
37683
94322
81337
19215
39182
10789
29872
23555
51944
71498
19632
93135
32837
55257
43677
50823
69008
31993
44988
83138
67447
59991
86827
29715
36877
23141
80440
72688
2913
23029
3578
51249
5474
60580
96724
76942
28324
17736
67354
7678
50737
78552
52156
82097
38350
46194
88020
21722
40512
84831
46742
92411
74909
67200
39291
46707
6382
6764
97207
15356
10045
86786
83488
97920
89591
88400
72581
32353
61329
18239
13709
54372
61407
46603
1525
88621
57000
795
71162
93828
21193
97321
21885
34551
67990
72058
82736
29778
58451
22106
86434
18607
30468
4104
89789
10371
7539
21863
23157
6533
3223
40308
55497
32470
79452
28642
25219
62803
68432
2816
68848
48679
97873
59393
89673
50570
34111
24265
43537
7069
48912
30765
89629
59389
12962
91795
1593
97422
36743
58325
34115
74365
91792
44125
54652
27773
22641
85309
47096
15505
12890
93187
77682
62874
2847
1520
17139
95257
5126
89448
42329
70735
66074
30692
34994
55182
30636
83040
10287
59313
7431
5867
83349
34535
60222
75502
86250
43685
5001
88728
85790
14359
84199
20625
78216
54889
5915
31674
17030
81331
45396
59159
70081
9620
1755
92784
2411
41611
78273
6450
54830
82210
40248
49638
94878
48278
16570
18592
77389
95422
34131
48169
50269
72846
55379
19370
57145
32087
21576
45651
93094
28928
2635
54109
108
34173
93176
59290
7490
11173
56596
56199
57563
28121
82635
10796
70997
35808
51073
59584
57081
83117
55203
75628
8065
78675
36552
29435
29907
21663
73707
65833
97327
48099
45240
40157
84984
4503
86236
58429
65638
23622
19511
26457
67118
16920
87988
13443
62495
47808
60215
25028
21120
51752
63111
99909
43474
18789
73270
88205
69431
90633
91948
67390
87080
72520
89025
54051
27637
98222
14367
75579
83994
93396
49862
4291
45148
73465
53551
29563
36528
4131
75789
88234
7825
47134
72822
40381
77200
26156
25451
2783
57210
32234
91131
66201
16913
51385
71835
1978
43073
89606
96993
52620
3841
61202
73053
13040
65433
67359
82534
62612
5429
9632
64252
55349
1541
20521
89184
12011
42906
68436
53407
66673
86742
92645
89067
84130
62017
39811
27199
56392
61420
23877
37089
75554
94080
71020
81937
75364
60824
48467
63092
82122
36464
98444
70433
95569
75133
71267
58114
3811
35691
90628
49469
53830
42025
95734
46622
47020
26380
11016
1991
1774
41780
79531
61913
34291
70655
42254
1395
79884
68229
82395
48192
71151
43507
24385
58366
48862
93389
94906
66957
39838
8081
26742
33215
20478
96548
47099
72815
52491
1287
93646
53767
90330
92121
95159
51541
27770
50545
38443
6483
86768
18171
2845
81108
67638
18887
71204
30492
23987
11250
55638
39370
41528
30574
23135
41375
99673
43275
30601
85334
7247
40375
89925
91803
51645
77906
80740
15370
95787
86540
52807
52398
33690
10269
24127
45488
1131
38688
43163
36356
66349
30649
10515
8721
44669
58090
22286
13572
36143
92734
6235
29058
86989
62300
4046
33654
17640
22181
82849
44929
17931
21095
45158
89118
94090
95800
19820
26214
42221
71219
99225
64547
13477
17397
9355
92740
54859
46344
12734
980
9415
67120
29671
46464
67787
34431
74626
29606
59989
53017
28190
21216
70961
46203
31720
32236
61925
47797
23224
54293
26900
61767
37455
84261
97636
81754
25061
29711
88471
27288
22511
29610
59395
37466
22414
7162
78478
80585
9966
34708
97970
4522
69882
64908
31439
93971
74547
35074
78694
90246
89869
54507
57238
99649
73253
29156
66752
60541
39158
91161
70188
16380
43105
35226
38974
22425
13106
28183
10146
61410
54084
1499
21477
38802
89814
50771
71440
42290
13388
43019
4770
46103
63406
92828
45565
19759
11752
95391
23648
40182
23213
48682
45310
62541
62137
45455
41320
31663
20168
57196
48678
16412
15799
14225
61265
17211
1611
16504
3738
93879
530
12842
26817
35166
10096
22275
69148
10151
57095
42006
61630
13610
48998
90660
68799
20023
9670
51844
24644
31805
70222
70651
39194
38197
94663
72604
2753
81745
17537
16663
74395
45442
50924
73756
17933
77172
73271
19017
37477
68199
21162
82428
69998
89821
80384
39907
60818
79184
61357
46682
56814
72133
19149
49297
9648
22220
5910
96356
33773
17094
70099
48645
52241
6421
82808
8764
11814
42784
34200
89707
33134
94915
64808
76837
30284
95927
98395
35465
48753
73014
60206
87342
25843
47895
33649
15411
48173
80992
39945
13501
44284
25149
37471
315
83769
40459
18175
96980
3579
82992
81312
35537
46455
83246
64269
35425
32175
85467
81688
34834
58865
17275
70012
25440
33033
58531
30564
76897
98120
56897
78101
19262
76137
39844
96045
66116
75702
69304
28414
65980
62795
34886
91572
26715
28639
42249
45541
98480
2613
39073
51467
39141
14004
5666
46432
49155
99438
93051
24407
15902
9472
99940
56549
30125
45237
14098
11846
61331
93741
82487
93675
38151
62596
11798
58926
66025
47741
53429
26755
15857
76946
97766
80624
84198
7642
36915
30612
82538
2747
77242
96045
64776
82016
5213
28556
64928
58355
35278
43827
53596
89135
88396
20373
43675
17386
3275
6387
21847
23245
92946
85599
9275
42277
64659
49455
95723
42456
52705
33916
4075
52976
56670
82570
11517
13496
64348
87036
36426
40366
41191
1022
49718
14283
29542
94764
95370
63878
64303
61191
58331
66325
16594
41997
51714
35736
97916
84247
50064
11357
89064
7567
82596
22809
53485
25219
33992
38055
79241
51611
25598
28406
68766
59063
88143
43407
88324
80939
37034
39639
12925
78922
77086
43877
49874
47769
26711
84148
3948
68499
22546
99832
36754
70164
30375
73951
29305
47173
38287
12073
18859
97646
68576
10276
70268
51610
52610
95469
90579
60221
37383
62121
20937
20521
38351
55207
13449
92130
41555
38960
41721
72689
75430
77206
72151
8773
36775
33887
93475
68566
58603
42981
48395
88831
14162
95235
81649
45203
99429
19088
20998
90214
34956
90735
34655
4881
78089
79370
32725
36896
48182
35848
60797
51941
50461
39166
256
79384
30202
47332
78171
6771
48768
42913
82741
20474
7443
30658
28679
66987
42403
52667
28043
89693
99840
85675
19858
86406
7780
27689
57123
9949
40160
63935
21938
42920
76397
40829
388
17352
54008
24362
33586
56622
1400
39887
81685
78538
11720
85786
91979
45469
95298
86775
95492
1909
15252
35031
14838
84056
95115
59229
77183
79974
52300
16223
9769
2266
27330
70599
95986
5186
77571
25476
61075
9255
53822
60735
25434
18972
6939
93316
29046
22143
99289
62844
69136
61702
68465
65568
1243
12085
55710
76205
33489
46375
95993
74698
20787
33956
25641
68605
67147
72138
70363
37623
9055
73589
31799
55671
22297
85714
42731
67601
73210
78785
42991
4988
67390
64222
90044
4282
60855
88798
17865
55477
69742
5660
2689
59655
75243
57042
44894
32535
63003
80734
70412
59822
27135
2495
96095
95774
94226
33776
77121
65874
26174
4101
97149
85910
22335
74085
25696
46469
88251
97691
90080
49444
62614
98584
40020
11555
47466
19469
20362
60383
70114
49967
84657
65689
96539
55539
76176
57545
83036
87269
78134
28974
85352
17284
4010
15837
75916
43499
49641
71668
89321
74171
69768
51202
46062
58374
74728
88369
19789
23954
48138
7443
40308
99981
4044
61392
77065
94874
76035
36889
12630
9957
70638
16458
47804
57564
56771
51169
23948
19044
4430
11291
12035
52240
64911
50903
93687
85588
16852
80484
77011
79758
42853
93087
52892
17233
291
25928
88574
84956
30134
27444
69812
13770
69233
12464
56914
95304
55695
28628
16747
18923
82288
75254
70792
64252
48155
83172
68738
83543
13046
23907
5359
27783
17898
97119
92809
37980
48631
4205
72169
97246
86204
61781
87092
89795
87611
47169
41543
85344
43907
23118
37590
3895
74864
86086
51228
6699
89937
35770
89668
4580
75962
40636
33677
96177
60734
19643
78067
9789
41956
32930
59121
68874
30988
9504
76286
13000
27458
65826
67120
72797
74606
75860
94543
17759
20565
84388
7868
57827
55858
22078
6115
67455
17033
42075
53910
75715
37257
93935
81796
461
32057
83527
71462
56514
64170
49327
64699
47232
63147
96162
61177
34418
43204
28867
18724
98788
72510
45982
81606
16028
12425
50309
51896
1275
44866
67842
31951
64076
87211
6819
88858
96436
96799
49323
76872
47632
18436
708
21328
27002
53225
85123
16092
38145
88582
54197
14833
73568
96769
1843
79722
26884
72260
49095
48076
58234
33059
87465
32361
45925
99059
62400
60696
82672
29069
7362
49982
58083
88476
1703
90325
68202
24611
29311
31861
55904
97009
80124
55106
52065
85840
36838
20118
42921
69455
65856
55956
64968
44688
92980
2535
48676
41939
551
90952
24974
39705
89547
40937
37647
6720
65434
6717
66382
64983
18002
23628
11980
9733
91818
10520
86135
16925
48174
46737
93126
90483
334
60833
80543
62398
43835
72688
10283
50493
47313
33070
27962
21691
10363
86705
59646
19456
74813
19727
95988
31492
67211
31700
16327
44874
37263
62906
21357
61819
15422
79779
9938
36000
93597
23847
25050
26088
55159
63181
93433
79450
19976
6014
24591
18649
56033
34559
90608
17163
72618
98732
31266
24965
55680
65541
45994
48074
57586
3701
80858
2556
70254
22072
93768
65072
22629
8801
14351
36500
89438
47902
60915
94505
21099
85289
721
41182
2170
48342
10899
4628
62461
22065
95210
32197
51007
34395
33339
93176
96467
35486
21101
17866
47382
56997
4779
46618
86552
75864
16999
29645
91733
16933
1810
51660
81837
85161
64334
45615
52248
97738
76273
33587
47929
13683
71462
64742
42758
95298
57056
16050
79822
35906
57961
59359
60401
21630
45114
58431
14335
54093
35825
37925
29782
86755
25961
9212
40297
13889
11475
15973
65084
58157
90315
98449
2291
29447
8776
8888
57988
28847
50649
48203
31856
70566
47759
82117
88693
40303
6010
10708
15319
47510
40614
28078
44058
82271
3966
60830
40554
34841
55977
70164
94123
68404
16682
85076
89931
29076
39195
25822
10365
92000
58134
24194
37960
73237
42218
22589
66856
54472
19394
4620
12391
44693
2198
83236
72771
39529
96161
64745
58880
85329
73837
98237
8012
93981
21513
15483
21473
27343
88977
81085
46773
60448
2692
22772
62965
82932
46677
68537
30722
50474
13113
95937
74552
13974
81679
98232
3975
2786
36265
31396
36388
50033
22815
3505
43495
48886
35877
59936
12997
2017
68352
40129
25027
99931
50816
76568
4284
45402
46600
1496
24247
24273
29880
67613
76830
2259
77274
40833
5051
68501
74825
78290
92894
25000
21057
91345
28415
35335
80941
91064
90149
99222
60812
71888
33354
15639
18986
83080
91371
56265
16411
30006
37172
13055
6135
86697
32443
45966
93038
51996
38905
28847
22082
68097
43322
39944
73405
5365
83969
74291
44602
71054
86407
30581
85252
85040
36126
99843
53534
63076
28266
7550
97702
59187
42689
26798
73020
77351
44043
16880
44264
8141
73605
11108
61004
66430
16332
22458
76518
92239
60522
97882
65001
31299
97244
74045
98673
12049
4083
86126
97034
48201
94413
26707
29250
54299
70590
15148
38135
58169
26535
89865
93908
26045
27333
18937
14313
81782
17863
45004
91345
68770
217
55636
70950
86227
63930
53513
72326
19714
43534
83123
98420
21968
53417
70411
2102
86884
87286
4958
81798
22823
60476
83827
45778
11164
80514
24490
38215
87871
3149
39031
61785
37997
35803
95351
85081
68682
72242
64700
43299
42928
65235
83350
98669
37683
72223
53978
79440
59443
19716
12575
78074
59947
83003
91044
26294
55378
59853
57059
34791
92378
59676
47878
64652
77033
32991
3695
28456
51637
64144
6604
30715
68292
42872
76373
98681
25445
67726
85871
23470
70397
93692
91684
85964
16589
4195
69871
85159
72835
60133
80348
95124
35016
70732
8692
78624
11902
69556
60844
9521
94365
89863
5341
18579
85130
42757
94584
14312
30727
2676
88315
42682
14561
74299
14297
81149
64543
72105
72427
91313
84652
91328
42751
53116
42719
92775
50479
49003
15833
7057
82271
36595
9030
20968
54598
99727
56832
58566
28138
72990
85420
5729
29309
40712
1354
2870
62473
56930
84677
77746
30019
40217
18319
75329
12755
1746
69006
9914
18306
23347
59798
29091
84731
59165
79269
32155
27235
28887
25528
17120
97822
67847
70318
50662
91945
32470
4511
9525
25525
76152
97247
68004
45077
68883
32889
76654
95490
41212
44560
15925
78551
87293
47837
57197
23149
79347
83095
21912
41234
62820
80458
23934
63064
20355
65552
19447
74809
59076
84589
26534
82382
76108
35985
65931
44901
49748
10743
26562
70861
42630
70894
15872
87997
98505
69584
9716
1030
60758
74652
66283
95121
10710
52468
39257
37235
77257
16430
41877
32863
55406
98167
84308
19535
80825
64624
25888
6380
19480
33362
11134
84580
94085
64471
6884
90635
9842
99022
86436
62226
18772
71334
31765
11492
11783
91844
64903
96763
5277
56461
64351
4961
26550
11459
18844
70353
66185
33858
55416
6598
20336
38438
93698
23229
18018
72816
69710
12284
73010
85481
42677
35944
79256
54980
77283
16950
71232
76494
61828
68950
86367
91901
7556
63995
34991
88553
8728
78815
71589
21920
62994
65026
39619
53019
8843
46400
30993
65016
25592
31532
52783
16874
84495
62036
80030
54113
73889
90941
66671
79604
40829
7766
58249
3938
23073
67351
94068
44529
34548
79908
91587
74801
99538
22111
84960
68702
61007
66641
20997
86754
71631
60796
87874
73026
80040
22121
52473
28665
41406
37439
75220
86685
57123
36523
31512
93983
36928
67629
47622
67225
70338
35812
68049
48262
53276
40335
7410
59940
78560
60516
84613
12747
34038
60584
380
71694
3961
98500
17818
86678
15693
88957
14
29672
77153
90069
68331
17254
15273
24381
15635
59103
3439
64936
99295
33385
97763
82561
74523
26287
50091
73858
5437
27875
64436
75169
75352
76033
70101
16504
73213
20836
58462
31382
99883
30672
34862
40950
32483
83177
87033
81273
87150
81816
48711
10096
94640
69961
75155
77029
2346
22014
56562
27056
48601
90362
49395
22636
93014
52921
73717
73992
99678
68844
69480
59125
40256
61607
3660
49274
3257
17364
78738
27244
6908
39722
12145
8105
54920
91265
6524
48419
24162
77315
22585
45567
85436
98144
439
4918
98976
9465
39062
99618
60036
27072
65474
39205
90870
70519
89941
87317
11749
57310
53821
15762
11396
24497
46284
70506
86429
73266
48362
34046
49073
93738
34248
31269
73911
84983
52412
61912
14783
14556
91041
66456
90578
33440
36882
24542
1926
23555
66409
71415
1666
56096
94220
17814
33915
32504
69140
84715
97141
84063
96527
48522
32412
48419
44837
26908
96085
29635
10167
94801
92628
73377
34193
95919
86085
59917
82660
92645
54663
32225
5201
50473
86031
8926
67650
21211
9350
23781
87619
66009
22125
55974
49896
26897
30064
26329
6270
63929
76887
97837
89482
33331
77457
63082
19411
50857
75213
23378
34981
83105
99600
79942
54423
24245
61395
42865
63046
89521
7258
94721
92105
25527
70065
87108
5093
2629
77224
57183
40244
88776
1532
32253
81700
36564
13618
24618
57628
98684
75841
58159
59652
96277
37168
19582
18883
91820
2458
19050
29508
43153
55075
69978
92261
16685
58662
55820
73137
95435
9521
46056
720
81006
73976
63705
67246
19045
63226
67351
13700
39350
81609
83147
18415
75037
68816
6168
98948
66989
20359
57124
79445
40858
83690
47844
28732
17324
5834
82066
49910
82497
82802
5332
86185
57982
11995
48136
8230
12861
60127
37120
43486
85139
73964
30850
37902
65119
91683
86344
35810
54692
68484
77646
96415
8953
52171
46685
30422
92562
87118
58544
34771
67178
6871
72934
72045
24775
99955
11537
47053
69484
75168
69294
54790
4513
17535
3693
22855
10789
49565
52868
24525
37685
25338
90594
26582
1498
57917
30514
54900
19746
53217
4426
79054
76334
92090
19402
91997
63386
45619
80199
47629
61242
85430
88195
55024
84672
84295
26968
56578
96029
46740
2616
96219
34481
35647
75579
35854
86204
62972
26038
91332
64905
2526
98931
16883
45226
81976
47575
95754
89325
12878
80197
4178
88154
30721
55254
7218
20590
56878
50089
34542
80640
20168
25923
72223
214
74076
78728
7596
79404
5865
89723
52791
50232
29609
30163
20569
91680
48044
79143
44554
99898
48801
17011
9058
65026
62713
71569
60061
53354
79374
4285
30996
19805
28574
11822
30785
31194
3747
68184
35275
32605
55051
86441
72721
7359
16177
20641
47490
58456
8294
14655
58031
30409
47805
23130
41494
2088
79534
18207
87778
47081
75484
40642
88673
25566
65383
99012
26466
62607
47600
47321
33156
7664
64986
68528
17400
96480
43258
43062
22271
30646
44702
40837
17957
44743
29211
12461
78403
11900
47771
64418
22995
6903
52803
60422
27693
2908
18330
90776
32911
24576
20139
5729
22410
21871
74457
16637
9660
96361
69676
94700
29361
6737
98820
70333
94365
3895
81422
99479
75661
53115
31771
78467
78540
23742
31861
24702
28279
91692
98093
40154
58024
88085
93146
8711
5358
32869
49665
91009
96912
15168
40785
16107
18766
63258
64692
52761
34784
1910
28153
17624
10643
3492
26028
57060
51172
40408
15170
90363
35677
91308
33700
45757
30248
65247
11115
83889
94598
34637
9225
68956
83865
89404
74807
34403
37559
80280
78754
61634
4122
93945
71176
94259
84915
69646
49740
57306
24694
70236
68871
12345
42550
26247
24159
72240
45912
91740
13087
99172
93477
43386
15633
52512
31380
18179
45218
49291
54406
54215
35059
32379
87465
92126
68385
54914
81866
1646
44753
83825
24332
29392
40510
70508
92995
50893
35981
93971
82927
22754
2471
7744
15938
97569
42369
77974
72184
44214
76442
59034
54039
31741
7125
18576
62497
53990
31398
40092
38227
19145
91724
68072
41580
73350
2010
70900
53878
67538
80743
48901
62880
96492
41209
12081
21632
63554
23986
11557
78262
35136
7313
98974
71516
37663
71223
39809
60637
99687
96214
37488
76402
23126
45684
76916
67254
80437
10199
81615
57676
86033
21228
61721
10853
18606
69452
31334
27470
73563
36291
34579
96293
24754
64290
68836
56967
86612
82592
8668
31394
65176
62891
717
86892
33475
50460
35056
25493
70429
34727
77819
38664
24461
35194
44656
59092
19803
21953
40024
24934
50274
97099
25477
38837
27632
75200
22956
30106
42455
1903
56365
98043
81685
15513
54647
95991
61570
18342
31287
57850
90613
39746
46823
4462
14872
7827
86948
27569
59832
92374
80644
59224
85686
79811
12886
23481
44713
10443
32666
47324
48048
16386
65310
77724
87157
62430
30897
72296
66823
88007
25414
76534
75914
39098
15778
84643
34618
53117
61606
65757
90391
21778
75223
98584
71031
50664
15892
84748
93165
15479
59084
32217
87983
90903
98668
15185
14300
72677
54249
2447
46235
68378
46998
87438
75278
12916
10059
31550
63626
61399
14318
72115
46511
14103
58470
35035
10790
96302
40768
49672
92846
30618
61269
44186
81546
98373
62988
69789
23875
18177
76385
89180
60168
33272
99870
23270
40921
55806
64141
42079
74250
93630
71781
72054
66322
22920
26651
92861
33248
46345
65707
19650
61229
31590
50275
99289
26508
52582
3996
2478
89355
25572
45733
46181
10212
55114
35579
90012
6663
33544
37122
96272
71430
31860
10357
28716
31911
44913
71243
34994
78366
8442
99805
50586
1969
5113
48928
64037
60186
74807
3403
94122
97258
90301
48617
19188
52227
30283
76190
20628
14232
61451
31161
11140
14893
93422
25136
28232
80002
87167
96703
83645
35438
24765
93848
79939
89542
61513
38658
28646
80106
62337
73278
30715
13369
23629
45665
19842
9790
94090
72982
81209
84704
70728
10822
71355
25264
65170
31366
35172
58552
66414
13954
46368
26098
33428
50892
32258
96001
56168
22991
30561
67320
97366
49737
61838
91192
31133
16465
98184
38834
71285
98470
2878
17230
83791
37628
37464
10205
42376
98166
64920
73526
61097
41784
5376
73083
94479
9187
53753
78180
40036
61842
62030
8785
79654
11376
77732
89428
11544
15441
34844
34796
37366
16890
17089
31319
47345
64919
2110
83293
32835
92408
69258
3923
48344
95317
99292
88484
91067
25394
43173
43952
31690
91427
56063
879
70995
41217
47786
65370
78066
46525
51139
63199
26087
23367
12073
17832
13744
94796
53860
80111
33064
43895
32190
45402
74341
23854
71057
70540
26412
47579
12342
43348
48688
61663
69167
24089
52679
40604
40641
34431
31448
34301
40273
33009
67404
87101
74925
44279
31313
73991
37152
51681
49862
85837
98378
26486
9475
33410
92594
37391
7158
86516
43612
90709
2210
16473
77512
45086
90252
19382
91046
28431
21113
58046
12990
89453
13354
62633
18720
93046
43121
91352
63739
48639
40546
8228
4072
41475
1360
7876
10730
41464
28472
91572
47944
81433
45489
98349
30276
44072
9063
86579
47032
93275
96592
70149
68508
4002
41934
58598
36499
59536
65864
71645
19856
94058
31458
56729
22059
954
34116
84617
53363
48888
35301
93243
70520
3221
78920
64775
83027
39621
25856
68769
6751
14198
9242
3588
43238
80888
35820
62683
244
80753
5794
67712
36607
16691
80970
11017
55503
39404
60034
68439
41840
2563
3445
56603
8296
32621
9485
31999
24867
25184
44589
31000
56147
12910
60300
61201
38333
24519
97870
74615
21112
49010
26955
98129
49564
37949
16448
5708
44992
68406
22921
98564
63768
97725
32079
48580
71563
20187
62204
82223
89518
99642
46192
56747
76395
20454
6654
17982
12966
5024
90981
54068
19581
23107
66669
30296
25878
8306
83326
2517
25379
48132
21135
57223
98201
76130
54779
11259
50288
22945
81867
47291
84322
96532
65322
65672
71400
24480
55324
55097
89801
63523
73678
86551
80685
66542
48346
528
83830
47669
76095
35052
2249
38232
89510
30769
60317
70072
57075
44618
48631
69758
6779
48580
56199
98766
27111
68234
30089
70308
51096
77277
65535
88179
19425
26417
72845
48034
14331
56028
39593
79842
75463
91444
45003
22255
53750
64025
21416
1268
37862
59846
7441
61591
14513
50802
72510
83397
18096
46614
82210
21442
359
20923
44002
80298
17206
8115
8914
71448
13058
22081
40583
81894
18643
95333
16832
15162
54926
8376
36713
17552
21741
76252
99675
67576
10394
19109
6436
90115
45994
75579
99080
62901
91619
10717
69797
11134
41141
51187
22799
89307
68116
7390
81736
32047
59632
38030
7662
66304
63436
68053
11254
30799
95659
22201
57441
38169
20239
47947
24495
66436
2890
52510
51908
99461
68487
32657
71703
62994
90097
39845
55396
92442
71158
24368
90551
47940
45768
6310
47797
16588
10319
95726
32738
77408
91690
60987
70983
23802
28788
57471
90444
96342
3436
83462
44904
71385
76503
70297
36351
65413
41565
58718
6057
92945
97146
32527
43086
49923
38140
38961
82172
471
72933
90450
83854
54403
2099
54384
25241
69373
8893
54876
84553
91992
88619
14422
64723
9914
85196
38250
30944
75781
37110
58750
26205
73887
22120
862
47293
75049
54721
45711
11458
58938
93857
70440
82102
13514
68747
75767
88378
32717
1336
54594
49899
48623
84101
91610
13077
50782
14388
71895
42896
64320
93031
75181
77783
17422
33065
25988
8151
63658
64929
45065
82629
40980
19701
17071
93546
53766
24780
13071
51700
65436
24593
87394
20053
97957
5965
66053
4863
85969
91899
59440
49027
19870
42663
33497
3537
19102
49509
88965
44212
56601
57307
39710
68874
93567
52039
296
71809
89668
95616
90821
37524
86707
48254
49025
84907
80905
72310
96916
25350
23305
56222
84594
46430
11552
59422
47987
86805
26321
30537
86655
11290
31617
64743
4294
86400
29068
29585
73731
85881
37847
13318
73581
9160
82428
30630
96455
8099
47422
76548
18263
25570
65214
73935
52705
45479
9246
65590
76835
43924
46137
53655
79557
73824
41901
73352
60286
22560
84545
27301
19827
21706
78346
71468
67842
39014
2563
88359
23546
74115
51440
6882
82996
67824
7068
54590
93641
47943
10461
95900
86425
80537
97290
95121
75525
62929
55621
17214
87668
74193
14159
96427
91225
65433
39437
4754
57310
52361
22853
59896
3566
23933
73991
25568
72135
52389
42419
29301
76195
26354
58306
57005
57842
38934
93313
46821
44994
37006
30880
93514
88839
19496
88605
62041
54653
11229
47619
62440
42100
45858
7104
40270
43840
92804
42868
88878
62560
54036
5571
2858
50586
6530
30791
19369
42533
48323
35678
85396
1511
87953
80197
22240
93818
19661
85662
27374
5498
15914
48000
90589
5544
49451
83813
89587
91159
7796
93861
2691
67020
9545
55541
22165
99837
51822
87846
42506
39172
16697
61079
85528
81821
43779
69531
22243
85405
13366
12511
9540
52544
24903
7305
69346
13844
76877
53497
95328
89565
28864
83918
94765
62812
65880
50643
92659
20218
81676
9066
99592
15786
94914
29479
48737
75391
29089
51462
4107
85954
18252
1995
35741
85889
85132
91425
71273
47885
33696
10776
72857
31513
14657
84414
86374
77567
14601
41660
50001
85814
75876
8177
92066
5550
19493
23414
47848
84040
77241
23046
6783
11747
9595
56488
52347
62493
20485
44000
5716
1368
68406
55594
41381
91942
15195
21372
52226
50370
71539
54212
90546
94746
37899
65676
97735
82440
80233
24638
9800
19407
9835
37443
68146
10016
45344
91166
19448
63381
60173
76349
92551
36273
87324
48730
97996
24118
22466
73404
30576
88078
81066
77070
24350
52506
25820
5393
54097
98715
81990
30839
66434
39883
16399
11459
97261
68940
1065
21016
50394
34235
94345
87571
27915
58055
81943
74190
24506
35316
62559
31757
62979
31658
98137
83319
24931
34543
10770
53401
60788
74611
10057
84338
20266
65232
31114
34889
83089
5996
13124
97608
82045
4581
18247
68943
10781
54555
35183
52912
79316
22957
1630
21484
61319
71394
45275
81560
62449
93669
48297
38428
78762
33886
69155
68812
8082
71168
26438
40823
41587
78478
78736
4090
45118
74818
87276
25849
66187
64201
15257
6264
17988
74734
26269
42544
93358
42139
53793
78877
39138
38974
91352
13119
20824
73638
85320
39332
36805
72803
28359
30508
6274
86889
88158
90323
47496
30114
39695
8510
52055
85095
75846
19745
40265
59693
24383
97090
13378
32683
37846
77815
79085
30206
91997
91159
74789
19
29513
57655
5279
63799
7026
3197
54027
31476
64497
7815
91058
39712
15294
62166
58061
12802
81954
61818
569
66831
90192
51674
74544
9965
51250
55499
29636
23404
46686
13237
74271
95579
71824
16166
33271
82857
6646
1964
346
76522
3216
94934
86348
34270
38808
71160
36462
15314
35745
83375
81353
88296
21436
92901
57500
73439
31257
35055
4038
92583
56086
82182
32736
87375
52375
8296
45712
68601
70172
36137
44365
88757
54955
76136
49751
82443
86268
27241
89342
44988
20400
63837
66825
36970
28392
63972
7443
8721
2012
44480
50102
3895
10071
49416
79255
58962
19934
50601
65904
27530
52936
49726
47369
74462
75589
17352
47452
40967
76118
91550
54244
96325
93964
41979
50396
12919
24645
89883
89377
6080
30846
65775
11900
69166
72341
88254
31300
52225
94866
28572
50359
94790
29905
24319
91005
18389
23214
61753
53390
71412
34639
74433
91820
87895
76606
75688
27244
72766
16007
49688
1924
87993
33846
90407
46650
85175
21346
90598
74999
94147
3151
65368
45954
55268
28132
59128
51378
87617
84786
43427
26789
11602
96279
31330
24620
61650
42399
86403
99165
43430
73432
41815
40685
6630
37158
92424
79484
61820
79636
51191
70798
43794
71130
59990
5762
35155
86558
85683
94893
89490
17331
15653
93018
6290
18994
29641
73550
33874
82952
22828
43756
60501
16063
40690
31724
73433
99722
79674
78054
94202
52979
70843
73073
44142
80673
33904
40365
10571
16749
76029
75602
85879
13357
37123
12004
84139
37829
68446
37173
93923
50441
31250
69456
50794
47482
29996
23629
97766
56905
66325
88044
91827
18664
13657
13955
65654
38199
11078
28046
77810
25767
82678
23892
44649
17490
80619
76429
30108
61792
45238
50425
51238
38926
40811
78302
83241
30835
2326
10172
19585
90445
60692
27847
66196
3260
61591
66036
6494
95715
33503
58917
52272
91265
91881
74267
11058
82646
85608
53125
74440
31503
54876
3695
11774
33421
89120
15951
25865
57139
18962
31915
95639
53971
96101
6020
81276
78462
28339
43506
25102
99668
72273
31557
13411
39138
66922
25511
53699
76677
60593
98611
90846
9662
5508
83197
13863
88683
17425
92863
10844
97021
40285
43302
36898
344
39479
15011
91781
23821
89509
25440
21040
40112
43469
94256
21702
61461
69244
1837
72247
79958
64970
10222
4351
48628
52258
75414
98335
85414
21109
66493
41132
70389
31964
17476
46557
97811
40154
43935
46350
9901
50258
71851
24777
58418
64750
44013
68692
29976
97053
68514
21199
73396
41081
56409
56734
3698
50318
5716
2477
60684
78466
98062
58630
65202
18374
4674
231
69781
64014
18914
79790
95818
76865
3273
98005
59928
3337
49035
97661
90946
40224
43664
59502
13971
39374
51334
90681
20268
34405
74714
59250
99554
26380
98105
97516
16691
18789
90448
95607
85328
79364
5424
21563
7558
38924
17699
37341
6964
56984
66389
98114
47772
34323
68669
23770
35679
99139
47096
79045
49580
20202
63219
58740
15634
39302
51534
15612
81311
48313
55875
12109
53878
32459
83762
36795
70317
84141
56229
60881
44259
91394
81042
47057
35042
24722
3127
2706
53879
80843
69753
52815
47553
9287
17867
87835
51463
67254
48759
89979
51384
14011
235
37874
35623
2458
4313
93753
65615
81376
80488
19793
98840
17688
99090
96799
28103
35483
27221
79345
80000
87121
10611
19216
18965
57312
14642
56261
49877
32694
26743
64355
55347
63056
57644
85033
74369
18551
44576
94338
76879
15293
31235
84631
39043
30300
46929
17495
13531
31251
72404
6806
78788
60562
69552
16587
58109
96756
94319
52101
5930
14435
17133
21458
99128
89914
69228
39062
39986
72737
70803
48901
11687
37740
86677
73712
29574
71987
91798
10173
49659
14882
92355
11517
57342
20833
34543
86606
61140
34375
86156
56837
82792
41094
54251
61018
84570
92444
7142
64196
46371
52612
42996
98382
83114
83964
55520
29045
83411
95891
20541
72886
94381
97764
24211
56633
68957
7143
63735
18301
57120
12870
39492
17483
14069
41761
96460
25302
23234
40628
76539
59696
49629
50890
73595
45790
40567
56747
68802
33765
35266
80220
16038
34286
37580
33569
92533
17096
64730
97611
73355
23444
6387
63171
17099
65432
91860
78361
59915
32662
56033
97083
78383
45727
47686
88232
53086
35480
90923
55211
58647
41749
82180
87135
2056
97122
93559
48918
44280
93956
67957
44915
82974
39109
47352
98295
16121
19032
59390
34793
22893
22607
38151
30988
27774
83344
26194
65905
53799
51250
52401
88964
26621
11888
79899
50276
45918
84799
50371
19451
96587
17721
21132
34675
65390
54357
67671
82113
8065
52991
41189
8955
83796
12312
94732
4815
61262
5679
73360
56584
77805
31088
15856
1305
19280
21856
9934
79648
11660
63951
18352
68908
76194
3862
84668
24380
21922
19478
35453
74957
42618
2659
22404
83200
15563
6571
60398
367
33367
49865
92767
53057
48790
6890
87140
78370
70439
61240
97917
30321
39059
26585
74932
90301
66969
2719
27919
21914
95911
54340
77385
19256
90225
23585
29837
52074
84370
64138
7203
2254
73323
47322
29472
32881
77651
25228
4233
31505
6883
12240
37727
88055
24763
22058
27032
11456
96828
7997
85818
42522
6190
316
9593
97889
52206
22830
35534
55317
69773
16557
25717
50132
92606
2110
56934
51001
23704
4375
88045
88096
79911
47098
95070
63681
87393
80760
213
42585
20438
67759
42553
43874
83143
34498
55179
85155
57119
89612
16734
86985
88205
47227
73258
99452
65017
95962
2140
60131
2546
12661
43986
3296
5582
40322
97757
43248
36242
53760
79063
46420
57124
27637
63073
44387
96027
93138
57686
75743
97391
89003
7352
14393
50508
68964
14244
97760
51679
37327
28418
67860
17999
73922
64089
37971
22141
39845
93446
27990
33451
54070
54259
82013
19218
95571
15006
37448
91674
19323
91432
10142
92934
79125
56524
89360
24795
84297
82461
1537
76580
46414
57196
40833
16655
10620
23944
9756
61616
25712
75059
46883
67221
61796
64042
94624
76102
88767
33031
47980
4895
34559
9764
40531
80490
2980
39134
57002
83491
75110
8530
31261
34729
22392
69246
2736
10520
37150
69006
45298
3372
44453
36823
35193
20266
3634
25995
98056
12821
64100
90650
9684
39240
12594
89065
80494
92199
53449
70794
71005
38249
93162
56245
85515
43067
95334
27262
59157
73303
96435
67896
82610
46064
27445
24858
17779
19563
8827
99463
82021
93035
12478
87127
57981
54283
29899
57497
92363
17197
52376
17279
25169
65579
64015
16009
92459
3393
75301
56802
58574
7517
23839
10664
84845
38389
58681
88622
23240
58103
96661
13130
1579
51358
3425
16218
48806
14201
12714
88229
20842
98457
81146
35426
54723
46282
36461
6016
39297
75459
84896
89112
51355
25492
55865
49165
45902
87653
41939
80655
17991
27320
59133
82825
65357
32435
81306
24685
71914
98296
53360
4933
45812
37014
35602
89031
92966
32153
26892
72520
74556
78289
98397
27723
38747
46265
32851
34841
51285
81246
91370
53633
22693
80639
1104
63913
60180
15755
39654
44472
40089
50746
473
3399
32295
75924
53386
22362
11550
27571
63059
72497
14472
20922
61657
61695
52432
74355
83191
53595
94612
64051
65867
25654
39226
24594
54443
83375
8724
10063
69509
84993
26821
27455
77065
17702
1352
3189
93593
71700
80607
83664
8311
90344
79393
