54314
14503
54466
75994
56307
71929
41949
94597
16062
25508
40699
69770
84519
62776
13914
80029
65672
61022
99458
19169
73492
36708
52157
91887
17239
30397
85062
6941
46270
68045
12513
14362
13336
81024
42992
70854
48854
58338
27914
55347
45691
18618
88841
72483
58531
5757
55921
73592
49486
83336
92348
58738
5431
37268
96446
7677
65018
2685
37095
51986
37096
71566
47863
84380
85707
8695
75234
69821
30200
93159
98434
64297
41492
37456
40350
68174
39722
46199
43765
11674
65126
42105
26301
44401
1081
33373
21282
84274
19049
12954
12583
45804
36854
33999
77167
37871
33845
36522
12291
31582
37288
48475
35629
63420
94136
61361
13643
8026
78293
30138
40747
46755
60962
63005
73095
93445
82151
11822
548
86292
56786
54546
32247
78206
9136
90106
3803
35908
5584
28896
99498
22098
6045
65977
39897
58192
11143
50907
1348
32179
61277
7205
44267
27587
67406
77785
52474
75166
59333
28665
68859
29024
31672
66994
92825
2442
63436
91551
21569
12084
9240
65119
45804
3978
61671
945
99555
87566
38697
9034
79840
86577
13825
20080
54843
62730
47267
13705
21218
24052
31890
41497
54212
65792
77805
99547
3163
83871
45728
94097
56189
59805
13884
93689
73572
97030
27742
11009
14598
29940
18226
49306
12028
53929
94814
63946
93923
69939
71972
87019
33673
46500
81932
1882
52781
35186
57375
88899
34733
271
58707
40940
99229
42115
81333
19297
44070
52231
26223
71209
77980
62082
30407
54147
54619
25098
24454
57850
84416
4721
84786
87489
5830
54211
14671
22523
62829
93675
13498
97016
73688
94155
11954
92883
74110
32203
45742
97955
97058
96206
50810
78478
56270
76863
91332
84737
70064
97309
38667
92444
42309
55064
83566
20709
13037
73881
65843
10358
60992
40573
29426
59806
11043
85698
95999
96523
78150
91962
7318
25136
71713
15343
8484
22523
51694
21207
78290
66056
11379
56874
69652
24437
22968
72214
62812
52383
8563
57321
68962
98409
87029
3562
8271
45908
63849
59972
24230
44828
87577
52250
31483
19589
53690
89921
26657
7470
8534
79802
14942
90968
26252
12601
22819
77121
18384
54226
20340
38527
15693
91911
70095
84601
13547
55492
9013
41520
8414
11580
5374
43348
38668
16221
58336
19253
76503
37613
41772
68652
47441
57641
51009
27157
19110
55305
24982
81359
42681
11767
50617
63961
10822
66631
19074
40381
29191
78066
32797
6208
18786
22570
14265
86944
72558
22756
27015
59861
54205
89634
24141
58719
86201
28762
33938
28193
41672
53389
95388
25356
11025
94123
20616
2472
38549
1042
15878
65622
27607
31520
14373
56714
8763
15413
95976
75107
70430
75657
51063
72029
93968
47966
1721
71893
66356
68282
6492
4492
61267
61769
85304
2416
28255
5259
3726
35687
96814
31309
23974
51550
88980
40086
77278
3434
40633
10346
86409
57819
81492
24410
79394
92859
91499
98631
83408
90259
87430
56504
71591
9633
68929
75683
30417
70048
70986
89723
47056
38642
95444
52804
32047
30033
56846
55377
57873
38563
58952
51345
37377
87431
973
32175
33065
15191
61971
16974
3360
66304
92069
83190
91932
80004
14212
70890
78563
92322
9807
57766
88968
91433
30291
61739
71161
31693
93900
5318
53451
29180
24903
72936
41635
61945
85492
68968
53478
26025
30001
60779
24528
31808
60989
67462
71483
5676
23019
5213
64553
23446
29275
40013
13305
24581
77180
59374
94760
19740
27999
20675
45527
94826
74727
27239
70936
15987
13042
83795
86857
11666
17584
28779
83863
64704
7650
50087
61968
30904
33425
13439
96959
41877
50940
28052
94203
11586
96404
54730
34506
67907
24863
45539
32558
33675
14629
64085
42566
58718
55643
68887
57958
7712
65346
59600
70914
49062
5948
11914
38623
56546
44584
44745
50217
80666
97701
25461
59201
50181
70126
1113
21120
11095
10309
30138
75521
23831
82146
76184
20617
51001
51304
90304
81137
28250
34426
52367
63364
37681
94855
21855
38386
50150
62653
40529
90744
22782
11303
62656
59981
60292
35274
36382
9927
4244
65858
54287
14908
67371
77545
47644
22575
87914
47711
58402
1173
98031
89957
46349
97266
12537
55464
66848
69243
2487
21170
67200
30122
11545
18104
10817
59786
63501
99979
63487
91817
36933
4152
29115
86790
19389
75717
54029
81850
51239
55848
35732
83131
41876
1098
58237
88536
32455
63658
21668
88859
2448
88141
40909
97099
34363
94257
72124
69311
51801
46960
32412
27664
6474
92797
40013
68655
66250
32470
65430
98482
27331
96912
4610
99489
70100
53259
7644
11500
86293
16557
22521
65354
7534
85812
49336
20685
24458
42988
28130
28319
23291
79258
30623
68186
73207
40745
23355
75890
30442
15895
7742
97091
40138
59214
83315
12066
16184
83023
79504
90664
50303
47586
60051
67827
47067
68269
99084
23743
6370
58187
14306
15160
97077
9546
84992
62858
68338
17609
33434
75534
47560
2080
62265
5834
4346
6698
37540
55577
14294
28019
34645
91257
3681
72268
76640
5851
29336
70121
32571
16162
276
52888
68864
42862
64970
13481
57844
78536
12226
51735
20844
67933
64315
70080
38971
73497
97311
13844
95052
83240
22179
30486
42163
70836
53478
23388
1226
16729
76399
51679
88756
30151
5282
21128
49933
51039
77179
94882
61023
70130
9842
8442
88748
13333
89432
45911
24785
3483
95712
55916
1534
3992
86752
8246
8782
99534
94978
63893
68602
75226
39615
2325
70896
31618
23988
5342
44434
18663
50477
88058
40795
26722
39592
24848
25346
81129
4201
18604
41961
12015
42003
53667
75482
22415
54326
69540
31579
21165
75192
99696
8402
78125
53794
60724
10359
76362
41154
47091
58009
75373
75532
97951
73898
65387
92044
16173
76174
50227
92845
26827
15432
69950
12390
80973
49305
77929
49873
11592
40496
20550
22708
91307
77267
55275
80073
71543
73202
25172
51417
64966
73532
32792
50262
14213
26735
1337
77937
25453
54688
7478
96559
85051
24226
93413
64449
39516
36498
84170
92127
15473
21479
62081
43045
91483
34072
78713
96422
95351
86583
6310
81076
84410
64482
69206
81498
92739
46502
7515
24632
84719
90380
70092
96869
12379
41884
84639
62949
90269
2098
58482
79960
21823
8286
8054
12133
51518
95146
70857
17241
52769
78941
43158
82223
22208
6777
51142
97746
51959
86713
20020
88429
6479
4758
49815
1674
88735
59021
73396
83387
29711
47393
12610
17166
47529
73835
84763
49670
80818
23061
1698
59278
85212
12137
33655
88959
66824
73937
6391
58464
81121
26228
34529
5748
12165
76955
53021
21698
78586
12625
19474
71374
61302
20220
91940
77996
56933
60552
26514
28386
34382
82723
14183
95803
78907
21312
47396
48903
38820
42746
24228
32084
54374
20002
83625
16682
65985
63247
12623
31518
76402
3662
50558
31076
73402
74180
6091
96821
99689
10835
28894
93780
51380
62347
66600
86210
66866
11954
83067
32794
41814
48749
60195
54368
80248
44831
62505
8914
54814
59136
54799
43825
86520
7536
65892
59893
46424
83878
95331
95002
56285
5269
46942
16474
63429
24787
22563
55461
15158
17458
35550
5976
54882
18167
56868
27149
50205
83936
72372
35558
89924
41234
4614
51246
42248
63350
5812
44880
80252
66126
66453
9079
29208
17547
20434
57440
36691
16301
80472
35228
16159
37348
93189
26855
97801
91578
20534
16463
97448
65459
62360
56490
89074
95027
41041
14066
86116
14350
96654
28621
22642
48898
28696
2081
88898
17706
33421
52195
20734
28051
82410
85063
25212
25071
53730
4561
88205
23342
45167
80818
73801
99566
68014
6919
25847
33729
75231
8232
30541
1886
98495
72548
47471
12150
42708
89772
3908
98365
86051
89841
15653
69183
14174
80843
57558
62235
58664
51
81996
32958
51658
97676
98106
3522
58724
46027
69481
34236
27641
93470
23897
45774
87511
83170
85523
51769
73497
67723
75090
45110
18324
69776
82084
27374
71061
71495
55260
57485
98348
40759
9124
66642
85476
31401
42447
57032
98442
72148
18849
76448
94140
75920
56675
97001
60657
30539
45879
52651
82868
67248
81476
3303
16800
64996
89835
54119
22598
96808
42803
47861
17922
62122
36696
5003
16516
60349
96114
35753
55253
8882
68500
10347
75907
52231
62711
66522
86153
53905
42670
8380
5425
61945
80510
92913
40390
58004
68503
66949
49081
64468
81214
89110
73766
67510
78228
32332
77201
66901
42155
56670
24645
66356
89506
26596
9525
59533
93693
53022
78647
81534
73808
32710
29709
34936
77928
99307
55316
23967
46425
72173
53900
12167
93332
72718
33833
48144
98317
6622
65522
64628
89718
50146
46931
13409
68169
98902
21871
33418
80040
16288
37896
43133
41403
10966
88397
70465
31545
96424
19680
27248
64653
29634
50420
72264
39561
52529
48293
55078
8138
10251
88997
38418
64071
30486
51677
24831
17157
95260
82103
74583
36
35585
31798
80784
7189
4228
14967
41265
8261
58557
72048
32878
36278
94184
81067
75245
95560
43450
66614
78437
5416
97279
38091
67437
94100
15998
84545
58005
77077
41739
29920
10853
63874
1362
20768
14431
36196
76384
10683
36595
55923
17977
24470
59919
11955
53653
42188
14249
55196
26840
71618
5248
20950
25634
46414
84354
76618
20069
73662
29017
45799
37364
51647
63557
41404
19728
97357
53103
62069
81783
10094
79761
14455
39043
55815
70420
91428
16350
63111
71031
19063
85938
16516
80072
93827
58033
12007
23628
74037
38561
98840
88143
30704
16407
66064
46305
56195
48840
42268
62601
63432
52169
28462
93492
83472
37565
2318
7262
75833
78619
20078
55525
83069
92221
23624
38078
79375
80769
24428
61037
41650
47006
71571
70261
88643
64900
42044
7017
6414
9087
84312
90993
7956
77211
98246
68849
54849
23380
25408
22159
26753
32967
23125
64233
84103
293
13016
96113
36121
85954
9372
44253
66057
6541
14524
61977
35704
81965
70818
698
61864
23559
31565
92519
36328
14612
30340
74487
82211
87010
67596
26329
42752
43256
24484
11403
75817
44375
20420
91954
90592
26431
41575
81772
56288
18346
82022
82065
68888
10171
10559
87536
5269
18339
61682
74262
41315
92245
52165
77590
38545
48246
66821
99126
99716
29397
70315
22681
4550
26700
63706
50391
24891
37133
33944
48228
64768
13290
83828
23041
91613
68508
70676
83074
46332
37269
63471
68357
77598
22940
68520
82943
11748
65242
45632
39187
78801
4677
58207
87945
59482
53212
61238
57492
46506
64505
65749
48127
5863
70631
52190
25350
98853
97385
96617
11233
30699
75751
58954
44815
63498
43203
36921
35085
3481
64732
89332
14838
88628
74970
9322
30863
89289
56423
79564
36148
73767
90657
1394
48815
7651
67403
40521
46912
2022
83279
34514
14200
81412
21057
59709
8520
4441
19059
70281
19860
74490
56951
64816
26818
19481
56348
27673
51837
88563
77897
35017
1486
83201
49186
46313
54386
6444
27111
48590
95348
61100
50149
53341
50743
51819
40518
11344
52762
76852
73864
76788
94593
18664
50792
81879
50059
10851
60568
64192
25308
42945
76102
17322
59404
11342
14567
34336
45640
51014
22910
62913
87186
36330
93690
15129
63936
42968
68122
385
77317
89425
21693
29600
45469
84920
3930
38202
1745
61841
10297
89015
26972
64519
18630
18305
94056
11455
56100
71808
64537
35678
44767
82047
11504
6674
20778
14723
62769
74030
96163
87862
45328
14729
63376
87813
78449
27715
92364
49205
62268
2967
19725
81894
96557
1784
13199
1933
86485
26593
10775
73059
43361
46453
61342
45007
39365
54384
35951
63317
56839
18081
3520
18785
17516
55662
72814
36688
95819
19934
97242
86146
66033
62442
55306
32647
27792
27872
89874
28952
80351
38298
1188
64185
96895
75952
9329
90639
33950
79703
18079
8017
74593
9337
31628
92170
93014
75150
38759
79528
19421
87081
18946
15504
21127
83152
92638
90955
3883
62047
5971
85047
16283
20423
39287
49027
87590
6233
74449
18124
32488
84527
27141
23538
1877
36453
72414
67437
27272
76744
87185
52932
53640
18283
99123
37155
72899
58293
43278
28949
31720
72686
26553
53087
20090
86958
26712
44054
10290
26015
28832
67130
22059
4471
53781
10876
53729
26466
2386
51688
33371
58354
91033
21372
40853
87523
75582
46870
26575
17092
10557
38862
53596
52707
57633
14442
42026
15573
48855
18565
18400
49106
9380
3476
53948
93474
57843
45770
4893
79142
35370
42788
63088
38034
93298
86331
77496
6254
47432
96294
71770
57555
16021
82497
90408
27030
72412
68238
78377
27118
58710
26875
31976
80618
88660
78974
94519
66693
20280
96932
76628
34309
94040
96277
22985
41113
15621
63440
39960
32854
5318
34473
45867
98779
8311
55284
95836
62274
70567
86802
30448
68507
50365
68750
88723
85736
38103
92321
57578
73485
79791
99475
87205
93508
61357
30847
79769
42017
88844
13246
61926
87943
18632
74357
49124
96322
95772
56822
32175
29913
81283
59673
5046
51723
97402
50688
87219
41911
43507
37617
23762
49698
95057
47765
30059
41594
10357
73111
6914
39625
64746
15482
81946
2490
29595
12895
18428
83610
49272
68738
77444
91616
13697
14492
56107
49637
58203
30474
70077
409
19797
39719
36656
81317
45602
86438
49647
19107
2230
71995
4804
7732
84300
48758
63735
44807
7035
6842
22597
91523
39997
15073
43566
49887
49425
68401
60827
67628
11107
27618
26840
7092
32436
76127
61625
88601
43599
9372
92898
86194
93633
64643
80918
90948
69312
33076
52415
32686
41906
5119
91617
2204
34706
23672
87081
31787
92518
84847
73421
93281
61564
65479
74429
38696
84859
79697
78316
76625
76707
94193
5302
81662
83191
94737
31643
2347
96499
86221
68099
7768
69451
80970
47641
11005
9493
29797
46921
32533
86484
54738
16762
50547
78473
67976
24528
68163
82247
37829
90890
7976
26677
18262
55919
66078
35050
83262
13986
70411
53388
53883
91148
66815
58321
60986
30893
767
74201
8286
61848
73732
56566
34742
75004
81369
56230
709
46041
64204
3839
51634
71227
98573
94681
33321
49567
4000
46272
627
9072
44769
11666
81152
80792
21057
12218
47394
92667
61394
80034
44839
76106
83738
28559
66306
88760
55768
77972
62752
47133
28293
89702
86035
47144
79980
95249
7081
46313
28635
97288
2181
42113
85518
69096
59418
2403
35719
50569
38424
84918
68730
73520
52758
40876
37778
13985
69585
53447
91006
46548
94713
23062
78778
59083
3243
57263
23720
62649
98909
35113
71538
58869
59660
61901
98779
22828
42997
50266
7086
96452
96392
64566
18947
86815
23652
56917
1244
85180
21871
66576
82935
70402
7810
87613
51951
77710
66777
42078
52554
52393
49778
98969
96463
21584
13884
47042
6850
87874
25043
38322
54759
94457
63844
96442
62067
2909
6306
99372
46082
68537
36927
27674
46680
99661
98260
37346
84783
47408
7534
3398
40131
11342
7259
69898
38169
59924
15360
60301
87849
82569
65826
45748
31299
12500
7377
20534
69931
2695
66201
63378
65534
738
71470
15731
4663
57574
75751
44515
11896
8069
8185
64589
81331
5102
27652
33316
39323
53135
30711
50593
96313
80089
58051
94249
64042
39325
64691
43562
8534
94447
7069
58949
17510
69388
61622
83454
78745
92569
97811
17067
43506
71341
47389
91026
18632
68908
41645
54462
45827
37797
79569
38274
52393
99287
57133
10212
74550
7504
31415
35606
75828
67055
57115
99872
5834
94038
36235
45266
98023
41893
75838
15807
71677
56461
84628
61055
32562
15045
83318
22052
8624
15399
78280
404
92431
92882
17091
72308
40382
75958
72905
64174
1612
39840
65874
3746
77025
45328
6166
36570
43624
94146
97189
81140
32268
42703
3596
74999
32654
70248
51034
54508
37096
17932
27879
9356
43575
17430
73337
7202
46424
51549
12476
80664
90850
33129
23026
2767
56729
15646
91667
78919
53310
38689
87618
83320
69290
20253
42508
91408
49768
16648
87818
23745
70532
99232
62866
21696
54524
11735
38435
21430
89766
19986
65629
65336
21864
94979
15512
60012
92772
62434
31248
46025
45449
23553
36469
26547
78390
58793
24939
53170
15858
30715
29868
58368
36891
86895
91845
31838
2138
19062
9247
20634
47850
14599
58739
86222
43954
74528
42972
1979
7830
45853
91412
82092
1108
76727
91418
31429
18286
56425
55907
42612
48686
47556
5091
51870
17318
75762
4773
92494
27645
30087
77420
19175
1094
55234
62398
66576
49132
24215
47034
89117
94909
73946
88931
68406
33038
13576
69271
55081
47845
97523
38099
89280
42590
19839
43897
18253
75409
75201
34964
660
78585
1969
27685
83268
41157
64759
33991
84769
89698
72188
8875
42313
26132
21009
18545
98640
24584
81172
76576
47996
12451
22475
84671
95926
56682
29353
56930
14265
58901
13184
14954
62879
60286
31337
66351
50127
97267
4903
13453
62704
2827
22664
56569
79957
87786
52970
86256
88544
60986
85699
75325
34562
14328
43318
87029
31118
33119
29467
74555
65181
31950
42876
91891
826
13839
7103
94370
6816
464
62943
97075
81580
79708
19724
81985
26545
25081
22839
7519
6738
81240
6420
43802
33705
47320
80712
35358
62279
28612
6360
88381
17757
10452
19971
73069
42146
12444
4488
7888
65117
80387
78761
45107
57445
67090
29930
54842
13535
98209
18782
30342
79899
61326
87691
93522
20183
10635
20149
10145
36236
25499
68862
41071
81648
20316
33872
59582
41210
3676
13157
82200
46108
8438
50320
48533
7117
86641
89271
5863
38465
20754
93314
90110
36177
10361
82108
63845
54729
72498
97796
6216
28357
86641
15702
51294
33855
96635
15772
92717
26809
37842
75780
4315
97224
34524
48719
84531
71527
62975
13960
61165
63451
25576
99827
93729
69696
96356
96672
2523
59581
85175
4583
9971
94793
45881
55408
82462
38559
15413
69021
99233
25813
75386
46587
86325
41143
13695
48625
71700
15774
2459
62531
99306
82810
7486
61142
69140
40434
5299
29859
72219
66296
17026
56369
74102
76140
77738
85099
22711
98064
26314
51160
73222
80694
75289
33595
92983
81442
85077
66811
7468
92187
75321
70557
42909
90698
25758
90917
53004
37045
43210
32418
12538
83172
47887
62470
99794
56660
13088
21880
34737
43439
20160
66300
74619
49779
16242
88183
37606
44787
39081
34305
39495
61593
20403
6485
55791
11502
86901
26501
32989
38162
6090
32693
32533
92521
94373
70812
54703
25430
95968
52479
18114
10192
92745
42589
51898
98297
46116
46365
66262
40282
97676
87690
42743
2001
78841
6471
21800
30411
61421
97801
1779
83542
74505
2908
22681
79893
65426
68255
74292
24069
99247
38992
94377
40638
63838
1703
17231
47911
81054
27029
89841
39025
44201
13839
56550
92565
74390
91465
84872
64332
71924
60330
45573
55406
77121
44985
38463
18674
80583
69015
96107
77834
71053
53484
66524
95708
43586
53041
42084
2178
56854
53647
37691
87810
28169
91644
80641
33802
58154
26373
9012
76749
73876
24119
38424
12615
77404
83223
62341
58887
70727
67395
10517
81667
5012
28209
44550
56560
26313
86442
52032
46347
78487
48789
51013
32387
14104
86012
96778
91309
12028
72407
71522
69529
6162
54083
28487
52137
68761
15792
10022
72100
91884
22976
28318
27660
25507
15179
47487
75163
74830
38517
7567
21784
68341
53071
32417
78056
39400
5185
84883
63735
82117
89351
79051
86348
51955
65367
4550
65048
70765
5986
32005
60452
26824
87543
9893
73942
56466
35591
11491
10020
47830
4100
35609
90151
83631
47651
78903
23345
16847
59139
49663
43990
53424
76027
83192
84409
61178
87424
57317
30393
73117
23404
61984
62767
55022
30349
33369
42505
10772
31494
39487
34664
66106
10000
40271
42427
87811
63875
68881
16371
38210
66223
69855
35719
19681
99075
63162
86088
49019
84163
5369
98126
17842
9151
81716
35427
27366
17070
38756
60394
12647
21997
74645
69522
88806
1058
77865
59275
6722
99832
14848
70637
48221
50914
87981
51541
36825
16713
47816
13522
367
57204
76232
92414
96715
6492
26245
75768
81008
36220
10207
6477
89265
74268
69360
209
14913
87751
75904
87277
88602
24380
73482
28022
93476
16852
47325
1764
28731
77586
7259
35973
33838
90447
3365
96276
37968
56924
95016
28862
58675
44310
56236
82188
72723
33613
61530
88404
1874
89423
8325
94103
16214
11755
1852
69291
29973
72820
95358
77474
28331
47937
80514
34050
60311
88207
33526
94442
34704
42555
4735
13703
71974
92733
56845
18109
62219
58887
25765
89887
77216
23088
52176
41978
25003
78005
9645
5890
60848
40501
80788
77077
59143
58805
89908
22552
84609
96945
35023
77338
7293
51997
82853
56372
32998
88023
95406
9542
80769
17940
51355
57552
77017
65578
47442
1680
84853
69989
82008
85173
57012
9001
71410
12998
91707
60521
47928
76899
71142
10741
18436
56732
40102
2933
9094
9105
47094
45901
9991
38015
46726
27569
6304
85304
99276
83528
85824
99088
9080
18059
77444
70345
53172
33304
82299
29373
36647
81014
52658
71700
44807
54208
6829
60563
44229
65138
23561
29748
2021
65281
231
40420
86718
92397
55017
65591
57377
61115
61650
52733
25263
14698
22082
50652
29224
12651
97600
2233
33938
51556
81232
60115
39706
14088
35542
67449
4995
79282
89150
25171
62575
72855
50940
92033
72014
43079
97120
39777
90211
8320
17117
77789
69668
87185
18088
61947
10263
14689
48282
10441
55199
8550
51521
51138
60951
78743
32883
14122
70087
79118
95711
54267
60426
91198
15677
69914
72268
17795
42702
3132
15822
5399
66530
49690
77134
7927
35580
60537
9956
11759
80978
72808
28692
10328
49370
24026
29678
92817
20311
37508
35759
94629
44699
20268
24992
35304
64653
77721
99518
20739
19143
19758
29705
69031
9318
72897
48824
54644
94284
49912
85472
60609
12920
32036
35295
77679
87768
53088
5652
87312
5407
59073
48486
41913
36556
79642
47527
21969
99466
65209
68469
55830
20011
19994
85704
98976
98612
55927
79201
55327
90136
74473
28426
27918
20522
62924
46746
13611
51319
98469
84875
87377
20154
67246
19622
27177
5061
85427
40785
63498
48315
42424
94560
1326
19562
12227
55238
56588
84942
61479
61527
51025
5817
72811
24158
45117
53961
78650
79286
11772
7924
93032
69871
50139
78643
4724
58322
99053
14016
55466
34259
1061
49087
57190
99743
95732
25972
88898
24145
13334
34837
99044
84902
73984
37648
55902
28641
63051
13217
14685
5924
37692
60239
21934
48285
24154
51548
46678
29536
2406
41047
99164
55562
3868
61689
40570
42137
70698
59754
58649
67346
14346
20554
18201
73402
72920
66404
89266
13615
63018
90673
10586
28787
6950
46790
45621
65610
76315
49137
41124
79133
25597
7567
34015
68452
28578
51091
95551
94079
54196
43666
4316
3544
32198
71440
91949
77619
40256
53705
20367
79156
8260
78395
12590
6136
43559
95338
69063
97082
94757
28697
93961
60016
44067
43744
40713
53492
28551
30202
54802
18572
46315
84818
76880
70261
82040
80096
49448
44303
9988
43865
37107
95057
18902
36694
27364
52983
45851
47976
53280
49593
38991
10888
33368
82938
30929
94138
78433
34977
15909
25998
68067
37717
12258
79304
3745
36903
46624
46486
45641
83229
5422
31705
13044
6478
96139
71368
40583
31504
63802
80125
47772
64352
77493
61726
4999
9815
68983
95869
51822
59612
49405
17825
1259
10251
96543
51294
87881
28023
75975
92606
96781
49383
10174
15248
38471
90414
90372
29723
7157
78313
2383
12730
74386
8409
55114
51376
68682
85783
34560
38037
20260
11866
59214
37543
71547
82266
58275
25715
10113
62806
33605
11067
74778
97976
51973
10177
55871
97904
82030
81278
60436
29873
60058
53565
41995
46736
98663
51477
44487
59787
60961
91641
99701
85492
21908
66409
25006
1709
22956
216
72786
60530
19963
10086
23067
49732
50546
85093
83076
43147
84817
44032
74692
58698
86186
61575
81366
16547
49237
53879
10634
36057
93703
29229
19314
2931
7401
4416
26566
31362
59925
58452
25014
18097
94647
83969
91567
57230
2151
28232
91271
47183
78888
59632
6070
42535
33296
98078
88918
78205
55118
45483
47216
46343
96569
85907
56462
89136
61512
22951
86813
83790
73404
69778
35523
38880
89129
43846
31867
23586
26777
85797
77511
67693
47048
81840
4073
95127
33611
56930
27441
89961
53776
52025
5425
76099
38122
35294
51084
81521
61353
87220
26425
74183
46331
53585
63988
37772
37952
76297
64057
89757
72205
56322
7201
57037
8518
19072
94132
52879
32337
4222
45869
78194
68937
10608
14789
72334
63173
58887
44903
39390
91049
57157
68219
55459
81024
69822
96712
69577
16655
24278
14758
85017
42388
62325
80305
92249
48414
19080
62579
54508
24495
36877
30343
5249
95890
18763
20832
89831
38661
74671
12789
20513
56455
54776
98007
66282
75867
87200
5793
32405
11597
61572
59235
56079
33167
40054
66068
98034
6476
341
2334
78372
9165
72792
69797
67308
50397
7602
62792
70703
32763
87890
51308
13385
79241
46189
76871
15060
3474
86282
66515
27777
56918
83825
7200
10510
18965
24628
74004
31980
75037
69059
38046
93307
8525
3333
92207
55506
94291
78562
9202
74262
72510
52839
39242
45231
48897
37203
41164
13423
71383
59189
2688
87668
7685
57635
87095
8095
24081
74688
23284
17760
79718
50332
8247
42199
57095
56710
27738
1749
44832
30206
44135
6454
90026
18468
60475
50606
18377
42542
36125
25980
51217
99051
97379
13026
80040
129
79999
98748
38761
40138
79134
54446
17440
61413
75775
22969
52908
36492
36033
96266
95488
70386
19142
24721
54392
733
83205
93301
48445
17623
95749
691
59716
61904
29779
84934
75518
35801
22359
86296
25941
35609
69605
39117
17013
64217
9135
34583
83300
9665
17954
24400
80452
33480
65777
85644
3310
36232
60972
1705
21934
77274
67420
23250
29508
85015
38287
86541
33916
62730
62110
76045
62094
21293
37037
75152
10948
31238
24853
22408
59295
70451
25360
39784
90372
27877
82099
27181
97776
85934
85521
34886
77380
27881
81612
58645
60024
96444
21726
24868
38438
26901
35605
63608
43798
76403
76209
54073
92666
56028
82901
82033
52384
80451
45566
39827
2828
12859
85070
69285
55805
83064
92498
57587
53807
20242
93935
10878
92657
42144
79454
79703
66032
57269
67784
41097
73308
86828
36815
92377
43136
38196
88024
2250
38342
63228
90201
84126
50207
53259
18091
70859
48909
8149
9525
90515
97475
40618
97566
87820
40104
9857
50625
99583
63168
56361
16892
94449
71990
178
78366
86581
75007
94808
34813
81
93233
18699
59049
22111
15904
29113
19051
50776
15236
96046
68151
17293
68205
91535
52001
51165
99141
62932
55389
15420
18510
55288
37639
84310
87999
38681
49694
63518
94608
55945
12059
8939
66204
90831
24137
88937
59882
2574
29009
35655
39991
23041
36522
1273
99304
10060
59590
17234
91317
18906
76230
20778
76327
80551
35495
84056
35637
48758
39159
99662
29752
7601
22161
90079
16581
81236
97381
66781
63657
15381
95967
55745
13972
51069
15922
69149
96318
22615
10357
98323
6511
66369
9802
31260
83357
61034
11211
50167
59467
10871
52375
9977
75036
5650
55795
72939
34197
17734
85234
49659
7096
79546
66984
67676
62781
96933
26182
95648
52263
70184
43401
61197
19250
39598
29360
11102
77125
23237
87844
28293
45728
74485
65646
89571
4900
40423
58279
24991
96327
7641
35325
11445
30923
14619
16832
27252
4090
85475
87583
73404
58621
5025
99538
3820
57121
18358
23432
71527
52949
47272
67220
52836
93392
8
93208
16738
31206
76488
66024
36994
4957
73254
60172
56985
87953
11267
49577
68890
21721
2540
37839
31935
47774
21443
99029
46205
92918
93427
55863
5193
49581
13408
95726
7564
39309
68697
27819
54998
8383
95245
93704
84253
23008
42413
80424
88217
23864
13601
75929
8508
99743
92525
77859
63971
97468
15669
72539
10090
90582
75248
67892
28182
81604
19548
56549
81832
76714
18814
13243
51999
24825
79473
83084
70793
82438
58357
18069
15066
92566
46582
91617
49487
23935
58791
62714
29992
27770
40125
98388
63725
49494
79075
61929
35719
26091
53240
86749
3365
5643
4237
91833
49356
74156
46249
22464
82163
91134
66078
71423
20137
32975
27632
65749
37793
17301
31381
90785
2732
51194
73089
21630
34676
30926
81907
67014
94331
65313
61564
8451
67015
65187
90596
54106
55436
29678
84466
20647
94503
59114
76700
55501
40298
13630
37133
73086
72769
91635
4295
98177
53499
37862
23974
91921
62707
92569
79062
50335
71097
15153
71975
59555
47037
13940
38249
49460
79527
38814
93802
45922
75124
8537
27870
25400
71055
17187
87813
15495
11294
39936
48294
4239
18256
13058
59334
84265
89389
86546
19605
94690
48110
92846
34057
39970
82289
79566
31659
85057
65607
3725
27059
81416
37925
48667
19029
21791
63256
1974
5829
93182
47882
85915
37771
77672
87903
29579
8964
35566
13729
33404
45235
21639
25401
89767
51271
93787
65457
14899
24931
93843
97864
51126
35844
19958
33846
35538
32466
83754
2239
93961
30114
85695
22442
90083
49210
22147
91743
56475
39954
82174
84644
53059
2440
16534
66410
77495
22075
17626
86951
78202
59273
80010
1978
82609
12877
60248
40780
68586
72175
91303
99647
81873
35853
77972
9301
84827
83745
6329
94257
76088
24607
92250
2318
85959
58817
66425
52611
84674
5667
75288
22297
18284
48537
63831
71392
32655
33409
76836
242
86061
5837
59115
83822
45499
49744
75088
27660
82921
42386
31506
881
25582
46353
92941
19046
72091
6276
10282
24946
84427
47585
94249
33542
42470
44835
83953
76442
57793
86722
42816
49715
93747
28827
58916
8769
54111
99904
52417
48065
65145
86404
62902
89030
60816
40232
4349
39621
22800
17400
60233
54742
63405
47403
9924
65808
12186
15959
19433
64930
71996
44080
37622
20721
54560
33688
88457
61274
9624
78037
71222
979
96507
27079
13136
67173
55599
25546
86350
17604
68067
57011
32386
17789
81047
26512
59017
38548
12957
11761
4625
5644
64765
25322
16165
59407
40339
23953
67980
39881
64113
6749
65
92117
64502
26832
18387
72358
25862
39407
1103
59057
20632
47802
29374
38418
87539
27021
19349
12083
12819
33320
4653
96446
16367
23545
39178
20311
64228
5535
82815
97427
47429
95383
87415
22115
32522
94198
91192
3771
17314
13290
62497
59962
16461
95196
16408
72897
70990
94782
85155
21053
25045
96277
47556
42579
94420
9368
16815
64878
45298
86283
38557
43998
62778
76399
94037
55037
33818
36279
86799
22142
98810
79498
18820
2897
6183
16875
95233
27569
28406
42246
4521
25408
8020
594
639
28820
28789
90369
3637
94967
73849
15136
3291
75936
53369
19642
34128
83473
18768
44160
20179
56369
23024
62829
95514
9290
22715
80230
94098
40478
42101
19537
72920
52597
77205
82768
72148
95854
31113
22761
84833
66373
91751
457
54396
91386
58448
17396
70982
23834
58204
66524
31807
5984
15336
58043
16599
8224
46696
92692
53753
21961
19397
56327
90738
12380
65891
69266
79316
95169
37373
86556
18001
66759
6935
66217
44946
11616
32756
39378
46208
26194
75861
88640
425
55623
61218
60004
5215
74140
76537
69425
22940
72271
66169
17959
58897
96496
82443
42056
89748
56676
42977
38244
24039
46603
91179
9627
97941
69426
94799
87298
84475
48603
71317
90035
11920
14132
5145
18817
62254
19466
72758
72458
58004
10321
71961
74323
38039
85882
63174
60311
53743
47992
67133
97223
62405
86493
58141
60211
1212
26370
82762
39652
30750
56578
18533
15264
84730
31106
91577
51758
51181
9147
71429
41672
55742
51093
39042
75276
20088
47535
73319
95604
32495
25662
87685
70601
10781
75684
68971
43256
74384
35771
41141
72606
98991
65330
98351
30817
61622
2263
70582
93894
14013
75141
90916
61420
99120
87016
38161
62107
48998
62728
35004
89511
16765
6038
26335
72521
21526
75768
82394
52171
57897
57830
61415
99596
22938
14715
13297
85373
44276
96436
3844
86034
69740
34676
98768
8022
45973
47948
8756
73722
27419
59985
62810
87277
63025
6905
21087
29596
65717
16127
40093
93758
44659
64583
12380
3736
98889
69296
69865
417
55246
3768
63397
82151
9410
66716
71972
68710
3876
14718
41210
76435
57310
19019
11684
14706
20424
20193
49486
10110
49790
87286
14820
11336
99437
27093
36252
81223
94543
13356
93933
41963
69471
64290
45773
99179
58030
3119
94689
12127
37706
95133
873
65486
12235
40973
6495
9180
27142
89459
70768
11917
28981
59797
64614
77038
92389
24484
3390
1362
6953
86987
3227
95341
20706
41056
41706
99265
839
54591
92955
1492
75169
88759
31623
86652
76108
35218
1632
58938
77638
50845
10790
3965
59334
23367
85952
52150
29557
22334
11495
45712
32697
81196
28543
3313
93663
96415
85049
60402
27094
96565
44086
47432
12022
46292
62289
45614
89569
88812
88913
72218
86644
92686
25540
95402
85222
91133
25201
52719
27059
45548
88509
95204
28899
3800
5376
90045
39682
89894
82037
52638
64142
6801
77859
94807
78271
3772
51700
30025
10800
76321
30523
25134
11615
53538
76828
73611
71695
88699
87456
97982
56091
26901
4836
72777
79062
83964
606
73383
66735
20872
59811
67418
13648
25545
93920
37225
82694
85420
5495
66796
89808
20126
21578
45058
29879
24223
21310
4313
6869
89727
21338
53308
9039
77160
40274
81379
80013
96201
9138
16325
51034
92493
33800
12539
61549
92267
75897
62906
59910
32839
51613
19186
84062
55226
76337
12307
73463
4259
80797
25553
61212
73365
5396
82888
64246
3678
15228
30522
7139
42086
24933
9643
73071
84967
9177
71951
94371
50032
43944
36584
28663
33309
38481
34306
61470
31195
93007
42787
72792
30490
93960
1329
95837
20881
97308
29120
98934
85782
96409
96638
14504
70839
9029
71849
67480
14093
20549
95286
90012
65009
7643
38106
79179
85135
17505
23969
78433
55200
40447
39769
72086
16071
90704
92030
47079
11866
59432
65799
11364
95476
34133
71619
43554
50174
44679
27480
83425
81133
33467
5961
36906
6346
39481
47071
70328
3243
82756
64170
79624
71982
21779
59138
46180
16651
56717
27174
56142
47398
18948
12884
25639
65559
53021
27659
71346
6737
49158
79756
13061
64869
8865
54335
65486
77167
41913
21315
32004
65697
42417
94066
634
94012
39181
77420
60954
27759
63460
70572
70307
74583
88226
36
16681
44353
3900
86714
99616
67734
91581
2410
41711
60465
24529
62413
91201
24995
1116
41023
67902
61782
74115
77510
79376
6993
26260
76760
11122
48623
23788
92052
14736
28485
94674
81603
36478
23709
86862
26636
20426
28771
78547
1363
96713
55066
37262
60259
20041
85490
82545
30014
36519
23825
87999
11769
21795
13762
64809
50316
98561
36779
69211
19648
10649
35847
18380
97096
3484
43991
6756
12875
72804
87691
29802
2828
38411
94135
44970
91853
79166
96624
35660
22013
79740
57137
57075
80591
56667
17806
93734
78981
66450
75499
20941
72103
79050
41449
57952
36518
58124
8862
81107
21156
30977
51390
15892
40120
46526
15274
68168
34427
31576
83831
74260
83049
6743
73023
32508
70140
23871
68679
60637
95880
89345
84660
20125
12431
49165
39133
51489
90310
32548
87434
54374
99797
73324
44480
6273
55322
23236
58599
85819
79079
72686
99668
68082
74143
9324
67167
26286
27256
39147
28919
55202
95116
83419
62597
85055
12802
20021
37030
57502
15256
3492
63557
83986
4766
69626
85884
96509
59353
25981
31260
50251
69889
69766
16779
56662
15692
23939
97401
22152
89833
17515
72847
44768
83953
31673
21364
94866
10619
23726
68801
26425
26567
28964
55048
22528
67264
89065
56523
85758
45160
97195
26826
97296
27080
62556
17811
60109
12802
51405
57263
28116
84573
27851
32730
51115
24076
16158
25311
33413
5545
97413
77475
27463
7370
34573
7239
28940
35694
96585
97133
72007
95312
69626
58563
66083
31986
72793
41259
28791
14016
34071
46221
17390
41323
25984
65622
55832
35326
56239
94046
4881
46605
63591
4014
41342
75189
9603
64841
16817
75589
20178
5646
64941
38817
59059
97439
92646
81930
79475
10842
848
97894
40899
28110
6251
95092
24118
32670
65228
72549
48075
44811
41124
91002
75795
78384
18930
72207
91943
21977
84705
9503
24439
87882
3070
19440
53150
48085
57135
21764
41520
90914
44011
59366
43773
83100
49591
67462
44428
88830
58637
96547
24782
32488
47674
14827
16153
87843
82878
53562
86755
50554
40965
38387
84682
95373
61771
81004
68367
3629
20418
39456
66075
37490
31223
89774
56488
77495
67343
14403
60063
92655
93370
94965
67578
93676
85055
76477
10319
95367
31270
1927
56266
12292
40108
18429
99549
44503
61602
56735
82297
45919
32361
64980
69718
55649
65578
20446
71410
68468
58693
95879
78275
55608
38505
73336
90668
56562
65455
27571
41890
50022
21880
4439
15132
34980
46928
22971
29898
17802
36953
60190
24245
64767
2107
38082
18747
1805
18344
38909
78985
68753
41147
31373
12798
53140
88974
17743
94778
33558
27787
57415
76555
97416
3455
89179
94612
79322
91411
97930
2960
4909
43574
83899
2873
73468
8951
96493
9123
82181
98609
77168
6260
32918
91314
32993
10024
43063
31262
59477
17446
46763
99652
26079
21777
54794
54666
93405
67104
39561
29141
69612
53810
28632
76685
75745
83531
74450
2712
74848
91164
83246
81932
5131
74625
97891
22692
13476
30924
48908
27957
91094
68042
68031
25783
74478
26571
35743
99799
63764
65290
94608
60727
5994
13605
97392
57884
72979
12955
47523
68612
22706
49007
95419
4432
77431
5812
37622
3869
92988
39936
18286
73868
50087
6770
78448
21098
63972
82774
60121
16371
82204
35699
62883
57268
25420
72421
30678
3951
69964
29794
42723
37964
33222
32794
92515
26453
35930
5816
49242
16683
74737
41486
90973
62178
88833
61455
11255
65485
13979
81647
49343
23205
76231
72349
57729
91932
48587
18138
92782
66735
3624
16423
49868
41186
65826
41942
80198
38253
75330
62424
45948
77235
14604
24851
1015
28894
69871
493
17969
28028
17346
67804
81288
63946
49076
13872
82009
34444
80983
18518
26500
98276
2822
78686
75274
84940
82411
38513
64802
17683
88639
93976
83553
96360
79613
45881
48460
13206
23685
64325
38952
28090
3575
70894
83301
85255
20990
54743
2506
38105
81925
19424
81259
88280
8870
18546
27396
68830
12250
7898
60415
66707
89163
41495
55934
81721
3797
74300
3645
30501
72709
51646
19460
29176
60376
10750
81463
46287
55967
66740
1974
75583
34425
25542
29475
21327
18844
40432
54677
22313
51117
51109
68434
40663
11648
6432
97267
33965
68586
987
3923
95881
30568
89098
93586
24342
14322
45491
37523
98678
58622
38396
25666
92738
82418
79480
75906
330
51896
39250
38371
46221
84017
68520
89396
46150
75673
68410
77050
35825
39270
21695
31144
57010
46885
65843
16022
58710
52319
66409
5745
45766
15075
59458
80566
62354
20307
13147
59499
59715
96029
23548
87513
67280
20395
53251
6660
88491
81462
71261
77691
52065
72616
9757
90916
56025
61178
83375
65128
40362
91031
38830
65022
28397
46275
67933
84077
6853
53229
77855
9119
67383
99681
92993
59271
85877
35090
45881
66823
84826
94384
46273
37184
12135
90230
10609
85739
40273
39789
86708
16694
28765
45305
91827
57309
67424
95669
32117
90996
77004
31707
88445
20523
1087
7497
86505
75537
96889
50553
58227
56094
97877
99033
42882
28873
22618
60134
95785
45566
98918
37348
41593
83136
17069
15868
31149
9354
98772
24248
52166
28923
19339
88084
85821
82614
95675
54527
73322
13255
59270
27355
70268
91481
98998
40081
81359
6853
6532
32739
57454
11951
49580
66628
24690
16925
74315
36152
42404
40118
36743
99659
50423
34181
35956
25338
57968
14207
90436
19679
55160
73637
64979
56240
49884
19661
35584
68721
58901
5822
98968
87805
15977
37113
61870
40746
36529
89877
4706
92957
36684
47970
76873
42540
58472
55338
78792
79705
15350
56570
31866
49313
8972
53917
29218
53767
20534
25662
31557
25002
60141
54506
96407
35623
47981
23063
73356
13662
43578
10197
96408
79660
41696
58511
32391
31901
16547
19880
80477
41324
48974
23106
95966
48969
77448
6592
85463
1217
67707
90681
98907
10282
37851
2562
56069
37200
64831
94690
38222
66262
61377
48532
70819
32665
17055
15183
37744
41800
34235
66123
75175
23329
65929
3582
21134
95635
27341
98186
84747
68831
99602
50594
53501
36510
60751
52955
67275
12359
68975
13608
77157
16836
93733
20564
17285
40839
60138
75419
82883
28673
64809
37056
47561
45910
69261
2581
18181
45364
86834
58462
8755
1953
88546
2388
48626
47279
74045
70220
47639
16866
92767
85128
58676
92272
88848
71889
57418
47213
74017
33129
37079
46104
15476
78469
81914
57188
7969
87407
22000
67643
49728
3103
81606
12073
75836
85808
56117
45712
25348
27323
82858
84080
80804
23426
11991
69017
83473
67213
24010
74269
11794
21969
67204
95926
85303
75252
31929
44001
26551
45948
39469
16007
31925
56480
95513
12704
96456
15319
84759
27284
70473
52894
29642
72146
48806
87557
70941
68504
55022
91103
78274
70043
49657
95810
10575
47670
87400
27558
85828
30925
99837
86939
83338
63200
70433
65093
28194
87552
54062
85591
27700
81742
75956
48218
33626
17148
78181
2848
36129
19368
7600
66420
18139
12344
51830
90588
46290
6885
25193
1924
1385
67677
49183
84812
68345
25519
93005
96586
17367
67872
87371
97179
27915
30130
40843
74814
79356
29947
69703
2506
6305
83698
90293
29150
45923
46068
62245
80226
1343
10245
88069
16261
56172
6427
84995
78210
75926
58731
50157
73434
18049
33844
16350
21261
63618
40523
11621
3871
66918
45582
70201
8253
41663
84421
21525
5584
31061
59086
2300
7205
65986
12341
24971
24584
26572
79694
62665
12184
47893
89225
51052
21876
63482
81822
90627
61298
35082
64597
23504
18129
4687
33277
87204
19483
87126
7290
37302
6454
88421
47720
44046
95579
36434
88170
12522
79701
13087
7180
43596
3858
70461
5885
50190
41270
60615
74632
7609
38553
291
99115
50706
57969
8113
15348
17779
35402
18871
17702
28524
54248
53465
69069
57825
22498
88393
75785
92665
49595
26975
52046
76711
68178
47140
89265
81581
45781
9377
13690
63511
24447
95957
43285
16741
89538
66316
72639
95005
31644
36811
43272
42987
74907
89382
9130
51365
66878
46495
10459
39717
55092
18843
88884
88324
48039
79809
38554
86304
27238
62589
94058
71134
79560
279
50439
47565
39532
36772
90182
27128
78077
7569
18833
57493
54556
57711
48270
60510
52224
88204
21795
83659
68909
85502
18395
43521
5493
28724
61690
81354
55198
2170
9859
56236
39541
23395
74239
42982
86907
41038
17219
59990
48085
4096
15102
91958
28344
91234
9216
27707
28001
65703
22619
44515
56356
65186
72939
90072
69152
79254
94338
45913
51384
60533
62684
90264
63777
21665
70771
45405
57554
9740
33103
11602
47717
810
97778
27584
13107
95050
78985
79785
95748
12023
93390
67096
67578
33086
93785
52384
60657
85595
66118
75294
22038
95717
13408
67841
47794
61761
17458
14655
29097
13935
97624
43751
12952
62252
36651
48328
11790
62337
23393
29896
59794
15055
40739
45507
35459
79755
55384
76167
92475
78112
84467
56185
20039
39154
58774
33012
30002
15827
62023
98719
69041
2475
483
76932
3142
57421
52600
31955
67768
44087
14703
691
21008
18786
18084
23930
43671
43474
58144
65035
28954
30580
45940
87712
80530
45134
65199
7009
4015
350
97233
45018
44913
66971
41324
21008
3206
88195
14592
22435
14710
22176
99510
9802
34401
32201
10280
59157
7537
96847
9596
69438
11741
74947
22118
92113
79372
14632
24132
5607
88845
3238
93449
10214
43037
80315
14980
87841
76530
64569
30976
3693
1708
5809
34620
23965
75195
8739
90633
65000
69804
41448
97816
85171
25467
54054
11459
53122
11800
23775
78843
98666
11019
22602
83085
15310
35824
83668
31917
36637
75853
79161
52947
59181
82152
64614
98637
28367
55001
20597
46930
35887
68844
85825
9435
87340
29409
12147
55013
72957
25791
77436
54542
3181
13550
84038
16480
93625
84519
88407
23288
61955
53378
3117
58867
66628
69015
36093
54261
14286
87742
11348
37484
82282
57162
27278
79500
26462
67161
26220
14365
96163
60993
87578
29995
30059
64917
49726
89500
31195
30568
53836
91456
22317
75984
74883
31118
51181
25546
51808
5360
20083
79296
5736
12731
81303
41202
86481
37919
29580
86816
47224
12116
97020
32885
66746
30675
69287
90333
58167
81584
36195
74871
98900
74576
96627
209
51299
31541
25565
33582
78930
85469
76579
58835
74462
31072
13598
85634
31525
71526
16736
20938
92601
77844
33873
79736
76396
32809
44674
10659
50637
96641
7155
36551
26384
10241
44807
28855
17390
31841
27808
61716
82827
48919
63833
75991
12300
67285
31969
43405
51647
4204
67494
19939
82017
77800
67178
73382
28802
83107
40003
4985
50424
78570
47691
62723
23293
32127
28642
95805
21665
23986
5518
59891
80354
45252
62307
53011
19132
87904
96299
84475
35714
6983
17230
69051
15384
66613
4112
70818
36942
89396
39319
39646
44751
86872
3754
87650
14100
96129
50414
53857
60094
46740
68163
43844
9291
79328
62314
7438
8618
39582
48798
36170
76839
74407
11418
15646
66606
98482
99694
5192
98141
43461
27094
77260
54002
69299
27258
29699
91472
96155
28435
33029
22052
69220
37270
14611
1157
54341
69572
39942
10727
85295
52404
92711
71077
68130
29861
12647
48776
82925
69195
43397
41708
4787
30634
78462
83817
14994
89590
39334
81973
50864
80659
42159
64105
65327
95589
27442
73735
46353
46787
13197
61184
67143
45165
42529
1537
51266
23775
13907
88264
89483
2322
86160
2945
41586
44945
28153
45365
77256
19462
70991
50150
82191
81261
98957
49181
89699
70340
15298
17141
39471
35790
70256
93286
29238
69748
13164
13745
89395
6307
79983
13864
59670
22812
6464
86600
42540
1620
86764
95037
34708
36646
11757
35562
16038
26629
74116
92616
60362
16215
91243
72202
87408
89893
3105
90404
61666
75575
11728
85019
91811
5153
37874
23464
91161
46962
38759
18365
69439
24412
25525
83179
98524
86080
12330
97711
53691
10044
83142
95062
70471
27345
96880
20449
16479
46084
86792
3770
24586
14577
30207
76421
77029
87141
95903
55511
4756
31130
63304
40335
1014
22968
3461
36565
65106
71729
61394
80475
8674
97451
27279
88550
55955
56293
59246
89457
81551
12210
66275
53338
89994
22995
3735
48420
50282
197
25640
19790
42869
50113
34471
15492
67550
65869
57316
25356
97774
31862
39863
75134
71673
56897
5613
25720
29356
84571
16311
23680
15764
82736
59932
13755
90701
95079
55178
64174
77558
69197
50752
93536
10976
85028
79721
79362
72949
23158
92796
66695
77203
13811
53049
56347
67929
43475
12838
78251
6923
17564
81560
85781
66535
37160
69273
59528
59903
26879
56061
89366
27618
69764
96922
11201
75131
14713
52387
76398
82795
32177
9959
42139
12423
37480
73456
31928
77408
15498
70982
80726
12578
6647
43329
17715
9222
77321
16385
60418
65146
87690
38389
19502
88069
80696
56737
3492
446
14664
23059
4372
97875
13093
65112
64553
87174
15074
83005
1076
11878
31463
21467
15945
17582
72150
1851
12716
62312
36925
55158
76421
34026
41390
91308
37319
28846
40987
45357
55516
28417
33661
40650
59035
18074
64159
26125
41438
88504
81868
3598
5396
66881
16440
93701
43953
32095
83371
40412
14334
99772
20556
58809
46592
88980
47028
1202
4274
19114
77801
16990
22402
90608
5546
83800
45003
94885
49239
97926
53596
13831
25193
25436
28489
40647
47909
73624
13391
78179
42335
81354
36146
65905
49774
54745
76997
63193
81705
66349
15408
24578
24509
26704
83664
68137
38489
17469
132
55628
92741
37909
28520
84934
64676
46650
64571
35350
60609
73174
98441
70149
13826
5311
97698
69263
17432
50423
92571
97696
1599
90769
10617
40010
85564
90467
61493
18573
71499
97666
18475
27577
59848
91572
39621
86878
64736
39981
48542
60880
9872
55285
57766
53508
32856
93120
76899
58081
91439
68775
81553
62416
36379
74435
82854
43989
71956
72169
39636
56621
95991
78615
71348
94933
15479
96668
14628
96949
10328
35901
94909
5283
91525
17426
75346
3603
16490
90439
85020
43764
26484
27425
37624
7299
67901
74079
58491
1572
87485
25185
73881
53572
71057
81608
65899
49356
60821
20401
25197
40574
99445
34759
23018
79465
98628
58173
12584
31553
41964
44908
85244
9553
67916
82530
96352
24254
99401
62597
4883
92659
65351
38402
29983
70603
23582
20336
24922
96432
89385
55761
92613
72311
53170
52202
41155
18225
45228
32963
75308
21801
152
96952
27504
44658
98076
93170
336
48137
33167
10081
84263
66532
84444
89152
95295
66361
71107
58953
74858
31869
47532
84512
72282
18263
49052
95499
61953
24091
84447
11477
88242
20901
87875
41306
98098
87026
48514
16099
74167
93901
54152
28926
66333
86315
75014
48316
68036
91723
40579
47233
9558
1947
40866
37553
52667
57020
95139
10372
6220
12474
89186
26582
13427
51946
82925
6176
6452
50396
34129
32502
3933
2970
96888
66047
84325
19038
62635
24512
13021
86789
52365
50308
46333
44557
49925
41667
538
86476
14158
68006
91619
62923
65984
15045
92665
80745
59752
70057
39899
32838
37827
88405
66427
63255
25997
60827
7597
5827
51663
55358
1744
7083
66993
12023
55383
67551
87666
85160
71370
71363
29546
71114
8180
46407
14793
71861
23940
83346
77622
93005
80465
16569
65646
2718
28454
66423
10376
39251
6831
7617
14349
7794
34567
24459
36174
77149
55790
25361
78150
17202
49565
7026
40879
98720
76368
17429
35582
23055
59339
5511
93753
43083
28971
64610
71000
78907
91890
13828
29609
18868
33801
67507
88598
84498
69491
66676
61613
35494
83566
7114
27502
75696
5633
44443
69736
56035
50781
91962
36148
87224
28367
52896
50163
83893
74437
4421
41765
10873
3391
78121
10427
94581
90284
58593
24383
55748
69174
14934
12111
14988
50543
16517
65748
67974
73930
84392
56222
73636
15818
23968
26936
36028
1405
95552
50039
1733
28389
45114
70447
56766
47238
83654
5893
54420
63663
66285
25740
94016
85506
92597
75821
75003
61553
81196
98640
79906
56057
3582
95096
79545
86369
32260
85805
95974
95508
2598
93389
15100
21920
73763
20473
53562
61563
66117
42464
79411
77282
27738
4082
29638
99122
18062
44520
95532
89158
62682
50407
12638
52936
9581
13522
606
82578
93472
6384
9279
67088
50327
29973
71383
20051
12833
48490
29428
17489
30759
33223
45079
82424
9803
78841
63099
59395
67470
57453
66921
66631
642
17515
77449
71867
34488
9714
7336
83976
56858
68216
88048
46014
37552
71712
53096
83321
2136
55368
64781
67916
97653
88121
16628
30507
44603
43171
35295
47409
76096
14919
92405
32327
4052
99540
31136
56154
13113
78380
37523
93614
15261
32183
83523
22549
93794
97716
59302
63131
70697
61178
89908
53879
83133
6385
15962
74269
70821
68648
79361
64086
19538
92824
50642
955
66678
1620
92965
86737
10102
5829
94668
13716
58300
66914
24684
74541
4752
25605
84277
30233
37640
1472
7340
2467
18465
76063
93820
36640
90287
47143
7250
99962
69430
20725
67032
92042
7531
44526
41874
41897
54633
22335
3728
66649
53858
98578
64912
17031
53134
82621
60779
62733
24491
39766
33516
36373
90889
18912
72695
81246
12041
41749
60632
74775
76729
14304
25135
95967
33172
37549
10790
16678
49191
90545
6689
17928
57928
27913
94727
88668
13274
86598
8591
64299
26945
97833
57692
28724
28165
11493
15862
17476
67269
22434
33057
56331
73785
96044
85340
54677
73148
4089
47830
96352
36213
54009
75138
87127
83707
79509
68955
60138
23135
40419
2616
46200
65868
38911
63184
86844
36386
81493
54328
56021
3847
86127
29029
44638
20859
99557
75584
77951
35452
39209
16830
31752
30805
44718
90263
47212
57253
70157
1228
19126
51579
61889
86615
30335
32666
59950
12573
52799
44215
52694
65483
25324
30000
41589
32635
75157
48227
84087
37890
42574
54939
39321
97354
30841
1272
17403
93639
9226
74062
64896
13323
12360
87826
14586
89490
64769
88230
78002
9624
74995
67546
74271
69910
97070
74156
64899
80465
61452
43351
34179
29194
30528
8861
61474
46107
83785
24429
14764
23927
64565
34386
43159
4674
8052
3125
49967
86917
76384
3798
55029
80511
63835
79322
7973
84300
99109
16146
76495
5841
32237
83469
15136
97757
66892
39892
87514
5171
32518
35037
22621
91745
88692
98127
26868
17430
67443
46253
3138
63120
18155
29157
43162
1882
68844
47714
80925
66103
20842
7768
75443
15662
95170
89026
66160
39755
21979
40675
8075
72860
35023
85009
82572
53626
55296
78487
25641
38231
95895
99538
92595
85496
79533
78715
79645
93656
13106
14108
73089
91091
98587
62535
3467
73831
12402
73107
57219
19001
24537
88044
52413
20613
11438
81757
94648
18866
68186
36048
22948
99278
68166
39662
24853
25913
38061
47886
96061
22151
23665
38707
4941
1132
2838
13316
27612
2211
6334
86362
53995
73588
52653
30973
82596
75678
29342
55066
17397
70218
93657
23256
46971
86798
54117
24936
51007
72853
6462
48585
31159
58911
54662
62510
60700
5246
37555
55172
26416
74026
71437
30375
45983
21294
99258
21187
70026
25244
75835
60419
52942
29608
77349
95095
853
17713
25535
61078
34116
38669
60195
18996
55676
82871
20016
60741
20196
8583
58408
81486
54430
2362
36629
40097
13174
48114
94764
45976
6947
63214
25600
13276
8378
53230
14627
37767
99960
61773
80542
63531
83069
18578
50597
31420
39859
12327
52250
44061
15480
31467
71816
90682
6599
31919
44735
12036
40825
34604
29054
6284
97597
92582
70342
51385
58840
62916
90975
695
99815
44638
94373
9880
79454
43451
45831
88333
48909
68603
91741
44335
48447
64906
63733
27650
54396
90919
53360
78455
8037
60787
6901
82484
95339
29884
95066
17151
41442
73088
61885
97346
69195
25862
87620
37856
6704
51234
37000
14124
35444
3703
13499
40754
83021
45353
284
8567
48267
7770
54225
986
66175
7650
42062
58795
98221
74870
56030
19629
49709
19502
86688
94059
70526
31970
70802
59003
13912
26576
99115
45569
7406
92430
2055
76095
78825
56167
39665
40838
33281
40053
70820
56600
13401
3808
86147
73771
35486
93357
9093
71885
77877
44390
13517
47304
81557
21997
48010
82798
73259
84644
40311
11598
38968
76134
19872
42347
20640
14379
45327
63362
91187
4520
9221
13662
1416
26546
40949
25535
24737
62769
44729
44424
65467
33369
23736
43755
97600
58535
97164
70523
87736
66135
74502
20784
38030
4849
79357
72933
29343
10325
65831
41449
29322
79400
85372
95198
42292
13599
7686
61767
19335
10686
33380
45413
62773
62065
96054
58255
94451
17408
87690
61933
40992
67601
35289
5384
36919
96053
72028
573
18095
20507
5858
92664
25838
26437
59066
73881
42545
87287
49342
76463
93631
6353
27430
9962
50032
27009
69370
30522
32795
32335
85747
79222
9995
70237
4546
70719
97840
38824
38989
18692
8953
30200
51485
63873
84411
46166
1997
82560
53992
30261
96287
76476
62490
98318
38849
87188
73476
26356
20828
60282
11972
33982
78322
58621
9449
14574
91766
16475
52934
54794
57546
79098
8281
70407
43603
30022
18872
42060
4297
40432
11078
67835
9521
36056
30502
71460
28312
18534
26343
61283
20460
62882
7418
74221
42159
75617
80598
16210
27398
84197
9039
96626
87065
57112
99126
6236
94091
38236
77305
65784
47844
84759
45160
59315
75655
69905
17280
45549
61689
73797
29316
21991
20564
38286
35302
55917
77151
86664
76356
47371
40780
14490
99758
70704
51714
75580
34545
17153
62464
91441
34154
1054
48380
60326
46719
99602
69419
50315
65451
90604
52398
9553
98658
98029
10216
18693
79980
22662
45874
55511
95604
88551
59212
59317
87373
85993
74836
96102
24484
20115
7270
11857
49151
5124
49719
38439
74247
96042
94273
3794
92774
1156
96417
63324
32558
40314
96510
6538
74610
59735
18443
48361
32819
50394
89470
41635
41808
79084
83645
94952
90849
97563
43478
21319
53776
90575
46653
46700
90884
6544
4497
17900
97073
92058
39191
50178
56469
67130
57213
23453
84700
93257
54809
95124
98115
27772
78643
79310
79989
89140
57329
5384
98158
13946
29805
75805
9304
99326
41185
76585
52440
33236
6515
16791
3065
97458
29514
41157
69383
38939
76110
78681
20041
50588
6697
81720
78005
52789
67411
33086
82330
27463
40761
15899
86704
43613
83512
49191
16389
11386
64138
54418
24139
79095
86866
19732
66696
1377
12512
42112
75630
67963
77720
37765
73456
12502
66332
56052
44022
26639
20581
89645
40495
85179
40910
55284
57711
34706
975
78375
8377
19590
65726
97120
38281
83253
28464
91363
61685
53976
22181
91984
22467
28977
14510
68634
38160
71211
6935
47055
28651
25161
47977
55815
40044
63420
12308
96592
63619
1632
58675
97064
11306
31805
75899
10957
25528
40024
9030
12288
17419
90679
92139
32843
52724
68160
32156
48191
21175
43786
88106
92120
19986
74763
11925
5830
51586
77692
33139
57856
56631
28267
93610
39638
34123
74242
79066
15954
90648
29732
41210
73365
30083
68793
45110
72580
95277
54553
58382
88687
81495
94135
6739
79435
63015
37375
32627
24650
93107
94864
28327
83643
25544
47375
81445
31575
32090
96294
21265
8695
42688
49587
69491
12300
25178
90893
35104
31603
7271
38252
14978
58264
68166
63543
55029
36504
98140
52792
81503
70192
83858
99489
87884
66065
4194
38660
64255
63128
22859
79411
69433
93667
51002
33653
44464
4121
10443
25093
13071
58803
96220
6221
73872
10393
21634
54714
61426
21827
84654
87625
89653
14621
32944
5206
18334
65155
72303
89530
49572
70754
6446
42591
97386
86609
90445
45784
92277
64259
29658
23690
21348
61500
47848
1793
82769
67233
11593
91334
32792
44749
76503
2993
2611
62175
44880
56305
82254
97970
54954
67196
48468
80431
21932
96800
18088
40608
25014
33790
92225
87639
94277
86684
93
79042
91146
75888
79203
95826
39562
1664
14261
8637
34185
85147
25
5718
72544
40639
20396
32600
77053
82343
18614
61220
17908
69356
46383
10085
60144
60572
78227
60470
36262
84763
11505
56114
64601
95170
99793
37811
87100
30605
31010
84640
67539
15361
46847
22250
69856
37458
22663
31040
6305
95061
93127
53329
69654
29686
81113
68159
55331
17202
91452
98212
33127
32448
67537
73625
74087
13737
58191
54139
8855
58671
14976
30847
85665
93192
12489
98653
66307
41514
58
97641
7508
95239
86632
15026
84161
67372
49482
48055
51991
8463
81593
61391
59179
14812
71369
1316
56880
872
80297
81003
6296
74684
56749
1739
92357
94285
96988
68259
45952
79534
36878
77610
86132
33085
38153
10320
82578
54542
77954
49574
28828
11575
45934
73807
96736
89515
29993
79349
90397
90295
81043
40049
10482
84186
10174
80467
17590
67389
8936
76038
91732
62326
53944
31969
28458
98772
76567
43320
72077
46340
13980
25823
34373
81868
45991
81740
24357
56394
29859
92966
85737
60749
74777
96706
72984
59002
46246
58720
21883
16064
54264
94451
20990
63710
70851
23786
73593
68697
2235
73019
27893
454
1093
98740
96540
74995
86505
6517
52345
32670
88271
83715
77096
20915
15147
4938
44098
82396
37334
33070
92257
81748
94740
96048
90831
46807
50692
72268
65510
86432
11619
87873
12394
74961
50026
41325
56106
14899
10418
85624
73360
41246
68569
43349
10481
1455
71393
31209
1096
26040
20262
16292
56366
83620
88207
143
81988
38823
49872
17095
59702
65798
6253
99588
77294
69402
45183
13392
86312
39111
443
75362
1407
98363
944
42657
59895
65483
23178
24971
4524
58867
35593
71471
38604
85574
51150
90790
61755
36598
93407
37305
28033
23317
41990
54596
74297
18323
48572
3211
74513
47668
37348
42738
61954
37891
34916
90683
15273
4287
61543
26583
12957
45234
50105
42331
54703
20352
37086
24185
51221
31296
88284
89195
45029
53330
88751
69231
98156
31066
3326
11022
57033
73121
89754
59366
38451
3182
70541
88462
4568
43353
71129
38377
36511
64887
50848
31751
62521
87530
71382
8935
22053
40683
2026
97395
45539
48063
79827
7327
36307
72328
54146
53465
53585
69410
34801
91353
50252
15252
14391
63445
68374
33359
49567
70047
20678
72250
29533
39029
54243
24757
5986
73328
74441
64638
70713
72692
44698
79199
88079
30013
40369
97370
13991
82566
36141
24452
96562
52600
48423
59907
72682
1919
68122
64651
28953
97867
29581
77298
41151
41881
99122
53791
168
97559
14321
1949
48475
88125
13058
97000
22493
38859
35321
48938
42927
15307
76241
12946
75112
11159
70163
78494
60636
36959
98540
43593
46084
39546
25862
54122
36856
89355
49535
25654
72641
78290
86127
96712
40286
12367
94909
76963
29086
24835
74542
86382
64821
70039
69333
60480
42209
30138
98575
93262
60940
48568
27073
79102
39363
17119
6998
67198
59445
77264
99249
48309
39682
65717
41962
69111
6866
95672
66137
61318
11424
9582
26738
72533
16070
73220
6242
27636
1899
1253
52859
4997
86227
70135
14333
53780
500
96892
76595
49160
64452
5905
66923
78790
60154
63908
73533
97645
83715
81475
23413
29716
72674
35066
18937
25794
5236
40706
96470
5708
1277
62767
27681
8541
35752
76840
41081
2361
14364
46944
75203
12616
85690
59054
88586
93199
45611
92792
79557
73081
66310
41182
61550
63200
72722
11232
12932
53319
17579
34687
61327
5893
77028
14487
89629
50169
63793
82392
98906
30228
54179
34109
60903
22487
71567
82353
34720
13007
6344
7070
44329
69031
6695
69082
79227
81289
4466
38068
21434
4904
67888
64538
33927
73181
79904
41667
16689
77246
14684
20932
72048
62964
26764
33998
6473
66723
28763
84871
63916
96392
11124
52450
78043
73329
88993
59284
20828
2587
69967
95254
52250
76516
23798
44336
36362
56850
96680
31880
70213
99257
46512
28036
66543
45121
88544
75104
33353
22793
27418
21696
69173
84317
71485
4025
94906
20136
12319
18100
93718
59209
59832
71854
9690
6235
75318
50405
20857
56653
9372
34343
62402
27706
82142
39774
475
80938
31180
91797
86559
58840
35022
33705
72113
19148
90545
97068
35527
16783
69002
63140
96560
95889
35451
81006
88347
60602
60890
60303
88408
58500
30352
50343
4439
80903
45553
10119
99442
11095
85755
81753
90176
58779
26446
51248
41339
29925
23106
60156
37727
84383
78264
39632
71330
2088
49308
13640
35949
33601
74555
95957
62053
2919
68257
45512
73941
15027
79729
22499
22499
69297
87066
43713
69815
16595
59844
45082
82120
14090
24400
87811
79398
98195
22881
4418
30823
83062
83449
59412
51215
41790
30780
42011
68290
19096
97482
33176
85479
32996
4236
84573
48923
90620
93800
62734
4263
52725
96846
23613
73280
23403
60806
12807
7469
64314
9749
40638
87777
21166
84429
57262
82885
84017
51953
11679
52512
42308
92945
79462
74578
54821
46105
47043
39518
77612
66090
45822
41173
6475
82872
34188
87316
99925
87398
50471
65282
98353
66308
24018
12125
77726
79679
1949
55058
97892
95895
52234
66890
80880
38684
38268
84593
73755
52835
19566
59241
49563
31410
91234
14339
94648
25348
9427
69436
46234
29981
21856
16388
78093
39854
57315
3318
48275
24515
41625
97204
59685
31080
55670
97634
54419
64106
31222
98653
65713
54028
40053
10065
15606
13520
32173
87035
36125
24311
82965
43314
12911
85903
91741
24129
59598
78995
56755
78918
10207
31764
33605
58674
43208
329
34641
69470
86809
4103
2580
33765
39158
8476
54708
30817
77641
18930
69410
33209
6973
85409
49158
86846
52266
55862
72477
19545
28725
14120
12847
289
91121
15994
76883
97801
9804
74481
11837
86481
11243
77887
49621
41297
12134
20839
8224
64018
52811
99464
88508
32311
77347
93086
22071
36594
8879
15481
34909
61725
47814
33902
69681
40391
13718
57192
52278
83380
37663
44877
26729
65058
65705
3818
54388
62909
90705
70377
53125
82700
33292
15478
36411
28268
38745
16847
36584
79159
7476
73886
63835
12013
90567
99115
46794
75216
45471
95466
80362
5726
58003
5213
19005
82897
81149
44659
59334
77745
92607
90684
77781
2528
6727
50749
58952
61048
11044
23884
53030
78284
6331
56005
48572
42421
68903
7241
29051
50128
5699
78915
23319
56653
95064
98353
