88978
28570
34398
22018
92377
95780
96911
83681
67534
4541
37073
84122
45517
74294
65250
73677
24847
77874
44195
24991
96665
98748
45100
98776
23653
69760
15116
37137
28837
62219
85405
32371
42077
49048
85901
5627
34398
9460
97887
3989
92788
72580
99279
50141
68320
77007
8516
3155
86906
38556
97060
66569
39186
62906
93105
59338
50760
41005
87347
12522
35871
39089
93585
68207
826
78238
94902
43723
55970
99588
63229
49838
6832
67024
87123
59191
94947
40585
61752
10574
9340
97725
96764
35782
60376
54744
70453
74550
80384
45377
38680
85778
77297
90997
87048
23828
95449
98402
78743
32665
46765
65508
31707
12332
87394
51429
24176
995
93912
72947
78522
31501
44511
50333
90357
93302
97550
3217
95682
38098
76614
2372
18021
44022
65918
70317
43567
63650
32380
79012
65114
44814
11286
99021
12961
99701
2893
37421
80489
42327
67253
32072
19847
76975
89734
79957
85476
53145
61291
56959
66126
86322
40879
75855
56220
44988
69336
54207
77837
5908
65689
13905
45823
11296
92537
74535
60078
27888
23429
7896
23659
9492
4612
14583
16285
70431
26246
56314
33538
32790
58121
28389
59191
13429
25598
12610
23183
78086
96494
2588
68398
23969
47790
36249
74061
62357
60445
41518
24551
34059
32251
7433
53963
13337
92666
48768
960
77584
66254
56453
91667
4384
88756
55726
17050
19063
15097
63471
39468
91802
53982
44849
832
506
43588
61594
57918
48980
2921
9209
86355
61299
40940
21522
43977
97460
25721
43555
23972
91902
73729
44751
44074
80676
72891
2028
27908
15840
5830
78623
76004
43548
46883
19948
56525
69313
8122
87720
13238
19514
57213
52771
18353
18
57632
69357
41573
33034
60204
85264
40210
84083
145
73
10548
36145
84339
8563
60502
39309
81076
71297
44992
98031
75752
27560
39439
47532
80072
61590
97805
46490
47275
49221
73415
84602
20936
26290
65394
35029
54226
53626
11889
83717
21213
7293
99670
75312
75701
52787
33864
5069
73340
4376
2392
65730
18588
57144
3932
10981
19619
49960
76749
94899
65799
29541
83174
50246
15450
16781
54671
32904
85764
75680
36932
24307
64048
11696
70728
84376
28417
52058
16686
24273
91142
77897
87417
67695
25759
56124
87007
65951
957
9183
7187
50016
35866
32125
6783
98251
72231
37815
95131
63967
96699
7178
38388
72897
41159
32801
75414
12100
98767
3040
88602
16998
50704
25973
70177
24245
65580
4996
15050
95419
53354
43678
38349
61237
652
33068
18431
90486
97579
26381
27035
94340
6574
26432
86078
17023
15600
18903
66959
99101
29132
95287
72573
19705
25280
42772
38139
14391
89517
29067
65679
51411
61690
33360
68361
97859
67819
79357
17242
15010
78844
29286
58258
57023
37149
90118
87640
81539
24546
97681
52588
2917
64964
7943
36258
7767
94583
81485
26500
41462
48667
38743
85354
46607
3107
49650
84237
88214
71676
50594
81825
23266
90702
95493
99649
78703
13238
87212
75873
72529
52901
8253
88299
93762
16890
93465
6975
97393
41436
30852
10238
77130
74488
45063
15926
68882
12405
742
59600
50606
61092
54072
44605
999
58452
98096
74416
29527
82650
58022
87690
83648
89415
26895
13196
31149
84349
53216
34085
66003
7570
33492
12315
47638
43493
1134
90632
98928
5928
77471
22376
96838
54110
90373
76603
65591
75962
14866
50153
27642
38038
94747
3131
62206
2943
5409
31347
64549
18391
83605
17519
44581
91702
70438
66821
77863
59690
19310
9980
39695
48838
85392
23938
31202
63270
68261
55504
85463
51711
66216
62296
40683
27246
50026
17175
75371
56902
59451
90132
52248
99958
3348
1261
71803
83112
91239
38755
3149
78666
92684
30291
29466
77859
94099
10471
96345
11755
89943
58872
83846
28777
11079
64602
21725
32911
53958
8299
68206
16690
97185
42094
28388
87483
38220
6595
67052
46601
8829
77173
93547
43673
38523
63201
96593
37863
20024
39645
43231
26627
39456
31767
39035
47740
1679
56053
50399
65771
23241
79050
446
28378
57407
14072
66329
26590
60296
50592
90101
83293
16002
57558
2021
26646
52984
47572
75167
71050
3741
43864
64991
5023
55920
12155
67554
24934
50103
7707
99893
48547
35358
57041
51491
36746
74833
22983
8880
5766
16085
42693
8316
47827
19853
32989
19575
85552
68224
82920
2099
90852
40870
85273
23126
6121
51456
34806
90865
52315
8534
68591
28234
82141
58714
62052
77098
27027
80637
58442
75088
19709
25272
96943
95552
6091
37043
20080
88454
6244
47958
95507
55670
94651
81487
60786
37192
27915
34332
98106
94458
17254
93897
60282
69088
1342
25576
47837
47734
74919
13019
407
502
29552
85381
56966
91226
15202
87519
36437
69225
62545
77138
33391
68096
1218
91658
29593
14375
27910
57215
46516
46092
90404
82977
11395
7982
78183
5081
57403
28345
74876
30625
25278
99620
44731
85614
23407
56110
77926
33375
87901
36745
23299
15068
90170
48544
70541
89472
27935
79167
5821
71607
32032
15146
54543
5205
21305
705
10889
4296
2336
40288
28941
86244
36768
61762
51564
20604
55629
84811
42037
64548
27068
37742
45628
21623
36568
31548
86072
48229
29290
99968
59649
52859
47530
98322
53155
98838
49995
53809
67136
95739
28666
10711
27708
48297
35244
58164
60790
31485
7320
13012
61709
24922
57275
57727
74684
89013
60090
62929
81770
76040
72729
57085
79011
14445
70219
66915
47628
40522
54584
60412
12650
17870
56715
67915
13078
74141
82458
77718
63755
53767
26355
89894
48092
73555
69008
7218
42492
39138
26036
59838
86550
99970
59484
21416
85805
25612
51654
47999
2583
7035
94400
24006
20822
20322
31144
53345
58294
77439
53240
83015
13495
38885
36079
27287
50437
29685
33806
24981
57023
18437
88979
8811
31842
22100
99993
8984
92543
24135
5556
94315
1176
11709
85217
87338
33
72878
30632
80706
3597
14261
78849
17536
85397
44162
48244
86616
75883
93361
58043
78841
55444
59170
39170
762
79635
2011
76562
70426
54704
72631
81178
3985
405
90953
82251
13784
4919
71216
62528
3491
95374
56889
3277
81729
17879
70914
96342
7430
28661
12261
23031
79276
30658
95174
27166
32488
84073
97651
25734
52161
99590
44265
80292
48202
56407
48493
87035
15446
44702
79680
16594
92202
46268
7417
47631
15998
80658
49442
52868
42183
32268
99423
97070
26197
18715
50210
85499
69960
79961
52541
74911
63395
15504
45199
26159
94474
69176
22524
51670
41915
18531
99439
70383
16354
11668
16902
258
14698
94261
35612
84965
15511
52088
12813
81595
29158
21623
33268
15642
95254
79956
1207
32859
46693
75924
42245
72805
6358
11253
44239
30972
71023
72891
19310
95311
3656
93675
86258
59164
9391
64644
93228
63479
75343
26276
36985
45184
84396
81511
86937
15727
33049
91392
33889
90728
32715
65350
32946
2117
82941
75814
14478
58219
62362
50964
88
70985
58912
24049
11595
56449
84875
13152
72709
42609
72043
50185
51692
84430
87216
31914
55033
51335
14806
99444
31270
583
53267
27479
6506
51410
15425
35813
44086
36282
86690
76713
1113
22498
22116
97770
31257
57120
96138
56025
86113
18433
58568
16200
54344
86342
5470
82996
77924
16268
47401
21213
72477
84376
3222
40636
57225
92951
42952
68719
92540
65863
95344
24116
55781
99485
66968
90689
59752
21509
45535
16064
97323
23255
60254
87965
19817
58766
83876
38307
20853
56976
2798
36216
15837
58959
49338
22248
4783
69699
27744
60765
4611
47055
78132
30268
40943
38430
21708
17316
3930
85411
5443
48308
28416
59553
96915
79443
54060
70321
24625
15293
55091
30933
3853
26518
3714
28773
56459
80152
37208
12391
36569
29383
99167
46740
79069
50998
11846
39633
94595
44330
26809
59900
11409
12367
24268
38551
83336
5171
53341
1404
96543
11781
93837
23810
54415
84188
18725
18258
46086
13435
9635
47805
22453
32797
550
30417
64850
81631
25812
87689
61430
90084
44469
15535
94836
5012
74603
18507
68187
66556
24358
68656
18374
10520
67090
45187
65237
31845
58439
93945
86931
1313
63318
97277
56351
16899
38477
58204
2687
9660
13047
16059
31718
50593
96325
14442
74659
21441
89767
88689
17412
94836
38681
37325
74328
97132
8909
32030
98208
73469
18914
72511
55168
11277
34603
4574
11201
35718
6546
60501
36497
52726
18836
2243
25297
85110
11483
60658
58440
37751
64712
86370
92535
44405
89329
973
63413
81072
15726
20795
50920
24493
66236
13965
29462
57021
5338
2898
94523
8264
72423
47764
98609
23666
21049
70467
89535
55241
20392
8224
6167
22406
41615
90200
50855
8248
26730
33619
88524
71975
43405
39475
71259
37891
50386
38214
31462
80720
27191
74495
4740
38401
47096
21230
70334
30304
53418
5597
28779
75890
52598
21564
88998
88542
45586
81414
16870
32206
63176
1096
31938
50709
28999
53593
36217
55409
52242
81431
30439
92280
64875
14007
28408
6104
9320
37929
14167
40817
97654
83075
20492
59791
34525
31029
51991
9048
94378
23848
97987
55017
35878
65051
16051
99405
53933
24845
97879
33201
36955
37594
94097
10787
38495
72178
6594
46505
63646
46975
62385
7194
36387
67411
19768
33145
61516
23575
23505
97655
42247
61504
37414
70209
70196
32148
63165
70115
26424
10480
21222
21019
60602
64382
21602
82627
52842
21700
2823
75346
30143
9779
58078
39088
73571
73596
53746
61006
62761
60248
76344
95788
56236
96959
33296
35621
4278
13016
81471
43414
60555
17728
47916
31697
34136
3808
37838
60950
30218
92505
63519
85837
84368
84790
76007
15203
4303
50039
86961
74957
90971
6337
38072
22496
41645
92152
63919
65931
92098
44680
54686
42614
58060
69780
72583
71879
43660
20287
97679
38602
45629
43369
9950
99301
28908
2361
95824
7781
92615
74837
28500
48292
51358
57014
37013
11209
11275
70372
29410
33156
31363
91285
71371
59693
37631
79605
1831
92254
61998
72953
3305
23645
29761
37691
91238
9121
91619
95811
91951
55448
16701
35422
93915
90016
48501
59644
55875
1140
10989
46992
86590
13599
53719
1034
9658
70175
99585
69163
62926
28121
21067
79767
85890
10600
57084
88852
2986
81705
44916
76856
53926
43179
42123
58118
31130
16335
42745
86992
91318
52971
176
82098
83298
91200
98195
15486
28301
13640
19075
81361
23151
57546
45766
57128
48628
82603
93007
99003
37401
78705
51797
15711
24590
74669
4610
89909
42006
19839
50384
24187
85492
58283
92359
11956
11649
64865
43503
97564
48485
33633
77289
55082
11807
40200
96136
22717
75276
82303
50404
67933
30756
39140
6276
68825
39886
4713
80461
59414
88885
10219
33842
16687
37621
63354
26593
51485
81941
32471
52880
83039
78545
15682
89844
99828
1817
39668
74602
50800
36871
74062
64812
89857
59161
54226
13421
2851
33123
26470
5954
30261
41659
84053
77362
40260
49130
20933
72102
2121
75715
46608
95441
8288
29563
63539
96621
13739
21816
31587
20207
24256
63549
80709
12526
12993
91974
79506
8557
37744
82453
57532
51306
40081
26326
1881
62915
76102
19335
90187
99724
29653
8625
99844
93206
57098
75331
1994
30640
55725
16062
18247
36437
15984
27619
80480
70214
22429
37545
6594
43985
97830
60278
36246
34501
26651
93876
69711
29534
54338
48851
43369
97202
74775
73893
43112
87103
58327
56171
58947
62507
98365
97699
4212
79229
66076
91585
47243
2831
4810
14187
13543
58646
2207
88771
10470
71789
2037
42859
28278
60587
13456
74158
50921
87254
14031
40387
93385
81130
3995
10812
94155
29941
50924
86331
59851
23439
52640
88105
9147
88117
88586
39170
21950
13841
11985
34501
86343
71725
77298
8045
68926
92645
54966
80008
84757
99535
4525
80006
21032
38093
5326
56969
21075
27167
52413
95603
85921
92295
26985
24842
14628
83180
40565
10189
19565
59205
89297
39423
7045
60955
77935
22077
90769
22032
88410
50171
29969
76600
15198
4192
40413
38157
34826
65714
64534
49657
91467
89743
70445
63766
19660
36305
7650
23983
29986
45060
76494
39373
88799
71851
11757
2470
66996
81961
71124
64147
44823
98155
28133
59357
48238
27311
15398
66943
69907
39528
28347
8313
78676
28806
43065
65750
1807
13673
89103
85407
96976
45061
71974
32815
76224
31869
57607
42209
1217
19976
19291
51404
22919
92108
20459
85220
68028
61395
66766
85190
45681
97244
86840
22311
65566
8273
21007
59557
38969
25469
49723
66220
70681
78468
16856
80750
93159
43144
89471
48794
55943
49551
96938
81172
49783
62114
35046
50602
75776
15620
11572
86314
56111
2467
83400
11838
66831
98837
1727
86019
30383
37254
161
19321
71728
15629
40453
31317
29809
75122
65346
4196
34507
27372
21949
41341
97504
80600
4491
41125
30240
18581
85232
83692
64633
63949
23884
45413
54811
6284
74117
49102
79658
25218
20202
68948
81140
9953
59623
53666
19715
60524
91983
14162
67074
94831
9876
35731
36802
97411
91379
92767
69008
78312
49940
2800
62739
74064
31553
67229
35911
99953
82805
55767
47666
64756
53275
58294
98590
79028
71761
81254
3735
32360
56040
53792
43729
32432
822
85897
33246
36176
25626
94781
71487
80492
36997
70959
79565
47956
11612
4180
30510
9208
41711
95671
8937
53126
89201
55294
41513
15790
41094
61033
50648
36594
48634
80143
53223
71880
60893
11925
77894
53181
67957
33576
18373
75927
18725
30743
35139
68261
54502
90906
82193
31788
20042
3189
74844
73533
16214
83391
70179
26729
65356
82693
69760
4440
48780
3777
22163
24119
27915
4258
7687
70241
12387
85888
57494
31837
95792
23341
73758
77905
67128
46446
15170
6980
59648
11128
75600
82249
3782
81325
7000
4470
58174
35140
55781
8063
91166
59763
10191
95189
51468
45608
81357
45268
17824
94392
96121
71039
95703
84478
30836
12858
74420
71
49742
72599
69346
88867
86246
3743
77601
91708
36950
20030
47223
80825
54749
45537
59156
81363
91471
8674
20440
51085
85764
5861
19212
46692
78199
23418
58558
19230
57751
22845
12670
37151
60669
81881
16171
37006
65425
37518
39515
74224
53286
69208
81939
16638
96251
35900
28676
59065
8206
71138
35324
76261
49906
31641
68360
79155
49105
25359
36373
94415
4203
76630
20500
97898
2663
25392
72571
24475
12892
36484
35042
90533
48941
44970
32374
47251
28606
74900
91588
76962
90327
76140
79949
19852
54455
18107
824
40036
82502
89518
31035
7678
61876
93192
78758
58128
3237
92451
63209
16983
25971
5100
60141
39729
71298
21001
26983
24292
80530
42882
79308
80073
88887
38715
20074
79539
47163
32701
12777
39144
94640
47824
33358
70611
46351
88081
34277
73394
11014
92808
91364
47232
90798
48951
82559
82805
25265
39323
55164
7592
63785
56562
94900
49634
61129
47441
42595
93847
28115
51463
94544
2986
27249
6185
92841
41750
74831
12995
91060
39410
59497
41096
55678
71465
32993
65932
48647
90654
83407
48584
65921
4615
44405
68426
53151
23849
40097
36177
160
16774
33012
16931
70827
48704
11874
59499
40875
24795
29881
53088
16282
79907
44194
80127
44013
84530
23905
87813
17805
41467
67840
74251
68780
96046
71571
82919
3838
27723
51194
85032
75874
88982
62312
59289
29460
21266
17578
50226
26924
57147
54731
14722
20418
51624
33606
73888
9356
49138
11634
14856
34641
71349
99726
78557
43424
75928
66983
30984
96367
73279
65488
62222
17802
34234
74791
89325
45178
99048
18610
68051
97833
92489
283
95001
85687
2688
67470
17435
73038
51309
11197
43016
76288
10571
14477
14412
97753
1111
62133
70960
2030
26009
3739
22957
62040
19018
77801
80134
23801
9345
54671
44057
43314
31853
98454
94413
25625
59158
54189
39297
62312
43874
41659
2675
32697
60771
44783
12208
12764
96359
63352
66614
4336
97775
60055
13090
18486
15801
94190
60865
9738
18622
34777
36395
749
75816
11133
97422
31480
82345
82221
92259
52788
48361
59703
60120
90690
28869
29056
99474
47100
41034
13162
73442
55241
69419
29989
22680
56568
50555
42138
89268
91044
51127
73958
17657
61525
95316
42577
10523
28932
95341
35335
6794
27037
98022
46036
30292
16895
94181
25513
96801
81709
44259
34767
19281
76227
83608
86191
18969
3325
5463
61532
35033
25746
52533
19234
32835
89899
53317
33019
1657
12680
83139
13168
96965
41896
87870
47587
15331
60140
64779
19280
64303
90506
34027
42713
95994
2071
4162
57985
68207
87116
8373
43796
54927
62721
92826
370
36906
49815
20817
83074
98367
43100
5921
432
96939
23885
87937
82164
9957
35634
140
20730
32854
15033
58696
18649
13940
89884
62795
61816
96935
74926
69570
66798
19124
20370
1307
39646
51551
7115
85592
46824
86877
98868
79764
6900
24746
5060
15716
49154
81432
76908
61962
518
11469
11697
74137
34135
49041
15997
66060
59341
40728
30074
40265
31762
86
18809
40789
5602
7559
48856
29018
57036
81128
44855
45376
4295
10594
84883
89465
94120
87903
30110
13196
23935
43920
32475
28347
98619
84741
34397
78138
60775
86477
85809
51421
55684
86489
36123
2941
40685
67198
34416
48872
66139
79011
84087
53710
24368
45027
11120
48782
71895
83942
17277
87997
26792
66219
2212
89485
48320
32672
47559
92485
20947
22725
64290
4350
88354
92150
35040
45983
10657
23650
84905
17772
33757
96912
42321
1181
93792
74500
7782
84835
81610
27504
32701
48528
75439
175
47476
8039
74019
638
96070
49491
45647
30521
66215
62432
64154
27084
43250
72104
70017
74544
72612
19523
9315
71207
26422
45182
32816
76161
10108
17723
33288
74946
2048
27649
89194
28263
34959
69041
24131
31813
322
22214
31898
31797
87336
59088
38896
85960
13473
96481
36528
82035
45462
74208
38245
21780
10995
63
68416
65010
9978
75838
59853
35421
82998
48949
64179
10944
2386
61433
65451
56325
24295
25514
50930
39667
63991
59978
90007
1359
1088
6376
71226
90394
62759
36254
99433
81460
81552
21721
66433
90990
17810
91559
13629
23855
76205
26000
55903
73237
23539
21844
27051
2574
95442
26740
24592
94676
64535
98014
14679
44133
93432
10977
48680
92994
89589
23272
94327
10551
34626
53518
32313
94326
74483
17647
63668
85942
25670
79364
48947
77265
92332
68460
48971
80549
36724
24099
41663
20144
69139
50885
58087
6911
39879
65917
57094
86565
61940
4429
74797
42481
72314
1801
16406
22698
86829
99534
11785
66831
14851
34348
18691
37184
14979
16231
79766
32518
34787
26191
33773
65060
8703
91774
87506
5607
63385
10801
93237
78765
32906
64396
85718
85354
15734
66839
70739
54792
21488
41610
19875
13609
53287
75946
61423
56256
42792
99445
1642
78469
41774
5162
25832
2174
11092
26547
24173
70158
45760
78928
61900
39097
23731
10069
84349
64943
23359
68405
28047
58346
14245
66161
7994
29079
82659
94035
77902
6339
78911
65365
3193
38890
3295
38897
50733
34204
17280
25757
66302
3553
2225
61182
2143
52610
15304
73279
83386
11430
27923
73579
29717
38687
29476
67463
91894
90915
85572
27721
39383
61940
66996
79094
39261
56907
49678
21076
81732
18858
97516
78240
43209
31445
96951
46074
40103
29572
80283
44340
5967
17674
4413
17960
52036
55096
890
28107
58494
39739
77702
36242
14277
61015
55902
64454
66876
25356
7145
40891
48190
50796
30281
11647
38507
58931
55074
56864
21553
19473
77430
59841
70257
6897
60096
52154
9866
63611
69072
29352
22273
19938
89181
81182
72515
77608
36892
70465
92538
70980
83152
1772
50748
57239
36523
66822
95753
58525
77997
7022
83636
83513
96928
24444
1390
87975
53382
91723
52085
15772
53125
2642
64761
19766
92375
21023
95035
67193
67327
13467
3906
28333
16556
22817
37871
53933
52644
72053
77969
53792
23960
91679
44348
83442
64858
45344
8401
19171
85031
99166
93726
55006
92974
11001
30070
32754
97128
96946
60475
22273
73526
49896
19034
5137
69192
80951
81610
9544
63878
96323
66632
14023
9923
12562
38793
20006
13918
91625
72029
33861
10102
20551
92282
43350
83514
80379
14201
22134
54526
54325
54974
91244
93987
50133
90931
27122
46038
89413
82124
1627
89029
62263
32739
76544
60467
17219
75174
17493
68102
62055
64686
87035
195
99500
35147
19399
6244
31118
52187
17282
80504
98647
34604
66387
42367
50884
97717
96363
7661
22127
94789
12516
43856
18122
22284
63793
52748
9587
18973
84449
76275
6493
77965
27903
77409
84302
34670
2727
37175
75826
42054
96430
34172
34273
9912
98184
23032
65473
1527
73820
84638
45000
61642
86440
89969
62601
5841
58049
88864
45785
57495
25927
59784
23597
85072
49220
44940
58317
44827
49124
47400
33652
16400
62394
88070
89188
35473
93963
11717
99191
79635
80958
88017
74413
69556
80273
98138
375
59282
59962
30988
69937
30220
34293
71438
77631
97244
79514
89513
81470
83614
59210
66452
48625
11113
62064
97288
28110
65339
63134
40001
72069
79240
45881
30524
54168
35091
50890
11848
43005
14470
7076
58333
9498
18541
10797
86594
36248
38002
54387
70093
43064
90991
17604
53329
48167
67766
29468
45768
64591
18377
55129
50721
77053
6439
57136
75834
76433
27318
31089
74716
44229
61049
45603
57237
97330
43874
35273
22225
64059
7763
17665
78311
24128
53714
84351
9631
14020
21083
36196
63246
71826
75846
32726
28949
77810
26831
62700
31257
66334
28769
30310
61126
68979
43213
63046
93680
18390
77377
30735
99362
59998
19356
31903
72327
1196
22809
72257
23768
60120
4458
67012
69147
68891
21681
37143
67482
68030
52068
92212
66262
23277
61630
53674
74724
33756
5222
88102
15553
72545
44759
13687
68567
67055
11660
46820
3243
52490
26048
40103
67071
12905
33942
13130
28075
88029
95767
14285
36791
92292
80763
39452
34033
16840
58450
99249
52203
85827
78787
32973
58238
41725
38499
25089
63712
4321
49
10844
45994
78217
86694
65083
67848
23272
73647
34811
39311
33416
76118
55535
57086
58069
72068
39320
55191
92967
2961
5631
44528
10999
23577
9877
75140
7470
36133
85360
61817
79063
15177
89682
91453
62844
78008
58739
37191
68269
22109
49847
86705
73491
36774
25024
50146
35713
52835
81311
34860
25676
914
42598
62859
32200
36404
74408
1333
84561
734
34649
74857
24933
21093
16181
42111
96895
3419
56900
96197
28653
45834
46617
43335
32003
58740
94333
96555
16361
3756
51699
37162
88991
5508
45772
99466
54185
43604
32563
67304
40851
39930
56003
50372
87180
41734
94950
92243
49370
4620
94762
9454
7597
66348
24388
37822
2160
27468
455
29856
49494
38069
38852
5514
339
66899
74589
75280
26365
16048
80543
3882
70892
91940
85962
31595
35438
60772
84267
65221
57170
18120
8724
42523
88053
62784
13158
8774
68130
97862
9286
63445
52868
92340
24056
72669
72052
66912
39008
54721
40297
74657
29692
44776
3269
51878
94651
7994
78816
81399
74971
93246
43845
36687
48899
96292
14075
54686
50709
18619
54701
84341
63257
65408
56966
73616
61257
2121
24661
3589
11329
42873
70477
82655
46903
81112
35009
34933
11674
53597
29140
95843
7735
99491
27200
66521
10870
47197
75548
1666
88444
27426
11388
98120
62950
32701
78763
60956
82969
98041
72308
47860
23388
27604
5966
95174
92887
16222
50685
81471
72598
93576
37289
68536
28135
60927
26719
32391
14192
81376
17566
57494
46736
77131
88330
9970
3418
25079
89783
6823
25320
63063
36585
73361
72578
21081
52168
56962
2863
48091
19699
5812
56091
71266
21946
46213
71852
29651
3969
49475
60779
43873
37653
72413
12636
10599
11945
54749
77836
17831
57395
47963
96820
35947
41268
42118
81922
53075
82894
97847
72326
89490
44152
21769
14080
53979
83341
20949
20776
47429
35612
87215
55195
78808
13274
8333
92089
29702
68706
66815
46055
91823
3452
11088
82443
86408
12534
397
84521
82101
13785
45978
932
46207
79933
928
1061
90888
84853
7380
41151
11366
40102
83287
75163
40864
82378
90487
54414
99830
71051
19194
4970
92395
87741
74586
81708
39631
68201
61657
37649
85812
93996
41851
33467
67614
34301
81453
49898
53395
39434
81080
61782
42751
77184
56213
806
55769
88141
25347
72259
78014
66095
5962
21247
12187
55726
49014
67116
55717
80213
85591
3565
40959
1074
81667
60429
53532
63808
39736
97935
1347
31921
60196
87463
91115
53543
7744
17920
83162
17894
47470
11197
21886
69083
21185
66621
20030
61595
65118
52087
46296
93225
7649
9175
65628
68637
33498
12815
12704
80831
84040
72404
89914
67098
3427
11832
19484
95943
28169
30510
68492
934
11947
31776
39216
87564
13379
70362
63017
45645
21173
73493
6256
23735
48619
36197
23617
82460
13142
87076
94819
83648
38902
15160
88600
8868
84014
21118
31883
36384
24753
85158
82953
32497
13195
98417
13839
11167
35450
17797
76227
83423
20867
70834
35381
18621
44854
13700
23107
36684
24734
91257
28908
28152
85787
73119
42693
74051
90315
61995
63768
77033
33611
7521
92087
32917
97516
39015
87787
57348
54014
50748
98947
37984
27614
69539
10633
15874
48342
66268
90034
14338
38420
82153
85866
39999
63933
43354
83031
27831
61046
42526
13954
60852
27675
25435
86906
7684
52257
77340
3817
45036
88509
32054
62143
2068
37129
60109
49024
68076
41867
12362
21604
66198
65289
58339
44971
35967
36626
4386
72326
30786
50206
13783
47836
91010
69817
82379
26199
66530
67691
91131
84322
91317
84573
39631
86573
28151
58363
26291
14280
85307
76381
94309
21213
51614
47888
16542
98556
47336
16627
65699
98080
45480
33582
44373
48207
30710
21830
26395
37187
23163
20923
64379
48576
39229
45224
60574
82173
6571
4150
10068
2989
92379
28977
55456
34195
92105
5247
61060
78651
99397
93083
55278
23582
73994
33893
4496
13115
41034
56049
10626
47977
5383
39500
33441
78213
54012
70384
59479
71341
96188
53943
71772
55321
60684
72781
98281
39856
94699
91284
61277
72273
69006
37047
3438
74494
64527
42787
18583
48855
70453
23667
77879
1011
56849
84277
2822
15224
92596
11942
98188
12675
41192
59993
73776
55842
96329
5152
67280
41554
69002
11657
42859
13028
1054
9297
58822
59471
66508
28420
84941
96055
41738
24001
8619
15421
60161
47842
36384
18379
6981
16885
56706
12133
32196
37738
44833
23413
29897
82635
70269
76290
79598
21070
2357
57026
96396
14222
25644
14849
33496
64944
22153
87663
53808
5429
73787
33068
93427
77140
25634
23909
63090
64669
50474
77096
4824
92413
29287
97877
76700
49371
17183
50023
22273
84291
14044
76657
50307
70548
41735
24707
48482
31936
15062
9900
77536
92432
85881
41869
95264
77774
786
57383
90828
47283
65460
75205
24242
38774
90823
18935
31050
39837
53467
45387
85703
64818
64865
64236
33039
64429
20921
6004
96029
3874
73395
77411
44104
49472
48216
35730
3007
8097
44711
6715
4298
26993
73669
41864
41919
95885
20664
30437
81772
81491
67876
98259
59395
61828
94554
29487
23207
55348
28986
94389
30558
54306
24464
22364
73974
34222
81450
18980
47550
4116
19899
36206
1480
98978
71072
47935
33901
59235
34488
39610
92101
96978
94603
84634
33017
38939
2748
73955
35825
80403
1729
30855
68726
66280
53911
95134
23037
78790
46108
21505
84200
56073
48596
24050
9753
92986
45987
34808
57298
80755
78090
54575
7200
37999
56997
75896
82419
58890
77547
7263
97901
93419
73656
62204
32038
38246
73017
25369
4963
61291
63514
87898
11778
46370
53409
18983
79883
20599
72894
89229
85073
84417
8875
17011
67252
30974
99919
73266
57206
53426
34704
34076
42126
17906
70945
66676
96043
46216
50914
11378
37099
40660
54383
17000
60536
86222
82462
50246
74885
7958
31204
58066
59955
23322
52682
38650
88803
34168
30915
75896
40911
68808
52934
12000
14403
54616
3748
17384
25337
54418
96788
33533
44470
19860
68876
36002
19808
59049
89687
88530
67848
92803
65423
18905
38412
80047
58984
59813
40862
6566
41749
63577
69761
96079
49415
40987
38986
79658
68034
69072
48050
5585
4860
89717
4507
53005
58563
89576
9447
44027
70891
56235
47576
29851
77395
29573
84847
55885
33612
2834
77090
53662
57456
23336
76638
78043
29249
58509
4868
64443
20068
85491
78467
89060
40418
26150
97183
91151
93070
43704
10748
20192
93987
95843
40354
72874
48840
8104
3421
16828
1940
34520
19020
29760
77752
55543
59480
39862
28855
3481
95104
11943
92519
24993
85305
70283
68773
44129
13336
29660
11074
34879
5145
903
79647
93654
87400
34341
66525
4318
7371
29099
16356
9438
6385
5711
45120
21321
10462
61926
19580
27388
7206
15056
72688
67031
43891
50880
47191
59530
6361
15271
95553
47815
71671
99594
7709
61505
85478
23344
2627
97150
1055
22915
63181
85681
21716
10979
94129
5041
93061
8459
69668
35166
92876
34842
26070
61270
3978
4069
96683
51960
60800
19366
40358
66692
79393
14162
10068
12502
93376
29173
13538
20807
56068
73503
87566
90309
41098
55788
36115
13428
76411
49157
73582
17459
27955
95529
62870
6197
24265
76971
3523
91966
75894
4025
60453
45329
91819
14041
84958
8524
41835
15331
38762
12546
58097
90076
91110
34711
38905
65984
63958
79099
44636
39779
86811
11977
30832
27646
45326
85785
38118
70963
4156
621
59448
85092
85471
27365
1090
10457
49805
5917
40386
54003
30620
92573
95755
36272
42227
66141
11013
98478
80404
73844
32028
38147
52679
85073
18839
1623
5599
11206
44008
14455
94865
19879
2757
15644
35048
69587
54599
48685
28271
11056
27263
67713
52700
82700
74551
78805
29550
25644
77678
69879
51671
1808
23252
29826
72727
68792
96900
11540
84120
24043
82225
65617
60336
54532
58176
87905
27812
90471
69651
73482
44172
71766
40704
77062
24393
1881
83246
71039
99698
72950
49810
95810
81213
71238
97068
21449
20993
94543
58043
98748
26645
11310
77355
58230
83404
29449
57403
97325
58608
35225
51847
52809
10869
34873
97844
22748
35218
29709
52713
81205
63352
18866
99570
51619
11107
76873
56322
5764
26848
57491
42771
30542
20214
61889
53766
19833
48595
5279
18136
33345
84218
10095
85685
65378
27951
2076
41232
50971
72600
79650
40941
1798
41608
22087
55874
74371
81680
80264
21277
71384
18703
73203
17372
957
88700
28850
86116
48588
63624
99972
94948
70787
15208
6328
43692
63699
34531
34274
49825
9520
40839
37804
55213
26724
52528
18928
42832
80003
99507
50117
31492
60508
9126
36908
1951
35773
95448
93379
43590
13832
34493
94700
92934
72424
50286
60370
40474
26151
53676
12542
68568
82256
13072
66559
17428
72159
18371
55473
49048
25253
26936
637
13743
12487
10941
19667
26184
58835
17540
4271
53806
47182
89560
97276
1688
83319
25783
78790
45456
96796
26831
7010
55574
71069
65532
31478
47923
78796
16749
19159
37076
74665
67915
9190
55
99262
87168
79164
89821
94370
96342
77088
63562
28897
68099
74265
89608
19572
6076
74455
96011
86196
74975
13391
42846
70802
98809
71893
827
9617
23600
79788
39719
41338
49568
74424
99478
82596
53459
35318
84619
74831
79111
82761
89472
76568
53532
90997
11045
64564
7404
88118
73010
15008
59934
15069
45278
78253
66467
1707
27724
58846
60951
91770
5075
83753
71705
37279
90218
16519
1107
14620
7823
69191
18222
32645
57400
61144
89469
99616
26362
64433
25008
85746
26576
39461
69637
34629
44883
9999
89075
58274
15446
21171
28842
34758
75734
57193
37813
45648
83262
85555
40313
31236
81805
68926
38737
37695
93383
87477
96610
35896
41785
7332
25784
60104
42250
52018
72905
35034
18520
99018
24050
41204
13513
55243
44653
70996
95012
74431
96386
55794
63147
6386
87135
20532
60336
93077
46653
55074
52917
77502
91171
92529
90422
34465
22248
5296
29640
60790
43000
88714
65711
83783
56509
11524
79477
91686
70892
73050
71579
98120
59101
69024
77396
42187
61231
22177
6660
17816
9086
61017
22505
94402
54030
36778
25150
62812
62601
32497
93677
62288
25175
79638
24396
47225
47612
64746
11237
39107
21079
53739
35482
88114
87889
65959
55684
37387
15826
75872
288
92406
42427
73781
98159
71356
37060
15200
51679
66758
91941
5224
84041
72608
39154
31973
51894
96559
99990
27840
34659
16828
95227
24471
94190
3632
31964
97523
31496
83236
75406
85822
41750
98743
80087
26349
51781
43118
77597
97104
13882
73377
14826
98919
29579
92959
3059
49371
5084
47702
23027
69214
39570
46695
80858
98655
24727
17215
908
29715
53109
41358
94342
70130
58617
87494
14253
34551
43928
19492
94255
88668
15702
61470
11139
1550
40572
12863
12043
910
95626
51885
13519
84669
93364
56318
79342
92093
78714
51224
83210
48627
69667
67336
34175
16633
57775
71023
7865
52235
62034
76779
68316
26977
23965
30383
26262
69041
14106
57820
54790
21552
76013
94826
72795
37986
77303
2159
70199
84560
52965
66927
45137
71425
5688
75326
93168
59568
28513
27557
43859
46092
2579
1176
19199
20122
24665
82299
10734
90063
11475
12688
47075
62543
7912
2276
98245
29638
35854
28002
16981
81270
90906
38731
98291
57163
86472
96381
70971
44064
45263
74890
45139
18447
31470
41605
19391
42906
76914
42159
62336
85325
1318
44221
29186
27951
49944
16525
85045
97256
30114
44169
43099
57254
75868
4797
54352
1931
57330
50330
20271
35992
55842
40919
55495
20161
95497
68851
53557
93395
87481
91382
74807
66378
30745
6708
35172
46293
11411
96477
86631
10165
56151
79881
56697
28583
44477
61149
38609
35970
90311
28046
23425
36843
36817
45040
18582
55372
63930
92202
54384
96103
91181
8117
68758
36621
90367
14597
45898
57267
7641
54925
5433
91003
75156
53907
91072
45515
90779
66478
68462
97973
99282
15550
8697
66235
12249
23855
40719
89815
26901
53352
69137
42175
43944
83378
5294
47086
89390
79439
32348
59094
34629
19357
85423
63332
33875
87398
21550
19187
92348
44100
12494
20489
67169
34269
30260
91372
23044
58177
90688
69477
19949
44037
84628
23666
40965
199
66592
52532
12350
68726
91478
51662
81630
54339
95354
47489
69064
77524
86333
93594
23254
39497
17648
31637
77519
96471
31114
95815
58906
53598
70359
83660
36288
34303
52146
64066
26680
95841
36933
73910
51279
21330
53406
99507
98290
49421
35835
82202
65202
18842
44828
83807
16983
67492
13986
98414
18261
43889
72214
13542
98343
81792
54502
25119
92415
67077
40225
73115
14822
4107
48723
16233
20736
99440
69659
79608
5923
56801
28091
19800
96934
84302
28891
77084
19370
83911
42473
21344
4472
65278
56354
75361
3691
77388
74673
21582
42991
84839
74036
58707
90660
2759
16277
8576
44811
17842
77611
20338
56717
28094
54398
45027
62177
66442
95596
60072
28993
68592
69313
24584
31210
42617
2079
54042
75093
65993
48570
63909
31438
14742
87208
85729
27149
53743
67626
15602
9462
15344
59616
20075
10995
1822
65789
80325
4201
23326
36806
17393
97081
87863
66686
78745
7996
67431
85443
79822
18605
38030
74236
2797
92309
49880
21166
37847
16791
40562
82548
47502
35628
38972
71248
50433
70660
38745
98435
36268
34877
80395
42186
14674
29971
12399
62696
2262
66528
73672
33820
64519
91141
78420
85975
76967
16687
19579
71313
48524
13321
51057
43721
33634
69498
67124
67399
46194
56780
54169
38237
76664
10829
43175
43824
72169
44127
59137
8363
86785
31458
6814
98291
67870
23624
87835
84324
47610
40106
18553
37117
27338
69769
65304
68924
75678
62075
95902
40571
50997
96483
66817
53184
96126
31793
41196
18815
27275
19614
21440
4219
40422
79735
99974
19173
72707
79294
12088
71076
99173
61448
4643
99159
78550
42450
49933
84718
56930
50815
30813
58341
96252
15851
54506
41744
82513
77536
99678
25068
30006
81947
39206
38977
69792
59790
83825
44586
18994
30081
9742
25346
4665
9586
39619
90174
73150
28573
11475
91369
73996
47663
46971
66650
9010
89263
12921
1019
19070
86371
47959
74051
76474
4152
64363
4557
26026
20188
95241
56463
21667
86754
74837
33903
12944
58912
41708
96855
95213
65041
17447
55153
92154
71060
69377
92827
41655
13811
26734
71904
75366
67235
36556
68670
32681
79212
16392
41041
27630
87906
47406
85336
8857
2874
98685
17945
67044
21747
33982
75800
20614
55656
54372
55305
38543
40793
37482
70135
3655
9907
80103
56630
71247
25076
93127
34580
87013
2701
60603
82572
607
91849
36731
77210
52655
12461
80125
85006
25284
62091
52929
9108
7041
58417
52660
26138
64161
50065
86285
82300
13106
42887
59021
94298
59914
66877
2205
11428
72060
858
50041
97685
61225
22721
56570
17446
7555
29668
50094
62463
488
80049
73689
51482
48851
11709
50213
51677
23283
10588
75202
85327
9608
66581
58317
78101
94076
18283
85558
37497
55997
55932
79094
20584
92991
91351
51711
14349
46954
78666
65873
98181
54573
28654
91354
2034
65573
61176
94052
56245
70961
1531
21124
23281
8582
19404
98569
48204
38328
42589
47836
2074
89696
14290
42084
88972
3433
49747
52272
80914
85583
26787
97412
33934
33780
10768
9717
91368
36108
26533
26094
56264
53326
55841
92049
86208
25668
12974
62702
83743
20891
92674
32435
7580
3008
24785
73627
89067
31490
99887
56290
201
55572
67937
80954
51478
68399
83029
64184
13023
90413
51071
45152
53207
82016
62619
7127
27865
15418
96598
71109
20995
50649
12598
96526
19552
13315
45520
1556
12147
68895
47427
90190
59205
2236
5474
77625
64861
63288
31287
96616
454
58183
53297
13502
30665
92870
47249
74275
18765
5888
17466
41214
22046
78768
99234
56558
79178
78411
5751
28386
97481
90068
5384
55666
48888
74516
86564
55382
94364
78251
10132
68884
3608
54052
37468
49998
13741
20929
90921
42299
74110
33807
46349
36535
98440
75028
45144
96766
1537
33679
77838
81554
4913
67965
26810
64847
24276
65409
82895
38062
39349
40817
52447
61039
92758
14654
76476
63922
41542
95495
54550
27124
59385
93418
45776
74556
53462
72071
81558
54584
34440
36915
2469
36507
74757
6278
59602
33769
20456
30013
87903
55074
74581
51162
18749
36723
81429
62528
63322
16790
31404
97677
25933
97312
92589
99610
39896
24585
88573
48865
80894
82516
73919
11498
38027
62313
41651
61213
76268
4316
45553
55914
90247
41784
59760
45210
83428
43057
28866
40929
80770
84979
73539
78555
76040
89822
55941
74772
32409
5332
29556
64815
35073
15507
79010
56452
57989
18521
26885
61931
77550
2251
7515
17475
31232
20119
1517
52176
27073
33890
20530
66650
20808
15532
69143
36349
29700
33900
1705
98344
98426
19219
86287
95564
70797
10869
92775
67380
43652
98174
34281
1937
41571
79713
49161
94910
98628
84905
97236
56239
83934
7383
56939
20465
69823
83384
24632
47848
42198
58226
60415
9056
74111
82356
40219
24522
46135
77497
30928
23554
43735
81374
59513
97485
56354
86699
56181
56551
20252
16357
24545
19782
17114
86895
3429
19433
70987
92728
82657
11049
34424
53334
5889
77165
42982
36252
49109
66526
44201
66872
93965
83831
43645
2301
65691
36714
68776
19240
60607
51790
39269
95160
88236
41214
87625
59001
2198
24984
17030
44755
18846
91220
59559
77010
83881
66777
40702
81837
24770
47573
44217
88342
70309
85610
5801
82812
24084
40089
39882
43356
66428
6878
52418
76967
46514
54151
43868
20764
40909
28203
69746
6221
11853
22444
31797
25405
68404
55469
2926
17318
89024
84211
68186
14891
74250
90137
74163
56891
95929
72696
57461
56199
20615
44004
72606
14177
63409
56859
16129
19970
21006
77085
12406
51605
4504
6413
55949
3890
37326
58868
40004
86
91534
75897
74706
11228
76380
79621
9334
56947
84575
55824
69991
66820
82049
1788
11286
7973
78894
18075
49322
28974
70309
25903
66518
36736
10500
34939
91124
81861
66430
95992
17417
53633
76837
68538
7810
75592
47567
60830
14328
69519
9701
46610
60383
80862
64976
96338
44135
21925
70303
65709
45108
41298
38875
17941
21898
79756
41000
97045
56333
95314
66250
8237
28941
35886
65247
45975
36072
68765
51289
32120
55365
8098
21534
92012
44014
94482
76030
84882
94751
63160
80921
52622
69284
71443
43214
84836
91931
47199
96309
63165
60999
8961
90467
31899
87594
33097
72537
76821
48896
19396
29278
86934
92814
35227
82516
13696
74500
95096
34962
41451
24809
51357
50533
92504
33619
9808
8945
76702
7327
70750
19858
90728
96810
7266
70373
24558
69669
78572
17115
53063
19695
28497
10794
63043
27527
85551
97888
7769
41959
50013
68356
38156
85709
64185
43887
39044
27285
41482
29400
33531
15664
4894
50335
860
22066
42042
72657
93862
35262
27621
52658
83340
40591
54716
35815
63915
6537
77384
34683
23338
42007
97194
31443
45518
88663
68021
66114
17162
58732
17113
42282
70778
58011
51409
6523
99984
37506
96635
4611
54068
31630
6346
96093
63170
22808
98498
29289
77057
29721
11005
54535
564
36775
86731
62903
68049
27023
42373
51698
76637
86737
17980
41931
59337
59072
4359
92426
6863
33998
73584
55784
6250
74788
60157
63586
88077
58494
65302
60479
54739
76861
60657
7428
11637
40871
1179
20536
58032
78324
7358
17946
22306
16259
82958
56789
85298
45580
56308
81468
90486
15492
44504
95434
5170
96076
45463
50278
53137
94705
38133
35479
42500
40745
33960
85307
50343
70060
82397
32745
90105
94318
1399
58558
37479
88587
5195
78884
5167
62750
71474
17510
86861
13400
74045
36218
73395
1596
86758
346
91613
6410
61839
13016
79217
62727
2946
63859
38356
13384
28575
49407
74434
59769
39623
64442
27216
72811
19354
30278
71005
87072
67902
44515
63087
20898
6054
48440
43537
33598
56240
11280
7485
81272
7677
40742
67112
75731
70744
44366
30929
42411
63335
28075
31627
42621
18250
96481
90711
3243
34513
60977
46990
95720
48990
15010
35057
82966
73985
65953
12108
52357
85171
41121
69575
35561
89097
89680
83599
26878
44364
26002
18550
63731
93074
6140
63695
37977
9822
14382
40331
54240
51862
62650
27444
49681
47352
95301
14441
91035
49585
87218
3537
76106
41505
35562
40537
54509
78458
29177
42448
47093
44158
16338
10860
61689
97245
74093
38632
63462
72977
1783
5734
55839
6044
51312
65929
37852
56744
95493
51378
77919
92646
18791
12198
89144
59537
98376
60661
76541
44352
7679
70114
25066
86803
79178
27447
90582
26161
31738
33122
41233
494
90481
39449
59426
47905
10253
52013
14498
89477
14703
72966
37860
23061
68349
57018
33922
86401
28072
38282
35696
52269
70734
65839
28637
54299
75083
98374
78431
35717
13886
99568
68382
56324
26380
79548
34957
52715
64891
56525
10900
50200
76640
58852
96330
75677
50666
19485
54450
23616
30696
32265
50901
87370
45368
74817
36289
73260
74445
85862
67713
97695
6117
1109
46002
91800
78748
76381
76922
92235
90864
74078
1517
12950
71370
97515
62260
5625
28153
80358
52083
60155
79577
77375
21316
96438
512
29311
60808
65521
6175
91734
78494
45888
91181
48671
8063
77544
67463
11893
80491
50372
16368
12155
60153
44585
31557
35940
63860
2813
79669
55578
85303
66081
86021
36559
36369
32949
61817
41331
13731
17973
50295
87027
26553
19587
26750
76359
9111
40405
36703
67449
5045
67720
21826
9765
95184
54627
86567
82704
80326
97754
25579
69354
32689
11599
7965
51790
76248
11759
19609
58688
66267
6802
75735
54087
92924
27647
27759
46306
45368
72466
95575
17462
28627
42592
71706
93205
68355
86289
92255
18393
98437
85873
58127
73943
82280
94514
93871
3352
54500
83188
79532
10678
58210
95169
92019
54377
44658
39623
92612
99424
26300
778
57489
41694
55531
95369
92263
55772
63231
6429
19193
52592
89729
36375
38556
22957
22973
89444
53418
87650
61427
20699
68404
5994
60692
50633
68295
86969
29808
69016
70890
29786
38344
89644
49888
42988
35924
84050
53657
7399
6724
1294
50741
4555
26548
48678
33251
57392
50957
29750
28031
91630
14554
60722
30545
91737
53298
40984
67023
11096
48964
59715
86233
86029
12798
16850
82757
35958
37702
10326
9194
51534
73132
19333
55080
5442
64457
93622
23829
85367
14791
98942
34753
80613
40269
86260
58822
62685
85405
53018
63478
1130
83902
22325
87609
63585
54892
96162
47201
43161
49590
94290
23114
79832
51453
246
3886
14503
82380
4988
53147
32376
38624
4374
23741
31621
22225
65166
84971
17064
62824
72970
93584
62749
95734
5974
59145
77800
77578
96768
38509
79094
73202
32659
8379
28951
2045
62497
62325
98106
38677
81456
71948
15303
31984
18371
8277
61514
4154
55432
23225
96835
32583
80462
34981
5418
60350
8354
18340
37310
6597
85423
97782
85516
55096
88354
55980
86613
34771
83674
99780
77415
81045
34677
70955
68414
86427
95581
41725
62324
28556
58426
82815
12625
95780
66058
80937
24065
62525
8936
43231
40411
34875
67483
18099
14905
28597
59338
46292
10738
86684
57940
32436
92951
43153
13437
8887
23856
85873
67397
21914
16765
41096
56141
66470
61842
5502
3874
84331
72416
47225
59264
57842
78816
95592
68239
51417
86267
62030
70831
52096
35019
83190
56942
10956
84964
96243
35434
5356
64306
29989
84910
40154
32926
82743
15858
61236
20011
18410
78198
24854
38252
2696
72961
63180
96216
56050
47629
67592
90073
43679
41904
43316
78663
50105
94229
29906
5603
77285
28588
86737
38826
62059
76009
50404
55683
43332
13834
98619
45501
16453
12485
17259
90668
49847
54897
4718
76800
34540
98776
16311
99545
8753
8409
74378
96545
67685
45152
89430
89278
82137
33925
64000
68504
98450
24513
27874
12318
56892
29358
89259
81977
32727
72916
34692
96908
30376
31438
3122
19923
29805
38124
87956
74468
9509
3956
63676
51669
42192
47872
16337
46441
43346
47121
79264
27130
90666
67020
5840
90928
18386
49261
91793
49743
89640
822
85394
67971
36426
90085
37222
15641
30369
93412
45777
61700
80471
88563
43032
24588
19480
56653
57868
86594
26968
90695
11351
89433
43998
6491
26346
75378
51394
7806
19102
83541
50915
70209
82376
61823
70726
34743
36313
58334
50792
82754
98981
7993
7186
39403
97016
10115
8435
85506
42969
59809
58522
73253
84675
92900
73717
79580
5665
61774
9471
91291
14864
65757
94100
15665
92042
30793
45571
79323
50638
25890
18525
99542
16655
46763
52469
18317
41987
11635
79854
52921
22928
93667
15083
12160
64170
20998
52992
12165
33364
47731
40776
22381
32706
47320
44911
14956
36138
73180
7253
49398
59162
8529
98784
9697
53682
55704
58911
67218
41965
76736
59680
96575
85251
26526
38040
26152
27875
81082
57489
87166
98620
47653
7329
67586
88276
84676
92820
60624
91780
97927
39331
99811
58647
89718
45270
47727
80243
63285
38852
64986
72785
73608
72301
80834
71241
23085
187
30548
87659
58435
64414
53895
2888
20730
33055
22944
40965
79001
65745
74377
62411
7895
91261
28365
67288
49353
32353
24662
95022
24523
71338
37588
98712
40848
13955
32740
69446
17871
13683
58618
14505
10021
52687
97716
44529
55082
33769
69516
85614
85060
51263
41273
63687
57746
20231
96278
73232
34813
95980
18637
1627
26551
96733
84505
29799
79118
22372
20033
60798
83229
17539
89646
2213
41798
39197
65035
88577
96862
7140
73332
4973
23616
56201
56532
59176
5141
2347
26909
78403
26796
32476
14985
80083
83237
25542
56552
51510
24038
12492
21487
15682
57757
36669
76054
8303
918
60205
16842
48006
28798
63460
37116
12349
27514
21249
66926
53692
361
26118
76398
16443
81970
14347
45023
73539
70688
50459
68825
45469
52330
45878
88280
95160
11755
92149
64059
97636
93254
58476
28695
37932
9381
86628
32985
18553
90058
31355
58107
59519
69450
78098
21511
50796
5937
21451
31242
41518
9604
4190
64057
93185
93241
45068
83654
1464
34695
84903
20466
67233
37257
74627
53165
68897
92454
55173
92981
12884
30295
48773
72946
5211
21233
62702
31611
70128
39461
2706
84545
43916
33076
47339
35789
56672
53193
35566
73056
15051
33165
42799
2351
67608
59523
65568
80919
48841
70566
71417
23148
45500
5851
28463
44079
83938
57572
11893
14093
81782
58421
84973
47102
31498
62151
45260
17836
50621
56783
3940
35109
15310
25350
39920
90537
93382
47251
4219
28426
21598
45200
70029
81845
61553
91357
374
71549
67935
18405
13930
56904
35487
37464
24170
9319
82534
73038
95735
46926
82423
8367
12007
52458
33875
91942
894
34680
86762
72153
41113
37234
36834
77932
64439
73413
92125
75475
34079
64302
41283
77324
54412
10535
34145
11591
5692
74383
35075
15976
95302
22550
88280
9931
99202
48994
89141
99469
99327
82493
50216
65386
49630
44538
64848
51769
34135
68563
41427
72017
25964
96248
57394
39545
22028
1993
1149
2823
52705
7787
67413
94665
43106
34849
95013
73623
10108
45497
80689
98599
78845
51686
22081
83587
1756
26327
8875
57550
81834
77728
19747
47408
66241
78357
73708
59052
19078
45842
22916
33594
99577
22053
30758
28964
99410
76267
11802
45868
27701
96436
48955
22069
87276
92355
26020
53396
10102
28980
70182
6532
31860
12846
67247
16104
13510
37366
37880
26744
36436
83223
95193
7691
46243
85208
25041
14587
85944
37599
88855
5879
9364
79393
42066
70935
28835
10141
27681
42689
43596
26751
52326
64367
12190
65295
16698
61510
12047
69859
20911
29730
73163
75610
81368
66032
60559
44942
26746
60596
30983
2264
64890
67250
42823
26443
61034
37066
71076
40568
63279
32133
23990
37405
64981
19516
8162
82523
75496
27803
14598
10683
13385
61425
78373
3043
34336
25530
15664
64675
63829
60453
62426
80386
42512
18542
71190
33367
88515
49047
55668
29475
27687
49971
81338
91293
5287
23838
95912
97628
88455
17979
1738
89462
75543
10969
92488
74695
47522
79005
34293
73247
24526
38257
21464
59476
14294
63375
10960
37415
96665
60367
55917
45601
61060
16590
62464
56999
84467
71437
51520
3535
67435
42285
63967
94874
87024
52311
65383
74728
82993
19686
50352
99096
98913
58261
11513
75445
26905
95018
40529
68833
79629
73874
34196
29189
37196
47704
43988
82234
5247
86278
90541
5069
62366
6611
1028
91757
94670
13329
7733
78613
15163
78655
13625
47049
1391
12046
35009
89622
61981
98542
24539
4090
29428
97964
97948
26333
28117
95481
42007
30790
49731
4382
82700
73295
69373
57637
32670
86670
43306
92061
2555
91506
12019
2065
27550
38204
26519
69506
28447
97606
15362
31389
67974
90257
31748
46052
14266
95143
95619
83704
29402
19204
92766
33447
41990
48722
90666
65386
92188
20085
12759
58630
82004
66200
5794
70015
19293
64727
80873
56258
30299
67050
1823
5207
88599
80988
94570
60632
70449
97567
47783
36840
43888
72827
85166
2250
55428
51082
80430
11739
91444
42621
23189
95118
41523
63749
12087
72135
95573
53190
64307
31032
91033
39021
88090
60101
96670
20600
34881
81166
60142
24766
25762
20232
50002
3063
46274
77496
3899
73295
16905
99489
63286
3150
22037
82045
19952
29810
54387
9732
97867
12195
10709
31571
49271
6468
96575
56421
56024
46237
21436
4144
50786
40523
49949
59938
44442
94091
90632
91978
3279
50082
87514
64233
42382
22447
85877
34043
52345
60087
61738
16570
99753
28167
66365
15645
42580
97155
8789
26808
31556
59816
79059
12989
78486
2207
75785
71243
71400
32142
3085
48716
30353
983
91685
39577
37828
20845
63321
92649
17220
89826
39867
16736
94802
2771
34873
86960
86909
64623
51492
14447
58739
60202
38149
54153
66218
3990
88208
88213
5164
89818
24317
4964
11970
40342
84864
16775
70992
67039
17197
12477
12518
8970
74108
62659
4610
99069
31874
33658
43344
53423
33535
45708
52431
22367
8920
10712
33392
81673
17497
22769
1833
89787
26473
67934
70756
93809
63922
18828
73611
60401
30059
78232
14458
65475
67562
404
9680
25163
96987
48109
25840
56026
76914
51047
55335
74315
67209
8673
72602
8678
81826
32266
31337
91952
37129
34909
43791
16086
7945
81722
42332
21142
34446
85341
33474
35494
40773
74642
40943
90394
38782
99281
92805
95463
95852
40285
68091
15302
2945
48759
40307
18887
28260
58011
49124
14936
42773
10503
46619
40926
41260
98816
14768
95152
25429
17711
3379
96310
56650
40350
1795
92226
55663
69290
15010
39961
39275
64223
90432
58910
64823
2384
62196
17125
72901
90340
96691
20805
25981
39210
4239
86579
48726
23379
9113
44350
59547
21795
31249
8660
37531
34545
48105
31743
93576
58054
23065
89685
69172
70802
51079
46331
46592
95574
89074
48645
84118
72639
75005
23442
76087
16018
39965
29538
28920
64829
95045
37212
84645
25496
84558
54592
13493
20772
84572
83322
62126
90166
78147
95469
97338
95225
44925
52393
71527
17523
1160
57635
94888
45033
91197
14458
84756
71189
48987
1209
10739
70767
90628
15095
98678
41992
54864
43743
7565
27070
16704
77605
7543
83131
36598
38853
24005
92987
18925
36882
83617
30221
76571
48844
18913
93026
16374
13188
76160
60561
42680
58880
3469
14618
99435
29825
84697
7237
65382
22234
50955
74748
31802
23083
20019
6467
21128
10447
15762
58488
88205
3059
95313
5711
96357
71556
18926
71518
22578
71469
57027
99928
31592
89985
91029
53169
59481
96016
39127
49429
97240
62841
23776
29015
43889
81439
93318
4553
43202
4484
48802
6439
15748
25061
28279
32898
59159
43541
52566
92455
41209
63256
22410
38405
777
35357
62956
80431
34570
81974
83907
30546
7581
50325
88167
31879
75056
60846
74841
63290
58630
10801
44230
69805
86349
40691
55944
60356
79116
6484
80222
52784
8405
42499
5145
75638
63835
93458
95606
11081
1721
22013
94661
15503
63956
32500
73267
65602
49572
80749
92483
8158
47083
56217
26531
34234
52422
7441
98317
57442
57679
85435
16887
21079
90150
24580
83145
13328
50703
44843
84272
87785
38442
15968
83955
28704
67370
15528
87416
49087
71235
94675
78576
3000
78660
16041
50898
38035
60383
86969
78734
23488
31514
19530
35541
32198
41214
35928
32890
47393
49997
15131
74267
14950
52857
43734
70069
43387
24330
28442
87296
74770
64776
92959
92169
33487
72378
35923
45207
97871
80185
59371
85998
54269
28574
94254
88501
2980
63083
69789
49430
58956
21004
11321
16595
1455
14887
45214
88010
46490
72583
6147
15051
50207
91556
82142
5367
31629
82038
83707
63738
22636
8104
25210
12168
34768
52459
98065
47270
675
45458
58342
27215
96474
99216
65799
57855
19240
54939
51611
95776
73621
6495
86240
22052
98199
62047
61343
4654
86635
64633
1580
98091
9043
63731
4189
27284
93218
32243
43500
44370
99821
76623
11287
93031
85335
10867
77348
90293
69195
97482
43782
42031
60221
17110
14821
72808
48896
35215
98100
45559
8034
28036
8738
14488
68314
50741
26435
43157
37654
22220
99214
38244
28754
68276
38275
84904
94180
88056
10024
44583
55815
56421
60353
65503
81646
81813
40770
9128
32846
93516
59364
78146
71309
37928
33117
57126
49400
50205
36938
5769
66719
41673
11042
35179
81640
51849
63501
60781
11415
81745
61943
98591
31669
14822
14131
22503
27064
66956
61318
94676
11421
65705
83902
33997
59155
71188
34472
10973
27394
93989
25566
77669
85109
27352
76311
43890
59517
91319
80737
64800
13667
11141
38878
46869
1661
82617
3228
46063
74152
63742
26429
62235
69587
36853
73936
23065
90841
80509
35023
82835
54468
62637
36077
64293
9971
50463
48402
43791
25832
69087
26637
57253
14090
50465
71803
96395
60721
83384
9816
5115
59599
85198
40883
42644
54965
11026
97274
62830
83243
52545
86123
55901
98461
7533
89001
5766
45525
67304
76225
19002
58057
58485
99589
15776
82798
48624
88011
77085
11028
88425
53336
70321
30658
85807
39967
41215
1854
30494
78298
57364
61369
74275
52821
39195
7651
83169
77020
54084
32241
23512
50773
67848
92723
65915
61334
31782
54203
67075
77283
91306
23690
49388
21716
91351
69052
79020
28728
59287
37450
83938
63931
92557
75341
47149
76417
22542
28820
84069
55229
78226
72534
42189
16070
93203
90652
15847
52032
19279
81792
53926
92271
80127
57668
82087
39018
24895
19891
40475
86802
19034
87312
73271
91380
93991
89711
9897
11131
38276
34733
21517
4786
16197
43189
20928
36628
63136
9653
44960
110
80747
8888
60077
34352
40878
59020
50058
30732
13739
39473
74581
38789
35611
71027
1246
74724
1372
4977
43700
3257
91532
49841
19717
3723
22364
33240
61254
84769
38581
15642
97308
90347
83097
90815
76131
8568
26461
77500
50791
40336
41105
79594
90711
44440
2962
96476
65260
13453
10393
50454
8174
36564
53147
89318
61750
45943
34885
79188
71650
89851
64754
31094
66962
2336
31302
88439
62470
79792
26871
12886
23981
57741
5448
80349
57986
71602
47234
46178
46863
64568
60776
62881
71858
67667
79084
15731
77703
80849
62923
26958
73568
49873
46845
43964
54755
12650
40856
23477
19317
77617
20384
61683
189
15376
16885
7351
12680
3394
74548
6325
44518
95218
75571
49221
575
80693
46916
48016
23681
38660
56294
96194
73405
63829
30288
45031
53043
6299
91488
71162
3608
65085
81583
95198
96218
45866
21614
1944
51651
70202
81906
73301
59877
15935
22358
3995
81698
45972
40893
18048
4378
14380
67729
80545
14341
30804
55213
41966
90473
74423
27711
11629
39606
11280
59328
77683
63506
36838
66940
5216
35485
45816
70612
77684
84619
13566
12883
75313
97959
33191
4726
86209
51400
4398
76488
82919
60260
4630
83660
60384
98403
37675
28681
74896
31516
12582
78218
89213
24485
34655
32372
42862
5653
35843
25511
28406
99829
88486
80444
35610
68732
13261
65023
937
18531
83199
45908
9581
24482
55066
56645
42985
79948
16367
54572
89097
50667
81182
83081
82903
24679
2741
1112
92992
93380
9543
57897
28507
36446
61087
50870
94226
37455
13693
36586
33042
98934
24454
56558
6056
37433
19403
30529
81221
80377
78098
82442
32779
99029
51967
20800
76430
27868
86
36097
14869
45595
34051
77095
24020
75566
43630
25456
78685
85212
64254
36647
46039
99454
9339
64862
39441
18573
59393
1066
33667
85847
84057
61520
63997
37832
41095
10240
13155
94217
54834
21392
80918
90762
23062
48039
13396
38799
15007
32322
85634
53760
50817
62178
47012
14837
22702
52390
13919
51136
6296
73426
25455
87565
45040
67842
25723
15313
25694
97153
74083
39709
71175
74114
80398
85618
50605
67627
14016
17615
70655
95495
2371
6893
25912
1235
75858
21357
38340
97340
31185
85489
42619
69028
95368
83523
23623
93029
45019
74929
63532
74447
30618
75680
31318
59043
7712
22279
65183
96394
4535
32341
34942
74807
32127
32259
23524
31485
99300
8610
62988
78046
16740
21155
4174
41475
89571
88126
77422
98179
73767
88525
36224
74298
84508
74307
32576
95593
4034
71330
7588
71070
53686
32876
20177
3199
20289
59755
54772
15489
75609
27493
36741
67238
50945
48457
17909
1567
12800
30155
63895
37525
24882
37191
49962
30488
82664
20851
42986
26875
71371
79218
61627
37668
69016
49895
11545
49204
42576
29136
74543
57532
86870
93119
35234
22139
18732
57731
96242
17887
71877
49561
34888
18911
33725
99681
61018
35274
94402
30837
44178
36695
53090
14938
48655
84110
78799
51451
97723
37627
63116
14534
14313
60132
57250
15107
38618
71155
86256
25930
42634
14442
96603
78050
47904
3725
82820
97107
89114
72899
56442
76019
56353
42223
63368
54202
94237
35741
45701
81346
98546
88413
65913
99967
92356
33237
6846
39239
86950
88412
57684
77741
24414
59314
98536
8639
44137
50953
93345
29474
93761
57162
118
63730
43998
92472
63027
64816
45403
5630
7335
27199
82559
80555
70736
14798
44545
81458
74663
79403
65594
9473
79687
65186
53393
9261
35892
22200
96581
10285
28773
22872
55314
60337
82029
65675
68071
24219
58118
9625
139
79910
96322
45190
6736
78403
19147
1844
89554
54005
74827
76634
95196
87042
3460
53369
84714
98668
54239
68458
44820
11607
21821
16605
18247
82372
6459
66348
24805
51987
7731
63743
85174
57410
66273
95911
36267
78920
87823
12728
56077
88097
49566
15730
70840
18987
1573
9351
20574
76654
13807
8585
94644
94428
85016
87704
91558
23155
92327
4306
70449
14263
17703
32783
77315
27461
4551
13584
9350
89449
3869
54564
78468
56760
81675
93609
6171
45480
40461
93930
96382
9731
38465
84315
25306
3475
84487
69126
4557
50349
19536
7248
29724
5407
36708
22000
43798
40415
41068
47003
18168
21408
1903
33941
13735
40886
44091
6304
80444
71773
61869
34522
12281
52390
87369
36481
24582
75418
15410
86987
91746
17498
26296
39557
10543
28052
23982
91831
22912
6672
4079
92863
84921
56181
20973
88569
74508
94815
45421
15961
15685
59981
90586
1666
48042
34187
18391
78676
62539
24093
43131
58370
82469
72405
7649
86527
91318
63500
90304
68914
24449
66128
37473
6756
24451
60827
80936
99522
17535
98934
25165
53308
36353
50831
52066
80911
73569
43623
44710
25016
91448
73523
10327
10792
41054
56376
71639
11926
95760
155
44100
28254
68222
25741
99189
9988
29997
25184
95430
93935
75353
30323
14070
13241
72101
71629
16238
30046
47306
87157
16351
63534
16898
50916
8800
18826
82018
45376
13385
17100
30246
57940
43642
38670
99615
6602
35170
29357
4816
9999
18754
43118
25952
2180
85895
1280
9290
71151
95943
63422
80231
92314
25837
80623
56917
5209
51941
1615
99387
47183
23626
92134
59147
45746
5985
55035
25410
8001
17005
45448
73186
7693
29592
26464
92195
82280
24603
35030
68982
49006
5021
72803
28975
12120
17374
65056
83442
97441
16539
40561
2701
6811
59023
62428
76327
36114
40554
71747
51051
66699
63553
50467
47503
75824
16646
86819
51860
21779
48893
11525
59602
59656
59179
69885
34102
48584
60657
52231
61409
38145
48927
12610
52326
43585
10060
12860
88127
35791
82352
95036
11443
978
15917
15298
70820
92245
17026
24534
26394
11708
19126
78562
44135
55862
91968
18044
64365
73731
29093
73074
30254
72314
20346
10176
89002
64944
42656
77016
72912
78711
79219
10706
17158
89902
62806
29468
15151
41199
15848
55029
2880
15704
34489
58137
52981
80382
22771
69084
2778
62627
74852
28467
55920
37884
40358
26945
96954
76306
84117
65204
8969
16071
81175
80547
53240
91953
94633
64683
55881
24568
30047
97124
34295
39037
94307
12611
40049
17178
93839
29144
14026
29395
39239
30743
35629
20208
10518
61766
99358
10295
32220
90964
64792
35365
88724
42094
2493
95410
19720
49676
44832
78817
16998
55692
7712
30333
82274
66679
25270
44364
82469
96253
62666
66315
21734
21778
83741
55249
40216
54558
21315
89827
42866
67194
51967
86618
4814
44844
91062
59413
28810
45230
48689
3812
93704
3860
65157
38833
1771
79552
76618
99288
20195
13707
48527
28053
93787
68257
73219
77042
18645
16505
82032
1142
51724
7068
85740
13390
67506
31271
33809
41524
66637
78941
7379
28599
42465
19721
82338
49537
53116
21621
68372
24505
7632
17360
47861
82447
72874
38505
54657
96445
80582
77962
75149
97974
97380
12477
5824
36590
80811
26700
42351
26710
60962
6047
44948
92409
85795
57969
94238
55131
22431
4511
8383
39816
23171
95063
46050
51922
23320
52646
7421
69398
43476
28098
74117
46941
67097
25810
50156
51966
80554
89446
18146
6374
81257
48762
69017
50254
16531
65107
98782
44720
60463
14820
75694
76600
2307
66069
4018
12416
63644
85516
76891
98512
15578
55677
52294
73597
37871
15105
63676
47433
77743
57392
66468
63441
73087
83071
74997
19878
30352
85768
80512
77808
59149
35850
27650
7039
81103
80260
12518
49183
37859
14250
28693
25632
66152
89211
90958
10037
73345
42082
8800
9086
15205
4393
11409
91058
66831
60572
30923
43617
62227
91514
19291
39300
49144
16590
81086
16709
82765
63502
65682
69497
188
73866
45078
89440
53339
30445
36789
39908
59934
27477
93997
87193
7417
65288
12337
26970
46635
73782
33393
68100
72072
61163
91372
26759
41287
14992
6542
67418
30126
34719
81647
86208
92477
30965
216
51990
4786
54256
3244
80235
30776
98130
44246
32787
11013
61302
88478
31320
96655
64616
1871
43503
12614
2122
31453
4731
16710
5475
81896
38898
57328
40432
85117
61757
93064
22971
75979
63926
29905
36413
55344
43998
96083
75979
18585
98682
