58881
26854
28955
18822
48077
50160
7206
91429
14304
78480
35803
56580
16780
98356
81100
58057
84772
98706
99670
72758
72780
38531
40451
16569
71497
91845
84293
48961
19840
19134
10950
50944
5251
35173
71226
79135
87826
63544
99356
25339
41500
87457
76139
95137
44484
10774
78950
32887
7580
42198
77677
73597
91607
71016
93817
50274
60828
16067
70722
58655
45448
87471
20616
21946
34224
12757
51286
39215
28178
55063
63740
32571
68869
89196
9309
26037
83228
77344
43893
24485
90083
97792
1827
53577
61068
15531
70760
60012
98021
46386
27487
25231
60533
39101
74626
48519
77500
69705
26635
61546
20455
1022
40780
54037
2358
54950
21176
31688
21982
64236
30038
77044
46125
76271
31097
31741
61225
76094
64057
41784
51591
70973
68911
18887
98190
62865
21249
98563
19283
72483
68661
22948
3164
26770
25847
4802
47935
45025
60550
34283
60063
72649
34814
88608
5338
90073
16693
89707
53612
51932
89944
95318
90889
64526
96142
65807
8460
8168
10965
92336
5827
40693
4385
29222
47501
78060
37328
94717
68294
9503
82247
56686
97865
71674
13510
89163
55659
73429
75220
14299
53432
65520
80402
56211
17536
72804
6062
19829
91784
68934
78060
96676
32249
28489
3949
22930
13944
48570
20921
68723
96528
62634
54791
85683
24619
94993
75332
17441
97468
81988
65788
32739
4293
73091
42652
48367
4663
9760
7048
90385
12745
87094
21791
72967
51288
40130
60141
25262
13445
34126
39759
78064
88609
2777
79340
289
35624
24800
67930
54024
93015
40777
63860
27038
71963
8753
34260
82426
83364
43039
62830
61843
62823
12662
1401
84012
87576
51371
57914
56194
13639
49911
87082
32638
99590
73287
29525
46617
26815
18307
68452
46542
24056
46845
59696
51992
64787
51859
1676
35641
936
56898
62196
23096
59686
6952
81806
60977
97439
97281
67283
79826
988
79607
4569
30683
56907
8757
44322
25577
26740
84457
27022
80638
15179
2270
60327
54508
34308
60455
85027
10766
26574
50896
85918
79254
15404
2123
12400
70588
73578
29056
39063
17885
25193
403
33928
33341
6997
68428
33312
13238
2387
74485
83298
89627
82826
69173
92229
50160
83515
70643
33235
83980
40090
12384
50676
32401
85002
63785
86354
63541
95883
44934
60480
6238
27548
56918
93399
75487
3124
27802
41370
737
17382
13668
58414
37031
89524
46156
90522
81768
42586
79983
23301
85421
93038
12534
14415
76378
37368
23421
40039
91963
49102
80662
56624
71272
85456
8906
55988
11643
4408
1971
50303
30113
68883
12668
21472
40242
32116
10951
78418
87283
68935
26744
84694
64182
95821
6762
94779
61459
57196
53514
84607
95399
53589
88750
15001
58382
88715
11403
64672
62480
72421
38129
84660
57947
94516
36184
39650
84579
27592
89763
20010
83987
54930
82419
75431
68716
76064
21170
53810
57975
60471
91872
17868
57459
16969
95739
21529
44782
86377
98338
96891
86635
13065
64130
69154
31072
82087
24343
78535
58853
31299
67218
14790
59223
88714
12867
27061
66710
16107
96964
91544
60884
9559
99873
18130
19810
59746
33459
18056
45682
98802
50158
13030
6184
98047
3345
31312
93577
3299
97144
70072
82082
88878
48794
25490
29735
22973
80742
59707
79780
50996
63102
34592
39273
94526
46151
45261
45572
59980
79366
9500
44136
64944
13129
30091
62141
51123
89946
43035
35799
52011
74111
60786
64571
34279
90179
31527
68363
75556
2037
41498
52328
71535
7264
90090
89894
72348
81803
89309
46973
54118
28900
51110
99091
67795
7280
58164
38353
31546
29573
23033
73265
46618
70245
90786
70047
37834
13073
42665
53478
19262
66923
21894
66111
10443
24889
60232
71492
56089
1430
73626
13768
88990
55310
81993
15310
37254
58275
6460
11566
77724
86269
53209
88696
70874
26507
57449
32329
7416
16354
43904
37066
19049
99661
52814
8078
19328
95930
89697
30734
77236
62368
58404
96007
40054
99469
60754
84164
55184
97250
85891
27226
50459
5609
14146
37171
14270
1902
7092
34311
30804
22584
84997
24008
43065
65134
9679
63150
79519
79055
28432
42726
8238
96705
41867
33874
52153
57044
15021
43705
6415
49489
79438
20997
46935
82520
45268
5016
55663
35116
77027
12902
18255
63222
53299
79094
75467
92527
63696
20549
31961
16887
80276
36742
16794
61219
88942
92891
29572
91295
14649
65407
54559
20664
34173
38926
36658
92031
50447
25499
75540
51780
55148
24555
34168
72654
1606
17437
28629
18246
47342
83643
13889
93587
7004
10299
55785
71568
17295
37989
86488
75481
64286
26175
96541
7992
35636
41638
1573
74292
91634
42241
48681
34363
26476
47888
8018
96666
88461
6007
87970
7245
15693
93412
63213
12140
82101
12571
29976
27784
82561
50750
97248
19182
86175
23010
15809
1103
17315
6083
19221
92787
30374
6016
71718
99823
66214
2595
78760
41628
12422
56115
22200
5622
10232
78675
2900
70700
79538
36663
51882
80512
72134
114
72031
82263
91214
27469
30459
28145
1842
17922
49301
34119
29937
48053
46294
38476
10746
17072
88220
13984
59984
26456
75894
95637
16373
26551
59257
56822
43234
19406
63246
33973
43058
33921
1380
70255
76850
35742
44681
1764
90519
84731
36741
78793
86297
58902
54999
50397
79312
80935
85323
85072
40897
66426
86789
17974
78408
36530
22063
62034
26764
40621
86255
1784
91184
81496
60232
7011
8765
80108
68875
8646
82878
19831
97098
66064
53098
70738
45545
61447
83198
76204
53168
83521
42427
13614
22121
64321
75494
78807
27081
90822
21530
82699
82671
71107
62064
73736
50962
75918
47140
78356
70170
51431
29788
67443
74342
32433
59336
65602
17286
33027
83890
32234
47058
7767
99626
54742
88254
82627
24638
90603
43008
48077
32475
1856
28161
97833
23065
55626
49751
25810
14044
592
75961
22626
57417
70259
61314
90123
4724
31039
28451
34962
55326
42506
65152
74426
63259
61470
74194
53035
51378
93890
96077
17555
67696
57606
38191
45029
96269
86083
97971
40468
13460
92387
24861
32883
22109
541
57271
10211
55606
24164
80686
5656
93321
75435
86217
35796
50835
86482
99770
33474
24947
64220
15411
82343
39855
30327
50530
65426
31430
24532
25249
89138
66788
63296
4389
97760
47029
5820
56797
32170
22782
85411
72460
74820
75436
78761
95146
52228
5047
95693
50132
48598
8242
92430
80348
56150
35514
60618
44262
36704
21144
41219
83250
14973
37082
80375
9911
92013
17249
47100
38485
73704
40065
75312
1624
40366
74317
44721
82956
13773
34532
95388
60495
6812
96718
15227
19337
94136
73074
42207
51345
71345
44795
54405
45656
4669
36555
50194
579
2810
22209
9453
96204
7921
98221
12200
65492
21785
6706
72549
50968
63099
31731
35849
48283
95067
57703
19885
26870
95379
72256
97376
46633
4640
17079
73876
28067
21565
99147
11093
66879
43735
46618
6454
55838
37236
86596
61181
77643
68066
51840
86656
63569
8147
99101
31271
75596
4556
85386
76531
43372
80886
91129
87316
31467
12949
33967
98420
39045
18358
37382
97262
60873
93396
2902
77968
4504
85348
9119
61649
64620
16196
49461
27628
41222
28271
67911
37075
77828
62344
85358
25147
72476
83369
11803
147
82036
42219
141
96073
92742
91640
89722
8659
62866
93905
12109
79909
18441
47684
17721
10899
18759
97148
11999
47117
69358
1103
76103
51604
3192
93664
55292
56164
20574
55842
93328
51192
15307
16812
82739
9327
7201
51040
38811
87382
9648
16025
99574
11069
62576
11467
86303
14375
22401
42916
70595
14512
55789
65879
16615
10109
57473
54286
26302
48187
3136
86419
68886
89729
27782
70568
68653
84445
41253
89097
45165
69315
30675
11858
49976
1879
99528
1490
53873
36612
84744
73402
12099
78876
10766
33017
6452
41929
74842
16212
14934
63906
83054
90159
19561
71241
32655
61122
698
4734
61129
39325
68848
65706
51230
72405
82362
90126
75589
24665
40412
35697
82966
60345
1946
40978
80330
5864
52874
73395
72601
72277
96871
13415
28215
19800
47364
87910
36734
4096
95710
20844
26239
41955
53184
94262
17565
2023
4496
69108
8168
79440
98445
89040
71347
43685
50690
67443
7729
75971
83081
57585
78006
2875
12484
99321
26564
82735
98123
56184
14151
27888
47133
7023
55499
23367
54324
34991
45280
13555
23611
59704
50559
116
19823
91111
38235
81882
95258
80969
84714
93142
93659
18037
80183
98186
52624
9706
1756
20783
1023
63704
96797
60986
54527
44572
22393
45526
39235
10108
23944
94044
10565
40497
94652
2282
22313
8110
44883
97974
87454
85982
84107
98473
4769
19277
54564
31411
87011
71178
83066
64834
25056
17761
13365
21207
2627
96731
45633
60281
99811
36003
57104
7737
76956
68172
33016
82941
39534
27700
14738
8638
10853
62959
34409
77416
4106
87835
17248
17400
54471
77430
84297
57122
92418
93942
49445
65637
53180
89350
81705
43191
7865
40083
85775
19610
15340
26314
10798
15900
91269
92902
40537
64731
94817
85714
60887
73030
75222
69474
57064
70018
83229
28212
62488
29204
79241
6451
34048
89885
12231
81705
84344
71185
59209
63499
94137
26419
13618
30080
40792
14386
79585
15341
77566
249
65437
95781
76798
28574
97040
27516
97087
45902
32159
11742
25104
46082
86863
66353
8219
75310
73373
78438
62210
12717
95952
69327
20857
36006
33911
83635
59449
96499
82786
122
60491
35205
49063
47959
11372
19722
10070
86634
16642
86480
38743
48769
86721
45845
21798
41237
99063
47734
98601
15445
35071
6517
15584
60658
1975
64434
67830
16209
22141
34331
34516
6324
40690
85309
39911
58828
7276
94105
92924
33068
76846
71769
36867
40532
25218
66063
24864
47274
22642
40591
62189
90382
52966
75246
7774
51389
68076
24331
47313
24079
57545
88203
90333
76973
57864
17307
43176
70114
82884
12928
51839
12676
20467
87014
91527
26617
81961
26310
6393
11024
50691
86415
66075
21001
13576
24965
52360
54009
81625
61356
6795
22741
20047
41954
96501
46505
83896
18887
10074
30211
24120
84280
234
11772
18567
7316
68258
61930
91126
11987
2809
44968
84359
77447
36086
60138
22957
68023
43821
34156
85631
54730
96849
89511
42562
32973
97914
73743
71290
43008
96226
48839
6609
32970
26553
58141
97264
21930
77285
19044
81530
61385
92132
24524
67156
74975
69117
19393
65849
50037
44675
21096
16869
905
23104
93140
13040
16346
22794
95081
24432
61600
77316
13872
66232
46434
43250
83234
1853
55262
56241
75802
56348
53816
82135
771
50883
73025
13677
56083
83880
24696
4276
11483
59736
91812
92506
75547
55021
30126
19338
45603
18828
74358
31841
77943
94369
27882
16957
71421
26315
52737
34215
32457
63444
20213
1606
2910
77176
45262
36802
61163
66509
82314
14534
32393
85872
32463
60567
28776
83532
2531
2416
25019
96923
51249
62703
88342
12524
59662
8933
76126
45128
12987
55682
1582
92626
51976
32215
9467
98857
80486
72720
40388
79968
83226
98030
24399
54747
19147
77248
75883
7303
94145
36572
44225
45822
70353
60447
68267
53626
12014
97444
58687
37178
1369
20680
66097
6678
35693
88411
86531
83833
69824
97065
89338
50460
70001
14117
44890
21455
70200
53689
59731
53952
37500
40617
49398
83924
42601
71626
65595
11023
21092
48981
89582
46152
44945
2326
71587
80667
48409
64295
4749
72989
23240
6317
39953
84930
70307
30529
74164
87718
7692
916
52796
6836
1043
47825
50762
49821
18520
29721
28531
67471
28594
19565
78904
83608
98708
82124
84212
60517
74404
14364
26803
93744
18472
9437
44971
27801
99141
17860
17762
74561
25522
46168
57828
11349
31179
1189
26778
85645
59619
80388
70200
90967
9482
66017
49427
74130
781
9633
32059
83134
34410
39265
63144
8296
45424
7797
6555
96289
20409
29009
90369
87089
46291
84707
35802
31065
12763
19299
32712
30118
1950
9091
93441
30847
42979
15225
1167
47745
58358
52067
9316
94398
47278
65758
22485
59526
56815
61460
62639
44201
62097
27037
67581
19013
154
34888
81749
55843
60010
1369
25001
59010
81556
14730
41831
38769
22864
61936
76085
39474
53870
79653
70614
12502
87504
26621
47466
31566
34429
89975
45277
12942
18357
88211
74261
86244
75886
72095
35524
73453
51189
46549
60516
49344
9061
96134
13855
57930
99709
38467
93106
99531
97028
49766
57107
61352
44230
3425
28127
48563
51772
75081
19509
95447
35175
18594
97939
17614
71077
67779
19204
20649
68395
78637
80890
14373
96442
91441
50075
8944
84843
62311
21766
68569
51464
50284
91417
45884
87713
35680
40223
76640
39784
55372
79939
10237
61311
89427
30643
83607
55735
56532
46644
17039
37319
85151
48934
8329
16748
17801
63867
43323
80911
33461
37332
94381
18304
71677
65919
44468
53341
73039
20706
12749
59034
36035
3492
22063
16875
54097
7232
51367
88216
52171
89001
29041
57995
16032
88877
30822
41129
33040
2127
48599
88100
81641
33339
7458
78958
87077
60362
50796
75678
57218
48230
264
3075
7567
85189
69051
80299
37401
88899
73625
37640
57283
92373
37797
44223
30656
67254
25252
23029
12005
6814
20246
88344
71198
38152
27377
14427
154
73419
37340
84371
31931
27682
44937
46387
53635
55796
99492
65562
78804
11960
23068
65566
19711
93313
54921
4963
94118
8445
26150
26024
81833
4279
93560
87360
4763
13796
28923
32336
90520
79085
92955
1119
70371
85716
18639
18356
82823
60006
8547
63357
77563
64103
31429
93422
34707
3204
86893
55335
3188
91111
8567
36020
31212
38095
77574
33049
34092
42719
47734
19354
20705
77021
67126
3739
28800
44055
41807
66146
24322
62634
55597
83184
4088
80307
16310
3091
33466
21870
87138
17276
50989
30236
23260
98973
58181
51631
73845
30034
99402
56807
39179
71295
49177
91241
72952
98801
67735
53122
41524
14321
61607
27944
61761
6451
81774
78418
82982
31741
6472
19939
4261
86141
92000
62602
62970
24517
96617
1367
96034
88935
67081
68741
8121
54053
50905
81299
89022
53981
91453
20036
16061
34416
84982
82764
50837
47577
89727
77369
91546
8903
68561
7805
25469
55468
95784
45383
9473
21906
8519
81097
72900
13499
50440
6416
77594
15112
23906
85061
79223
47861
657
60241
60067
29493
83310
78457
10925
84785
31583
15645
82193
28859
82620
31274
93555
94824
96137
1030
36994
96514
36975
15511
95637
26658
98367
78748
91123
59399
4071
79351
43276
20143
34892
47495
33419
23497
96585
87349
49836
55945
81608
77002
43482
12912
664
15699
21840
31651
76566
37076
32392
86583
75962
64136
83123
927
52301
44889
39405
5978
68818
3512
16779
84181
47082
83852
34029
19670
18247
66952
72084
45939
71253
18174
71742
19073
83323
38957
54888
68398
25237
6366
45221
8985
80654
97710
4882
72308
11334
54648
82651
88076
39366
64246
23400
92998
42981
189
5675
88516
51871
49351
8983
26313
47409
85734
75545
78748
69066
46585
20605
18886
80276
81744
85396
96364
40257
86221
74687
80303
69771
71829
69885
81650
76559
97448
8724
95465
18665
42188
90049
5493
20529
51822
69293
72068
53140
2228
72251
88228
23385
96083
37997
16440
35298
51009
79384
6452
63775
26993
2128
40860
37420
61037
22461
73810
97701
99074
94964
10985
42490
95118
74043
11335
88343
32581
27328
97829
84832
91157
78681
71344
45785
14314
63006
91735
95538
86420
94171
6446
53257
36529
51293
84981
62909
31975
97009
36762
97406
34125
94925
39162
85052
54185
75353
80684
66433
51658
8179
23742
41767
51649
43674
64667
39397
57622
34466
72279
93604
77177
5641
77599
97072
61120
36292
35999
54376
46380
13790
17319
24463
77906
12299
38650
72334
99045
38495
25266
38510
52414
97990
58025
54245
23071
75089
90368
1586
24970
11366
72726
71613
13617
24625
31490
39879
57237
76550
32189
32181
17648
888
55208
28754
8947
12250
76706
41285
3324
17237
81562
15834
61552
20612
46187
4637
36645
5902
75290
13489
40836
69889
3406
33036
21171
93629
7732
77962
69796
94958
15252
95864
41969
98897
6362
24763
17419
35915
90227
64712
65325
48679
40902
87612
33186
3787
88057
3099
28615
26847
60354
67557
74301
63261
32325
8702
15321
40247
28304
668
50385
92644
3601
47852
90564
40303
10080
89185
62862
61291
90738
45589
42195
71873
7450
79985
79584
68367
88015
91678
4458
29521
84998
35096
72298
2629
92703
6912
24118
9415
78135
5827
94792
36807
12845
76812
38520
4560
82552
84771
58743
68987
84523
36645
53822
13554
36210
63085
71154
53781
84017
9537
36873
50655
87060
90908
49402
6467
80429
68094
5595
96877
73703
11713
20755
29290
66488
78708
93383
10988
67397
45947
18309
71657
91026
59721
12332
66417
70499
46326
28938
42863
20024
40886
19588
92541
50401
87153
50390
781
45583
7039
75719
84278
28515
12377
87482
95758
8812
76675
51422
86645
53781
85006
7710
40258
90747
25285
30749
2245
14945
50941
91790
86136
37395
6305
18199
79094
98472
9135
30811
54351
1629
41655
73736
77835
89649
73283
89949
90340
46311
86884
43687
63577
34214
82063
90445
64343
85156
30414
25411
27113
22921
76385
65418
98735
93427
82777
46022
23044
21967
50698
97856
86220
51686
5371
66402
93656
43380
91650
27063
45438
90467
79542
2364
90805
16576
65436
76934
88232
25265
83546
60666
97676
98281
63649
37129
79861
11298
33520
1581
77879
89754
56668
24433
78890
71806
50611
43212
93626
75041
33277
64461
58378
84238
3602
62955
91335
97991
59453
31803
81362
20887
86672
2174
893
233
54296
38356
53883
56754
95671
78671
81795
14547
46939
35099
62822
72964
38555
67851
68113
59520
67928
77250
33378
34962
26250
58061
30978
93185
28679
57910
90633
82576
75936
97547
60033
4175
95507
5901
65963
46817
50564
17782
54660
84880
56432
4977
15458
74001
34362
92967
64530
57272
96753
85260
98927
95128
77514
85717
58504
86013
37432
36112
73521
29547
50197
24876
20842
37963
67854
35150
44478
31451
77969
38120
61981
65535
67884
30340
95888
99607
24191
624
85508
33785
51629
61369
79493
4514
63625
15135
8637
97389
56897
92162
32703
46342
99814
42760
25283
51245
22255
11207
79695
99675
32219
37803
78603
1360
32905
29480
95053
31005
86513
72564
3246
13468
69794
78397
77270
62845
40094
90667
52561
69625
19488
39752
32960
51521
57921
17456
93034
62803
86034
91709
16072
49795
44052
20925
36661
88088
62543
99866
54539
67984
87468
41253
51445
12091
6970
69071
81972
52711
24345
4702
85390
47954
9429
63353
55341
2030
8025
90866
70374
71213
31659
5151
39273
79153
40107
92748
85483
55895
19812
25764
13697
10341
34905
34970
54179
29669
90483
78009
74607
48031
64994
31680
27675
54171
77954
99326
26301
25004
97931
49504
18304
23794
45715
44623
45684
46280
40656
37540
27889
22909
35991
1450
63187
92175
83634
51266
57319
82513
63386
30370
20137
69304
70180
23018
55404
23132
48417
60330
16052
10358
67121
23070
22213
60056
43528
46586
40569
10946
61375
56282
40917
23101
14902
97264
36750
71063
3934
13071
58888
55502
59999
60509
31114
74516
11648
39361
32559
87617
40227
60739
82826
32609
48219
63162
6454
27290
17315
4944
45651
3734
63741
95555
18821
14545
3395
72606
74472
96223
44308
8280
43581
67539
82313
92641
14341
78452
34455
23994
47308
64384
42497
6551
99497
37211
18975
39080
41594
420
59969
65519
72054
45215
52593
31855
74082
406
41186
64404
35346
43238
11442
91018
70712
19893
34907
56786
54422
74291
853
85472
23934
183
85252
75248
83997
30653
54343
15407
66669
76747
18949
76431
85716
94984
44087
41539
7430
62238
53900
48189
70551
59683
82027
78582
40015
25225
33104
30754
67541
26448
71248
45621
70533
92402
93177
808
82459
7230
26077
42105
71080
75944
45708
28965
53582
50029
85194
84680
37175
67498
34330
82783
26317
16585
7938
28731
47254
25383
94126
9511
9552
64098
93568
37092
47406
64748
77657
92536
84685
10355
117
58615
32736
24208
79055
77183
1640
74408
83438
20299
57057
73019
57587
73605
77871
81291
61748
97312
48060
27627
16517
53947
37247
90177
99082
46323
56950
45106
16316
96200
97548
75597
36675
56764
40503
82401
39090
72943
26781
43679
1955
52925
56607
18906
87518
54589
22591
37293
29500
40503
92531
22768
89164
88728
35769
96913
62746
2932
36907
42553
57269
64370
13065
4895
36999
37633
57303
91986
12981
46443
56264
4308
81570
79917
94275
4477
50371
65837
20978
3314
11836
91132
2612
69766
43129
42556
5406
28226
8666
4065
46822
41669
64328
71309
71709
17347
22867
75255
89693
8634
81446
92661
2816
99363
67494
26162
91876
39053
9291
29958
17888
44584
89735
67912
28775
18702
5417
2606
1724
79805
91738
93768
40774
17795
81210
4200
49188
60576
97890
40215
34378
49113
24957
58229
83049
84081
99106
80649
11935
14973
30405
48309
39210
32318
31071
89717
32132
17415
66509
48533
92221
93251
14288
27533
44539
82246
22929
43443
59250
74818
44612
56521
9904
55207
99386
24552
67556
45820
88753
8776
13141
63135
17595
97508
3596
29442
66133
74988
92625
494
36000
74898
71515
52981
26342
43243
61953
16245
83707
69121
40740
14676
82791
71002
62466
6906
63652
99595
77343
21325
46535
3907
96267
79134
50926
51692
69727
23639
23273
88932
52299
51441
58049
20063
99075
52336
34468
74577
35786
16677
53590
36284
77023
22962
23947
59568
58402
95517
88166
53510
1042
3155
73310
80936
31011
15378
41263
9838
28200
42670
23069
70320
56591
16383
95522
32219
7253
43532
75542
60250
66993
43365
67518
57186
35046
67405
42785
47514
43879
65346
15923
42284
25658
58446
43321
40015
11810
14574
13274
65829
98870
19041
39515
95668
72993
80827
67583
23355
16384
51984
26717
48480
6308
22296
81157
92257
27882
61784
19635
87462
67487
62853
98172
20599
65462
91742
46243
17598
85685
58118
69185
16112
31823
67897
25936
45034
44825
26977
84353
17692
46853
52853
15482
20850
28972
19054
35633
92930
20929
45877
75838
492
50929
88880
80717
32088
62043
36604
42807
16124
48852
72322
67892
15585
5230
93793
59061
63856
46852
98498
12639
48335
23544
45654
23747
98110
71549
48061
11028
26678
68546
88182
96322
87242
76433
21207
40402
11667
72029
5423
2903
14784
21498
95351
71764
17811
91354
89400
5839
37694
95781
80436
95168
68055
13751
32595
99075
97332
83684
56130
83507
9953
29328
48261
26327
4480
62350
10560
7926
56265
22065
22390
152
54944
73065
40067
32698
25332
41337
32646
63220
61330
76342
27023
26696
62424
86751
23885
74936
66172
62358
58351
34410
76561
86304
63199
79226
34798
64347
99720
57764
81193
64557
57302
57837
53190
16602
50511
96072
21154
30275
19841
54429
46121
75820
65924
69549
20620
23878
97448
86035
7833
17662
90529
88664
5404
98632
47123
43085
75600
70210
55578
50794
3847
12301
86026
9448
23063
17401
68435
53751
63308
90301
77389
8197
84110
97346
74664
29601
36818
46297
38368
68310
74358
24353
64946
70527
46313
46883
89981
51352
58990
77914
56085
13459
39787
10170
50744
20682
96677
16021
88122
82788
66297
26021
2617
31432
15992
12809
81269
62840
5171
5040
61781
31468
52971
29675
73074
68485
97170
87363
82134
75557
74726
84764
43072
59352
55873
19773
88409
48787
71307
74672
89967
5269
40104
17074
49347
3794
83630
66327
47467
73072
21481
86714
2719
90157
63885
95521
85421
73503
21625
18066
64913
48047
75889
18424
23169
57303
17475
48973
32817
80670
82855
78557
35793
86654
73581
35904
86061
94783
45717
37277
91438
18782
40341
89059
48087
66853
38481
800
26228
21449
29564
94107
97737
741
58902
62691
7190
97726
56110
57974
19842
66036
96790
99988
27474
71116
74335
52424
22651
61023
87424
23322
76987
40126
65514
26644
20245
93204
55235
27369
20741
94321
14216
39215
12924
51554
39458
44153
23515
4010
15269
33975
78678
87545
5359
31752
26172
79819
50956
38723
74285
68691
38173
41282
47969
43105
99753
4879
46428
57308
60505
79377
43207
27599
67134
49228
30870
86965
32933
64176
67949
58789
82418
73870
37383
22083
28765
37993
22312
40752
86206
2190
42549
82608
42532
6835
99717
51573
77209
74839
97540
64038
9623
58321
93663
66617
72470
70192
53508
80703
97574
43300
60045
59650
46724
59095
26787
59276
98524
69610
77774
91451
57339
90814
23849
12617
47782
23015
19188
61933
34163
91334
1764
11648
60183
86802
28085
20043
26327
41177
85094
92415
80184
21039
51302
87895
18385
31975
25066
89396
69214
59762
29792
49155
6438
88311
44489
54536
87745
66575
18425
68472
28719
49483
62498
71931
31752
79413
53531
77442
89770
93681
28076
1608
44800
67032
97193
46401
29289
8320
64841
23060
65221
7662
91039
74738
25198
20164
24938
5710
63004
19668
67950
31060
7663
99879
99707
35942
88990
45819
15703
89405
13748
49231
26649
34812
61193
94736
63438
18421
52188
11843
27012
92524
13415
39337
22618
42878
31377
1406
80916
43715
77930
57960
47980
74385
21517
61207
80850
82487
43928
51203
91821
86802
59686
95093
55641
86114
6925
67489
66943
53267
94707
80529
92538
32432
7934
51836
52546
31850
96826
83441
65049
9341
99665
9663
44451
91982
12243
51968
54577
70215
77100
89364
93485
69302
73198
62718
66785
96711
39048
17640
26230
97922
39208
44513
28815
637
64230
60959
98342
74240
43924
77919
38170
36345
65228
94339
82278
66974
96063
84778
83210
29294
79368
46195
71987
79113
16886
5216
25459
79932
23800
72347
92486
8472
81861
48970
51556
91611
22938
5049
81022
33101
7903
92925
38639
33476
73187
90488
28894
72764
85326
56748
69044
83268
73421
30545
41682
19853
13716
86568
4499
69524
66085
60265
88297
5114
60079
11323
84313
40104
89323
58296
64574
69475
81171
55916
71819
79901
13218
31715
2050
58095
41737
94695
14772
42827
51682
76112
77241
11520
28002
93872
53123
58293
27712
78850
87483
92356
75965
87361
41958
28597
10799
20735
33216
67249
19744
54389
89182
21177
40740
29380
41156
28454
60798
5474
69075
50127
63077
92204
71951
19293
58234
75255
17143
88524
91863
99392
29493
5120
17668
68982
89490
90365
17934
1946
94667
45129
82629
61899
77709
50150
23486
14882
16201
97538
8064
5543
53878
73112
40691
53596
3206
6129
70214
69461
28913
27718
61314
74396
80666
97600
77541
70222
69483
47016
40658
31702
17994
74728
81114
67681
2064
9518
10271
26700
99691
41677
71513
62835
27336
97103
7518
90170
51121
8348
65684
64663
80160
21854
29730
76732
26398
16118
93910
40373
56419
48901
81577
36463
67847
76868
3512
36722
93864
9696
58916
54837
47350
30196
37729
21213
50084
26390
53618
54058
96531
79416
84542
93996
55009
12486
12987
43271
63378
96952
90620
19740
84965
29015
59745
75519
78398
19705
89344
36844
63392
69497
7392
15165
83188
88962
85017
31155
20643
39969
82973
79241
17501
67510
86785
65401
81772
29500
4711
71560
88621
77900
20947
69977
35237
20401
6369
59588
63936
69596
73999
82804
37035
8967
87142
50412
95084
77617
50079
14437
10257
37109
11323
14650
5000
75678
80659
56661
68183
4942
243
79805
20890
69058
45226
34894
76680
87352
92308
41435
74011
46664
90982
73559
93822
8465
74848
78283
63324
31825
3881
1032
19141
99651
91676
8315
16015
95631
81231
20351
81469
53017
22163
4058
87922
60755
95233
11742
6176
24757
72890
3185
68641
52072
58486
97500
33829
45722
46723
91583
83073
34501
21106
54063
84767
56651
11232
48507
47507
38661
38531
10332
54991
24178
77869
54209
57518
54781
14318
26495
22564
96391
73775
88451
15841
20008
29922
5311
36324
71294
1210
86003
59264
37473
66841
75514
66633
35513
47751
97355
1995
58312
21418
5645
56088
94806
12964
31162
2049
79643
88438
77447
6587
11051
33496
80901
99463
13143
16966
85269
11106
56165
19924
51535
23264
19326
12000
30118
48950
68077
4979
605
16882
24793
66144
78995
67826
87780
42373
41680
49324
81557
36442
20146
7226
41750
37065
54072
82113
41999
81395
72159
11899
3289
7518
19037
39220
96538
78193
98835
74247
50891
87280
86631
1350
12808
95213
88666
73203
11789
72360
38453
5850
12647
66908
83050
67814
20953
8370
8458
72729
4892
24617
65199
2932
57093
46633
36894
60514
88902
90684
95289
88003
68264
42265
95891
71775
74914
64082
28303
29287
4202
96276
94474
27720
17291
27016
39780
98374
5247
86269
10486
11533
29952
17061
50373
99935
25008
60061
55503
65543
33503
10873
22613
16025
96939
11857
96778
81020
81452
10372
54072
35721
17476
16135
39560
57620
61238
16873
71740
5826
91897
91192
82782
13583
79451
64178
37879
39778
19852
89470
52564
68227
51478
50051
28275
38406
96501
95847
35831
75033
98076
62638
55908
42812
32954
56177
256
63253
24528
25178
98270
50080
36935
57090
12804
12155
12486
59069
37895
84849
88700
28755
14300
13025
87655
76945
26633
56681
6865
70251
31815
39257
35820
17144
78454
15576
26210
43002
48012
92092
51294
83082
19849
16652
95762
87535
89912
27762
41164
5579
48561
93008
33962
85576
68698
51537
56195
55606
22592
65752
30340
13490
33363
66067
51460
659
13570
3759
30072
82619
92124
55412
31267
78879
18530
21471
70132
20915
71437
10862
70002
80102
26479
19325
77332
8059
5365
64829
84479
69433
50089
81307
19038
1351
2084
16859
96232
53198
48245
35096
23112
93332
76778
83014
65348
94423
1741
36165
43787
82480
17823
54777
11579
26681
84621
12219
73840
34892
64064
40910
90334
68289
62293
92032
56579
83446
44401
55283
60101
85394
19463
7862
41850
18303
40222
89519
51380
73060
20956
21594
80186
80121
95898
51922
93256
63358
85240
9471
79916
84574
4987
56828
99785
66339
96351
22837
90376
94019
33150
73806
52723
67253
74056
17108
50832
17062
63493
28469
24931
37699
66135
56097
74797
11980
14274
90063
54524
53901
27685
41665
66478
29229
57125
10914
85522
84433
68567
50643
54611
88226
4017
46385
13343
14011
38342
33892
53217
7909
81385
52377
23545
2893
14787
15982
49411
92670
39889
19644
10982
56340
43480
99903
32347
82160
81060
47654
28066
3933
80004
46518
54046
8156
67381
13114
21824
48863
42911
40717
23153
86694
91355
16204
58077
6227
45199
77144
554
10883
25321
80285
90810
75816
42281
3071
22873
56698
9758
67648
61810
73557
35135
36073
83055
76985
2072
755
88121
57181
90721
3787
98386
81973
4924
37472
21351
31377
94286
12688
10630
6088
39978
4327
83694
58687
14223
62948
94618
81844
33190
73206
61472
41014
17233
45428
97851
99838
113
89084
61138
63736
20244
94577
52012
99958
54337
94691
96829
28067
75359
90741
78170
16148
69110
49566
51065
51605
8325
72264
89240
40778
12186
76067
42022
19129
14347
64264
28570
25769
42621
39152
91109
42249
21961
99318
47463
9010
97625
23585
35325
72616
82437
86936
55309
74776
43224
48872
86063
40927
37154
37074
86819
9881
42036
42079
76240
88447
90187
89252
60248
7835
97486
98438
17031
22884
54235
89775
1202
64594
79939
27994
83120
8534
56488
29286
67746
82442
11957
56584
1592
80271
56984
17045
44645
46230
6730
44729
5398
51953
2364
63806
37622
92794
48258
77318
12461
26437
51502
55202
43976
78655
43480
49623
35667
34074
55977
73416
60734
14522
61368
4034
84863
44369
30920
55069
32578
42373
84448
56942
58277
42684
8152
41045
24574
2645
50204
44562
19650
48131
78952
43175
43354
84660
24921
55297
1521
10863
92297
32799
50226
74964
20682
52396
65518
72279
59279
69070
76399
17853
64575
94103
24162
39868
70138
18906
13380
55059
68085
18906
70450
23631
13966
59783
5592
7160
69914
18886
53629
41290
57132
81507
76317
53428
48227
27474
96886
53572
58885
76853
68263
1067
83311
50490
3294
22416
96552
26320
55846
42623
21906
98318
16593
19883
98205
89755
89231
49528
15740
45522
58601
54989
72342
5358
1565
67034
81824
48275
95685
22088
10138
82070
20908
72681
75770
82790
21257
22103
54363
32969
19842
54308
69802
81741
95617
21919
13581
85860
64642
21718
21235
7054
10033
50617
81977
39306
61864
27683
79104
94213
1135
98185
61698
14790
91847
10810
59410
2339
15750
81972
85115
14970
47009
17529
47794
60007
42859
33400
76480
83921
37674
44374
80507
31612
73222
37522
81021
30313
1195
29720
98306
26161
16626
72997
14088
2125
38022
98932
1419
1521
4333
93201
95867
57673
7733
32772
24786
20679
70156
80867
77132
51722
56004
70259
43603
78419
91138
80512
67066
12966
69732
83603
13562
50758
27632
48239
31418
64679
98763
45579
61829
50111
5535
5579
19903
73564
60035
82911
7885
2927
21208
80968
51595
46730
26983
49593
31986
67450
79621
27484
77489
23464
57080
99804
66822
1365
67696
13727
33322
69863
36038
16261
47680
90984
614
41067
7362
70245
13694
46626
3090
64633
21485
27593
31059
969
13603
89887
72029
4199
68902
25229
56384
12624
16018
68049
78562
7441
72067
62764
21044
27035
88452
52454
95923
96183
5316
99743
29861
78754
95527
30407
94339
89208
51394
68782
55501
53928
82700
71237
97660
21885
68717
21142
46000
83759
31717
95499
30825
68089
7884
28836
87739
15799
12430
56589
71563
34015
18635
42116
47651
19214
62258
55750
14970
54893
68228
68315
81887
47981
88556
89656
81284
54342
94203
63588
71694
30644
70514
71600
48907
8141
17394
50025
71059
40103
23464
27795
79515
71251
63657
21810
77036
78741
84038
40253
78830
79024
97518
47209
43041
44623
55594
46270
23208
19132
96576
1195
47919
89546
60405
71845
54313
63394
25652
18579
3302
82075
3991
91209
21504
28227
52146
55637
63888
80504
51946
34527
62211
31276
31039
65130
56871
44017
11681
97633
65043
39474
50446
72284
19999
30906
5011
14773
62769
88988
52252
48869
70021
90350
96792
81573
11720
3
8536
47649
35024
17638
36310
50526
27949
99637
6556
10472
10727
26600
12046
62877
70737
3937
3086
98623
83481
48164
39757
85858
21562
29350
32824
98066
1672
76037
59014
25407
27021
51320
40675
70948
32154
95744
89198
28872
57502
50464
37193
30764
43365
38292
17240
99118
47969
4232
13269
11214
38528
57694
64869
27648
80855
13221
31243
71103
94414
23106
55399
83940
94666
86197
50574
55712
5614
22227
28616
90396
15107
23695
3376
17236
39826
37958
99633
45723
94571
69424
51536
42526
70032
6707
18209
11589
54016
17130
8651
8648
26940
23363
25487
81226
9940
8782
38656
92183
80935
82933
64000
33235
50988
80834
88654
62406
93355
2872
46559
5046
27113
13443
98978
71024
68623
90611
7032
53147
99841
95173
63110
82830
40511
67854
63833
23072
8958
97258
80388
83354
53230
20581
26098
62576
22003
38700
67891
83550
65007
57963
27312
12042
52995
14323
28867
22287
58596
36082
62261
86584
9740
12918
3893
26932
64006
57032
86221
5648
29841
86916
12352
72595
64453
75870
62952
77944
31886
19191
20893
96313
89462
26362
29215
36180
78648
72668
47295
62868
26212
47987
19402
12
42033
4050
75384
29741
87732
3065
53221
43051
27997
16424
56312
84245
62680
7460
37351
37233
90694
61736
22157
45526
88231
79339
86674
36366
62092
45126
34711
44838
23939
77727
62620
38715
41764
62700
52208
88885
88710
91721
58632
66021
10207
8237
78957
5266
47916
50990
21803
68404
84202
55432
26644
77231
85717
85393
42152
58353
86729
92843
18881
21563
45420
33537
70165
53760
48990
79957
10266
25963
63960
26897
14735
78583
85525
6548
53639
13274
57974
14430
53397
79493
28044
31541
1847
99640
48435
3622
40409
30317
33830
24259
36443
24050
25198
43255
40248
24980
82795
5045
79068
87964
57358
79934
32853
27300
63937
44262
68442
43351
77182
2617
45969
22108
4398
5119
59836
65299
92982
61283
64933
96940
25624
14340
91065
56691
63135
68030
77173
98766
94085
70461
40653
17322
27278
94344
44404
95847
93568
86367
29085
97816
16290
1670
19786
85785
67116
15905
63365
93480
11190
36016
44526
60944
77623
17884
25634
37854
2059
77650
6936
93478
57422
40460
89865
54331
72341
32222
93424
11553
3252
72838
99774
14886
8
33813
84520
62064
31809
50069
21744
583
47125
54091
32867
79902
79673
87248
48271
40983
96607
33520
52505
73883
36558
88296
27224
16923
88963
15335
38106
80480
57696
73941
15297
98235
17038
44677
48057
36288
92108
44555
30250
20182
97266
73328
67904
90363
14859
34510
57838
42294
45925
47780
51033
42719
46895
80151
9711
45514
14609
84326
93402
37377
75491
13066
17358
5601
48037
41994
84460
91896
50910
16438
75494
1083
9374
15960
29135
74949
68895
99655
48900
53179
16904
95562
34381
85077
96198
31211
11301
59085
25225
73719
49853
15335
8124
97379
99411
21561
11566
93820
26938
73956
92913
74072
23986
34430
92752
74226
61910
57505
19173
69415
51693
84087
8784
80132
9145
15406
98968
12404
49000
87717
21975
99231
96521
3174
50887
52338
28606
1932
59373
56681
72279
80337
87641
94603
81390
13137
14326
6921
61701
57139
85394
5377
29828
27980
94994
89835
16817
27895
92556
69035
38184
13602
71516
39326
22666
4864
10579
12021
3131
71716
62773
52968
66307
71038
63875
64090
84986
3035
14475
69578
10357
64459
70167
65181
68440
29973
61412
52387
5737
6093
51368
36933
73596
59858
82566
71318
41120
14795
8801
94674
45215
91654
93520
52471
89552
2159
71347
67294
24883
86484
58206
4525
22287
8864
13743
2928
85149
62533
73182
94760
61058
87761
85999
43857
52001
41842
55771
26367
99689
22051
37859
68506
3087
37563
69148
35263
24901
30179
35723
9659
82852
60692
7149
35693
75172
90941
87615
50958
21325
61945
99550
11394
46091
21606
5378
51529
40645
87318
57051
53133
3882
22893
43584
32950
62839
23018
23343
5871
2495
37769
16719
28118
5545
11045
24978
47243
29469
54874
10821
59320
9375
91281
19470
49703
42598
67758
50208
40508
45133
26676
4561
84801
95110
87148
53711
69200
19329
17094
29004
85279
44051
61860
77824
69230
91628
94642
42817
45004
70681
45993
82238
53981
31555
81282
61072
77747
81383
35277
91285
31444
44623
56145
30648
30796
74755
26843
493
66906
23448
68972
74249
23111
20690
50586
61479
39444
8881
36747
30012
82261
17760
75262
66789
18545
58671
28416
84055
27584
18396
53116
68557
7003
21174
12941
22987
94833
35262
46678
36339
88832
44991
24552
85569
92873
82417
66478
16913
35799
58988
26964
31164
84974
10726
95186
56593
50613
66572
74938
7357
51234
52055
99169
83948
34900
63714
73837
57559
78219
57307
68180
73590
64014
12545
68918
9374
17693
42130
93237
46180
68509
16421
69708
18903
21919
5732
51536
99693
67254
60957
13408
19516
22438
97125
9725
86896
21557
34381
53941
25629
64613
27194
91561
56316
95720
24782
30049
55806
1803
54249
38587
11507
75039
60146
57995
64693
21717
63025
33943
89857
66346
93452
30376
63406
13612
82886
67106
86988
75317
14929
936
10047
39888
53127
22616
45296
95698
32924
76073
58113
82357
49080
62234
79290
56068
19454
21317
59322
87822
78706
40634
8894
64573
51064
4751
97849
62723
31633
63222
28629
84812
10000
3570
71137
47591
5209
48402
982
52686
36020
33625
77533
88744
56220
64998
73955
78970
67310
86855
42253
8777
73869
63012
91416
36732
50465
40010
64284
22481
4075
87264
49837
48188
76482
51211
99849
49581
46528
28393
48064
33965
33874
54486
75416
30094
33404
84975
45853
57713
63052
72337
32679
9379
367
60011
59465
50497
30605
45657
15297
50211
88116
42892
77537
39254
93030
3852
86407
47533
61445
51259
71161
22158
23101
35303
84651
36452
63614
3267
47554
6476
83540
96378
95332
64130
10741
64175
20007
70903
66037
21248
72998
27206
61120
18225
33689
15061
90047
99353
69364
19918
67391
7723
84344
94093
8482
38922
67274
57792
20695
84311
51768
55011
59429
9480
8479
75990
92820
35865
49528
19776
7769
70730
1584
63983
675
73951
5409
45956
31618
58488
64700
6939
90834
38654
22864
75042
87374
90841
35325
64182
20585
94474
42671
67938
67685
15431
61920
91522
71240
81497
80396
12316
48950
5546
41174
39640
28366
71285
66340
83352
23682
85301
93550
2165
1180
44643
23406
82070
80517
40757
37929
72030
77757
1094
4864
2063
16665
96762
48549
21015
19701
95423
11424
37701
67531
22788
53102
72077
13586
25819
3045
76448
26549
94090
62274
61815
26428
25316
91534
46838
91886
36758
73763
11693
57868
14971
66468
12335
93928
40760
40436
1314
89565
86743
6548
8338
3792
87160
50057
28782
66007
10683
21694
86613
4280
59462
5784
73458
18395
97586
18258
97726
83726
97795
14421
51202
94828
34012
98183
17432
54148
15663
19565
11305
34040
90650
59308
65240
77112
95864
76146
46404
24965
50402
85079
92401
97971
93431
4203
7256
54099
46922
75935
61187
96640
10526
87283
89262
33920
58212
25503
28847
53915
86233
23225
68481
24628
23635
83208
17296
29107
75426
45514
20623
96427
72974
74156
12659
13596
65182
96424
19003
15048
22798
94149
8678
70942
56975
27451
14744
13465
84972
88840
13034
66222
47922
35899
47464
39193
63973
58433
95819
98204
97915
51280
75083
55830
53173
69135
93330
90484
55039
13393
94448
31386
875
16663
75570
42507
69088
57248
62162
8627
7961
26831
87692
10953
73700
2159
53540
42283
38486
52239
98560
76174
75988
34279
66284
86526
12649
58445
72019
76824
22271
5293
17931
53618
56212
96428
15399
37230
88859
20399
65920
80432
34411
99526
74353
50028
95741
2710
65661
22013
78399
18420
43613
27184
50747
44671
84391
78919
32770
55823
99144
77248
63634
93671
79681
63721
72018
74417
1521
24226
25902
91433
8252
24520
77030
90438
450
9196
56880
22955
53820
7548
74692
36656
12807
96995
16622
34162
50242
4475
79139
44705
15855
15696
13255
31704
47044
95203
67142
66206
26149
60495
92193
8322
49111
25344
33910
60308
64606
83291
75133
95959
22390
46650
92879
91523
28209
56384
68383
67486
36405
84632
43185
31577
16927
94214
54465
54231
17368
63893
34404
63594
42893
61093
83637
48826
68049
49436
44837
8166
9551
23881
15564
41432
55448
43572
86106
38484
36015
91474
17765
54854
35111
39645
99063
74660
50201
53030
69183
37557
54817
43591
31903
21186
64800
14668
72507
35933
70930
39607
18849
26952
64898
56816
61267
33421
16177
63089
82494
96706
72053
68348
31222
8547
98735
64702
71960
19879
61463
41390
34841
33481
73442
97167
5537
94821
59716
59141
35549
52080
92899
53952
86846
23469
71176
82722
10911
14124
53473
39732
38976
60114
21010
74693
48769
96250
86584
36401
85871
89575
23338
64990
44324
80509
33832
98768
36892
97952
15365
80504
78182
83435
69866
50443
48310
62452
70254
19496
81568
68867
46747
95645
83851
79906
38127
56304
91826
16807
32028
75461
8663
99550
27489
12956
47769
38321
91406
919
97366
84624
9726
41362
48281
23620
2615
80325
69973
4766
37137
92472
24614
90726
97227
59647
28933
38499
89909
56717
27697
34829
26840
52350
57459
89371
75347
86908
82768
15616
8843
1220
10453
83659
15249
92886
14813
32830
53473
90380
10963
91832
43928
34805
19861
25127
67156
43894
16372
94710
30471
48669
56982
36224
28611
82115
84616
24908
88171
59440
99104
33854
36151
68317
39389
1376
45697
48092
69669
55470
38778
30705
28264
90470
75952
11033
16959
55700
80531
95894
21165
33645
37769
13018
30800
92963
17279
25983
51888
1244
36123
81092
26916
10073
56093
83015
35680
23197
85531
1414
26304
79381
48811
92808
74111
14800
78526
51458
93967
21167
53082
49454
80364
51675
31328
12885
32631
33618
89812
69199
44810
34313
59060
49926
99002
95432
91400
13064
78169
82661
29041
40311
73508
54323
3864
20746
10052
61343
16905
60783
13540
93420
48999
6334
7711
14074
9543
56124
51918
7458
1246
44104
41194
18604
11869
26693
38138
22493
59719
302
3405
30713
24732
76657
75579
14852
86527
63682
98715
40320
27658
15671
65030
92773
47588
7216
3972
47463
64701
69018
37018
97684
13240
78052
47866
17155
69387
41986
84413
21803
38446
67963
10271
87706
15162
62455
37727
64058
67344
71371
64466
77548
90920
24836
58109
66114
93223
6996
1499
75825
43553
87259
49425
78229
97282
7022
96223
62274
33453
6049
75805
19503
41816
83478
64439
14749
89480
65472
38471
99049
94542
77567
86776
54540
12942
58850
5568
20681
84226
71018
14261
47744
25573
56085
2048
72627
88322
93552
35666
81944
30350
64665
52622
3164
68508
9510
19867
82784
34953
64252
23924
9290
59768
78921
73160
89300
78519
34205
47906
71117
80355
57826
3529
77415
60346
84979
16622
22696
35532
58260
21722
92685
8560
6530
43415
89119
39579
14641
77306
26579
9267
42507
24665
97820
41211
85420
98547
14765
12897
78106
1221
50585
84610
3630
93048
14992
77894
65660
62875
61849
76115
95954
70189
48785
67866
93466
65667
7391
74804
92989
98315
59520
59681
68419
11572
21333
56789
53383
7884
10721
76250
47079
36614
22039
26863
29486
88417
28368
57947
84589
99418
52385
53361
69634
72568
14027
47773
88584
90697
49688
73076
47107
3917
20900
87347
21515
34093
40605
73602
51181
63812
40245
91869
56794
46272
61179
47601
82
77385
20526
34536
46181
32007
27715
16809
70428
2752
45258
13773
3691
87248
75633
80821
86469
60573
99482
70947
49325
34767
36321
75423
7980
43720
14619
26482
8191
64490
557
11668
25381
31131
69976
92167
51830
83138
92363
61810
51281
74261
40304
41842
82961
23195
40423
67105
3823
38470
81589
98762
46467
80234
18668
68322
52907
73613
34970
91688
70710
22137
8016
49033
59526
45094
2930
90542
73301
63313
44541
37903
76708
30822
79926
45954
99285
2728
41554
40323
93659
97666
33122
88968
7013
74364
39948
40358
35144
13807
11026
6465
60879
34206
82933
74024
90646
62655
54946
13471
52963
68776
21333
9408
66191
15919
73177
43714
59121
16719
15966
79407
74178
22976
73297
82217
85419
72240
2599
2500
11113
33194
29110
46841
21292
35003
99471
51306
9126
20106
87011
57798
71492
5861
81406
36776
68019
14739
32693
53207
60266
69171
10865
30799
67989
86277
70020
57336
92531
18515
11747
29867
19412
14267
90618
59504
7669
17781
26224
88455
48976
47625
25352
42122
60559
1389
38550
66651
19490
7560
52760
74853
7566
42569
66836
23368
72777
27497
10923
29866
89613
5948
70306
53732
10578
19130
34514
46995
52085
82265
61478
25129
42712
23350
4119
37847
79573
38298
26262
94242
61212
28145
83111
53990
89642
3943
96754
8952
50944
50621
89005
85088
20529
68464
81546
20907
54164
66368
73048
71338
88353
12857
18403
22149
29259
4718
46565
27836
18579
86111
50509
14410
22942
39
11305
71016
13081
64066
71690
24881
62030
85332
76738
95540
47874
81610
85713
21257
74407
49808
54207
37317
89089
4969
84711
78847
95585
75821
12164
69259
98679
69871
22264
32563
33663
72189
13494
44132
94141
88139
93239
79905
44514
90975
31811
48720
14176
66207
87380
10617
27195
64971
90690
62311
10147
98793
50780
84619
28598
84632
43297
1135
48086
99123
27934
72095
62449
89834
76656
96686
11933
59015
36994
32744
83090
75742
23980
3595
32405
61943
97641
32228
68090
37502
53845
54670
70544
80776
8888
25838
53046
81024
78947
421
8386
22722
16507
32227
54360
3857
41569
63647
26009
13945
18874
33821
84778
43372
22190
72148
61110
68519
27681
58385
27194
3079
50955
79909
29650
42715
51037
96715
98213
23102
59589
71482
99023
93363
31562
53931
82754
45365
68940
93878
81366
54885
57239
61770
71858
12921
69841
18697
72302
59286
96125
62608
65120
58981
79871
99450
60002
41447
99980
73569
83544
97672
46811
83484
46640
86080
77913
69910
26268
52464
65377
19699
92072
56553
25339
76745
29112
28519
45288
81138
46873
59626
62740
39946
98162
93950
55297
18262
3078
85127
98085
85621
25366
34820
52407
59578
4798
67863
39303
42517
78472
90431
88409
39367
71501
86889
9804
55623
25186
66564
94660
21652
72913
27638
66759
22739
97478
74102
22787
96472
63820
66844
86974
49532
2426
43355
52176
85907
47199
48832
4335
63709
52880
91951
69773
22517
48244
98638
73016
2007
51149
88109
87006
66945
43308
18277
80760
68079
88969
20578
53217
99365
34573
31342
79735
64649
79477
76750
49911
21161
82218
13049
20160
43166
12666
93160
48006
46379
6471
86344
97005
33535
95520
75343
42431
51974
68081
30854
37565
91098
19190
33192
43043
30829
36696
65094
23222
73377
19810
85913
91718
46087
85403
16316
13658
85644
49037
57225
28154
5263
41978
42576
7851
35588
89302
67282
97864
74655
8766
64288
88774
4794
89979
23432
50260
7698
84917
75676
28754
47089
28582
4847
31768
92265
85395
49659
17606
47606
83937
89662
73851
66722
87262
85223
52219
63437
58394
58474
61719
6519
56854
52822
33426
80391
28313
84471
73503
83138
48607
62926
19937
49781
49466
48109
36439
58721
75022
76805
80397
86293
40069
8408
77443
18045
23576
79161
98800
1162
13583
77724
24441
55334
53327
46778
27585
7284
8672
87020
71576
79624
95246
92258
29469
66005
24682
510
93631
78663
94159
3140
31590
62768
5447
72096
94478
42789
10701
70650
1990
65232
85090
92026
30255
59307
85670
28100
93350
12033
88810
68541
11154
34597
91723
20474
46757
98552
75395
62937
3098
58238
82383
10076
8859
57797
66124
19753
64639
12988
81945
31327
5074
77537
65955
49091
47860
29296
90587
74505
58592
28593
70904
3213
54838
23012
33643
40830
62311
5870
94115
58455
15518
57132
90088
14738
63245
20807
14950
57353
69002
25766
94332
78502
96559
43406
26568
50550
48499
91983
25546
6069
54291
58396
15951
18595
20737
50595
49695
1369
28470
32753
43383
46333
95022
24975
10838
31656
9368
71310
73480
5643
69410
14475
51757
45496
48185
18252
98281
22338
35515
74000
77912
47170
81041
20547
75983
27535
30754
7843
90348
82665
80646
90918
4546
83598
99883
2365
39389
82869
93001
95781
69541
53196
76232
66788
59062
45177
76270
60310
68813
42584
10508
52162
43223
43310
45725
31928
50393
7360
7780
60083
68196
32419
3258
6858
5772
4419
78955
48056
90884
95897
94791
88492
58992
18973
514
25402
59292
1608
69703
65997
86574
96131
2937
59619
78685
52622
7954
61743
17331
44516
56614
88852
37159
51231
60627
49755
3510
99608
66799
75757
84597
53254
66593
21362
27960
40703
60889
82372
73522
55900
77763
10535
18653
61196
2094
41625
65849
23204
2481
81134
21373
83289
55569
94354
71949
69780
65712
97945
84085
98386
53828
15678
66668
62348
60350
26046
2614
1882
35539
24716
34326
27553
80564
58624
85124
81548
15594
51895
41300
5451
2662
37701
16639
78479
21105
27277
72185
63704
7405
49256
84969
97822
82560
89034
80405
18361
3207
7051
42811
12631
47333
54201
63121
9507
19649
99905
18972
61591
87398
80759
35468
38106
33204
34501
41902
19248
71699
77765
55254
92956
28847
55565
83476
6833
27250
71268
173
66771
86212
18989
28249
44554
22426
56561
89852
72177
57632
44578
82899
75213
29029
38752
53291
34133
59786
13248
13318
89610
74716
61617
61629
59054
66732
39500
14293
30224
18188
50460
92058
88598
14650
8127
97598
78623
30106
55081
7958
46444
82808
45412
81339
89590
54041
72114
79192
9400
37915
70371
97276
45114
87232
56386
7548
32802
14767
64636
31440
84991
4867
55477
66659
9451
78287
94004
90243
41093
38790
83178
15519
85558
79174
22548
86599
84334
87696
89460
88307
72088
28073
39415
18065
74746
30630
57608
74110
63192
39425
22015
76714
78879
4914
88150
28786
58690
56463
27632
26864
52663
96268
54946
55424
88064
85812
10257
31206
50804
5430
17584
68179
68784
15906
36628
40522
58402
24940
77139
56796
61181
31513
17278
98357
12925
14106
13003
86783
9507
43629
36738
59328
61535
15656
51857
36703
49689
71453
48736
81701
59014
48671
61648
24156
62036
56639
23783
62892
55018
90303
59320
78216
33066
35007
48576
21306
96138
42561
84569
66505
2356
34905
72440
88652
72484
76609
57765
22443
83886
29834
60301
75851
10784
64252
6716
30435
10777
8687
31925
71223
92702
40361
65302
647
41089
52153
74176
68158
69155
77158
18929
3855
64781
35753
5555
30733
29290
55479
86856
96976
78962
65062
52511
54158
46793
35494
17983
77793
60399
176
47366
91511
62823
706
81337
23835
89515
63281
31902
21402
57891
38752
67828
19762
37643
33648
25135
34991
76997
80079
53148
47018
63042
98976
29168
74218
12910
70162
94016
10748
73125
89211
45885
57066
7383
76209
14718
75532
96686
20481
95253
34950
46618
44226
33836
39853
31525
25012
7632
62883
29897
73202
80998
32659
38809
85652
97815
94278
66971
99575
46223
90742
97696
43768
17593
74092
86969
31347
20460
48456
42031
57188
99997
65438
48170
62188
88150
18903
51169
53885
86703
89517
14756
1490
39263
33389
11344
76160
21056
53002
19696
21906
26761
54324
49892
85179
6300
29473
37036
97517
27989
56396
74906
34255
94331
80632
27812
2325
42155
16688
42578
75130
64698
9336
12304
35615
9511
7894
35519
6474
1250
27747
33364
32826
35517
60630
58789
30839
39765
68675
36489
67367
55900
4704
80669
8224
72630
53308
62037
42522
97065
73930
87497
13632
14275
17845
67243
49786
16207
40643
1278
16227
4898
99792
23022
81490
27725
44695
45608
4699
90635
73990
58321
37106
58836
14447
89409
7327
52248
49718
4992
35819
13941
47374
89306
26839
31802
85456
36502
40849
3346
88364
63222
44735
63534
31571
9256
4261
43981
78092
10885
85666
83438
23017
17942
23799
44804
38341
19131
51714
70896
8222
71086
68218
32243
30846
61055
83799
43985
40484
85035
77197
43219
36735
79137
19314
61397
52410
91762
75013
7166
90658
1132
20082
1283
10146
96100
46521
30358
52076
87946
26903
49899
40284
17724
55428
28951
58607
95722
99886
75936
63435
6874
17870
99240
34062
96450
64496
88371
40488
97462
75550
4125
95588
49351
50970
26524
1453
64767
66596
71757
45831
24853
37198
23882
84692
66858
89530
17105
50596
456
3792
70747
83459
30739
63277
50984
17311
60527
66149
39860
82028
79572
33623
14095
44530
19700
24913
89581
47467
96003
73888
56553
30094
49000
45894
24859
56587
61793
38178
207
96461
15498
68535
56407
48168
46573
16401
1006
32059
96220
29498
68
43435
30668
5415
68419
62566
60373
69559
2761
21176
57253
78694
89814
69227
68933
28172
50680
889
15441
85283
21490
98185
33895
47048
5958
97322
20721
8471
13389
20754
72282
28132
37910
92286
57611
88611
77127
55172
38073
81219
32535
86784
41333
66992
99432
26166
87704
14491
82651
87475
5896
82498
44502
55147
75485
23443
77774
20810
36538
89816
59127
29583
22929
30093
55283
67872
53803
88214
57433
60788
91854
19137
72925
14677
25691
25946
53203
58766
60754
7591
36168
5052
15759
20304
95301
27040
86885
38701
62527
75418
62546
86910
38767
98426
79910
54769
69889
28391
4241
60608
38245
24560
32608
34948
9802
61293
84929
93820
72609
67755
11248
91267
61523
22902
18270
64951
36648
32141
73072
36982
66193
37979
65033
36737
42064
33895
68681
20538
77134
33599
34406
59633
90071
11798
61548
65485
2558
81347
86362
40677
11869
26736
57534
32555
1454
392
86879
71063
33741
59307
92243
92116
60807
62361
43930
11703
76232
40297
54656
59508
22048
54902
6888
20235
40720
70650
12922
47455
54950
38616
72543
31605
8232
6478
25851
76730
97634
54719
93490
46311
82152
77672
5868
91075
39709
97285
96374
81175
10723
87295
40077
27210
13866
75350
24376
68154
62528
6853
11258
91321
55204
50322
17175
40993
45758
86175
45376
8704
45652
73997
67055
26652
35791
11067
49104
64575
4298
88764
34323
64913
11124
89039
25335
94852
20941
89159
50862
45520
83434
11242
13297
21750
22072
72771
84474
87943
5342
13849
68797
93653
72444
99218
51477
68833
82530
14104
23626
20766
58921
80945
40686
7900
96229
42705
65773
83876
69082
81703
59959
58828
35650
26793
31387
5194
82444
82067
8761
30826
33436
95769
18836
80394
44983
88252
68123
39994
2715
57326
67765
42353
628
24540
69215
3691
13278
83718
8396
37560
46915
72365
57640
7485
96250
79186
91172
3838
29487
44607
73780
4431
2542
32546
36674
84192
25591
32595
16219
44120
44182
83299
75001
17664
58155
57977
60333
75672
56876
14043
34457
46973
42990
72427
43799
90047
78764
13800
99443
68932
5017
7104
25588
36996
51040
2537
65807
13437
71887
28640
19669
52381
24939
90683
63704
55240
98965
65156
33174
95474
46237
82752
20360
23813
64648
49222
92023
87332
83703
320
63612
25262
98216
52718
4482
22784
42541
72339
20073
49697
25355
64847
91792
35039
22308
9767
54097
11806
38284
92925
29975
86456
69130
19056
31019
92729
10157
39311
39520
11047
82490
31056
3229
11960
84947
43181
18782
25189
48627
49471
85859
60472
14720
97567
14173
66446
94254
10386
33778
94179
88665
83838
72594
28388
98118
95731
34604
71801
90374
32778
79905
37693
32855
54105
45346
64049
74348
55319
68021
52611
54196
68105
79543
14719
9336
71877
89405
33656
93223
75533
83138
6197
97837
28559
75637
17431
70077
70355
62336
85045
37201
58045
80145
81843
31439
14287
37427
94592
82397
1886
11691
95672
8901
68548
73922
15887
55267
24555
87928
87530
55502
9393
7571
1476
27128
17001
90939
42114
83195
37654
99478
25275
7628
82824
89109
51695
98389
72678
53131
29318
39882
33378
53123
67747
888
75355
52940
81921
37990
32919
78526
47959
33345
99947
58122
28397
96543
60325
52544
47962
16724
82018
64336
13893
12362
72863
12610
90919
78612
67269
77607
73168
91346
16282
99040
75415
5090
8873
50613
10540
32778
11743
52640
83313
11114
23596
43745
71319
43026
16568
57584
14240
80482
28538
8604
73561
96451
13286
13633
57717
96867
65132
97754
95954
15750
16938
65653
34048
88764
69105
13372
99066
5329
77298
17552
20596
76644
76051
10481
70362
8410
35841
94341
36541
25783
35117
48185
60159
87310
47682
54722
10603
61437
47379
5985
69442
39009
51182
51650
44420
79767
56109
89075
45402
80386
89205
46188
74938
55896
22786
22060
69117
98264
99457
2724
75573
15873
23734
95259
55225
26808
57216
9823
29918
49522
8353
19025
97866
24016
26513
512
9473
85195
66915
98714
90327
41597
64882
24343
57188
53428
41885
89563
42193
16651
56674
70445
46262
40145
77131
29977
1120
83275
62729
97193
16332
62493
49571
87642
59695
66417
7
24668
70883
54751
96674
29850
27469
98187
75553
45869
35106
4265
39957
25957
42252
9970
57077
60512
43113
54045
14531
25340
68672
73088
28766
51445
11659
62322
10207
54312
10496
88068
82936
63852
71076
26546
56538
50308
92829
44893
60903
67117
81796
94038
33003
51240
14778
55440
93038
84140
27590
10665
44538
62296
7531
24802
87512
45408
96330
40593
61651
74078
58800
51501
5094
70530
16108
30285
28278
97840
107
40959
49666
78983
44450
25370
47535
48626
15274
9123
91605
19267
54995
96741
14046
15920
76584
39976
37857
53480
71037
88948
44428
11260
7842
78832
48306
74429
15859
57350
15391
14583
82239
78337
79679
92432
12598
26605
91510
47808
62419
57202
26036
96102
37883
58473
18030
28846
72954
12807
17287
98768
55105
44300
5625
68720
1931
51188
28898
12558
61425
10895
8804
26642
24528
76715
84004
32202
56243
52774
15484
32500
91173
49123
63973
57789
49550
34726
92648
23193
94373
37281
12794
21836
61986
63497
22178
72436
29600
97145
52724
96710
92986
33379
79370
40735
5662
89908
95407
24132
70837
33941
55839
63555
11916
4531
76935
83415
80882
44759
52613
61421
48127
44343
23322
466
24910
42784
70541
23841
78320
1676
95261
58732
9868
32900
67923
36245
39876
35793
71824
13114
36851
28918
11240
59452
53950
52418
114
8934
63800
79570
14605
67919
87689
65411
63939
90601
59219
16308
8096
24527
74831
6565
85147
52140
20205
11713
73945
38270
36828
99627
72391
15943
43205
71920
49396
92325
66361
92615
78046
46146
32359
56886
50081
1320
97381
71099
97326
69528
42737
47298
84621
75892
77504
89306
60362
81322
62798
43212
82422
85023
38228
77397
54769
3340
67804
67115
36207
30891
43227
92006
2195
40189
30388
40727
45870
39949
84236
10873
36677
65508
667
31467
51941
1747
32420
26242
46191
32244
69554
79778
16833
48825
13945
52580
79594
59467
784
78180
82644
32577
59632
78418
2325
55800
75201
88945
40742
51166
74077
53577
21628
34377
7142
8677
43216
14931
62882
44202
562
30992
41923
96026
50054
82985
14789
42556
55824
77643
11077
24307
10137
12358
54746
61757
61138
73549
68701
93886
6916
90616
83321
38570
2166
16640
25551
87771
72123
37285
94521
52982
2328
7897
65722
46301
8959
476
17469
4403
91530
60775
30550
32508
52422
22904
37300
51928
27100
44268
79815
56942
59554
82283
76635
20932
56529
46369
40798
63103
35840
80480
3836
71254
5060
161
30548
880
86909
39801
38896
79290
39597
28775
31113
28839
38990
27056
89140
56545
43180
48491
45447
83107
26850
40974
17792
93662
24651
45568
97359
41802
41174
54867
63427
8142
83622
77370
49767
25758
57261
579
70869
78552
22644
66896
39382
64951
90924
56691
18640
77854
2479
76998
2412
66077
91140
22070
10393
34992
30454
59765
75970
53564
99671
58218
88733
16944
42075
49265
72659
73511
58839
69222
93371
85086
53337
21849
87622
26271
51315
4458
2197
51672
25657
70798
10417
45815
93570
49063
87730
8991
21918
40165
50468
70440
9825
65560
6779
35482
8894
87200
70736
83782
28729
90014
71037
60880
83777
37091
61056
16088
42653
57895
37420
86101
26127
5074
97095
94513
25213
85157
92395
93278
17551
11594
93741
41842
81352
84088
39696
3380
15123
10916
85873
26770
93099
80350
54073
62150
77137
55424
84976
50845
2640
48040
9221
25584
54185
94702
64929
17036
83046
85559
29004
35517
12134
17460
59009
60862
75162
52619
21831
11636
52859
92657
94164
44604
45083
71059
55603
88111
15820
36994
18758
95342
60767
1169
35457
69001
40544
4570
10452
81930
48651
86707
45782
45534
73291
44308
73276
76035
25378
64732
2095
53715
1481
15962
50648
44084
54343
89868
71016
95489
3999
85432
65842
10816
48186
37719
2685
79685
58331
46147
94464
41827
41894
32026
15603
18485
12264
401
41452
36596
93965
31827
14588
58350
7583
360
68131
36436
24464
51324
11338
96095
35663
5948
31961
84404
39822
14279
8043
51959
30673
30797
69749
80907
52822
77669
85147
58835
13460
69408
38547
53559
52825
94892
51805
70779
40209
67059
88172
57886
94481
52232
97385
38847
5563
7999
93627
41199
63801
34665
53829
39450
32921
25617
24183
24134
5795
25957
9240
35184
5027
22781
4513
45002
67017
52190
89144
53
13313
67526
7166
32272
73750
95298
12677
11530
11688
67840
4961
84324
6672
18208
61470
43684
57225
57257
75093
65621
30170
44144
19913
84760
18812
4741
18280
8204
75131
816
56133
32988
45961
39937
58006
70731
16562
51322
42200
4692
19490
7593
72763
34085
79791
75265
96501
68780
94995
8615
39753
12742
58365
15149
67213
58053
85473
29920
49950
90912
1299
27590
49636
99891
59555
12572
96918
32162
24694
81464
65559
1783
47181
58229
23080
18967
80225
38163
62159
26768
51263
65274
44562
25762
57537
77503
81300
65645
10218
42008
73386
98723
12133
99667
88270
67766
21238
18795
90545
42885
23916
86153
52348
43262
97111
52695
17264
91364
98534
20913
25562
71174
35097
49614
97053
66047
55257
90287
74424
11903
56938
91470
1104
85980
86851
70172
4524
70263
74135
93148
81663
27836
81842
91118
93447
7654
48922
35842
37257
5781
6415
58619
8498
63733
80160
67142
32491
46509
18438
70193
49905
78801
30960
18093
86619
31619
94499
27589
57570
62258
41017
59691
93674
31065
10048
84869
96196
48783
46021
50742
64262
80563
43316
25932
78387
60026
58491
49758
73296
47781
66664
67896
41142
11625
16182
72667
81657
79959
99636
43066
914
70701
56751
32161
23950
96796
94671
66351
12068
13788
33079
87648
11345
80598
16887
58094
33078
36044
36135
91669
60287
91194
1170
57738
19129
43386
70396
34768
95002
77423
86081
26457
