26168
22166
30253
6191
29134
70838
13744
92940
90179
60
24905
87951
18768
12454
50289
96493
11414
75418
95538
46752
11865
21655
73415
28103
53797
67962
88456
50345
55158
31751
83665
69661
66932
86385
57995
38918
25138
47617
78271
93866
31136
85335
78136
8262
72311
3173
27874
91423
87885
54277
18766
89334
14670
67969
40287
82984
49364
32147
45677
2326
84105
79205
53796
10102
22149
80417
6204
40990
9900
73987
77090
77189
8403
38443
43994
91781
40876
25125
9323
77968
13927
86689
14689
79037
81465
87594
29168
3930
88436
13800
49323
58313
33453
6034
72145
59832
632
49072
530
27958
39817
56340
84958
7409
25813
3189
70858
30853
34331
75992
57854
89702
90017
90644
15995
83784
80154
78564
31712
38459
80204
25131
46725
67706
41379
6266
70377
77045
49274
32568
16671
79088
29490
48600
49524
57662
76088
8698
26003
11498
27581
61682
79079
99424
86359
81739
74352
6584
22823
930
91157
8298
18107
59296
8112
52828
74371
73050
6073
90088
29884
37376
46032
86482
62244
9625
49037
68397
95669
92607
19854
66910
60974
28264
27623
33672
66934
25597
42551
36683
37455
3540
64853
94154
68207
76179
40072
67760
77369
90681
53629
12974
34721
91721
31703
88081
28893
10822
9603
66786
43524
97687
29135
22271
73066
51924
48715
78361
48965
160
71544
99897
95899
45663
91086
79581
1366
49280
82366
44359
27068
81596
19081
59745
94986
19085
59837
33700
62797
98175
26764
72415
49223
67441
39876
75967
17234
58975
11766
93267
74762
66543
33089
22518
94539
87718
58333
85433
37054
29872
69843
18650
22849
19815
63134
29976
78717
32038
81829
81573
40726
41763
79427
17197
35418
88432
27668
46197
91343
507
34942
68999
8729
581
87914
23580
97277
75525
18295
24981
13471
43767
88983
19215
72959
44058
64910
61103
69454
17660
49084
77422
6195
42028
87678
44122
84308
38308
64874
603
19847
6379
23830
79333
84200
35132
36800
97336
12480
77248
81032
32074
54396
77918
32235
71069
18478
19182
19447
37087
238
68984
42169
83576
58523
21424
34011
47231
67593
90716
12373
62222
26153
86228
87375
28884
92790
54302
78918
85626
24259
86749
45361
5018
23183
18888
3762
16944
19681
75875
82868
24544
90951
56937
15647
6231
32833
70218
4558
9556
13244
30088
11785
81996
37457
51799
38061
86698
99639
79881
89527
276
28027
27566
75613
17031
47462
96328
75979
66184
68221
85733
61384
5658
41738
45786
95598
74040
91631
29286
98107
2802
3831
12364
54922
24159
17644
49935
80600
67663
32437
12874
84811
35854
30024
7314
61969
70276
7973
2320
9910
55185
77661
49580
42539
3701
24602
62206
53397
26646
12846
49367
52737
43431
46265
34931
60546
34494
66180
70810
65807
58816
64972
23345
95544
15577
46819
39558
91019
6267
79162
43493
22245
39075
37293
82777
5221
5073
69278
10038
15055
76057
18015
20440
68929
92367
51742
67620
7053
47200
55505
30649
69964
11478
38762
99071
87579
74910
11895
62600
4339
83142
91536
3424
16251
91762
82598
61080
99427
86362
61969
70068
51725
30012
44913
98449
45734
96767
91828
34022
62679
94130
56497
7843
62450
32937
57444
8370
82498
64985
11073
67498
25273
60893
34795
10409
2091
53266
3693
1183
63093
19739
14270
65712
74724
35366
23526
54664
4578
89982
86900
36793
28573
83189
82966
11158
91390
31368
50369
16527
24997
4153
86317
76918
22967
33093
14453
55268
43865
74062
70681
66947
16780
43223
91145
80680
95879
1763
88062
60593
99749
7635
65070
73980
15805
3362
65244
25774
48284
78701
74474
4822
33769
18860
9707
46830
79373
51258
21794
79256
29700
7482
96155
54736
14377
73834
20997
12388
27451
87723
81871
9605
88672
73149
71952
13640
95190
92687
62874
1890
7820
11377
30475
57223
28311
96044
78170
61613
69250
11941
72454
85465
55003
29243
24406
78377
85695
67814
62351
66099
53723
96477
62309
26047
86257
1202
25776
31829
38466
28046
94630
28478
88954
80373
88463
72484
49315
79901
72006
52590
72478
70034
72647
42199
94820
33929
28653
38242
22399
58372
73416
89941
86088
96049
61899
79770
53111
62106
68308
11188
20464
51404
67489
83472
7497
88321
84458
87473
66535
21208
86448
94271
12766
89221
26293
51343
24410
37962
9297
59945
54953
18920
38827
72402
73972
13243
40285
64514
34132
27882
15022
26524
97578
5682
84216
24434
45453
24698
36202
98760
29415
48149
50203
60829
80675
53298
8530
43317
40795
77950
10249
36712
20701
88987
88614
7688
93416
41390
74745
93376
69077
87340
70560
57708
70052
21741
10757
35632
30562
30282
1205
13195
23791
34156
41236
13379
92389
36294
20265
55239
16476
31352
3007
30791
58604
38483
4025
61965
31877
35129
2658
10063
21319
71063
33491
50672
57820
2154
99018
53646
22919
29945
82736
52607
43846
85757
47260
35219
15335
79796
13475
59441
81423
15484
61225
2348
10059
7933
84855
68085
55098
10507
82795
57600
36465
86326
70085
80654
10713
47800
61075
91309
22875
58136
66562
23983
87641
40177
55178
52205
56714
36136
26793
76335
31434
50240
87636
1805
75999
81235
18715
95238
675
17238
85519
73299
6602
31470
24132
27075
10533
57591
99688
47601
77318
95914
14766
43583
88425
29830
64080
50538
27440
30222
92528
94870
53483
26563
81822
28206
84283
6259
1248
20331
84358
54236
13905
84580
59455
65971
57793
84903
58399
29872
97966
26029
92291
82560
73983
89105
50520
33828
11203
8803
31294
72393
59694
85012
6083
21288
26820
72032
56084
28374
99629
86852
12214
90685
20718
68914
88406
2568
72204
31852
43010
32377
51213
53553
50307
58425
89750
87543
84657
87144
78952
95433
50884
2565
73161
857
67167
60902
87063
52215
50024
66179
26374
32383
73116
902
6431
12465
92644
9577
24353
52807
81542
52198
7614
14307
95417
27070
88473
54569
19436
41951
2005
92136
93546
26016
27918
51762
29465
35021
85472
52816
61830
51822
37977
42711
8359
16432
47047
86915
80742
6991
65080
87042
76746
85901
87773
95292
31984
40239
89036
3727
78894
52427
38110
60213
89135
33631
96022
69083
17088
1607
87903
19294
94191
75965
42976
80975
98808
89248
69393
54988
7853
65319
10495
3085
50373
39893
99208
4047
8682
53066
81956
64306
93821
23449
97081
28785
88100
16265
19389
44862
51055
20467
86049
72714
91644
22540
99185
92125
6684
63955
82198
77917
77231
23532
71783
159
91273
42202
4724
84912
8282
94064
22632
14256
1949
71415
55228
88468
26116
61314
94766
17279
73029
47383
67001
952
51591
28565
12718
5809
56756
90228
36069
63103
25850
66992
35367
38346
36457
86410
43967
1006
43873
79945
53607
42667
40032
38557
15976
32540
36237
598
8421
12643
68940
13630
28146
30193
87701
10343
12576
39594
487
87183
32209
64391
82627
58257
8670
52876
21283
88905
38469
41221
35053
14296
77081
43113
58696
53382
54609
527
92646
40096
91241
68818
17948
84838
45022
31227
47501
39883
96547
68159
2712
18796
37407
70354
31611
94253
73148
46632
86701
10550
7270
53820
13663
87182
86337
63769
50116
64385
42740
6736
66640
29944
72783
54868
9963
83248
24480
48651
15766
71861
9361
74506
84805
55511
48034
82286
60299
28920
2015
49923
95993
70523
37952
79711
95816
443
60897
20159
33009
22194
63261
74013
833
23059
50332
18850
78587
99689
48129
95730
78391
82024
83056
45370
86940
14120
29053
76854
34480
16807
76448
52815
17656
29275
81762
88129
51704
42172
17415
48401
43947
76414
45059
68177
79138
20928
46313
9498
61739
87454
3913
13418
70784
66261
24319
57675
77491
95944
17174
71408
44788
72464
18695
12320
21511
59794
54760
28180
42360
6865
66748
83912
4425
63569
65766
47477
80179
82881
51826
55174
14883
55424
86441
23381
72376
66255
49595
18709
42084
33266
64224
87868
7442
55673
30112
94436
27956
97416
30931
69379
61970
93303
74872
57467
48428
71405
76349
25002
22495
12173
29633
51188
34774
79076
29587
55072
49321
9197
5749
51007
33856
7764
6805
61257
95078
1087
47797
87897
94878
58905
22732
72585
59302
54513
92421
51399
4883
16833
15429
41763
27013
21879
93972
66161
991
78509
26833
10747
34024
86251
78166
75992
24169
77560
65255
70442
87157
1680
74927
52685
77727
886
74038
64837
33665
38515
26037
99410
18112
45932
54754
62828
44208
45535
38267
24912
26097
3289
24563
55119
60312
11201
15960
68065
79433
77954
88346
50324
29119
74637
34390
55587
93272
30444
93239
90382
6481
26464
43826
90878
14708
33485
59005
85116
63299
34718
15274
27635
28441
1778
5247
9982
16816
33256
41606
47865
89705
93127
56318
91656
71387
31617
49249
13576
91596
95309
80784
53845
83120
60279
22298
72271
50250
512
18885
95005
81650
23405
37061
94168
34125
75665
80215
73725
81698
81946
9002
5654
29281
5166
36734
44087
6923
2471
25318
96072
74460
50183
23735
63135
93000
32826
40103
67045
94566
56528
82056
99581
94626
65047
25114
14750
37030
33458
4599
49925
84825
14689
16496
34845
27569
59431
23778
87935
33288
43314
50056
97786
45499
43852
66768
80034
65935
69303
37483
92806
95683
85771
78266
5571
11524
27513
10304
99226
95466
99874
34044
13834
37941
47846
29960
43901
50334
4230
63644
32135
80640
63680
9667
22054
22552
75991
70654
17753
42887
81444
73467
36619
10339
50785
66715
99864
46274
75018
32929
32272
22164
39232
75611
7545
56587
99991
22082
5457
90762
78658
55199
75613
39500
44072
40096
60260
72287
44930
6148
63592
36928
53867
74737
3300
32417
94795
62732
26440
12748
69698
72670
41480
64509
85577
91628
77789
87889
89441
22935
37101
42470
39483
20901
4275
70749
75478
44587
55696
65720
20378
90064
55519
7183
45990
16271
91400
21686
75664
91316
31883
66117
27964
7491
76417
56047
50945
5848
16166
75948
79889
14880
63289
47244
78492
67048
82050
5128
48528
96461
72930
95459
61835
10389
48956
37390
76777
41117
61367
91218
47912
26243
97898
53475
1159
48714
98771
91821
58326
59178
88124
51786
79631
79757
58120
15787
77687
1594
24833
91280
26644
86444
93070
49917
55679
55976
73688
94014
39929
83559
76411
92185
14694
10740
36650
68939
57661
98760
48729
97263
1434
85530
13008
31064
82754
96205
83000
53165
9663
90768
79225
88572
22804
86478
26257
93161
94887
7451
34434
1562
98040
39980
25572
4079
61249
7635
57878
32535
25458
24860
1515
72580
14956
89931
49104
46243
13699
4208
54316
86301
435
29833
74869
3131
52672
14634
10413
22617
91790
37400
75520
45783
28906
55689
38452
34451
49013
5904
75788
62424
7674
81371
82174
42179
11824
96851
8063
21635
24134
43524
62967
93511
61732
64028
1849
22191
48249
95561
65201
89254
86351
4325
88772
30045
37863
8109
47672
32922
31100
96145
59526
99633
51511
81691
48553
2850
43408
38723
57942
10243
58902
81989
20545
95046
59026
71662
22526
62832
47821
63315
39835
45331
67049
66881
26652
95065
42156
30836
26800
49847
22659
14479
1610
4831
24968
39125
45475
50172
7112
75013
92014
84035
24458
34002
1368
25294
59894
30722
81262
48130
56470
51896
7591
43274
12673
43298
44317
6432
98417
69129
9415
53257
44551
42488
35204
8426
83217
14527
3452
3978
99817
56101
77411
91337
10552
67559
90910
5653
89545
2737
36672
90876
32259
7747
23264
98734
33082
23926
50285
77254
76145
1105
6120
22625
72643
55459
743
83285
85784
40096
91784
69817
30480
23753
29109
19091
39548
2808
10795
99452
81478
31710
35750
65509
22276
84211
60660
15539
61236
20281
43061
82298
93495
5770
79878
7394
53066
48905
75563
89298
35247
97537
81499
86200
54254
1923
18651
46366
76451
21866
96054
36297
63443
25260
90151
11237
45946
37924
8591
71576
82092
21396
5123
40952
15933
74693
56099
41125
24943
18045
40070
46259
43519
98327
53641
99893
49196
71090
9833
21697
58315
60515
30179
20450
7393
7764
30581
83754
31019
43559
72188
84769
66425
74202
49210
57792
15995
18034
79183
84996
81916
45937
94211
2703
91593
84826
65886
82056
598
34660
1161
14279
22206
71245
7930
36227
52431
95474
13719
96133
44396
85707
45895
78406
94487
57700
5323
2855
89853
91289
12434
44935
83152
74670
71411
11733
62077
47939
83205
79959
41143
95313
64796
5327
11573
75007
46582
61738
87029
57591
68263
62610
78514
75212
59539
95485
96832
3157
69749
45174
94209
79391
70856
22807
69641
71310
97528
7986
67167
96132
99142
65703
91104
99252
84748
6350
97331
40232
2186
75356
28931
61599
58989
64758
73571
59350
28201
61836
63532
41124
50750
56900
81376
34070
79740
33477
84920
41671
95726
49433
59781
37374
35143
78232
67439
50282
61649
23924
81002
66726
29071
96472
13666
80067
81696
12477
7535
85620
59680
89871
61409
80751
8393
81344
90375
28001
95822
48200
94707
43248
37523
43112
3359
64100
71580
67147
23619
96894
11486
86605
55974
28606
97874
99041
59758
17214
89393
33370
24754
10343
58587
46844
39546
76910
87744
77226
59127
71564
40797
8100
80194
89839
20563
19188
24137
20571
96656
84460
27962
37540
77248
91215
9442
53473
22940
91363
69460
25686
64299
4190
1704
31667
21094
30135
25773
58667
89444
41742
17363
53367
10626
2084
3920
52187
28872
35855
55110
59807
19257
9160
84180
38852
25429
60773
87528
11755
9720
17322
98446
26465
90396
83162
81647
13759
87620
40945
58819
33032
74704
68162
98560
71798
50475
60139
90748
4193
49164
63184
68997
86226
18475
8864
35134
91779
91074
74801
6173
19159
74345
65066
78395
68234
16128
56248
73141
98641
87657
45305
67897
69847
76249
24382
21256
67981
68230
44042
6275
70696
25394
74815
71601
37733
92100
15398
25349
60014
25411
5602
40283
22885
83178
78923
51458
29722
47048
14156
52418
8559
265
78865
47228
95081
34740
54160
76402
20989
44684
83844
1130
59619
7828
69491
61785
79939
95389
84532
83833
23531
4156
35795
41561
59427
2703
77984
99632
18573
76911
11696
90118
14357
29533
65790
65869
80363
85560
28576
36194
22183
94303
98297
20120
64668
59984
26445
65775
58132
66939
33329
73199
84136
92305
86212
37286
98003
9506
91558
8294
52874
10442
36787
37857
39764
25834
42921
19341
92082
43006
3175
92770
29023
19074
58929
26817
88170
93727
65907
13924
7957
27737
80642
80738
5918
3310
33209
71491
44291
11065
58720
58152
45323
24690
10500
94810
19893
16380
38815
36122
44553
22284
99902
50727
78172
97843
89182
5537
33549
85070
90695
43566
38063
15219
40258
4847
30585
97730
28686
82089
97477
9131
75961
8874
68090
76337
68737
60558
91366
42622
49252
7975
78224
34245
64061
45081
26502
52572
57050
71165
35917
53232
34267
20421
16356
80858
17769
55804
12563
98126
28311
10786
76694
92473
39736
29471
326
59601
79076
76214
20410
1289
19350
10087
85084
87811
64665
24645
16396
95777
91113
78165
46096
83763
16702
70024
82786
64628
35098
29117
91687
96915
9144
9880
49683
32548
26573
31893
57357
71444
93055
35969
72205
82735
22281
80900
41765
73876
26013
94553
44563
17292
90424
68231
46142
90262
36400
438
56000
31341
45090
19154
73917
38518
39907
14193
86941
52509
485
96387
17544
27603
27637
95638
96331
73147
56875
591
39694
75602
45746
67677
77954
19897
79518
10723
19321
2640
12725
92728
33419
17269
24002
40184
30838
91476
65617
97578
32592
95867
97194
73052
47113
46521
47752
64979
76362
22929
37176
38152
16839
76519
93882
56795
33411
53548
91714
87812
15809
3769
13164
80135
8682
70107
86652
29296
83363
49622
72838
66526
62331
42157
42865
48294
68956
71725
79724
3644
10183
10357
52268
59901
50324
83493
19889
60623
64523
40359
4040
37682
38119
1379
7724
66690
50987
39188
44937
61003
36147
9541
20136
54649
90204
76270
14384
27515
71710
60271
13972
26185
25936
47781
93924
29610
13096
88881
6857
90095
98847
33379
4726
83899
40651
22384
76070
96265
95441
20546
41449
24357
18647
75767
99048
18062
14793
60045
41079
79153
38492
14405
77095
48311
15690
78797
99760
94131
23143
47929
4721
6854
32532
19226
90099
43159
83568
61813
17605
24260
38515
30826
46018
29373
98123
35761
87753
94123
78438
77533
34176
48194
70094
87905
36297
70945
55470
8141
49255
23973
30548
58724
65404
32312
35812
10438
65967
85157
46538
57232
62436
63427
59688
61383
35838
80005
68658
90547
61307
95287
71429
36423
56045
36718
34458
94377
27922
27166
2182
2040
27650
45508
94559
75120
48399
21443
53450
47741
40388
59050
40355
34632
58722
85634
22194
25083
79449
8943
48433
11003
65944
34686
27157
43889
65455
43333
16266
19849
87390
8027
57882
50958
50993
21484
319
72074
67788
76301
98592
25821
65343
64933
34387
38873
711
61401
32666
26666
38866
54121
38802
13846
93668
42041
99527
50816
6520
36657
19574
79810
25519
54537
93969
48266
57392
47798
11804
71174
44125
10379
92162
27902
26053
37384
17110
56878
85111
12867
45004
16482
21552
9571
90001
15377
7
77339
73439
39699
6700
83613
40313
33161
24373
22898
80115
10799
78726
17305
26829
10304
47167
56517
20708
85696
86924
27202
80028
81486
66004
80638
52455
18838
18092
11770
65788
92365
95372
72873
8055
60663
95265
11568
21309
41598
97466
52294
86548
15805
78942
64983
34275
2869
36117
43599
40629
30960
75345
68575
42043
82642
15546
4907
81292
83865
84561
79474
10336
5528
9560
85804
48988
281
70824
16235
55622
6189
78121
96654
52831
27506
64509
31675
28704
9226
4229
85569
91234
90189
10838
23151
13107
5360
70362
5144
83698
19651
81094
45750
33480
29477
64105
76300
20274
18181
94447
87409
13440
96766
20682
37082
78316
36163
54985
25687
63176
89666
68678
13544
91062
84429
67490
63315
62858
83171
34600
31543
20075
36035
89441
80594
89123
90086
73601
83174
46783
74672
97270
85555
77662
30196
92396
60591
77320
55324
55964
80339
10403
34678
90851
95237
1584
282
9059
46285
21179
24953
557
65626
39957
26276
3751
71513
3951
55618
34283
29014
66743
80896
81024
22874
23673
70481
94562
29354
35261
14151
56839
41547
43933
17065
54567
8132
69506
59282
6680
74150
37645
78067
83246
90600
46186
71889
21383
49756
39252
23586
19735
57760
5779
25002
99089
48163
50949
69329
94108
55344
24029
96321
33349
44268
13545
58063
15468
93143
6566
42144
51189
47235
93090
7887
77833
12667
24606
46321
31005
28137
326
77599
67828
3144
11889
91440
61377
51867
22052
42110
53969
82325
10652
8709
10343
31451
27224
9631
74167
2864
4420
63062
57932
25247
75152
62671
39467
33607
30556
50175
90253
84296
80052
12348
90534
96240
50623
50453
88988
7977
52291
78034
19970
66584
72900
23686
33597
2798
82302
30799
91512
34489
31601
10249
78445
33910
54888
38772
25955
72124
52919
64097
49642
19380
81885
88127
1364
41849
70702
97101
74999
58314
98583
8581
95897
73395
1110
19121
1649
10318
5829
25836
14817
16879
31490
49976
41094
62351
11806
42289
23648
7468
68577
19131
76300
1281
48541
65316
30371
90997
73726
45377
80786
30969
17623
9913
10523
48628
31067
2665
80651
47931
58091
99124
83396
77038
1512
1760
50491
3721
30132
25433
29999
57249
50963
83423
52756
16572
93089
45670
98706
51433
95313
99153
91258
12034
32716
53894
86909
98115
32135
83662
69112
20159
51727
77435
59923
7218
65865
67587
99372
89946
84625
24613
27985
28973
90058
24278
83112
54836
13502
49642
80964
24109
69242
83107
26465
22401
22369
76312
16795
59539
31482
10198
14319
20024
21831
54120
20662
68288
99769
38267
27867
94061
87234
28325
99027
78063
89375
71672
25809
63591
18863
30165
4092
53566
61338
53799
85638
10375
35585
75046
76187
61025
89886
34893
89959
6530
48419
2420
64989
2371
19087
55173
11145
26604
28188
88379
67179
60626
61412
88114
95054
27953
67310
18305
74355
93490
29072
5633
14400
19449
9398
23171
164
17507
78082
86483
84636
4265
63864
70280
17399
13258
87595
82603
73719
15050
24852
33317
84966
10030
48303
40743
28074
3293
18266
85511
27416
37077
72615
90858
35076
84901
35373
54553
29781
45645
65596
29624
68421
77641
76607
39932
34569
4991
31931
62559
20471
37165
3848
4173
26968
24756
60984
70843
81744
68610
62085
86791
59846
37616
95731
8207
620
80436
59951
39645
3185
9897
87606
47944
40149
85263
50463
91804
55217
13836
95158
79244
45804
56078
69616
16814
3693
69550
49272
60605
14065
59095
37938
94034
90785
63862
50045
89747
45875
77153
64317
2142
72991
18076
99314
69546
15436
18426
23547
78367
9577
30588
81035
64051
82631
63753
35571
4044
45205
58907
51611
91873
87755
15168
54763
56891
7191
14175
84216
81955
44631
13058
43325
47073
19063
47693
2366
80414
14988
99753
24218
81360
53396
75540
48037
50486
45438
76329
12870
42483
83414
47033
17853
67814
30254
38111
72785
44582
26377
40520
54726
91580
83880
2017
22611
11615
98429
42432
80409
11413
656
41597
18963
98162
49881
81867
51761
40977
95391
95936
41145
55621
2901
73643
24858
91656
81967
23452
50823
81813
86592
79716
85281
6446
13592
10371
39726
68408
61838
78509
53028
62079
29875
41379
89904
80224
73362
54789
99108
42268
38981
20266
92438
56160
93756
4237
29138
42921
68437
63996
27193
85979
72607
2925
84257
38792
46395
9070
56138
63210
83746
13353
37258
48602
53852
30597
52502
2799
14604
450
5094
39679
41908
32189
46353
68509
50676
77097
44000
88250
8177
44817
87690
1135
69456
8338
48559
85305
91473
33441
89097
17985
85848
83272
41607
37156
29952
89469
305
31275
97323
98505
16292
5353
74921
63233
99748
77664
8294
91662
62239
14559
34396
13482
22086
22698
717
73366
15401
52921
45454
87809
852
20558
37872
55623
17406
23879
15006
50716
41207
45659
79401
94484
21043
38599
16498
40963
88688
53797
21048
672
52815
27188
35138
64479
2788
71326
1403
36310
57144
20496
24632
62513
79070
54946
71734
81843
3560
29994
6893
30362
46872
1098
77818
82368
90107
42180
21488
57675
82790
75057
86627
5917
45243
38502
20857
18609
58677
74933
75157
88312
47948
39500
69147
19510
29491
11318
34256
1246
50813
21660
94162
91943
23059
39709
10188
3894
52708
34430
23361
20620
35048
18940
48479
41491
71427
34785
6092
91232
86063
25921
55249
80576
4395
15130
86332
17683
50658
65840
95535
96363
38407
90766
69839
16281
54579
83929
8881
50807
86112
19129
4189
77752
21550
89451
91630
12945
85212
59002
59772
46141
67643
10227
78177
36261
87483
15660
48133
72634
1290
98316
55140
46874
87630
8270
88758
28015
1026
76954
40192
6462
53306
44401
35917
35353
12188
1943
64148
42361
81706
7526
7414
97793
56868
79842
11699
52235
19493
30172
41147
79011
55746
34161
34503
26251
54332
77425
3079
38324
43438
70418
96997
15391
80612
50634
62661
39079
84846
18732
6398
21178
93245
56190
15484
53970
17303
18664
92873
67003
12081
46395
40351
46025
57930
87051
39278
66408
60113
32627
71346
34193
40648
53896
78201
6650
61497
3779
91303
17344
29083
45315
75623
41829
35110
64458
9593
36911
61775
96500
86506
63708
37464
29290
75586
18795
97563
85868
10256
69120
12282
97979
98085
18710
59755
15539
83560
86305
64742
18348
42943
5111
28819
76302
65292
19908
4879
17349
3921
29437
89740
94765
24059
76725
91820
43452
44749
83766
7023
2269
33532
51286
44689
82697
37615
64439
97307
2346
85601
22567
52370
87211
50005
75838
95419
60515
88072
60381
61273
13148
55881
79707
46831
18298
686
6862
43504
3992
90075
72167
9390
87532
64775
65348
16141
85506
19578
51675
67300
27908
59503
37637
17655
26484
96467
87472
45317
33844
42283
39268
30040
81215
238
73740
58810
70144
72896
64334
531
813
62079
81219
50873
58113
22836
67392
30452
7748
21898
29330
69309
36139
46784
28238
95672
58166
85196
54305
60731
64288
1384
34292
6545
34196
65905
44665
85987
77648
66484
41355
18187
64593
56777
1919
44021
29668
29124
4453
50665
19839
11828
69441
88171
77642
84959
75677
65828
27927
61667
73324
35045
11639
22608
99185
99687
99134
97859
82242
10736
58842
49426
84508
69032
95862
31913
79970
79515
32597
75435
876
85458
74457
22547
26618
52870
98435
61809
88175
87854
10260
30890
58781
56349
99310
44868
81820
94130
67967
6231
14088
68206
78115
35169
73799
8626
28396
4063
90254
31368
15307
65633
76481
7752
81505
85203
37860
7862
31611
2465
68984
85380
89484
146
55771
24611
25649
53541
85449
44058
77997
25758
49728
99433
52255
86573
93911
12994
94881
15820
96340
32250
10527
30674
15393
35295
71321
83564
60599
70991
74477
38176
56841
26875
91714
30701
97118
13958
75184
52576
60379
13072
60665
58999
88494
3264
6022
11760
71212
74722
18468
53811
93275
68050
60018
61584
3730
37481
21858
65261
39161
73564
25058
18734
15730
42545
40200
31960
75014
99838
72894
79680
4309
45539
46044
83594
51958
87758
22133
69234
45766
67327
10276
42843
99830
84623
94564
39578
38519
85477
21226
10493
75579
82844
88500
71703
4346
28537
80493
30448
29492
68113
86374
18751
89737
9487
22505
52201
11052
21978
35555
61459
76500
89018
71599
67664
31883
64166
97719
35232
88335
9778
73625
33599
49000
27144
75222
43472
99317
53841
8084
49485
84057
14976
82580
84419
38884
54728
66071
57815
83813
78221
79989
96403
1634
32752
83542
5255
54130
41753
30100
779
76937
34431
3806
10663
35985
65542
37239
79341
57760
88931
54045
84466
66612
90300
51450
22710
84869
25405
39539
47298
3382
78857
75233
11538
18963
28865
55745
64797
33223
7450
31743
24608
74662
48214
94074
2642
92375
17495
66427
53915
97028
50239
9429
41143
67057
63826
38908
84323
56984
805
48393
91676
94518
23045
64155
32981
48045
76514
13802
73309
29947
11432
90338
98980
91772
14781
73891
65567
64821
45389
50005
98206
42548
95574
9634
3481
57380
76239
77827
36913
21482
61696
56159
30796
8414
96965
80526
68431
70494
23084
32752
52818
2742
28884
28953
63108
15459
71513
84008
23369
642
37033
46173
33599
67322
43695
77729
15501
88259
38366
62374
28363
43303
95629
40282
61520
46002
54375
78
32351
74360
82596
56690
93215
89047
69069
91889
17695
82687
17476
54041
91825
70126
13700
24646
20736
38603
60653
29870
10984
91902
70362
49184
81380
23829
55409
15479
79492
75977
47420
90458
66178
84761
887
47499
33386
38240
53542
45759
17629
83553
49203
53908
73596
17855
44947
65977
71903
24857
95157
53760
62853
57939
85948
29603
30884
9315
23616
45013
11193
49160
92360
3263
98131
5159
57976
82285
71741
42325
16027
85121
9241
29479
24492
1452
69115
18805
1290
56477
79271
47840
99604
26287
12942
91722
76432
98600
80760
92128
94928
23842
90789
33779
96781
60775
32523
81660
1556
98224
61329
6982
62884
4639
90075
58805
91012
31846
20511
98069
30894
97485
82543
91658
83824
47245
96806
46936
48680
5028
45276
35355
52721
55175
23769
83296
26249
92440
87767
22606
89930
18363
54502
22531
69372
96649
18185
98010
91090
93595
86685
65061
22028
41721
90395
81105
26993
96343
32697
4463
2405
3860
73512
30070
10597
35553
51966
30934
76352
2968
36326
83924
13661
33860
91057
31217
19004
97948
27232
55814
2804
34867
27927
57060
49176
9260
38634
97390
40219
1674
45524
91741
90416
73852
84280
38314
37831
86829
28817
21867
3263
21201
7064
37493
3665
7889
46360
84275
3587
27737
58472
33719
34639
57968
41693
83487
50673
57660
68431
45330
26044
95739
23824
44607
84434
50527
38383
90808
19429
50919
17036
67206
22205
99083
79179
35255
85386
65664
88189
94105
17831
61630
87558
46706
85238
11391
20558
96338
99272
44433
42727
97131
60558
33552
92544
61319
41116
60702
5486
97287
15972
32122
21188
12844
68830
49999
3899
28337
57948
70767
23783
96068
17895
37412
72144
92623
36013
50448
89331
34714
62340
3051
33998
64413
62099
81702
94423
79947
51612
37179
1480
71180
18419
18604
69870
15288
67400
28944
55545
18674
41094
35973
89758
3388
9420
12526
6450
7402
8434
87712
18722
42875
31306
10305
52210
86291
8760
17009
57370
56823
14904
80537
70737
36934
28037
33504
25060
41607
34233
19257
83395
79537
23114
54957
2337
85647
49631
57391
89185
1427
68768
68066
22807
66200
8562
75302
35448
6610
61421
44188
92539
53475
12610
57413
53871
83516
83896
98935
10197
86862
40091
60102
27701
39159
88277
61466
76308
76076
43931
30793
67961
25138
55422
79443
5980
23535
44517
13374
11673
12767
93931
11296
48664
89238
30016
63595
65366
28284
9318
19963
9925
76241
24146
23580
9160
79013
96624
64151
50793
36893
81270
91681
27921
65006
69370
21935
27624
47672
65574
57992
36210
65526
46664
3042
23441
50467
77092
54881
71796
21485
685
23603
74927
32071
76326
90873
40515
73393
5900
13631
94825
64613
29730
28440
85806
23249
11771
31808
32362
13109
72394
90473
38850
23034
64424
71901
72976
71331
8155
90066
53660
19589
48998
99161
58730
45692
48914
15009
11589
7583
57633
92891
3867
58141
22585
63971
58234
94732
78751
4790
80452
11896
19351
96638
91333
3605
31018
54241
51628
24857
73032
87296
94683
84364
11454
91393
92874
32062
15486
90578
46873
31639
74937
80131
77097
32081
71346
51964
56109
82115
18300
52927
6321
28686
72161
92510
1806
35781
77791
57409
98703
88240
67348
20283
75783
36882
14180
64803
64831
68494
85381
48029
36874
62693
82145
80672
67525
55329
36771
31801
22635
28760
94167
10602
29543
58211
23435
12808
91277
42737
48996
16753
86127
70966
34498
58308
81876
13543
30013
7831
89060
66809
7344
13655
35980
91173
49452
49230
24236
85387
14625
79180
97981
64907
24670
85402
17001
54142
30148
60847
30024
89638
90525
30908
22638
8362
38890
43158
74471
78687
30610
39326
69524
65303
27000
39021
74134
52963
28780
83071
95688
28769
50986
87971
82487
9626
54567
80787
6029
67977
89512
78051
56403
55651
45549
31163
93920
54498
72733
84132
80355
31255
2262
37149
24628
4223
68917
50844
92619
75855
86887
75705
52665
34194
47487
87531
55699
43796
85649
44492
20887
92612
98909
65703
62756
8951
1242
22268
81416
30514
54719
7086
5055
8938
84318
37236
40422
88554
35680
83985
35764
79867
92285
22246
12313
44948
94842
19555
13565
31488
69112
2717
82422
54519
93005
29264
49943
31227
85782
2647
48665
20521
2872
20696
88049
63934
26477
95413
14273
51588
11063
64012
77940
85834
35299
16874
41299
48840
92264
85340
20533
72818
36628
92268
15779
16455
6540
92491
25926
9636
69385
27037
78137
68295
3494
98037
43700
96247
86693
45323
40964
11193
33893
74700
52146
46217
79734
69618
9317
43087
64016
1016
66897
40523
68415
14019
39372
16470
94264
2234
32221
20197
36427
70444
47423
83936
92251
38073
16167
434
90455
13190
91445
9931
60703
46408
9681
44620
79190
27119
71668
95032
55884
49973
64645
15422
7426
32576
33247
28540
10138
68313
65682
14753
77770
42159
8717
52492
4735
71248
98918
6478
70444
96632
44856
47358
87102
22017
80664
98160
9387
80866
64146
84802
57762
81651
12562
58689
8420
58594
2909
83807
67532
21589
76380
34863
51434
6226
26712
41504
4682
7741
27009
93998
71281
51467
53178
18727
99781
83934
54113
98448
86585
12587
32905
51240
28658
3923
77805
24188
64873
40913
5437
1846
88285
15799
12585
63256
98753
92001
97296
40213
51919
83814
97668
19416
48785
58259
32980
8405
80223
90482
3729
9594
50031
9255
11253
95940
6979
45086
40857
99148
16875
20627
30917
32018
16555
4904
13926
96735
20125
97186
90403
44950
45903
85506
47654
89761
74470
84479
81167
246
89647
45930
77136
18187
31784
86544
59654
11967
39687
50754
28323
81646
94654
42887
55838
40672
45868
7050
74851
55906
78631
17866
26142
94638
21213
89001
54313
9916
97807
51619
7147
34142
45819
63537
52489
74639
4
12346
12142
49434
40690
12956
54693
12009
21482
10849
66332
18905
34497
65204
71209
11016
17072
33229
10327
32324
38931
83256
34829
89759
99339
33595
85563
28631
27560
20986
88710
49843
16797
76160
75355
72680
94401
77760
75873
54994
13905
5140
82737
53876
66282
89921
2489
86192
41601
74378
49451
80236
97504
7859
42607
85252
75830
27445
90594
10163
43392
98261
18247
32911
74202
86179
27269
61343
9105
58126
79758
73432
81434
72951
51674
38947
6437
45475
85633
20775
60447
53322
86133
85729
21881
72902
93104
62430
82190
40542
73037
14588
91514
65195
49552
23296
71003
22713
97444
47861
89608
72097
88261
15290
37041
96625
37373
97688
88270
55793
57495
79679
83040
27757
43926
84045
4483
22913
83308
87206
46702
61018
67316
84633
23629
62711
6865
84638
16174
98194
5618
16870
15586
75081
74101
62814
2901
94726
84129
42932
49749
94791
85946
68353
73705
9763
64409
13107
28194
15516
95353
39379
31418
58150
52442
64310
43417
25427
88621
48679
51668
1590
23053
89271
61211
75811
19720
3513
55426
11493
55976
1366
31632
8056
73322
68868
77330
63600
8469
45384
66948
58858
86444
5458
5279
1878
68566
22318
69155
8619
65611
16853
85022
39076
89376
61503
45410
89533
33387
10100
94436
53770
15845
89448
19145
57372
18495
29578
62211
99773
89423
38711
44232
27983
77674
67171
48205
76030
80902
316
61549
13534
21007
39444
41077
59051
29201
25311
89941
4754
86155
59966
41300
54234
87489
96970
99462
67879
3831
63962
40947
56006
74219
34913
38494
94687
25792
66642
62058
37461
34100
43691
16642
74709
36306
34157
44272
49751
49826
30693
76046
59925
81761
30886
59025
95305
74733
59059
84108
84498
76594
20872
11263
81843
21174
44313
12658
40629
32092
11765
9634
55368
8772
14425
67411
42911
42677
64640
46506
64386
50188
11433
78764
45587
49378
59777
11763
66447
59194
41593
83687
7991
42229
8148
59402
67063
73854
12092
70943
19382
22043
76198
84059
29830
7027
49129
87813
80307
2573
13923
38317
72847
67334
75655
67076
25593
30771
40417
44020
95270
40851
30843
51802
97125
39182
72363
77220
6355
15812
46121
91208
14115
47702
95971
29150
20192
37099
23107
46706
76696
12399
48147
10660
51359
28816
27474
93188
51941
67602
20703
40719
62636
43122
45727
70188
61556
48291
6198
24629
50387
34468
17384
52920
53231
6332
33959
41055
13854
25307
16762
76498
18911
50304
21201
24331
80425
17829
35751
76472
62219
85615
56363
33417
11732
75103
34931
29718
36881
30856
10783
6281
78952
96880
5437
18935
78751
29263
75567
11706
94386
80991
92869
74032
38030
33282
6966
72835
43654
85087
11574
8213
58511
6281
90116
76052
32809
45096
76287
29124
96058
27753
79739
15430
65956
57380
64996
5379
42674
24403
18532
77537
80321
79914
45592
36767
47268
43899
78799
26794
87788
30718
90897
15611
66646
84428
57553
86166
41479
80687
52285
20026
17987
89761
47311
8142
34520
7562
73983
16891
80296
4058
11807
72717
77467
74411
30088
37840
1008
44572
72915
78607
63984
94021
28669
93143
40961
83567
7334
45194
1836
41568
68898
20456
6756
21352
9328
11441
33182
93018
72776
26884
68127
42881
83816
79998
2510
46746
91112
37492
39357
16960
41067
24703
96054
62310
15288
79929
59677
87050
99793
88083
70157
983
65821
66329
71725
64156
58502
89244
41998
3701
68734
67778
75164
348
37923
80716
31032
84285
78659
58680
58538
40808
92814
13185
95208
67830
20582
48849
76471
56619
14704
13312
67690
59350
75056
57433
21489
19775
36127
42673
34799
42333
64018
68424
88508
8121
23715
40660
38428
80603
38262
95247
22726
75875
72387
13464
75330
83574
86072
33416
78698
49867
96931
35296
7946
17763
79781
48554
65036
26526
6405
52530
82049
14128
6939
60366
66346
97870
662
1247
90726
51603
22595
53374
97938
58672
48386
55969
28282
1352
42732
92566
30372
48110
70707
99825
78845
40587
42509
89521
80604
91429
5012
86384
65221
3296
72738
87023
80538
31273
76052
101
26760
64033
62693
69751
58969
57673
44229
47021
43143
92263
63376
85602
6697
8443
30113
54645
3854
17195
13781
7243
964
40285
5316
12868
94175
49417
48696
51764
55409
57898
80024
75348
821
79569
46979
7833
45955
97768
29523
97452
42052
40145
27264
63863
28899
21093
39311
70024
98477
37892
66401
14122
59180
30666
92622
85491
33751
94826
12547
88193
11721
52370
82436
67599
54117
96971
31240
39423
71724
75980
87297
51102
33599
48619
32239
90534
2135
41059
36036
23633
83881
52347
51166
22934
36405
24255
41667
9321
823
70255
46952
29093
34140
6653
62380
87082
72791
45702
20089
10
22396
33964
58975
50951
36555
49023
58549
998
71267
14493
42007
89440
40824
41225
7232
83618
49968
60045
53392
89592
82027
3561
17282
96931
99321
43033
53268
14650
32993
34690
90163
64217
83871
47039
62017
56628
98503
23840
26577
74743
62413
51999
90434
96683
86249
95861
38253
6447
14328
1587
75570
51168
85413
36741
88237
25136
95824
60526
53763
29693
23003
86755
8143
40785
4532
68811
26130
72103
28340
5970
88572
68440
35281
57278
46590
30533
41145
10096
79434
68044
93944
90926
50130
75463
78133
98599
93463
2908
56736
90861
70143
24800
50121
8905
25601
45883
28558
23755
92503
56291
99823
64683
32513
18974
98946
20562
30691
58060
23372
65495
42989
24895
55959
21136
23651
34118
45350
74656
66361
74075
77863
21170
46361
51619
46948
80874
25139
67101
53267
47017
50480
53024
706
31725
69537
60768
86372
43220
60832
44119
80303
32028
17325
95722
46949
9745
89715
5847
58615
36223
22679
52471
53130
68385
10448
18421
38927
77190
5299
37739
67314
56007
82714
82986
38422
88190
81105
27869
92447
98158
22513
67581
29890
94930
35471
53721
37195
3533
17519
56023
91052
85582
46678
16542
11428
35901
59691
32284
90149
33779
77478
80622
30156
92331
84544
24417
94297
55603
70797
93577
72389
16986
3664
92228
37675
56976
79935
87821
33943
84030
35083
48308
8219
55789
52229
44704
16515
45299
36396
99790
80999
26825
69196
1081
97139
45644
92641
89950
59721
10240
67965
36066
91665
78012
8578
47999
23394
42369
37595
14216
87182
58009
14664
1850
55075
39045
6920
9768
22164
19546
9859
78064
72328
22877
47928
25322
39578
7517
97680
43813
87293
84141
51929
85086
15792
61167
10159
47391
41852
78418
78214
6373
78809
60956
64949
46055
72647
46469
51066
23142
80005
54614
52943
46023
12685
85503
19894
24673
23048
66928
76156
43482
59649
79581
54577
77271
46521
91527
77699
59112
3862
94761
83555
985
67348
8821
67846
16205
48533
93451
66494
2724
97136
28767
64052
22080
73521
26744
53726
19331
72696
19292
33769
28402
30780
20146
84645
47189
11099
63126
99445
90580
86205
84783
39406
75050
62593
91908
78786
9447
60388
16145
58280
14644
3878
5029
52570
7180
74531
66141
90981
12136
95160
59477
84516
73205
97716
87771
32423
30833
98765
78683
10170
95160
75612
53926
36300
40464
57616
89187
73795
23841
70016
47693
53689
2164
24365
26705
78735
51141
93693
20164
27699
929
32442
22913
65494
3347
50723
7837
42370
293
19109
30853
4264
79243
86667
52999
94673
96932
87255
56027
96508
18968
30046
31896
7925
53478
29903
99129
34305
24137
9695
31672
53720
99788
14259
24715
89810
87357
56483
60786
23982
44577
11407
68483
30024
67928
76090
60215
34383
1814
32435
72730
59401
21611
81308
76367
42406
60914
56490
75477
89215
1761
9872
89914
88380
13569
82342
81976
7802
35330
59501
54886
52290
94112
31226
81636
24708
96835
32141
59524
23603
15028
53093
44420
62353
26534
54124
37517
56958
18062
27470
51473
77438
77708
2540
47008
99983
30976
39309
78738
93165
46990
28578
30790
64212
99079
18039
65205
51823
40654
74746
73501
81970
45848
12428
49597
93637
79032
83101
94125
24067
54588
6834
83800
74592
75265
34405
57764
28566
45485
32208
49254
25105
37405
73186
16579
61572
55911
20383
13022
55481
20457
74144
98669
43899
88121
64881
57155
96206
4164
17315
91546
60209
81055
34490
18433
56615
45420
13986
80644
74820
68500
52366
6613
73561
40692
38015
15038
90012
97244
47878
92428
86115
61937
85268
22600
94104
32699
49405
32778
95148
43270
22043
5412
82952
13491
59517
2685
9009
41119
61466
38209
51436
72455
80320
43461
27319
17154
77841
24006
57104
74031
17695
32344
36182
16964
10800
60608
69553
25423
92067
85802
13894
2618
56900
80506
16025
54023
11218
85521
24315
64179
26939
54616
6121
72071
7416
1460
48808
22193
62404
70357
53711
85253
31603
25976
19268
30018
2393
73248
75715
55754
39222
89680
50852
18422
32064
75269
45285
30387
54646
47272
58051
24325
59595
42077
17365
28680
56227
84514
62465
23793
50757
98976
70959
84436
97216
4526
69213
38550
41390
52263
93678
27185
21537
5025
14308
36161
50883
68629
3610
55767
28842
97791
28587
36844
85106
81694
77430
321
40256
76636
8615
47203
91815
68599
66878
72879
69134
85278
92959
21700
24035
67828
7924
40943
10802
57106
71803
69311
6615
26616
5919
46500
24702
58989
24389
86852
12372
77091
16409
10475
95580
5290
1518
67836
71649
28596
60155
57991
5607
80282
25166
79682
407
53205
50971
10373
43835
20882
97475
78303
14366
85060
50562
25941
41807
96779
1657
67167
10835
61348
55298
94074
4628
227
26404
22568
42297
90067
43479
61258
14059
30862
87819
39140
66721
20337
28925
96417
32191
37098
27564
24457
8121
32949
46407
32855
13448
44760
64785
13290
17971
55039
77350
88684
35970
1718
57131
82370
93664
11540
98496
90412
50344
48539
49877
41126
48815
89266
92148
433
99245
18755
40856
44398
91595
34192
45050
68798
99048
17974
62558
98815
3301
83286
99073
24562
46076
1700
38276
29892
93581
49062
24632
3297
73593
47844
33363
52784
88798
6007
48402
4520
47496
57222
62955
70512
48241
77857
28097
8955
15625
19535
63397
38909
84935
86381
50867
7273
62682
74011
96470
79361
3907
79947
95941
33851
89509
99611
53941
39416
60915
57720
85828
73491
86097
574
93966
29290
21538
80277
44179
19244
74237
38938
66546
29988
50979
26287
81994
74619
62882
16563
5202
57331
6836
92422
49286
22736
36609
96353
58913
48493
96725
36124
53927
31876
22733
93672
23155
93593
93995
88016
46478
9789
60543
92579
88761
46313
9289
82962
45703
8544
77347
43760
4561
22149
95458
59201
98318
74428
13894
14012
53487
47732
26962
85151
72498
46843
79907
83507
84283
50877
77604
3381
81292
20882
8372
61934
27964
8766
633
45541
62116
49893
22295
62700
49065
38890
62176
58169
85229
38395
39869
26790
86882
62711
4881
28574
77023
27529
38340
63579
43418
87197
24167
6608
54231
38838
84979
67606
14731
36758
76891
2902
27675
92152
11992
21192
70819
97104
74044
56004
34091
55452
12168
61472
38504
77072
68560
40514
13469
80320
88454
17801
79803
84725
74553
78028
36461
43037
52945
72571
23613
62608
78123
22706
16276
30233
30202
92974
44884
3792
3323
40529
42886
27478
79003
75954
6219
14144
26821
6560
22911
96388
22220
46928
60277
86223
62403
54454
33060
94484
37170
21202
70179
43722
28204
62400
29768
90084
25452
33966
15922
51024
22645
46398
8395
73199
90496
21095
99821
97435
35580
43267
22624
15633
63636
76625
48994
42396
59653
13587
81064
41687
95632
17381
49456
75765
4742
68859
18338
17682
93201
18876
46489
91407
8099
91792
35521
46639
72300
57345
64638
4904
30691
57784
11305
32747
80448
78771
53186
72960
51561
82518
72685
35374
51146
75376
48024
70772
79545
94164
2787
73653
80587
62315
96067
77382
12095
56837
58242
82878
74268
27827
3630
16446
18767
72679
15107
72785
70858
89630
66150
96646
87191
82759
80380
1809
7759
10097
79039
5281
10074
33753
99406
48189
16884
7165
94433
13124
32397
3779
32342
42061
92949
71837
73554
3625
11793
81901
21462
36669
67934
31140
93008
59012
88621
12127
50960
40837
94219
71672
25620
93210
33598
3945
60794
80823
18881
73168
30179
34503
64206
69095
12021
74347
40293
64083
53201
27685
90761
60938
60874
61124
77255
35137
60965
47514
76942
38110
71852
73147
43790
15963
72515
86153
84308
62894
88064
55763
18835
47384
57518
77629
1133
16803
84184
80349
97922
72976
72073
60919
57208
63660
39959
2178
10233
54475
98189
21722
50154
37269
48948
82992
68782
53131
80560
51534
79003
3762
33576
61818
10813
99894
16025
58222
71293
61616
13558
42572
36893
328
16063
77664
38353
48241
85639
76761
69736
73936
51844
64315
23557
14516
24090
45757
71024
74961
51292
84109
32552
93894
53958
57182
25471
33425
42357
52962
73012
91379
48888
82357
69986
10661
34383
69923
41545
73973
26876
28896
83780
67266
17155
74984
54205
81680
83239
8445
66248
93503
60784
40140
51487
19652
23546
52980
13022
16782
78106
36736
6495
22239
5963
97764
81672
12729
95231
66085
14689
27850
23438
19128
21760
85095
69772
44466
77722
16225
94922
48878
9582
92324
40938
23482
6880
9631
73750
58045
2721
14921
59099
7931
3366
99088
79212
46563
5466
82810
22789
50765
29500
76907
603
23881
62768
66047
37405
29354
92410
58007
84650
61384
51076
85398
58129
76890
33491
82251
97778
26366
2979
96566
159
9811
69859
848
61954
39080
35826
39310
72109
37781
53772
8827
11977
63617
66939
1041
88348
52663
4430
66134
63927
81113
25242
62392
10685
86404
60700
37120
61620
26993
60464
67838
37888
38368
25240
56043
56802
58554
508
21489
83101
89356
51782
34714
91182
53031
76631
40003
99706
81125
65969
74491
14456
80273
24015
19314
70812
59166
73900
52396
38614
86528
76263
42750
16101
20264
12999
39461
51034
19085
26456
156
18658
77864
85322
46152
67360
86978
86324
5407
81182
31149
76751
91588
88887
79631
67120
17329
66019
33108
64822
74674
40167
98351
58214
59582
53856
7875
74008
60608
71217
52346
80256
63623
50507
5180
46339
96264
89631
25072
11215
84191
42066
64717
40364
78596
63605
25024
88062
9813
37422
13403
68213
33378
13928
22497
91275
20050
65428
95020
74090
97888
41949
61547
76111
14725
13117
83335
86474
4445
80726
47130
48637
68001
29895
7256
41654
69627
59865
16767
53465
3212
44419
11205
5745
34136
63401
21905
58016
8330
12535
18201
27377
65200
40998
51552
81654
58366
32885
25772
99199
99178
87073
42111
88882
79430
46938
29027
13875
36911
85853
81731
81113
66833
54707
14188
6719
72503
2044
28864
82826
1991
99947
45040
7071
20707
49443
89974
79316
30459
99763
45349
12187
54213
59655
15176
51952
82359
15710
43154
45922
25658
69629
86741
93047
61530
889
69663
99015
43985
73396
5857
30394
37902
1959
22480
89084
22424
3896
59361
31216
3939
54606
65015
97584
16685
55940
88257
58253
54953
2505
88520
91316
35768
90493
12873
59304
29637
11536
63609
70912
95762
79729
22833
65272
32224
99626
41395
36130
63331
57210
51476
45088
95037
6793
85829
87808
10596
32188
12888
5943
37192
49251
88143
7543
8742
78460
54856
40786
45696
79365
19596
75462
1875
31301
43600
43448
39298
31476
79152
35553
93266
790
24904
4035
15248
82160
27
53055
5071
96292
99821
59494
85386
54530
23159
8569
56109
16920
14403
96020
7359
47005
97967
26502
3680
61706
52025
350
24502
92783
33129
51245
25659
19601
31631
68909
68797
70779
77918
37023
66043
86204
2044
51765
31780
33064
85147
30730
93350
43578
47006
57765
49421
18169
35149
18911
28072
43608
30309
66936
92636
47707
80092
89105
15184
90985
81139
27884
75664
9212
50142
52783
55351
29497
73724
38175
3650
99248
62190
50509
10243
1082
34708
70487
81113
81185
65110
82659
60176
93604
89548
58372
54500
84415
24801
46292
63031
68789
59992
37091
75153
47195
31063
18501
28611
64466
63070
55289
15306
11791
83564
89842
24323
35254
36493
43952
31702
57997
3343
80639
37776
38545
67301
24829
5323
67834
89178
10161
54740
97784
83784
86307
38515
63617
57437
63076
74254
18275
66324
44456
34082
78862
14528
44533
71292
67402
58472
40251
2779
19811
86253
23834
72413
38690
1303
61677
8589
94600
97077
80672
87758
16444
96152
19826
71503
57360
23058
57730
33180
50489
13838
74487
58611
96082
8997
30710
72626
23961
26254
14340
56326
39812
23514
98639
84307
37148
15732
78868
36729
99035
57324
30954
23772
24879
75831
13234
68901
59357
55447
21387
25264
86406
68711
68866
58146
84362
8063
55802
45202
83193
32720
78810
54231
32172
63292
88343
61985
68230
6716
11992
64598
64847
13249
56565
16259
13765
2313
11766
92888
59869
75301
35618
33557
99518
92434
8731
22934
25853
10838
28758
51220
46990
14687
19607
94053
81942
66012
27994
60384
13347
38691
69777
75688
13606
34631
65445
57660
47415
97377
37627
72904
68690
34376
37139
77509
14537
13081
58209
92880
15349
59173
28022
51235
7469
38599
65141
80459
97398
67936
68540
14543
62856
39239
2287
28881
3385
43165
37456
63226
567
84777
65045
66699
45907
81207
99704
89824
76024
75518
61625
19622
53589
89701
90203
24747
24453
78889
35738
3173
57750
97894
95723
5283
14340
86213
33513
1589
13360
53772
97
40297
82731
27113
99290
49604
16184
90153
1393
91699
9175
24959
45121
87785
16548
12660
49973
78237
91828
58783
59065
94758
67045
22895
1615
87070
45195
17211
69758
10103
34678
37631
40541
80712
30451
85405
63034
88297
54056
78817
34910
14146
84911
4870
47330
62796
38512
78399
32927
40988
49226
17377
53923
79749
50060
81625
4081
91552
21533
25588
66468
58384
10692
60588
87732
89823
68317
60860
66490
45998
5647
80446
60837
99333
65196
71121
62206
84599
81740
16332
17758
86250
28494
54412
65783
13484
23419
63736
17203
14434
22044
40944
95343
8603
94566
1294
24635
85637
71656
97415
26110
33497
48931
74112
24484
98635
43178
99358
34535
15900
8484
44718
64049
39638
77781
49449
56349
98151
18724
1903
94860
28959
23931
18870
30980
39992
81818
9513
4596
51861
78977
63966
803
16451
69339
94936
44231
51386
877
63081
2513
6277
44654
33207
1006
32189
42727
62087
73881
18423
83401
71643
91149
68191
71207
44876
4614
65699
79892
55041
35739
22152
26597
64673
41674
57835
43539
15831
33015
51877
96544
44800
67702
67743
10764
1516
6486
31934
70071
94865
24142
91492
43597
56820
56178
79470
37479
49362
14093
82951
1863
72979
49515
12795
13880
84990
52522
65940
5747
74907
74479
64914
39285
92400
85136
66413
90679
96869
67745
97539
21222
64163
50045
74905
94464
11587
71823
56498
15843
62907
86532
85342
6742
86887
75002
74625
25421
24423
30094
32176
12688
85475
79515
90093
47476
16235
22395
13804
52137
59647
95505
60739
5334
36949
88127
91
94912
64030
7761
21402
61186
36160
15893
69330
85984
41888
3546
43299
44998
27307
8870
78576
48584
30781
48771
10923
63042
66520
54622
35701
54925
53723
14001
36087
89571
56005
15636
2315
44854
60529
22387
51032
56749
57744
86069
4275
48614
86039
76728
92989
39860
62876
14084
87351
78492
79048
87184
97035
71388
18872
1590
46165
40101
79668
25458
4601
94621
826
52516
6332
53980
23560
14807
97057
87480
71689
28168
61568
59045
73198
36929
42535
74402
57219
65204
61824
41776
66720
56021
5429
24470
38446
83287
94343
66132
26324
13534
21794
71456
35833
59035
10287
73840
9404
96669
1190
75481
48749
9641
50402
70116
48979
32538
6592
39418
48756
10183
48521
10234
86327
65750
79243
60703
130
17128
95027
16439
45605
62913
3153
14812
23362
63287
31493
41434
27606
8451
81599
17601
50630
84204
26554
31345
22523
59310
7735
81360
11663
21954
28044
86266
94702
40311
17416
70423
62286
74952
80506
13815
49601
66311
96066
19640
14856
62396
12641
22481
95327
42177
45006
26325
12479
59272
70600
85745
2327
92103
36889
83531
2202
16266
97015
87245
54481
85987
52569
50336
2302
71675
56845
5718
82506
22481
14983
89281
10862
96911
30943
51685
64719
29995
58742
57235
51636
2451
75174
29677
10771
15230
91981
85291
50430
4974
68279
25798
34736
15429
47838
43240
91965
15148
16984
8072
98498
18950
91539
30551
14824
65101
90535
54706
90476
43732
83103
18748
65988
49193
34463
5705
10049
12698
18858
63725
79
17767
83667
61253
51909
25694
21429
9300
99661
17049
27271
42637
56008
10102
68877
88763
98795
40830
16126
27337
11846
5785
12538
92218
32039
81003
20521
72662
42496
92078
5340
96835
29263
80099
1326
25455
22731
87619
83187
81787
35505
47259
89668
96665
55640
76229
47272
12614
70655
10281
1722
48912
49051
56100
76548
29971
16570
20308
35104
70337
761
38352
86459
20334
16328
72259
95543
19832
55179
98837
87730
8264
82845
63400
26414
58624
94498
37788
83308
91388
55267
81340
77719
51325
54225
90751
36956
64644
12889
35348
97962
59822
54307
51964
92339
56439
93377
69642
77414
16688
53770
42445
31283
9497
88004
56034
11245
38711
63428
82350
74391
38387
4755
36684
95859
48461
32042
92213
47712
59845
493
52436
79173
52104
95441
86373
18038
22004
43764
10432
17787
79325
88447
81562
49196
70183
56276
65164
83403
13271
65246
40711
69464
31768
44153
39311
80039
18385
53626
49853
58369
72127
53625
52288
47123
95986
18573
73539
42123
40555
57197
96310
17749
79158
35781
18656
2599
67643
6933
28834
49416
31950
86595
81760
48358
87335
60220
41838
88855
48010
54391
1959
42917
70341
17611
96520
81582
24179
40163
11104
94662
62499
18190
977
36009
7658
78857
30754
47572
66876
75773
86462
12713
70465
64347
9026
22010
34341
43308
25382
75113
38513
21857
9175
9291
98568
76706
22350
69723
38607
76521
839
63951
88035
74039
10195
75250
41576
88001
71900
50971
83158
82296
32518
55464
98879
150
89985
22928
68331
7144
10048
95184
21563
13007
65284
28756
24744
31172
42604
36844
16084
88335
23412
45856
74837
24284
95719
30872
83806
91153
88042
19138
79138
16508
25057
95061
63424
57610
49200
82875
85626
31669
43239
41262
88695
37392
93918
45576
58398
97029
66329
74466
40246
4829
28900
22059
79019
73725
75012
2644
62182
77243
53387
94007
57503
35534
94107
17955
40594
53004
24472
48476
48706
61969
35452
8487
31968
72527
22086
83260
90806
18927
48202
39734
92458
8269
93276
97078
56037
19222
579
41394
63393
42877
40576
49513
58122
59975
82620
30901
61023
72054
33725
64171
19739
49908
53750
7863
23820
1417
52332
67679
4053
23221
1329
45587
66314
11030
94695
7506
92536
56247
11610
94153
16663
51603
7448
27636
88850
28067
47094
58437
97436
89610
6161
23866
62668
90152
39116
30295
46558
98605
87561
45344
35785
29990
59057
33786
29184
80162
2044
86399
45934
75646
22438
77647
1195
43061
23711
32108
15113
62152
56425
15370
10213
72384
47749
78893
14583
24847
39130
53206
42756
10723
50342
89688
94229
94619
87368
3248
5270
65186
3841
78461
33299
86283
55744
62528
23486
50118
63990
72262
1965
4857
90883
85447
20504
97491
84136
77915
65382
59709
22982
19209
80135
73185
5185
58281
44098
32340
17645
21815
40475
15978
47496
30187
86433
89402
1628
95328
37079
28081
58190
80910
91471
62520
7160
55366
76355
17147
16599
89710
12240
76144
39426
65411
27279
6062
78399
27633
86575
63626
48475
91662
83336
48019
74556
27260
21120
87919
17403
82974
59590
7445
41115
9398
28029
58733
41248
93486
48366
28773
12032
77197
96613
65642
87095
2820
42342
26795
5468
42804
5401
58880
27954
36425
97409
28870
5178
45796
36812
58279
20505
63244
89586
85184
3526
93342
71282
72284
43472
74473
13069
99180
70381
70355
60677
15838
29087
87530
80424
75234
18528
51195
31688
47341
12655
13322
65860
65638
60600
56927
88831
84559
90034
42616
63000
38131
80895
81550
73175
54541
67622
18291
82053
56978
1928
81539
7696
27072
59329
68089
67141
91516
51441
55336
34997
25868
48710
74752
50703
13537
8290
29657
11061
13370
67459
41499
2756
43375
6375
81814
85626
629
57302
88233
42375
24833
69999
39241
85880
94174
19596
14986
57616
62661
74971
33527
52253
58427
92410
42711
64616
69003
44742
19448
81420
43714
64602
64885
65423
38460
83252
74840
17455
52091
88753
66610
16247
9859
22151
79177
40577
76816
64289
91549
38573
98334
2954
64794
91924
55614
83096
52634
97866
8228
53845
15283
1632
82172
30708
4832
25150
61304
48009
38887
46550
35222
20331
60490
67989
76558
25210
31941
56650
14936
62418
41008
75744
35896
72323
18455
6638
2535
95350
49344
89443
72641
41703
10166
5642
90144
35909
95120
39926
76599
12729
10078
16112
36417
99337
29224
19026
24173
2612
79902
92515
9173
87881
60422
86447
57254
73935
67700
13321
49419
83098
32158
90993
3579
31650
12382
90574
23823
36666
5757
65370
78399
53486
64049
68972
1543
32792
25888
89282
51221
11195
12880
85625
95176
64875
68701
18539
83877
23224
87151
40392
53300
98530
48917
86778
81587
8191
92262
85882
71293
78814
55436
69279
52029
82150
74422
28647
48088
76021
47476
57818
84744
97445
89047
16674
51709
79581
15091
12833
48708
3414
20520
15018
16762
16994
18398
34721
33221
83688
64895
42587
5918
49681
83773
10464
40554
60227
74335
63008
93753
33441
25390
8551
27749
96963
63239
48937
68625
75716
76621
82188
75721
57227
69440
50731
69498
93713
13048
1886
87929
89257
81817
59636
99209
6625
14933
27486
40130
63596
69784
58693
58098
16250
3393
49325
25916
67396
68993
33552
98192
24220
1954
69646
42137
93043
3051
37571
77027
81121
20910
50644
15462
94416
94211
14345
43287
76862
31047
92181
29110
33767
35148
83649
77770
9813
55126
39527
89627
63257
34087
42571
63105
70166
20238
87419
3569
10365
93985
27980
33336
52270
79698
2161
52266
30815
53628
26025
24229
10621
26231
38786
92929
41696
83802
75302
91677
85979
12139
16494
22677
7576
27354
99991
51421
24549
51227
6345
91428
72042
70637
97071
25331
20889
86879
19098
71168
31508
64949
89191
73800
59940
48332
22180
10141
68873
28706
25569
64872
61529
47242
59636
68110
72003
6589
2695
90831
33515
82803
22447
34504
58717
98609
92470
70133
49017
98530
58920
46390
52224
83138
16372
28033
67193
54785
34427
3931
78217
23601
71088
43585
99471
30044
18464
70864
95880
23812
74174
35680
61808
10186
40843
81908
75335
21762
64490
96524
71122
75263
60884
4397
61638
32001
60015
63576
94123
11117
50769
22682
54510
28133
69109
97072
33721
87830
28663
29101
70030
18038
56117
36847
85170
33419
7388
14479
81024
73856
14674
2528
28159
25422
34900
60869
28518
67036
72727
46180
68660
48894
37031
43386
92820
58536
32780
21626
21492
43843
56896
48829
48903
93232
41171
15046
33667
44410
98022
97294
74758
10014
1844
60472
12749
78395
72647
49671
26352
99025
66001
92039
96058
37550
10149
66597
19615
19636
54358
96105
12958
70826
21556
15020
79286
29533
47552
83493
54232
11774
57258
48818
3777
2272
60246
35686
43242
65473
50343
54913
12330
56658
53190
72514
48296
2736
12160
4192
53551
94268
76110
51778
55005
80775
47265
65019
16102
15403
14995
38346
26819
74001
83342
96932
56333
3329
29447
27171
12913
68237
83805
79638
30562
39253
33478
346
14724
3856
73955
9799
99957
66290
68637
4412
94677
55713
73616
81452
19808
8218
23411
91585
58184
44419
82794
62192
78923
48788
64070
41744
3378
16105
23867
27568
6704
28035
27619
67337
84752
49323
91059
2605
61363
30545
48867
78407
74728
68145
61411
51567
2068
66297
90732
44876
9015
96201
92327
4050
57728
68943
80576
83550
43777
70930
7272
37001
11228
71357
42746
98505
84878
79883
40918
1032
50173
13723
24594
28505
64599
13062
54798
2271
82111
26733
82489
69396
39809
45467
16300
67912
40990
75972
66075
15046
53275
90893
65916
77139
22501
44514
17709
61256
41651
58929
35508
96782
83976
92187
87212
31114
42300
32908
50382
33502
71376
94001
43986
41310
93111
39816
96064
14806
53886
67468
72094
9530
72674
2030
30529
88484
94348
37781
25433
97408
90922
55573
5731
88247
24439
31548
4057
74305
25765
31950
97650
37506
32370
77901
61506
79557
13657
2129
38915
31899
76683
64136
82743
87822
21487
60876
75940
2010
69752
97224
69140
79612
2239
10627
12394
38368
79665
37873
74115
94846
51014
26823
46391
92965
90862
78087
55920
19555
53048
51862
78142
85946
21068
90390
883
96059
90951
50706
52139
30548
99935
41332
54900
93558
72068
86981
30415
48012
70145
84758
29258
27174
56530
54163
74519
40639
57879
95300
41459
78154
9030
40704
57819
59176
25563
37276
30584
85813
57659
31640
10081
41397
41958
76687
27461
26740
72429
47823
60592
79172
35336
53631
56879
40706
27249
44933
25043
52218
92216
40452
5380
60183
87834
59447
68685
43243
1159
39785
15974
53162
42274
81221
32444
16682
61270
65004
51703
55251
26658
39241
40799
12368
39018
78802
15564
7273
48684
75123
87608
22589
63227
15532
55209
48361
8783
82264
69761
76566
63259
45617
93227
41446
75503
31839
202
72973
89456
46599
12985
46801
82810
64386
89478
90562
44454
29472
15545
75396
22703
15041
56672
12264
10142
57672
57294
31604
73305
35350
74644
71958
3944
4657
43308
75767
19519
37002
11654
43369
29906
47571
9166
51364
37537
39926
77096
20
84755
62254
75296
41264
85088
79609
19678
59997
69288
60087
34269
48048
51887
11636
11525
12421
31199
929
24527
21482
3116
67871
44046
25513
79076
21900
84684
96593
94093
73757
4359
16128
27993
28828
58509
11132
21349
54378
9122
89352
47491
37781
55602
49988
69613
69752
42117
14240
70351
51307
78929
33147
7250
89552
31236
18324
19014
52372
51727
20121
93334
35436
26059
99898
61033
97179
79779
98285
85081
85867
82119
84184
40566
83666
58416
221
57855
7891
63617
1617
14330
90286
62019
86040
25784
4257
53986
48970
68342
62925
86080
98302
82147
29184
62290
89244
40570
68581
93401
62969
25160
39172
57757
44636
38107
47898
28096
31
66250
16855
90746
15842
58879
72346
78273
52817
28217
5742
25269
71621
43775
22515
6479
24490
1714
62295
54591
32895
47359
6444
85905
1193
60174
94964
97645
2041
14406
52154
56752
2451
19871
61672
33456
21072
2
51008
81339
49504
6177
1278
48360
1161
19175
97692
54128
7781
75874
6092
73643
12989
67765
33226
67347
59163
22110
43774
32261
43322
90507
20515
14798
90764
65857
50188
46276
25389
66198
10136
35683
30945
8195
99687
58117
63692
93764
47824
54808
10989
71256
39597
77688
79657
39718
28500
71247
27898
20503
59630
23906
11764
60956
54241
37111
61788
87808
52247
68623
31831
29751
2844
38654
59979
8539
8414
35849
16647
95161
42574
94735
39480
93038
13869
63679
88994
54747
44460
67475
87488
63641
7111
24083
50980
65121
56994
56964
42466
35668
10648
42
57332
67054
94281
78904
54295
33058
87527
66783
72353
91861
82409
31995
38655
13972
99935
40890
40477
51410
80367
14840
3491
56984
63969
99932
18529
90077
37381
72367
44580
23239
87946
56144
32724
59735
6344
64080
77146
36499
82080
19777
49813
39938
43839
36756
80905
30705
65378
76201
26337
80885
19135
13226
53520
39577
89262
79956
91191
29197
52190
86519
85154
14544
61239
95179
29139
75284
31178
55645
51957
93710
77976
69930
48028
60528
81332
4800
43768
36019
13214
54677
21514
1813
30479
33100
5545
58301
80895
41116
80702
41212
74898
57933
52207
29770
8554
54769
66831
48060
34767
53887
21104
29504
76665
30614
17975
27319
16762
2581
90181
16005
38009
71468
36058
37439
84358
39617
53014
24827
22444
93448
97495
81003
46742
28766
27454
52165
19209
49701
65906
25042
74399
16834
69231
92811
77155
53629
19121
22524
48720
94368
81675
88558
21780
32609
61660
29649
93498
24433
32088
67654
84536
72140
87098
62516
21087
7559
92529
82446
89664
52646
49955
68010
18918
50708
94616
79010
21419
9745
3361
55126
92505
15602
38524
80653
36916
98596
19557
24255
17513
16631
55487
94106
1678
53390
