95714
84683
4523
85457
6164
22993
17632
358
48507
10855
25825
82823
43888
60786
90785
76246
62954
76887
41388
82704
36092
73016
8268
63860
76099
15754
42833
66650
6004
63044
79719
77537
24141
36578
48004
8409
88735
95652
32948
5737
71991
19020
26352
80992
6150
2962
1748
56482
47156
52487
11155
83926
37164
71846
35816
5628
39024
36537
87562
1908
42075
44626
78498
32136
29912
85419
89640
16003
77261
45695
83227
85573
80390
54521
76736
89461
3089
76781
14514
99097
51807
28698
26685
66654
48231
38914
96685
87398
51537
82961
55738
98782
84899
25796
32915
43834
2897
2443
5667
17973
41011
32929
4506
95725
46260
61957
45577
32675
95766
69801
98432
32368
41466
80975
94437
88910
59718
72073
70634
64773
67114
5522
29489
78274
15036
93299
62411
44835
5513
20839
36955
23218
47604
79460
41691
62802
85918
47197
92128
89722
42823
75720
41504
37233
42192
36681
51959
76932
8139
61434
69085
41195
20029
93966
91513
90897
10385
85168
43201
55530
80951
66275
87331
50760
65491
13594
29603
189
62280
7081
42320
20220
17793
59208
47855
69873
32545
14947
83043
17062
39966
33713
69508
4877
72705
47699
44743
34500
91426
12899
33546
76307
6382
33171
16571
37448
67763
69007
2615
59932
78669
393
30595
6460
55625
25620
35559
3775
7387
99228
19724
9224
40604
2860
64778
90048
97189
75871
26622
35209
49965
38998
7376
29791
72660
60919
5255
46012
65440
18035
62506
46571
6773
51729
76107
32603
18609
91428
32668
42964
19660
17064
35223
78966
52736
53132
11135
3313
58458
90215
59511
1428
17306
51273
12391
8003
71164
1274
60553
73275
68174
535
1331
23580
50654
82658
93112
18180
40280
97018
18209
19921
3206
51422
35617
14008
36898
98257
44275
73379
91649
66601
30430
30492
57758
41779
59635
47370
6421
97635
37460
80804
20335
97409
96283
71972
11432
85160
18227
80319
72069
14716
77907
97728
23835
73208
46395
24635
44386
41494
34462
23329
12188
67157
12555
10423
70717
87103
26946
59013
59155
75910
25265
2621
10244
9459
3356
16520
12541
37318
57629
45154
65644
17479
27370
48196
60655
19362
99770
44172
99678
59503
60265
93736
25017
64204
2178
88813
21482
10937
11521
71655
37630
59910
58061
40685
20371
71562
76930
98868
21661
93540
85951
53893
71026
3567
94886
88863
18633
79083
95213
51637
88742
36038
95572
35595
50615
17368
67133
14204
86692
66394
62596
12854
98059
69230
30365
42176
38323
8098
13856
77214
87350
2149
28418
66350
22365
16265
10681
82755
5958
53114
98021
63720
78079
8367
13759
80327
7673
73532
97615
94130
84111
94882
43443
82786
31256
6932
49468
7837
26085
48196
55604
62321
74992
39309
83697
72204
95933
28493
55392
98683
9872
73719
29477
62227
4651
40040
65350
13783
47046
67614
51873
74723
42570
20203
51784
30020
18494
91284
11059
13264
24947
28431
26585
99788
8135
58043
79952
63754
54763
41888
96650
20096
31156
57517
33021
71532
34183
45097
7319
91468
25855
87625
29339
98797
5850
73691
69774
87769
24167
83482
16036
93869
40875
92319
31224
95480
73456
83907
40963
62044
55041
6619
75390
59957
47109
10213
59711
67113
58923
3389
80839
26635
42100
30291
17655
52913
77436
59808
66512
57553
64389
65588
37359
81851
78206
29847
79973
58593
51384
24275
14510
37468
34062
36876
75983
12098
76369
98352
87649
64142
42906
44861
80425
69532
33335
68441
9611
50876
2845
97429
98638
20263
91520
84502
62630
98066
75906
42682
66046
83375
34530
23223
1128
87641
41912
73612
42977
34209
16409
17092
827
94919
3488
61038
90166
75581
43426
6210
50869
69370
10950
93942
60656
65833
43774
86084
61793
59422
69159
96967
9494
55277
10768
57415
81400
22193
91364
97216
65797
80006
93423
25656
97193
97487
93144
15309
71198
98033
95762
7814
54709
64098
31857
60019
11225
18457
45682
78119
12869
10838
18750
86004
79092
55499
54241
81151
5410
84674
19998
69825
42631
20372
1332
92768
97967
78342
29187
27301
35764
18287
61198
94882
65919
7561
30276
12387
33168
52667
14844
92413
3452
76458
19838
63999
26984
72109
80811
11309
65585
59798
99612
86669
89911
75338
1450
86129
96247
67581
29523
32852
17601
81813
56969
56816
69057
20567
11676
77084
4259
64433
72708
11009
4762
86831
80207
8856
18366
82643
60476
6171
62073
86277
48254
39116
22465
26617
34857
93293
7009
14967
8626
25800
97614
38668
99421
8180
60879
92510
17052
7164
6341
90093
85195
67068
46362
81601
3750
64073
97832
75779
80568
79651
69892
57418
3545
75434
27660
7950
30249
82639
45045
24768
75000
12524
36886
65501
56755
80649
12564
32409
23588
66530
38169
98083
67811
4037
96886
80249
43873
14223
55875
14840
81322
94348
65516
40110
95506
45703
2726
52411
75394
49123
21228
17366
11330
63426
76083
32919
39472
87300
68610
2518
61193
24278
85328
56754
88569
64776
18502
59634
81072
31235
73800
10877
94536
91836
19714
579
26958
72159
74330
98194
14266
83476
92681
11343
22429
81169
34969
26004
23791
93116
28031
72430
81772
38608
28227
27710
96668
51205
10572
5136
98139
99624
17886
33210
89386
75843
9517
13052
83042
88602
24853
78205
19442
71425
46461
54148
24886
36794
18687
96937
54330
22610
38993
13613
61127
17560
71559
85552
5346
39483
18829
2258
94044
85755
27273
3213
42481
37872
52390
27802
84252
30812
27473
96028
23179
72463
11151
77313
50253
52161
23168
48904
24976
71099
24923
87597
76201
74349
19410
47865
32598
89789
7879
71274
35638
7285
25176
35742
40317
40965
65153
14650
47665
59333
43995
70947
77456
39529
8504
77053
9815
34955
31765
32960
32339
95342
4503
50483
58386
77970
57098
76381
92262
25897
40094
42238
5614
77774
48911
63697
39524
52883
24469
20515
76139
78074
53150
49814
42139
2279
30276
11642
67892
98359
86307
940
19152
92978
59589
491
81435
14033
90382
26117
88319
33722
56982
35993
17601
30750
73191
26020
17551
63006
90269
88073
18628
89436
44489
17637
13609
4095
18110
60139
66733
14247
17921
88620
83216
3762
2936
66931
19339
6136
97783
25263
18517
49485
68883
61196
18959
43373
19970
71500
96724
68905
86494
59271
54441
13201
10982
55444
68034
15995
68478
30652
17891
60491
63848
43539
66783
21577
35827
66057
78981
69417
10151
79418
57075
68678
92340
88675
29285
52575
98407
78531
80168
98698
86928
78185
59447
26620
59879
35140
90265
6434
63015
89059
48052
93234
62817
11906
18354
51164
71180
60794
36757
74357
47265
97984
34674
95717
48392
42509
45624
1804
19647
47523
82326
68420
10759
86872
77683
65245
42480
53572
81083
85386
52662
84446
2053
67661
72042
17372
60656
15507
59487
36298
94390
21367
64
6692
95349
91226
80715
50612
92960
98973
22354
99943
30397
12700
1140
46374
16903
1576
52984
47525
3022
8907
10164
36549
19256
5657
94726
25658
19894
70448
8939
85439
37833
2517
15013
25169
12368
11448
20798
53869
35165
9319
7281
67390
87953
35675
11588
46242
94172
85894
21467
60366
36515
16232
1998
9997
40265
75395
63803
78965
46770
30928
16403
68348
29252
40294
43111
23897
3878
89692
27061
39699
41057
34152
4210
23005
85444
11963
60480
37531
19417
80110
53183
78171
64099
88275
36366
12974
70532
47219
91530
29252
13062
22834
95328
82336
50416
38254
89751
33588
3046
85572
98856
92683
7111
9569
95374
78767
44217
99952
27314
7834
14398
81118
92536
38030
37298
31971
47346
75234
67655
12400
26315
37981
18426
645
46437
81517
21564
78768
28126
30074
49565
96913
19452
57255
30184
8751
50024
55602
37699
24947
51946
56483
8752
73099
60500
93298
75481
55598
33760
42864
88646
88532
82044
28465
45807
76237
64215
41317
89065
76944
53247
76454
70737
32285
71637
6273
79699
55845
21043
23269
21529
55254
32218
30536
75831
46758
37511
71990
37797
58886
80491
42617
77051
83562
98069
57944
95060
71481
49453
48385
21575
33027
42667
62893
18590
88745
16091
24711
66945
92238
65767
55330
56919
31467
98304
34571
97131
10181
95312
92533
33871
51784
29652
32742
44928
29937
27978
99062
32267
55261
61220
12772
25470
4371
52783
86309
95266
2288
20448
88574
99582
35563
91151
40140
45175
62799
68364
58518
85948
79782
47618
95662
89007
56112
89179
68301
78409
8325
21774
26907
89169
16292
22770
18217
98746
7816
5149
79538
35384
89827
99924
15308
73244
7023
51800
21535
448
94857
91432
70934
1003
69439
19911
80819
93021
92487
95813
48840
39873
8845
17833
50668
9263
38556
29333
7576
65506
58116
12984
5488
14708
95991
62731
42361
6029
91344
63709
91038
53271
72714
17361
3804
31721
92390
60041
75711
15036
73170
54287
95057
99286
80791
3625
38982
48970
2276
12842
94755
74926
61994
97860
98187
50139
32683
27359
90384
37410
7959
59988
11363
21184
4708
11245
94876
39417
56057
66849
81122
93608
71259
49235
81944
91743
79574
22816
67389
78391
27412
66221
37967
68464
3428
59553
49051
81178
77136
56999
73594
52585
65138
84806
44389
16921
61188
97888
7455
88317
35100
69709
41233
91106
26678
42666
86738
19594
98408
2129
48670
44399
71295
39282
19332
52580
20890
49021
41903
99408
91482
48176
78285
77645
13829
1992
6601
38561
92959
31006
57269
34599
66939
51152
16930
45741
51524
16783
57622
3576
54286
99914
36107
25389
62356
22325
99230
48860
21380
83062
56049
43675
75634
820
85100
97539
78408
65240
34615
29528
36941
42792
33291
20395
20234
57205
83006
33667
47173
88231
20281
91072
76360
66207
81401
33124
7627
6145
63199
88568
85824
49597
72019
4375
17574
26848
23669
60266
88471
69710
1868
56961
42769
4255
92850
21001
98478
82505
55809
5709
41398
94750
52524
5707
40163
20033
59919
21926
40549
23552
15806
25983
62492
39621
2402
62325
77369
5793
15609
52704
41510
10051
87712
78980
35548
51377
64996
99862
12443
92066
41341
79733
5013
82471
80125
90093
65336
82964
58841
50813
29191
62240
83244
2579
94975
47328
38608
849
80900
26746
58824
46101
73820
99508
13731
90078
64545
2340
44538
99356
4148
52585
7880
77978
84645
75481
58563
32226
56567
94866
17071
76644
87754
83372
91433
93131
75920
40587
40122
42011
21231
74435
72090
25012
93814
17814
98426
21380
89562
68800
24870
33283
19385
51703
3879
96839
85822
28284
98170
6590
95006
51207
17946
90562
36667
85753
81687
78264
4040
41438
27050
57339
86457
7033
69989
61866
39823
74116
35940
40962
36799
90025
17665
29994
91595
5461
43479
60302
20492
27894
51291
96877
89749
73971
31484
23523
97758
73949
30157
98372
43671
53039
33662
83565
37964
27456
87573
40649
80940
27028
66615
95805
50271
57540
44238
75352
11618
77302
62990
66708
65710
26076
86006
91240
99398
23120
62918
66586
96501
95117
12896
43813
76416
44575
43020
35407
79871
13420
94967
82555
80806
2153
53949
69157
15874
4191
6074
79013
77987
36357
63055
35665
32662
81757
48176
78529
84782
11132
10636
92536
80792
46442
59329
28166
17371
74256
3731
7754
46049
61959
79472
32977
41063
62803
66013
80985
99916
90212
84726
94256
25912
50790
38207
17935
82287
42231
70195
92010
92484
9784
70083
35913
72300
90656
52901
43553
63412
17366
74332
62911
44769
67565
8041
77787
90845
93410
8169
88006
6280
9161
66132
87536
32021
92947
37069
79818
25608
12875
98624
33683
37263
86279
58392
11930
94474
21010
96239
19228
51413
99452
57089
33062
65788
43979
23302
33534
54395
86303
82823
94310
22381
96062
99526
4727
28606
15176
86506
74653
27411
53925
40316
4389
69344
68455
56346
80569
82660
77783
20340
27395
47835
98058
55151
53357
12631
73861
80124
64441
14381
58670
82479
55534
69198
13957
44055
77513
98822
75137
38784
1513
7701
17637
41123
22830
50495
73157
19618
61603
63474
61778
82795
65969
74233
76638
76763
67246
90434
33406
36435
40829
44375
29636
35265
63178
28129
15875
79461
16266
41001
28337
19182
14581
25489
41364
28649
59930
41870
57327
76055
6508
50039
71057
83274
64818
92703
17917
92244
31190
75840
60532
10771
70307
55216
12874
87566
79813
22805
81274
56441
71606
95436
94141
82694
8209
16914
92689
32177
48433
94720
65060
6160
48840
24263
37264
99670
28913
24979
74419
53776
95070
90690
18207
54777
91573
5521
58232
14738
98068
55276
29222
41883
44702
1476
48658
33782
63791
81105
84100
57971
31987
50323
6350
20252
17351
31349
66910
86853
75930
46095
50819
33763
14002
78271
8325
22589
2713
67797
66872
18042
47061
30555
85775
44171
77539
15936
84123
15812
73780
84488
73582
1031
2654
29059
43820
87668
89650
21872
74689
67861
49340
22960
17294
35129
97735
93068
60779
77187
46952
40082
51170
76645
11416
78352
66687
114
92953
23981
90795
28669
49454
93175
49176
49507
89474
59275
41462
53902
32479
88654
55288
86449
86170
12540
90447
14668
6934
36397
89155
70161
98416
79112
46192
76320
68543
99647
38190
52541
32852
2324
15782
80584
46165
21104
37992
44923
59857
83280
67206
31797
19891
12269
54938
28404
31976
41711
76559
71899
14795
50519
62127
27098
41685
64859
62619
14957
45173
70783
78488
81390
16670
46882
77292
10344
10059
44745
90023
82039
75990
83294
33041
27054
40873
49883
43896
83461
6270
978
26725
76669
85622
84580
30853
18008
85727
53569
79813
2243
74657
57425
512
14259
4707
8673
11747
64796
78914
66829
56511
8834
82179
80673
66060
6085
92051
30071
2270
75564
28034
68922
57530
10873
46986
79302
45968
96902
33772
36994
65990
28717
2420
74655
30630
13154
10168
16137
22714
90777
18936
74305
96104
48095
42616
98919
16747
96875
67734
35335
57585
61285
3302
47544
72237
7686
52583
84213
15311
23016
20246
3154
55853
13562
45599
32134
4802
45060
5167
39582
28382
94776
2742
21840
12778
77542
11074
57614
13131
26244
6098
98832
44650
69154
11707
30619
3547
41738
56883
62466
39850
39139
48828
58808
46662
27664
37175
62382
67902
84746
56691
23538
28576
58132
90420
39535
35544
95602
24428
40417
29385
19139
86029
5919
51710
86742
63711
56461
83722
72681
55598
50483
55559
37749
66842
70252
85401
97121
23217
33234
92592
92472
21166
38212
87570
25337
68752
37770
31888
63923
88546
39197
1224
54644
38122
74089
9551
39042
20556
40564
23733
41964
15188
94453
70846
7889
77195
53519
28147
14014
87138
97252
37994
5876
29949
1072
89911
93537
34919
20079
90282
23619
2386
23118
3599
78194
25172
66915
6636
28384
76873
16755
12750
77774
25222
28822
83147
7839
72188
11637
67775
46369
32400
41869
73398
15081
16211
32062
5681
5074
46878
2015
98362
7117
71860
80569
18813
89565
94940
56193
62075
84017
73757
12992
43622
27035
96545
8432
90570
48150
10131
49671
21209
49471
45403
71639
87732
45931
1968
1665
76254
25631
24810
90820
92458
30469
49228
16886
64732
19824
72675
12476
96514
42736
82017
28573
57591
44115
93856
38926
41571
26851
21108
15097
2929
46717
81370
7325
27057
8457
40754
702
96484
27094
81317
64686
22776
89592
60158
85161
43735
79314
18020
48374
13275
83712
53203
61196
35093
51061
69992
32811
50084
18123
97903
75731
45673
25702
87099
88781
54609
29760
57259
69214
38610
67494
16121
58039
77769
83700
25376
26494
30339
36151
13413
80824
54765
9553
96842
49691
98973
68759
98736
99037
54253
50495
49378
46059
38250
69960
7912
26892
23469
90790
14981
43750
80678
63040
86163
47170
88311
22304
61724
64293
59943
85791
5738
35168
52783
41245
98394
23336
87783
95091
20717
34837
80229
94398
98127
25240
90851
34016
90759
92926
20775
14626
9181
66483
15480
59076
16776
20510
25760
22262
59043
54008
18588
28714
69022
49679
46276
77543
17090
70472
78073
30163
21883
27063
19611
95472
59906
2702
95250
65403
50342
21084
44434
37115
13670
5434
62244
70197
55851
97714
58010
74847
23303
79110
47985
93561
37798
15348
84178
18692
3453
28931
70582
62488
32242
52543
62985
7691
85354
76271
10343
56183
83942
86199
17271
75974
61350
93026
89887
63222
69032
67318
52798
67185
56045
43677
18417
21804
31718
76143
76922
80881
37351
38128
21162
63936
33544
50573
32924
14942
97479
46628
16932
61496
28569
82003
25012
11122
26291
13517
12353
712
32090
96083
35027
69088
49188
77889
63839
94869
84636
53676
8702
5249
10542
75511
30902
2749
64474
73799
63916
73366
86438
28787
70764
92820
56102
31105
43821
19908
95177
27319
21809
71271
95350
42638
50914
95558
65392
60494
13567
50410
36406
15825
25308
92900
23908
38845
13152
39914
68711
71547
86044
24606
13289
79955
72333
41459
56017
23661
76228
33847
99627
17491
16395
18681
78212
11464
24298
10147
4425
19086
38654
87917
15344
66322
1918
39731
45683
34380
92391
90888
592
17465
16788
99010
36553
48973
15365
30977
88434
92279
37383
7154
74934
10085
54202
18944
94113
49121
91667
94587
59126
93853
95616
95877
10507
74924
80902
57280
82936
93233
51285
43436
66388
67266
93479
79397
93600
89264
85084
3263
69018
7820
28691
47675
63006
22518
1420
47833
84825
99633
72468
74299
67120
86056
92214
2616
40754
33476
76889
28365
96136
88036
99318
18364
33653
82020
88211
99206
12145
47580
75701
96572
7153
80715
77579
92041
75965
74171
70285
12093
14845
99824
49275
93481
82596
60406
90430
30100
78782
3282
86723
1999
22348
43779
74524
17707
74988
14453
51882
56174
29859
53245
16120
99230
42734
52484
81039
19428
65857
91
89628
10516
90941
86585
41264
25874
47855
75037
35132
25347
44772
80182
59974
46095
7239
55721
81976
96365
98184
85670
9728
64213
93899
59843
19721
39832
66341
41545
32882
46773
94667
12653
97107
7722
89399
62901
85455
88468
16493
2798
45949
86293
19645
2335
64267
8055
20013
22043
43564
64077
45220
49401
42251
31384
83371
65930
94705
30731
16612
24327
89678
14235
93491
21068
5157
28505
89278
72474
717
47108
2841
68592
35129
12833
86326
57006
44192
27502
66054
44136
29699
21156
74024
90801
81049
99454
11287
1079
70660
10577
719
1506
74752
42336
21548
89173
10202
52478
76050
79298
52621
8497
99526
57146
74037
68451
72439
83779
48443
67825
21104
91001
58172
99272
3493
61492
84586
19902
61947
91593
2866
87525
54757
90941
2869
98569
3064
4846
32384
23830
37720
78283
94763
17088
42335
5506
63417
68814
34967
35338
69016
35482
23982
41371
716
16818
40947
23010
88629
91167
98116
58462
45842
69554
50110
43963
37906
81377
37790
27273
93156
43726
85567
68590
70287
68786
71287
73478
69595
85620
48198
89229
39894
57848
53303
23668
53241
11192
63077
26278
64896
19589
86880
73074
51263
45908
56373
97355
13768
83271
99239
37956
43727
79259
49562
32402
7905
68815
75618
45956
10549
51499
71098
42202
64655
48209
69685
73186
68686
15365
9445
31960
31989
54825
20000
79389
18894
11444
35235
29374
7965
87523
77078
54543
79833
68630
34624
11340
12067
31507
10561
12623
59988
10010
68029
72414
90132
33589
34734
47198
86419
44213
62914
9176
31626
75833
27828
14241
13198
30757
55246
66343
74431
2153
65265
28604
2001
24067
95020
30367
84664
56085
42392
44629
15621
50113
73116
86520
37939
60580
79534
65077
24181
94512
37097
55843
92781
31175
29586
54374
76475
80479
144
93308
12003
79808
43994
54428
40376
84269
78102
84193
76988
85965
40715
54103
24491
61668
48762
71174
3967
65964
94364
4461
15047
81475
62038
35301
94104
16570
2617
34841
3293
15
63010
38275
32469
16061
63257
42156
27935
69786
87856
13168
48998
4696
12313
64490
15062
41270
42169
85444
81636
99931
5765
84540
11811
32884
95378
16500
64370
42911
34004
83421
86577
95312
40383
9130
1896
34522
75406
95165
5793
64336
88479
48786
23455
11355
86512
22548
97111
33281
5848
20330
21131
58874
86153
24265
35015
65247
23364
75008
48688
2885
10062
75834
26523
22978
44945
84633
31167
31989
3443
301
91914
81810
78565
67317
2037
66168
46547
95850
37744
93985
95177
12403
36099
71794
74366
1752
17615
20718
15657
81808
36913
78708
34761
43008
80781
71820
97856
46688
7321
7539
35922
45596
259
11522
60840
78357
89568
7528
10315
12433
20424
69060
93024
70120
72915
95658
56385
85516
40907
18758
95152
31492
72921
20128
31913
160
17824
50710
97292
8882
85335
28823
60457
93086
56760
61498
23678
6214
40992
67445
30597
85776
65799
36880
19089
79085
29289
55764
62625
29453
35237
12356
34551
14080
55822
60540
2934
7592
6018
51545
6274
47807
92101
46475
57719
20298
36070
82506
82558
2180
49542
50761
34728
22343
19551
46079
54294
48761
1560
65348
67035
62962
15039
192
94631
29398
90532
79364
34456
48564
14963
11372
10973
50254
40363
54421
56622
91004
19497
60792
58740
92439
49303
87039
31330
62444
12909
25321
3168
42369
9289
38040
17692
92603
69788
23205
19356
69098
71992
45681
36559
65549
87407
27268
7155
98649
17111
76184
76678
2771
52428
23807
41962
31857
44559
36020
5369
70266
62471
73144
74487
54175
48656
17660
85417
9114
57862
90483
46615
77605
59114
41448
3049
58808
76861
86992
4254
9434
22689
9107
67311
74833
44342
20214
20155
13776
78310
25299
30197
18271
83774
73708
47959
49046
72784
36166
84194
76679
3784
57527
62646
17148
70921
98767
88343
7682
93964
50645
51811
20093
79248
53446
40814
77038
24182
10853
32923
4591
27428
23622
57081
10671
59083
42239
66376
60980
78885
38514
95600
49193
21366
81067
85550
38688
78678
83400
74882
83534
33304
64166
96662
9654
34988
74332
19679
10703
15917
35009
18227
18993
35337
46275
77080
25089
33676
34370
4506
52620
28398
13441
22376
44803
63006
18235
2777
96896
13505
12595
28288
43391
21874
60928
92049
92213
83049
10196
86951
62511
56028
83775
26020
73827
30362
70565
98705
22043
37075
13160
63450
45641
40943
98263
8509
50903
78845
92044
89184
42517
57387
87963
14671
64088
49145
39312
56759
87056
22941
49174
11738
35514
92435
6789
42846
36413
82670
34297
8325
98625
86941
10534
89724
23672
93742
83302
70172
78202
30103
20616
43795
88279
14959
90751
99895
14003
93922
92936
61178
69264
23759
75412
56724
50656
28718
3630
4948
48282
60737
69513
96668
43565
60944
87792
29283
24296
53993
37832
87209
53944
58326
67200
49203
97268
94120
90424
98747
60021
3014
89669
50668
72001
78240
20005
43689
59658
66626
98261
31690
72978
87853
48239
39635
88724
6958
9737
42485
33347
86734
39345
43287
37239
18207
77977
51398
74436
10883
23752
1689
29202
46348
27220
96109
54015
34128
64839
34585
75503
87240
44378
80478
20877
16799
39376
70226
49515
78010
16959
27156
74397
11226
98781
73341
91736
10723
35199
92541
60996
70616
95475
78867
22524
65113
32812
99349
44898
71412
77595
43516
53657
72174
16061
86188
60811
2593
89249
2417
54116
28032
2521
59548
92994
2072
8986
72913
15703
22080
24147
86199
46824
9074
66013
89747
15571
54229
86453
21174
78540
55270
79990
91910
97654
88383
6791
39920
39965
64756
33293
88191
85890
9031
81845
91417
2388
50364
39906
97317
89159
75166
20239
82296
88990
89576
39973
73210
97723
89916
34477
12763
78905
8786
58519
32431
58322
9913
16853
91395
13894
35510
98029
57651
7910
48454
20596
5518
10285
41624
53273
59303
18333
55979
88251
34096
73445
69622
74999
62699
59208
72043
40670
46261
43864
45488
5052
66379
15035
9735
75818
82948
41202
71609
32201
33802
84737
84953
6639
14870
20105
80214
21292
22449
54827
3469
2134
26377
18505
86070
73465
21443
81779
33472
72640
45328
55763
34963
30773
48414
72248
71855
18016
42702
94525
20389
57386
72596
26327
81880
38146
45576
60676
55137
22257
99129
17945
81954
35705
45952
14203
24749
8726
33298
93565
75986
12961
22880
9085
265
25307
45035
4764
22028
16077
19363
6287
34968
801
72371
1306
56971
85794
92460
10299
17312
27327
39629
92960
53376
96191
88306
7320
82189
47403
43456
410
1462
2165
15274
1814
62953
92613
20668
9742
3455
26174
48900
43490
69429
2614
28361
91805
23376
39562
86768
34867
22479
19820
67960
88981
83591
41123
38458
81753
48853
88162
67960
71988
23349
80462
29673
21048
72537
56751
49142
2924
65377
51071
35957
4588
92399
63338
45845
35508
88205
30738
71419
20676
31404
55924
75226
84738
99070
65923
77458
19035
61327
30159
67243
93168
37043
5923
62448
8839
13300
58366
37724
35237
20229
51232
87086
40303
29403
44495
20161
20872
44249
27802
49677
71054
16892
57185
68372
860
11188
6599
93779
76679
7911
13406
26683
6911
26581
98213
58186
55437
3128
22297
98336
54603
3490
34397
36530
55527
89372
92540
77382
54032
13238
13805
19772
70129
53461
58792
49348
70829
7382
14189
49244
8392
49738
24310
57565
5824
31959
63031
76199
37179
39962
46428
98447
56592
56892
79214
83772
56241
43696
49521
36847
55264
89897
60793
90910
44090
99806
17597
5344
91789
82183
21689
38934
3080
32136
88960
13536
36292
33140
79336
49747
10159
90690
94789
98936
93600
25042
9508
85859
38658
54798
20821
72471
91156
53832
81095
62282
67961
88857
49650
80321
75529
15245
80304
42568
61096
19434
24670
87744
44639
93957
71152
53076
43192
43277
91256
4369
85307
44264
45961
88538
41082
59666
91464
22322
30855
41984
41040
65324
61044
80778
82819
23835
36406
15358
69491
31867
53798
6994
89860
6494
20208
51180
83240
63785
4370
48589
24189
6420
32277
42518
15657
68135
33492
76661
56973
36886
65869
90899
26296
35452
39152
86532
5005
26443
37895
97533
31850
57619
48081
42468
30783
98157
10470
44498
32317
12429
84900
38058
69550
25748
67662
64463
57311
74674
30433
75234
20270
44113
33923
56011
12171
24782
3618
66895
15405
6715
90118
17727
48163
27813
8470
93448
14864
41818
69391
66965
72173
57900
57372
17606
39478
83691
73787
21046
52718
77440
22286
69809
46025
29302
24846
13034
76199
51912
20217
12915
50159
50024
72106
44818
65016
35490
93655
2964
86145
66211
25385
1244
39709
88618
59766
47682
33033
75806
64147
13941
14342
91403
75120
76013
99258
48841
48722
68461
57894
12253
58553
97270
79279
9015
99734
16980
81456
91404
79007
72971
17307
31599
81284
52940
98935
28139
15428
77765
58654
51007
85683
7704
53569
86576
85767
62857
13774
49624
75260
80715
24435
80016
65982
92855
98313
12008
68299
30289
85177
63152
46125
63389
30764
39781
75710
90908
92688
89281
67235
2290
26723
78083
9873
4223
17966
99229
1436
20352
24693
56366
31274
77601
12430
22285
94438
61889
13706
63066
41976
53052
10889
99666
3729
26096
25835
18207
94824
86199
69952
25629
3811
30862
30635
26606
23659
6673
32627
17782
35280
77367
34738
41464
56918
87626
53686
2912
14394
6019
63528
69826
83591
3806
41920
70543
91007
2338
70129
57339
48834
30578
40869
35929
72903
22559
28660
15249
34896
32290
87070
28265
4332
41015
49754
96131
53023
32652
70846
73693
64873
27955
58488
25787
60043
49114
70698
35700
10946
64987
46435
53293
71392
94835
81607
29885
51002
75626
50757
8729
43597
69311
76974
95346
31413
3998
24250
30517
31390
15470
22699
401
36604
8194
22555
97774
42621
22935
27317
63899
5151
33019
12496
17486
44088
3210
12366
24497
32824
36110
87548
76563
24550
40690
89754
9765
23597
56920
70600
58792
86994
48803
38800
95291
13738
37276
99326
57475
61753
71283
61256
4397
23577
6626
90518
62198
49032
47670
72640
57088
2928
23945
45834
88921
19449
87184
958
25509
75833
32261
44610
59235
60790
12514
74070
66437
75766
18854
76743
99830
23226
56052
93759
76933
96009
8524
70276
95787
91006
27612
21129
34007
74126
6514
44654
90895
11747
7022
78267
52792
83402
57070
88478
71594
92850
77970
48341
28304
45799
90150
86659
68731
40888
82372
91520
77568
21375
80940
95772
55262
44474
33197
40417
17691
70630
63572
83503
68851
72092
50508
15626
79335
61783
50416
17760
21950
29626
571
66759
9605
58070
7506
60153
47554
95790
80998
31652
48661
9178
88321
86255
28009
16765
46856
34442
32314
41453
57562
43021
20044
35121
92816
24012
61081
7326
71953
51837
74191
13184
43606
89437
56773
95935
29599
20080
7974
49707
25213
74289
57686
9293
89223
31117
89479
23999
3359
53154
7182
33946
3573
60813
39786
1707
25634
39476
69228
26415
31789
78834
27703
90258
93182
96429
67789
64612
27093
84667
56939
73073
58477
42525
67236
53226
55743
93442
84887
85610
76940
87230
25565
75353
14860
60816
8952
2381
22749
38131
12790
15060
69677
27604
44447
53629
32773
11291
49780
63126
70543
66286
5323
7076
54663
64099
63800
47196
76158
99645
70908
62624
49125
49267
70545
90141
83299
30240
40711
23026
64431
69156
75793
36248
96831
86248
56142
3266
91967
58911
73183
7241
89670
11824
82880
6104
19948
2607
19199
79857
79189
25615
95553
84792
9269
28058
57497
25925
82085
88890
91710
71258
28783
33068
55754
57054
89992
20629
92503
6338
14299
50516
23498
65608
90192
2686
37418
19567
68095
47965
8064
88781
89287
74910
38420
95895
51612
59361
34692
63208
74734
49309
81755
33648
78280
81311
40818
56134
90514
96480
71141
25240
58115
69864
24614
21246
5846
77382
45256
31906
43512
64073
95789
71087
21829
13448
55812
99263
44819
6184
11263
33945
49262
80818
39173
635
47000
27445
5382
64448
41876
92417
96467
32772
57531
67777
66019
91848
24165
58245
33499
60303
67038
38983
93887
8621
32441
56991
80118
92844
29401
73877
95281
18728
57539
46564
44803
98362
26757
8979
80293
44
42882
10220
73630
45293
26368
14484
65238
87702
28942
85327
49271
60607
78628
76584
77636
78006
27316
68683
79781
71121
17972
33082
12261
77075
84080
84286
63081
141
78640
85412
95595
53349
88942
94997
10972
22792
80614
68172
57723
26709
86049
15113
37640
52997
9043
79340
79452
9021
57841
42323
61611
47387
76848
40965
37345
26967
94983
95166
55634
463
40676
3899
65467
64178
84589
98559
15446
30400
12216
52173
54646
40440
35307
1691
13527
20573
69562
66266
56755
89937
1186
27912
47670
89820
79492
99121
73259
43218
18967
96392
82781
43282
65417
53266
1788
78137
64836
51135
85406
58606
11727
75281
78376
26988
45419
98625
92935
64870
51728
37102
89168
62998
35326
8638
24647
48272
50967
98447
29854
51371
71288
49352
18445
83510
93209
93525
35564
22298
31736
82603
72239
87899
44525
85712
68913
99568
82056
22615
12562
56363
76672
3955
52478
1705
56786
37001
62578
19269
37449
24398
50472
46830
30985
31408
74976
18987
64388
68100
75285
52405
72790
23411
11069
32216
58205
14580
53800
55351
42069
64497
13052
26974
2713
76591
6680
78691
59950
65021
83471
65395
18346
7851
64946
50267
19543
6918
75652
79874
60835
48004
88540
48190
90971
36103
44721
57086
17506
82707
37783
59599
70913
42946
69485
90787
1855
39021
35517
42291
29120
28099
21504
80871
88056
37152
1969
25780
54060
70505
31875
93798
43341
16001
43842
31955
31725
52017
6032
86404
57617
19122
88273
31844
9198
75288
6649
24492
96594
37571
18405
11298
56179
13811
53858
20400
35370
98160
69699
76423
65906
32202
46327
72306
45115
57247
60381
22356
49638
37611
96115
63486
23423
49608
42636
76028
51831
74853
57378
50182
67075
83458
53321
63399
45511
9878
51049
1928
90291
57708
81420
86455
45183
19181
22729
30446
64648
83307
94057
41310
40491
53011
25686
77499
63401
12293
67582
87338
98850
33747
27381
64607
2714
59421
89410
75213
74465
9203
24906
77866
30587
34307
89573
25612
27968
30146
93914
85807
48188
90492
68138
81886
80554
22331
20623
12445
72731
74388
61275
37933
70715
24933
23514
7406
73567
49333
2031
21793
78287
44132
17785
69971
42274
78209
57362
96461
59102
66299
59906
85123
94608
11710
3168
69031
4083
67161
9683
87877
9363
82042
29580
39512
29838
71031
27013
24928
79546
47957
19370
17150
78671
73661
88725
92230
49368
85336
66987
65379
17540
27732
84394
28726
92636
23201
52824
86383
22864
98421
70378
61053
71617
15616
4800
76108
23747
67243
78525
76363
94695
37519
49579
45257
68551
14061
13991
47233
49117
3634
12479
84520
39800
70058
25160
21873
67405
24634
47304
74412
57619
74240
42638
4038
44848
6998
90319
16535
58302
52086
62946
45457
92580
9551
58771
27134
75453
53648
15049
95818
83004
85160
6180
68779
51368
26678
29398
91704
33570
87544
32629
8895
74745
97743
13821
28099
19281
3009
60061
54690
52599
27339
75121
63185
7332
33330
5756
19593
90012
74295
14455
5490
53012
7434
4071
82570
52490
24841
72095
77332
4044
57615
62009
35516
43164
90729
84420
1188
39175
6656
17501
16487
15596
43293
51860
98139
44660
30601
29052
71274
87499
35220
44094
15598
82355
19919
75529
76230
31938
51757
87536
10204
26034
17634
28940
32001
18313
63659
41875
1111
48245
71633
93831
85636
61397
61892
62236
45781
5533
83462
29222
97688
69085
81473
17667
3783
68608
37892
1328
55791
67120
68365
65025
66269
5753
8207
20846
86801
57931
88527
6707
81156
18454
31378
70026
88809
47393
15329
65713
48294
49661
85107
4244
95769
24778
22375
34489
3550
30212
36024
25128
29525
21278
84114
97253
36117
43601
37372
85472
29839
72698
83585
7478
14718
12064
26972
87333
55086
18329
55110
10227
40785
62956
68203
80511
8968
52364
36995
48222
14376
34221
54099
65450
13341
27599
92689
49346
17159
71237
23901
78857
22797
12501
34372
6817
51164
44252
99088
34773
53830
2860
69432
12206
90578
28950
88324
32922
61799
96233
43910
63647
86285
78046
41697
61640
62910
37382
84028
14534
73418
27575
52326
52904
31667
22530
23210
17518
55302
55347
47959
14332
32489
77903
57213
51988
70274
90246
68176
46490
93512
84685
26949
1618
59382
59954
72162
46893
95141
31251
585
8679
58617
1364
59878
56015
39326
69511
33103
2125
86167
33256
51166
62723
26762
63263
7027
21143
24065
58453
51419
2549
12276
90090
15034
30720
50649
82076
83620
29078
75803
85782
57959
7956
40997
99574
90864
78617
15904
48967
37488
52533
13415
4531
82238
67407
28913
15513
75016
28667
91376
19050
23613
71523
24827
16052
66139
90478
67914
37523
32323
90363
47179
61104
98559
21454
72056
97612
86988
20710
99552
35516
34820
78896
84753
61520
5202
64605
31193
51703
70201
74384
15667
46585
99870
83192
26405
40802
76445
24050
40915
44551
65360
2202
86835
8579
22502
91150
84517
53096
89622
8292
99558
54229
73982
33009
8623
25530
39716
5730
45025
79972
74991
70271
85624
53349
8869
45740
11492
24382
21555
2168
43023
31968
38445
62913
33929
40996
99727
95944
34155
75434
40582
94469
40668
7292
97388
39050
77246
2276
57436
21198
51227
67544
51374
65663
27871
3888
25214
34783
45387
98116
21273
48823
36020
3018
65628
19230
68629
91331
34135
15662
92371
83319
95069
40962
40188
89579
84498
58096
76353
8107
15048
99563
69979
25770
1956
3638
45662
3382
68775
1647
17818
61948
60365
43148
51316
48825
82133
2381
9523
80167
28663
29649
74461
57885
53356
5986
17398
47627
28312
87367
32218
84964
24694
58395
71681
78997
5111
74488
15141
40389
4870
85126
28745
14961
12556
61556
27362
2150
40498
50942
29069
8200
93550
57090
48646
55317
93079
34710
55987
98533
68112
79909
88473
46467
7526
91289
42232
72364
20323
74967
34045
90811
90130
70824
19135
55695
85058
65194
37287
74010
132
75625
48631
62135
22341
58977
62505
82441
95812
37205
9872
30531
27666
45767
6718
12169
68110
61840
74549
29950
11907
27885
14035
20272
28897
66748
30407
24770
67866
38801
8575
95784
58489
26939
93771
78503
27334
25099
62915
37417
722
50759
22478
82102
50193
89480
13116
99570
69886
55850
59545
59484
93936
13502
18863
47385
49180
70994
24236
64594
51381
51413
96750
2703
36595
3842
88159
48626
83013
77140
80404
66075
71482
87140
68407
39137
67294
68864
31320
25212
39536
33369
8204
6562
93493
20743
85540
98811
66049
76533
16880
21078
83764
6797
21519
9468
60866
57171
23668
56237
61378
5363
95463
7493
17018
33126
25493
10308
22889
47582
30199
46153
76378
51681
73495
75885
85628
38326
44385
90640
7342
88747
88806
75454
5548
11660
90826
65400
78050
59270
37726
58318
80160
90676
1182
47977
74042
92814
87397
3247
12488
71389
23317
38050
72668
72990
49557
48531
51710
38949
26796
78359
10796
96086
45549
53470
8460
15685
75597
6912
87132
97462
22679
75662
82953
90765
17156
84730
4537
12006
95763
3713
74688
39001
38947
31186
62112
74815
75397
83491
18658
23371
65607
23210
90984
48997
99346
9207
36296
59031
53493
8685
84624
32162
59730
30233
2460
85503
51859
63375
17893
22495
42340
34536
77260
89411
18098
20502
57505
54708
34939
31627
45609
75984
37
43224
25083
11878
35635
70940
40909
77419
90519
73875
48391
5249
42010
66829
38976
15628
78853
88650
9986
39105
95649
96857
10455
66905
6813
44794
80312
51386
91826
95330
87328
72914
47113
277
15984
41559
13482
51616
59723
46856
4207
89370
54938
49731
88202
32092
4902
98793
71456
82945
80325
83937
74194
57198
39553
99244
24041
99406
43775
16463
55443
91880
79166
61478
28824
31440
57184
75662
4311
98073
42941
26070
68278
13350
81286
70478
89055
89734
94056
68274
61020
98438
62554
11356
52308
41974
88542
25815
22463
61026
25726
46255
87764
72431
41161
22218
79258
88626
88024
78964
3975
251
61687
85303
56277
92442
49080
77390
91491
64133
19869
91752
29098
91759
38109
28376
76544
4639
59073
93822
46670
88187
98402
23913
68266
50575
79276
22968
86452
42316
3433
9758
98878
54519
47192
17721
91799
97075
48666
53747
32581
48980
88824
7656
50340
85662
15733
92266
23312
13565
76998
6237
24158
44326
49627
57840
29389
28711
70536
59280
27432
71252
68532
91316
5710
95187
86859
20493
33124
38298
89063
10350
86431
94604
3183
91322
58493
35941
49992
65092
69663
33680
27439
11191
15296
73198
13525
78814
34638
71886
36591
78226
65773
49488
99638
30471
87464
444
68962
82860
7119
54012
95436
58616
99075
3329
32620
80111
42650
62846
68872
39535
78923
45620
66116
92384
45472
80375
57024
62203
54566
68076
44704
85500
55518
27456
4772
28279
61859
98603
2741
31793
40781
85885
1273
20173
16410
84335
36567
99538
47724
43526
69449
56054
63518
64727
4975
20757
5062
94799
29390
79374
58256
43068
52643
74477
40158
48002
11028
56960
2628
32914
63330
85450
8242
18883
30161
9239
45174
2961
17628
72820
11862
32284
38286
38996
29165
16006
64064
87989
53579
65438
90082
15457
62428
37080
73630
34982
69607
14559
53196
34353
81848
65711
13147
24039
55592
35803
38741
98364
85069
17990
63721
20496
43752
34623
67097
88281
40305
60145
35416
58647
12942
75372
42456
92424
18490
84539
37827
75670
71733
29872
44746
52231
14129
58282
26385
23699
70611
61989
7319
49363
2357
70630
88563
43305
50992
54101
50146
62178
39911
5323
23276
99229
7812
89446
13864
2337
78973
85827
60944
56742
37670
29146
93394
64027
19557
40725
510
46765
28384
20725
53028
80548
91905
37894
82221
28257
43298
74952
5387
67882
41883
77027
34945
86011
90354
84007
55120
75172
52974
19687
21262
76120
18998
23969
32047
90585
73045
18546
47845
84581
53647
28886
42468
27189
62652
73151
22288
23127
30598
52607
82620
78967
91931
46
56578
17080
18617
28002
81093
38888
68894
33671
47818
93027
50408
51547
83048
16741
10964
6628
46393
22115
8503
97827
44278
29023
4761
22228
95140
77555
92170
90939
93865
47769
61035
23995
92775
4124
21109
53328
86930
2685
88612
88158
77889
8491
98730
42745
77725
31180
37561
82771
9667
90900
61755
66508
35803
17039
1106
94757
69905
53678
16090
25343
14305
70175
4513
72922
4922
43685
37211
119
3422
12359
52040
91703
52293
16963
62580
4962
616
17184
5559
73271
44049
79969
78218
35104
29762
99166
26471
69622
60959
61969
84845
90004
85190
70044
53299
77698
34101
37450
89794
75512
67185
36295
43147
43266
34042
13437
33446
16853
31077
4953
93070
34513
7338
97523
58196
22048
46379
66984
22477
29577
60510
43227
87532
68615
25461
33528
89539
3811
28588
51181
14383
91999
20553
40904
18358
90985
46273
83424
54665
72052
81533
78286
59145
30291
42732
89306
63944
97075
46839
89725
39564
5609
69340
60239
17795
95069
85921
87378
15944
52855
2783
17270
11211
67094
14088
53114
44290
29378
29689
99500
5771
40542
46588
996
61601
38644
42151
72119
97108
8221
69459
79126
65675
10093
70926
50570
40554
66937
17238
46240
19850
3059
65683
37868
30060
26114
85089
78840
6000
86707
92418
38101
27092
174
54348
55192
78522
76892
85750
36884
85660
47571
92286
18999
94679
17565
87318
57666
74350
72382
59247
67197
23871
71827
23912
95802
23375
8704
63373
10862
89678
79159
67651
87414
96779
2557
97079
85069
53924
97781
52998
20403
88114
2867
84275
64075
4164
64495
47430
41618
60282
96182
29275
77961
6267
79156
7856
62902
15707
87832
71170
59624
99998
99106
95509
30005
8702
90224
72231
42028
1443
5302
52782
87834
7567
14412
70688
5148
67145
77181
32489
32673
29296
96280
66922
62141
10357
40198
15822
98536
25437
66132
47067
49283
18879
50509
85636
62337
87441
39693
45961
72745
59947
11654
74701
17654
76833
18318
58823
24289
29248
57844
95027
25062
87374
829
27408
56962
54166
4165
75916
30969
95456
38004
49286
99539
33659
79914
11064
2314
81953
87434
83772
37090
23175
84299
9162
5625
22096
65656
37627
75742
75225
24079
44857
85384
37848
52179
61339
69252
39221
33199
11418
19759
62380
2850
36187
32310
11737
20698
77663
72167
42202
14866
14803
78166
45429
72020
353
68119
16099
2018
40256
79348
72370
65585
99027
64854
48345
56901
82496
65011
86683
88247
13245
7814
34061
93956
23628
85064
63055
44611
60291
446
31578
1228
73362
73396
94432
27988
52130
95745
58850
40926
81751
7786
84889
51784
26657
15321
3860
70173
9092
67676
60556
78680
34778
57814
1556
38333
16195
76801
22584
49804
5357
12476
38116
78535
24009
93065
77734
11360
33727
74004
85913
2190
60302
90811
86729
83025
79363
23675
45895
94129
23271
90127
45642
66931
63376
16995
2764
74780
94587
79839
63089
76069
6469
67427
33768
27827
8828
72701
28219
31925
58244
36631
89609
7840
87572
5653
19601
81973
82822
17072
30920
97696
81366
86448
53987
97333
16630
50048
67842
25954
51755
80682
2857
27618
26937
33398
90293
9300
39776
37590
3039
94859
78880
89021
53673
26938
27604
37539
28473
57111
95598
43706
2619
76273
32337
80440
67854
84025
30778
22451
49248
84970
42433
54144
5298
86811
40184
17413
4822
39139
10982
49492
77205
64788
12816
35974
64039
84041
43978
43391
82198
23915
19769
31938
27976
79602
61343
59230
32978
75440
3751
77834
26096
70647
63591
79847
97301
59296
40134
66445
51923
25651
97605
32861
7790
41263
71930
20662
33912
27543
16562
94959
50402
24907
21793
76009
41706
44779
86006
74720
36068
24228
15130
18442
52604
70159
74440
71888
18020
43966
3607
79288
87474
51263
17210
8805
76516
28391
70073
35643
15121
75634
86483
30454
95121
34561
80979
70298
39462
60664
41924
24813
47618
87502
62328
84829
2174
28105
95688
11535
23163
73138
73694
95504
52645
66651
2715
97376
29167
58822
63711
95841
23257
37257
22127
9174
11255
98263
72606
97680
43290
81584
6719
88720
6250
69141
89800
60642
78521
84980
21984
28070
17396
95462
59198
7038
68271
73943
83258
63852
61794
95589
91344
22450
70990
68859
95122
60137
44757
56029
42030
15326
15353
88705
9321
64665
46998
33744
18001
6764
9548
23176
50784
39838
61772
92261
27041
45210
63803
91032
10930
66892
55021
96767
44105
17899
55540
15601
35173
36447
90855
60357
26369
31060
13992
48545
50347
76044
47473
97565
28695
80654
83239
53541
23206
33386
78122
73012
32465
81017
65603
76638
4375
4331
64455
83685
26223
19926
43081
49387
94935
11398
39586
78006
57321
37535
54722
36475
47525
95062
33115
37699
84626
73587
30457
856
18764
73314
67150
66476
64450
25942
36731
96341
63115
92604
43254
89498
73013
91880
72620
13390
44877
92364
93835
7583
62436
47196
83654
69525
10101
67716
96544
29203
87198
89280
52264
51188
75847
8686
64687
30154
45265
29813
62459
40986
64282
8692
11231
92
68265
15014
12929
58124
46258
68733
56504
30300
62850
41228
42631
81523
30278
29131
67342
7231
44588
72364
56166
72803
98654
51029
78856
95254
15673
78553
82166
35068
2515
43265
73791
41776
67495
29951
90441
62837
45337
43150
83502
90948
47310
43266
78607
56199
41006
4678
11698
48577
18516
56575
33786
67639
71440
45445
87992
67534
90547
61679
99864
40895
23468
95650
12769
46359
71980
85048
70807
78266
15902
79442
78166
21085
67547
16947
51791
88983
68451
63620
83478
63317
46041
25401
78465
47928
56417
38815
36694
27313
24052
48133
65658
58510
14268
46471
41067
83628
15873
71015
86871
15913
41533
62759
34434
62072
2671
65655
77410
24126
23114
30802
50503
50180
58074
12140
65435
10879
67680
13761
60835
93072
28508
14598
60047
32865
28649
60347
61771
60121
18591
89429
17750
19186
52491
81401
85054
98548
55385
3065
49113
27713
44146
4437
50731
19261
65232
76973
14016
64591
31097
95034
39988
7179
8125
90280
81846
78789
21616
64526
39219
44457
7695
76643
29650
88222
5744
42673
71632
51017
37639
45985
21955
32739
3606
30600
89764
5062
57638
91107
92741
24744
9387
2078
3145
27297
74132
30076
97840
1878
90851
62275
91393
47930
52968
6491
74987
19486
64552
23085
92496
70340
78132
12798
92997
9950
60884
77574
74437
63899
74535
64797
8309
34422
51096
85374
56325
83918
40605
20634
46513
89734
1628
28334
91799
6411
73343
4693
67897
72662
98679
58103
51894
19533
2024
31187
73040
55492
7249
71495
57379
33739
11958
29046
97905
1023
57873
1317
2858
6984
98745
22613
37433
23294
46387
17472
29429
14404
57958
38665
16084
34838
12432
54361
80072
5779
7518
46135
18092
27525
43472
22975
85327
27661
60022
25426
14544
10577
62817
97817
56932
95376
98254
20365
7555
95491
78676
52792
87751
32922
4660
88969
77731
33686
46631
55750
3196
63955
61992
8820
44499
79933
22249
1578
70755
20301
97775
63603
92979
31508
52221
68265
8486
3684
97884
71904
42585
6383
21999
6810
44008
74723
43515
56991
76225
49699
12197
63263
75805
87914
79251
74039
60501
54606
4359
28926
38659
36057
68473
49160
66386
59086
86246
75785
25245
4616
81729
62456
44457
46808
59112
82603
32677
46423
18610
68379
99946
87158
42628
80934
16085
18043
5012
46559
41724
93457
10532
71260
1496
45209
71891
47986
1081
33592
79448
57678
79151
2922
91897
93655
34322
94921
68848
14172
69912
81410
82053
11529
79366
67669
20144
38905
53332
24971
27633
94909
18384
11904
73310
41123
42911
3767
33499
509
5784
87647
4176
332
60534
40255
53613
59335
87195
32401
43691
67077
45324
688
55738
22460
35999
30066
27366
904
58898
53933
18869
39631
23149
51928
36891
12427
5275
70232
57227
51226
17833
16937
99561
80138
64763
35958
27395
64720
23620
13170
2337
75424
65455
11738
79942
22313
74728
43018
5622
98441
51535
50697
69607
60518
73880
68753
7736
84151
60274
18207
8571
28891
17276
33140
14183
62137
34045
794
99585
31873
92950
18132
71238
53501
79023
19272
25545
80070
39317
49534
26478
50998
74095
73265
16322
17742
88284
22466
97527
51252
26929
69597
77843
46395
26239
45278
57905
55724
16919
88378
36459
72814
33372
8099
61743
70060
76360
52017
78684
37916
84889
26924
16506
46052
94659
69755
15737
76693
68569
26378
60031
88336
45059
8836
93643
3031
12627
93298
84826
31790
81185
49294
94587
93753
63860
21173
49048
4907
91922
8499
12768
63568
36395
77186
31992
20767
15911
91481
44241
13486
97575
17596
91958
12452
80241
84242
89859
92391
38246
75638
51299
61786
42007
34939
52410
39650
14074
63114
10982
36259
10345
8842
95896
81505
32540
95166
13860
33507
87034
72989
22890
46378
62625
71413
56522
13291
72386
99158
75494
84537
7189
77859
19515
72851
12728
83584
64123
10549
90022
79073
71220
36272
97112
47327
98296
90426
14303
40744
27213
40669
41058
89122
30250
32602
11250
85256
48455
93295
97394
88735
81475
64183
85094
48452
19730
75113
80899
11022
48608
99247
73588
10507
40595
27803
3558
74484
9116
31286
14968
1347
77515
94368
91635
19157
20339
22415
83549
65801
31827
56520
77181
68167
10804
355
95549
78134
88760
15051
7529
39658
90271
61360
90313
9910
6479
63153
71824
78448
54623
82393
29308
85241
43024
68382
82733
1835
21575
74367
87346
50750
18510
67368
24376
74585
52208
88501
60192
84739
22803
45693
7768
56609
95631
90373
25267
24785
81332
55507
57154
53428
13349
41235
11549
30298
85716
76119
353
39394
41408
86266
46417
79952
16385
7221
46567
96852
80625
20819
77013
79818
77588
37015
46890
89670
6391
7578
93888
25212
72747
85304
28461
92601
30857
41499
57495
34854
82081
63454
50589
89231
77370
55542
69282
2407
97972
83479
64674
42836
43504
80068
2736
87835
35600
73492
21136
93895
23605
67348
68858
95992
62692
97058
9275
28448
89513
63424
12500
15456
97137
62831
22829
50821
91303
78552
34885
68807
88671
19092
67979
81900
96200
22057
35291
58613
21306
52520
94716
7288
15449
98023
21695
8376
710
86306
85804
84788
88805
29581
97004
96968
27210
25987
81105
40778
43655
6337
38912
15043
52715
52504
89816
74622
27152
82756
42709
16629
39872
95452
80049
56173
29570
36942
6444
89247
77355
19439
52315
19696
99743
52745
55157
62022
63609
61388
62187
42791
55629
56722
49605
92647
38004
27407
50116
41474
32842
38512
45365
37909
40103
84
15357
34798
79693
75986
19816
1548
28893
27190
21115
51805
19428
35929
25353
70062
20063
62889
33111
14324
68637
11333
57170
70225
88897
23067
85826
78054
69825
96967
57627
80016
59934
27254
3707
34845
62424
54721
64178
25471
15749
39921
33253
17671
66552
73699
54185
50743
44494
3908
65945
23559
72782
2620
66568
87606
2206
47639
59469
72167
16624
16188
40784
9423
93393
28188
5885
87169
20010
1631
63896
33765
85484
58621
74586
30655
35229
47314
63467
23650
68131
55382
44561
84413
23808
70929
36755
30288
78914
2545
10524
50106
28610
26615
13422
50815
71438
50621
38505
74201
95703
6862
95116
7781
53270
52113
51602
525
22116
7137
85811
35197
29948
54707
91015
71539
31353
33877
70815
74669
22081
53133
26508
61782
35675
29078
59029
99114
957
20803
29322
88975
40281
65135
47818
70699
51211
31993
1385
38713
54153
10814
29459
56245
50334
32303
70458
8084
49049
96008
50263
29727
77920
5062
62843
6007
97297
99502
89689
10618
69502
57975
6003
53920
37630
33575
44341
17338
72141
36879
19529
93386
59021
22820
17911
38780
55346
42032
47065
60719
14733
16558
852
65139
9333
97914
8189
96920
55377
46735
21109
9879
52372
61578
27490
94317
31540
91095
61469
8879
96058
30299
32295
33310
49860
6286
3682
1726
67976
73772
35556
82095
46133
12268
32775
65599
93899
55884
50496
93427
31718
301
72188
59327
4160
37377
22587
8642
2380
34865
57114
41033
82796
77395
61313
19436
41444
77483
365
1005
66641
39913
53937
97090
67419
35973
18344
55574
51351
58687
36728
70364
81939
88571
15813
22911
43544
91172
53452
30886
87770
76470
43645
13529
24697
14845
22685
36760
32384
57042
95614
33037
12989
80400
64736
30875
67088
92924
43646
10410
79139
54342
90013
75699
46093
85363
90140
67296
71223
34605
54916
58671
83262
12290
72573
47683
50188
59088
79118
40476
59470
20928
48946
71856
77722
63195
88236
48133
80036
92118
12585
561
17972
24813
15145
53929
64868
33066
17825
50194
57548
35135
81788
60515
78346
32006
8647
17893
74776
91377
95018
22110
51056
85521
16335
4055
48638
8364
66066
28226
82958
22591
46653
43936
65444
98502
96002
79500
25283
81052
52126
20480
63080
38514
95028
99617
1187
24431
32829
19355
7905
69883
58281
37206
75082
65876
36240
57677
16190
93231
34052
82471
85314
57641
20071
16485
81528
4799
70499
91948
99350
2724
6515
56927
30617
9952
19765
59454
70281
6232
57525
14882
8489
71959
50629
90284
89851
52605
2212
17575
86247
69880
40476
16757
46998
37577
54786
99007
75429
71866
38911
85302
85407
75373
52994
47229
60395
98031
49035
54104
19164
42709
97628
96161
3486
24249
2605
40417
78614
32982
14617
49261
61574
73438
23680
78504
39156
69275
50558
53155
35264
29612
57681
30240
5173
56605
20180
19271
19389
78049
38032
17947
70034
97078
60078
49466
77485
54886
71132
99420
9161
88188
34205
31840
37602
420
99744
9639
59851
50925
1793
63064
83932
15131
71388
11186
64137
63618
29803
86194
86873
36819
99066
78747
89644
40377
4837
46004
24369
45839
76051
19730
13318
22496
5699
51754
59837
63670
18648
75965
34247
63597
71758
77625
84077
67549
55303
81754
84968
42152
18110
62108
29660
22874
73464
49449
68477
59670
7283
68751
30887
37444
75640
78286
29366
64736
43403
28731
69047
67587
17019
89048
30753
43254
43573
71926
5822
94167
54181
70655
69347
52660
35345
73987
47062
86542
6016
19637
40661
38523
76575
45012
13645
13728
68260
33096
11490
19832
97111
12661
34482
90318
85018
60551
77931
57654
24124
97041
59726
98953
37106
78339
3179
71408
16653
48533
47202
82224
73715
69112
69131
36489
31818
10939
54441
76385
84358
547
65346
31407
16893
97299
16794
62735
3757
89620
10183
41428
35573
52124
29979
76413
67136
27347
52820
19695
48922
64614
58980
27715
98208
43175
60299
50117
46860
99297
75739
2581
1440
31025
12271
65214
8201
17711
46757
6768
12748
43779
39018
62090
12703
2707
33466
67728
66351
10364
53191
28141
59079
61439
58462
26821
92805
46151
29832
64952
62367
43687
24160
77402
34412
60144
88476
76695
59907
21740
39651
82796
2873
81039
48081
86101
57759
59682
91002
58719
73484
36250
23077
56750
30545
96059
3014
32680
88630
4764
88297
95042
34238
36766
76199
39369
54739
94229
3365
57275
92702
30266
51499
29247
99193
46351
89883
51138
2001
13374
16243
7541
90277
97717
32635
97928
96552
35843
36988
87604
7611
67329
91264
34087
56922
7513
45195
77290
55491
65757
24845
83408
35307
25687
30450
36241
21931
72051
12197
44126
55028
22149
31004
62231
75893
80863
20508
4407
27895
75673
3509
93516
2390
56143
9337
5731
73492
5881
55744
67705
96331
45761
4594
29281
85940
45599
17325
77702
23897
94862
1012
91629
83020
55681
74116
62276
33077
29922
6096
59283
57092
19113
28972
50191
44954
10569
31135
97447
73890
19126
31802
29124
46487
883
94218
99607
86550
77004
10571
42363
96094
41847
52790
90537
59712
59902
94799
91242
37276
11498
73279
38533
1927
83529
23294
13322
59583
60922
95565
14260
47277
17018
41201
2298
98685
39516
27617
46052
95564
91707
90304
69959
80051
43430
76758
71460
46308
79082
22049
14529
64989
98457
63896
99337
35677
49539
86211
25762
9181
83905
20778
8659
34693
11664
66428
48588
99164
84636
98926
35545
30886
47369
60148
96083
45350
68456
11018
18944
31288
304
18297
39326
67777
8309
53474
2517
55922
69889
4475
42380
84225
95754
22153
71035
714
25745
1904
44148
88550
30060
6183
34663
58020
53045
14919
1628
31066
92740
84291
99736
98083
4968
52401
60287
47866
75409
81366
68583
90321
32017
25086
37368
15282
52505
27724
41888
68880
40940
68181
3434
55890
93332
6747
3683
50099
91506
33604
50365
85868
89837
20914
20527
89760
96151
4644
52145
16374
3288
33877
39436
72543
27833
36573
81543
21677
54036
90648
93301
43371
96676
93602
8162
37592
41571
43871
7644
51204
90443
43574
89964
32581
10164
36345
43177
74289
94045
45774
13652
93791
95312
12500
43156
6738
53214
52381
64275
94325
86275
77505
76673
17821
61107
48032
1742
34489
54342
563
64510
21218
55557
63607
72499
20039
8828
66106
46159
22264
57458
50340
48027
95115
54091
90547
55993
301
39006
2018
96573
16134
76916
6418
1187
95355
82496
7142
41672
93362
46027
91189
71641
73855
23794
55823
82187
55591
49568
12072
66089
50612
34788
96780
33302
48064
52607
31614
42043
82600
29058
87851
25814
49183
14853
48376
32180
51112
96600
70752
66693
36562
31765
49964
47751
79575
23188
73959
32995
67561
67803
71506
21818
63686
30793
92037
49576
80628
91212
21977
57645
12440
60584
76220
42562
81544
94732
3636
72125
36921
24100
68605
94612
63273
61048
65053
84023
66098
12043
57813
61009
65397
23242
33995
98296
93591
91359
40876
7791
27100
91095
49466
86734
37109
24754
12979
44309
90559
5876
42328
65195
4043
60688
78254
17741
83362
58018
9735
26557
51392
19135
34489
65238
28737
99234
74280
39941
65042
45738
53357
80422
47845
49987
64378
11955
95664
50620
95525
99107
87712
43665
69946
95790
67324
83154
80871
89800
97495
3260
95524
86732
39654
20186
65694
58445
98212
8983
89918
6249
17755
17886
7058
99003
83028
77557
71032
24569
42451
19100
3210
22088
6560
68302
68462
29118
84882
69195
7992
40986
46449
87915
96958
65269
1169
31820
72133
88743
44603
7446
47626
56016
63178
90283
5854
29262
15100
55330
1417
18118
76649
46688
60953
77582
89965
34161
22261
35846
3260
32153
77314
81512
69008
55912
34938
6938
96098
3530
32733
94936
33422
92149
29273
25337
19556
78131
53291
36557
40328
6525
35219
94842
35241
48749
53103
47386
56359
76526
36909
70466
3795
33587
99298
85058
42336
57503
58670
70947
61226
63863
21640
31097
27763
64104
36569
13285
79882
71769
41673
22421
53109
7712
6942
89315
77516
16391
99863
71398
34616
96656
75471
37639
4211
49105
30687
28810
42134
57326
52382
28496
22472
36598
84192
82784
9942
82270
728
11769
74996
16060
53947
48441
36863
68914
41720
266
36074
14693
43477
58327
36404
46190
33955
93596
49300
12120
51717
57073
42405
47917
78908
79776
83608
87511
56175
88967
49315
49445
1706
64877
7864
43879
1423
37619
99494
67278
75725
86901
41576
34370
61533
44071
44070
42364
88640
56318
73269
57872
24756
31189
12317
80486
41896
3956
77427
88478
22478
99443
16070
71946
37593
33873
12923
22388
86188
60395
21057
13942
95050
17859
83012
37563
80243
4867
48465
10703
1645
20588
78503
26698
32552
85287
15865
54253
6870
80175
73942
38944
71342
86749
64977
29622
44316
79829
67701
40686
91955
10199
72852
99276
14651
1370
56683
49814
85373
79273
64049
17758
64916
30445
14619
57590
618
7415
26201
32871
14710
51617
53611
70314
86937
6370
64098
10498
65591
3748
95865
69175
87356
99091
30010
75684
2634
26011
69942
84350
12737
74959
61341
31263
16795
25200
79816
94289
49163
41943
6158
54852
29872
7992
85
5906
14575
94540
10559
43154
41534
63348
61216
8365
73406
81106
32204
38073
80889
13369
54859
81404
26548
97461
66603
49120
85780
74727
14089
72906
64163
48561
37330
28625
97604
3556
14957
98555
45538
43628
27071
941
5386
37130
47713
35491
27434
90454
68239
94844
22728
96752
18321
27917
8361
4045
7506
62800
68006
76377
98773
96537
6542
93541
68856
26413
66334
61928
98199
69754
4105
99094
19329
204
15591
59713
81519
18773
75168
73312
45685
1938
9355
99400
52621
32449
78974
15274
9636
98473
28283
829
79303
46683
34698
17367
23163
98463
48834
91705
21236
73937
65547
64488
39015
99775
89073
46564
59240
2811
68262
16926
23783
38208
17040
26684
61164
48014
69542
40911
14693
49703
53990
63842
14410
37052
95600
87032
86426
46736
54429
70496
82689
87224
5989
42240
7160
20426
69703
42081
20959
18873
44586
99603
9329
91358
56263
94171
19109
47211
43004
49843
17059
87685
35773
41446
49246
75468
46411
82764
43505
75501
38732
94352
23120
1247
28124
82335
50714
40411
46245
30520
41722
5909
37848
5386
4716
39690
41806
13815
505
46289
74816
85624
14214
97654
82142
16793
30477
835
21244
12548
52911
31435
26934
36456
24100
97673
5131
78923
86563
85371
11953
91047
11976
47133
41576
24901
74820
33036
78077
8463
85359
10625
51133
4174
58694
99258
39496
83061
45736
3629
96910
15639
6169
92873
31588
855
20117
65192
6210
86447
61144
3463
93747
39307
90487
51698
86518
35246
97232
46574
90144
62993
15785
95441
26
83184
47474
95691
98021
34252
21560
47335
59982
95723
30368
67637
18184
22497
5530
96868
85988
74512
37050
68134
50366
67189
74818
13050
6777
62040
94393
85194
61053
30747
49998
60710
2486
20791
96049
25905
2409
44539
53133
65097
94002
54217
94780
84097
47633
1782
62366
96732
68404
51368
49369
80270
53150
22520
89386
17836
64181
48195
20692
21614
56440
62115
45692
43339
99804
92523
63408
5576
7577
2319
99853
60400
64560
44599
3735
37589
46058
82451
77486
88237
59912
30985
91467
73394
74303
86022
45299
81717
54029
92516
12822
33368
64968
90578
29894
46731
13948
34806
23306
94522
69157
47314
93691
81015
86618
24620
98261
13723
91227
95331
8641
53384
65084
44170
27817
50816
73108
86701
17253
38718
84944
93135
72956
37600
54727
33223
48217
18688
44357
88871
77260
25043
74132
81038
64235
2587
18453
60363
21552
17459
4142
76627
27077
85015
14566
7465
27649
25155
7070
50712
62953
56735
14435
10699
11326
74641
97658
34984
96320
50241
51855
79567
39687
98944
79336
23280
77038
51321
26165
37960
2709
8661
10633
70312
83115
44343
71842
97006
60367
36811
29909
59845
3359
37154
39943
1361
51330
1994
82323
70306
34367
54902
87452
81120
37893
73007
10850
46115
45209
15303
53996
81055
6304
97580
24033
77480
54673
8692
2031
18267
64063
21715
69325
18725
44343
37813
51440
12493
89645
45387
70689
7430
23012
17103
53741
32600
79898
76710
3750
23562
61686
72119
93740
81271
4011
36322
12209
33010
38879
84791
13642
16801
3636
13102
57624
58822
92343
47139
87604
19976
14533
76903
42655
32202
51280
25108
66587
8162
99399
36092
50698
89650
36694
54753
36491
78162
7388
54701
97780
61528
11475
52477
38547
77923
26204
5915
51822
32428
30535
46624
13199
48486
94949
27316
42188
85435
78361
51026
16564
94799
66843
27375
96181
84847
91982
46369
56889
94608
36935
99013
63539
33960
41163
69326
17363
30140
34606
67551
73286
97623
46542
10444
14499
85192
28607
57255
53277
58423
6749
30411
4448
62366
67713
83050
86107
7562
99208
27657
19684
69409
87614
62524
8411
35057
76027
1378
97476
54826
83400
69985
91272
76498
73559
92852
56561
3598
56465
52730
94297
19292
36934
6984
7756
18590
74262
97374
92984
56731
48729
96530
57307
42653
32241
17292
33713
67509
4169
5511
50448
20865
89903
97442
37839
87762
83540
24629
54934
96613
43982
56881
28145
34326
40921
32750
49061
62835
26717
47191
56942
53586
72653
98821
4513
46651
1965
74610
96142
48664
97138
61370
26084
15546
2903
93244
92259
2013
38829
18053
90939
46074
8754
75421
40642
79631
85291
65564
68219
52431
13005
75097
82471
79894
84383
1207
31005
33491
91513
82280
37954
26412
5161
21360
15898
26663
4850
99980
33646
15990
94207
22687
46342
2841
80551
12696
30215
98454
76688
95029
29948
77370
23507
60440
6901
92054
96302
58901
55335
14207
86142
31872
32828
75976
83688
90708
76716
20201
19730
69716
88003
62776
99237
30997
28319
17920
81868
20058
72559
71324
14828
18548
22739
20783
14342
26982
38679
76231
19579
89255
55927
33387
99270
58812
6119
83942
83735
10345
53077
23522
13421
96836
93537
12904
55938
94652
30489
8533
8454
85643
88219
23652
36725
9169
3729
46003
72063
93923
49034
37540
14248
87087
18928
34100
13656
88367
87648
13760
25146
63000
37236
68717
20391
79107
49318
42252
82561
54951
35808
