30395
86391
20426
15879
31820
30112
78503
5518
7745
30233
64294
31910
30277
36235
33055
70898
59069
75829
28165
8143
72607
59355
45531
71801
39456
48175
35891
88163
80121
91981
28161
75569
28685
8959
22702
28579
702
22788
20248
81355
87415
92632
30616
50498
21318
74676
57797
5869
65988
88555
91015
37946
47980
25139
50530
15081
97573
75649
61676
36766
14135
10366
79812
16735
38027
68135
89162
12514
3941
1843
94236
42598
56862
49542
23041
70309
21731
16281
30231
48967
31286
88665
61823
51418
67035
38891
25209
83052
55264
77960
42621
18918
6399
82457
77915
25199
55481
34636
46172
76681
83907
7215
87675
40986
91063
14194
80235
67460
46424
91919
86428
64594
27993
10195
67234
80755
53352
24020
20342
91383
647
3380
97459
79416
87558
48967
21901
79527
40090
1258
19330
13198
37558
24096
78426
57
11402
7019
80708
44581
51208
87848
49603
75836
28805
68966
83245
37863
94194
36725
814
29329
94944
77232
56548
33727
80515
13151
35725
80200
62994
96544
34893
65114
70881
56034
28502
15006
21509
89138
62032
93731
167
97964
2277
18403
67267
19613
15547
81689
20182
54388
16679
21290
49389
51476
46589
37727
99682
17209
61999
64384
86432
16150
14423
78722
61437
52427
34946
65944
61045
97211
93564
27757
40296
7954
67045
65364
47348
27352
92298
14707
56158
88175
69088
79666
88828
82140
43751
97993
8059
65179
59639
42408
15953
19474
84131
47528
38697
41938
55763
63551
43505
10681
95232
59226
92330
36092
35328
3837
12716
71607
73939
99038
43524
62366
74464
13786
49001
69755
49897
64167
26720
33484
78204
43073
77291
4711
86879
95154
78828
72945
29959
72938
95349
64264
49291
32677
32979
31392
23722
74019
15728
89139
9006
12926
89664
18107
10731
41461
5285
9916
48869
32211
16289
43880
28868
87818
95413
76040
65809
19481
16724
94300
36630
19990
51464
91284
47342
99532
45843
40512
71455
71422
70824
2400
34901
31874
25070
37739
58793
97731
66182
15934
23887
30097
21602
23581
90215
85353
9962
69531
11931
52543
24492
63391
16217
84143
76391
40107
10115
54038
36265
89829
53691
45851
96915
51090
29985
245
46766
44443
27579
4849
43053
90675
99099
70099
82416
77628
76287
81622
84526
9767
50177
99448
57754
40127
61286
63118
76075
24417
32273
8826
30752
71128
94960
40398
61012
4780
31697
62232
94009
53324
27026
17808
35129
21120
83615
53989
74174
94471
55009
71423
11855
48239
2468
5122
23267
119
52291
33897
24695
25785
23479
54167
11643
50252
57620
2849
71446
37336
65996
61376
63596
89130
71920
61819
1388
21604
83087
71456
32604
33107
99901
71095
96007
50480
78546
98307
79620
20661
48720
2794
1463
71665
30342
53572
29131
36653
65478
68538
41811
90167
69812
86501
4276
58841
24001
38351
77945
78967
86586
91929
73550
73055
13850
64329
41994
62412
15464
75261
94411
4517
15587
10691
56169
44891
94054
56423
57587
68861
2186
70687
11576
48719
66973
54019
90467
91024
1433
21702
94359
11038
41127
61685
61987
9841
14157
94727
26480
82599
28210
95508
40865
55989
44208
84732
80479
18650
39270
46074
66899
26164
46018
10067
54556
10907
85109
36600
21911
8968
35571
413
2409
39660
17799
73944
18340
40610
26153
38713
11034
9697
55990
82028
53546
88049
18285
48269
56691
79547
62660
57274
42438
22203
75003
43038
86376
56113
90688
7441
84398
30311
13589
30594
35839
16139
49376
64149
73316
15289
2950
14623
91243
404
92364
62963
82345
72919
92196
47614
2231
44000
44475
21104
28719
82618
28885
70962
2058
33138
77757
66831
6509
68593
57174
18266
82183
58905
64366
62436
46161
58479
4529
85053
91720
8671
69199
30901
6278
30627
59217
19627
6747
99584
71662
48845
46240
49216
87633
88786
83365
19294
21379
78639
86076
24683
41877
66242
89911
78418
93507
78388
38628
26002
37949
83676
54083
51482
96071
20807
98592
25645
29029
71799
74840
30088
59704
75331
48540
48486
78128
38703
71360
34122
63022
87467
48069
75733
88799
79039
11424
57695
57131
92354
55379
91896
99251
14770
27830
47340
57653
26675
15580
83016
15231
97856
69857
19219
62772
23845
84130
15980
82062
2511
40915
99811
83420
4852
26647
7249
92127
90405
32650
73561
2592
76183
60355
24879
2453
66038
42350
62380
74430
49702
28865
34060
87732
31251
60094
74492
66315
92850
25234
64734
99840
5647
94134
32124
7893
38565
53586
60344
42568
35792
97367
62718
45159
57948
74798
19744
22750
85222
51940
43654
89121
17097
58694
56295
78271
26224
32597
31871
54519
36972
25268
43423
3631
32034
56511
44585
84031
29560
17598
25
33959
21020
11767
3141
47546
18780
94927
43441
9098
15619
10148
97733
62836
22778
77732
53604
61374
63713
51743
60223
15897
61609
21185
40951
12391
30633
34398
69429
87057
68571
50934
1304
69031
72459
39445
22562
85093
40580
99642
54979
81902
38633
88576
26446
63761
22881
51943
68855
85450
45801
90943
32264
31834
62589
539
95591
69868
60489
26591
8975
56759
80942
4912
67452
66109
33117
99320
50959
25248
5571
24683
40939
54375
33502
54700
18199
19191
88450
70984
47690
68130
4298
63303
43097
49259
14913
39387
43048
40210
59267
8097
95133
7205
80169
80667
91334
19970
53934
21837
47250
63055
74701
6194
46525
67073
2825
38474
89565
78176
74482
17100
36558
21539
83690
99454
8260
20998
68980
46702
68377
40127
53766
77476
46840
95868
36568
51802
66267
51937
18322
85759
9790
8685
56531
12231
94015
80373
96932
56662
45372
35033
71349
97161
57053
1639
68173
15066
95002
55062
24472
42437
65767
30199
78225
36963
15491
44312
20407
28397
39581
78426
15596
90326
52329
67681
40307
7960
84767
281
21385
2862
23075
15423
50661
65770
86635
15420
76728
55202
16937
53399
32343
32174
21443
25377
50332
63144
51404
56669
53278
80718
56647
86399
15037
72821
36532
23942
34036
80773
93023
19352
76013
95027
15641
13327
94511
87570
36808
35607
51704
55481
9905
41704
93036
29150
24466
58656
87641
14425
80538
9614
30869
11409
36460
38787
86642
77595
60581
48521
95323
74296
64884
84169
83613
83625
80832
37447
40631
38567
22732
71175
45807
2196
37013
18093
6226
6861
18012
44476
83271
95866
87854
74820
9521
40231
89804
92815
32361
65148
47067
94066
70338
89541
95068
82847
28530
54623
31510
47764
35975
49292
18671
90125
35332
808
30973
83658
40186
68916
48883
11102
77112
92072
46500
60823
59183
98306
44224
9401
85242
12674
44865
80192
40699
21465
89207
96793
77914
71485
38249
85985
44275
17187
5900
15551
57347
73827
47521
85013
53425
2679
93829
34046
34909
15182
54532
20228
54211
48126
87648
49921
36231
48703
20380
7488
38868
97769
12729
41785
67255
20755
29956
43424
97593
76054
43031
50766
59391
52726
3928
13075
8176
22831
33192
50925
61198
72337
71936
83177
27833
63487
92449
21718
91774
70399
78481
22653
78429
49109
93696
93775
93330
97614
68619
71494
89177
75378
96241
86416
24789
53070
29903
53479
25853
83266
50813
19823
71922
56501
81654
83911
64194
72876
7368
94116
21121
75600
23063
80729
48280
43654
27787
78903
77281
99560
18090
31697
94223
88222
82518
52455
90651
66036
2754
36279
54800
69910
29837
34920
4183
43330
29537
87953
39464
52838
74319
28734
31436
30467
3660
75114
67776
8424
65647
15181
76497
23434
89537
51063
74102
89774
21045
29982
99668
67741
9079
37122
18056
36896
28127
77559
71558
10002
43564
25488
51062
91105
7604
50436
91396
99002
7822
22945
92217
2166
5694
51325
9887
55404
57509
74483
23582
55356
53179
32705
16169
41591
99946
19962
75982
50252
96243
5688
42982
16073
8219
491
24469
83690
36318
29704
5878
59593
25804
53352
52445
84786
43805
41556
65057
61537
82296
61778
48461
16333
28978
15686
8041
89803
7984
8122
5102
667
84562
87803
86573
61667
75197
26112
28698
18946
10214
2414
60357
64154
81517
96042
68644
6753
23043
9004
701
91266
32674
68191
40804
31056
54321
40557
82205
36721
39367
14292
13337
10521
91456
74418
62822
63801
85585
60360
319
40241
3040
96673
95293
92626
3999
95320
72600
73850
63705
32272
92917
49049
19872
18139
78635
35310
71427
87045
32149
40256
7829
84015
21213
58189
44655
85383
46895
6385
84252
90712
3544
41615
13218
32076
58378
73221
56802
49363
855
34549
29391
53105
53452
11766
15761
74273
63791
74835
90383
16534
99196
85414
70376
75722
11192
11333
329
87253
88164
76562
94792
10560
89524
63494
83341
63458
84609
80141
6198
86607
10608
6807
16607
60673
55406
19834
62787
68886
18718
79564
78328
4555
20797
95286
25229
91794
87228
9847
18761
73627
25148
3012
54830
92760
21783
89271
46615
17926
11323
75891
79880
87020
32579
5196
14253
81338
90177
97000
13740
69020
52175
85531
40674
41144
60485
15267
3377
21075
95525
56305
18652
59511
28714
32438
22481
58086
41338
16337
84153
40686
35226
64559
26399
78522
4311
79478
46780
96000
76158
80906
82099
67882
11841
23342
43068
93457
87556
96811
63855
4128
80806
98813
90199
94885
13383
55389
88834
85149
85990
44965
62112
14854
75505
46095
34037
75067
82529
54946
53045
47326
61479
47710
17648
66462
44712
1156
53095
88893
10640
15414
35297
74777
69618
28768
23630
92668
65240
2946
42935
24961
45914
72419
84346
21307
20682
52840
98899
72590
17669
18535
23280
24090
37171
33912
46435
72228
39010
63437
22419
48424
64486
15966
16686
5971
68343
21332
21998
25696
37957
88643
34630
70262
26582
3253
28810
75363
75982
57292
93644
75505
36156
94128
57803
32168
12907
85167
60886
64233
83040
33180
68779
17566
53341
2687
78564
13571
9510
42696
50915
62321
43234
73330
15763
8252
81536
64188
78550
68839
51021
51485
12062
20108
46531
67005
64493
70087
44250
24632
53931
68934
84850
84168
75903
13166
41291
55600
438
8017
17629
90300
88782
56817
43016
91694
20481
68455
37739
6047
48638
20856
11273
29748
74912
28897
25651
36284
80686
4649
66708
72141
16203
4804
58221
83797
88057
41710
99543
73008
30432
45557
21332
91755
80140
81614
11921
36848
2692
88002
33526
82551
16320
82953
65701
98608
58455
21639
66285
79728
49984
98836
64141
85055
95196
55327
57580
82647
40815
67332
55455
56570
15329
38160
45072
57912
76850
28697
28055
19186
46818
26873
31910
15873
86681
66789
28494
27658
48074
43534
27996
95642
2234
31172
69268
99653
97307
42917
50544
14157
84891
66569
51078
26190
77376
4406
75224
63033
14034
69795
20730
19200
19661
38397
89391
62865
34378
85048
94018
39875
17410
99806
69235
89107
59913
56966
78930
15127
92895
2946
47103
49446
90265
4536
21046
41664
24900
24191
82744
25105
39051
87916
19525
97922
63377
90954
4137
51034
96824
47276
60387
62937
21934
45265
5691
21486
93006
17646
95094
29622
74774
91741
66192
48068
33917
99084
16790
71343
41332
70926
92686
96531
94442
39289
93046
34269
12733
82
45961
74349
51588
22401
40194
94915
74395
86947
20074
45133
34975
33853
97565
70561
71404
40621
83968
9781
23526
21121
36713
58186
68290
61879
17128
14275
50822
75552
49902
36210
48081
19528
56668
25035
58081
9147
56967
84507
65943
11938
53702
21314
15751
52924
41533
81769
9100
81038
86761
28788
29811
13484
54701
13558
22495
72536
39507
53777
84201
50772
13840
90749
86916
13045
3372
70336
54518
99412
421
31176
45781
39754
66952
94656
75939
593
58348
56017
14948
47619
68276
50737
69403
54133
57523
97018
44255
66898
86252
68599
71957
37277
10995
2012
20799
37964
75162
70892
69992
61453
42929
19523
91248
94398
91809
97829
73605
94462
9286
37030
5702
85906
73404
40047
88675
37131
68061
23277
54615
72357
12490
41442
47121
71098
65504
96652
92866
94533
69409
99921
97525
22098
6095
95112
67616
65805
6996
55104
63637
73295
77956
89589
73506
31118
20939
14074
37492
55263
57549
86650
94664
79368
52178
72906
88307
7102
54917
61727
43580
91656
55577
33723
96020
5048
51186
49237
3212
97546
21224
22875
81066
96597
2122
89467
16049
95605
27892
77768
65580
69481
45493
43043
48404
18506
49259
58763
82927
50944
1495
37658
30342
92462
54010
70143
1949
43650
16560
74398
46092
46185
2598
7749
52079
12997
40764
27691
9001
63079
28276
37683
57019
64284
89317
16931
6346
87501
74832
6805
21574
51199
9791
85159
15158
22530
28621
92827
82353
38352
64215
1763
24796
13319
68304
23939
58949
26321
47192
19305
95679
62734
81251
28438
19424
46473
80493
72532
41047
85384
95397
51999
64212
69276
17209
95438
91183
88657
59308
14853
10874
41676
90062
6145
50338
57520
68897
3381
3151
2592
50981
41648
14823
81748
15893
94104
92801
38583
13870
82149
27152
29325
12842
64428
21395
98342
26125
13983
27209
37525
66334
45745
66252
24634
23716
89357
3754
83170
18323
8963
29620
84261
71507
15161
28869
84467
75993
41987
32989
16412
39418
19867
94556
61018
73714
72128
78809
83206
30120
62101
3162
11727
31067
78227
18073
95495
14828
22168
33047
87333
77075
34145
37008
49253
5967
97349
55393
358
25913
24291
77291
8531
5102
71330
56964
43659
57823
18355
34149
14905
17417
88321
55336
37018
15501
62677
27704
37539
19304
36926
94418
95400
49410
68420
36994
57228
13977
47078
66813
69770
19955
45047
72567
50526
63987
41486
7889
33878
99560
37574
44097
54824
42619
30518
63957
35695
14845
96757
20261
38660
46335
44874
25035
38276
13510
70415
60314
72507
20080
13723
96341
27258
6091
8703
83046
50376
34665
90599
43409
50510
40958
30005
99618
21031
30521
81480
25923
41635
64256
24639
74736
26517
23179
88364
78462
77549
35738
12815
96397
70792
5067
43464
21066
76256
45453
45930
74536
16032
21951
28126
54018
4049
50408
41696
29186
3281
75902
51649
60516
18102
9262
67731
41308
39484
44354
56435
55806
63891
30521
4231
31228
75301
44104
90159
54717
89943
49095
57972
37431
16961
53757
88894
25390
94403
62887
35175
94525
27164
36619
5121
27615
26158
38139
55415
1
69962
24128
42218
20000
36056
21076
51583
71230
20390
17711
20407
11282
24109
93843
85532
73979
52656
62699
41266
19228
56249
43243
67632
65864
41281
1387
67349
86186
27555
88900
29096
74606
98152
78032
70742
25287
70807
48552
21883
35648
57116
75848
22260
36611
55684
79821
97005
48495
50586
91678
26075
91475
2427
89279
65845
63748
53154
4614
24913
13313
76756
42342
70863
39371
49730
56485
69176
41673
9174
89418
92937
47142
84761
92447
67700
3076
64388
86518
73812
29877
55229
5307
69022
52939
41950
99457
28756
20890
88425
15839
56007
42009
99247
37717
29815
77283
4621
79672
31097
64024
87034
83438
46110
83924
1915
86205
69193
81732
67936
5002
90167
48238
53262
6005
85811
57425
91087
59866
24754
67887
97893
99575
52625
55639
42315
52302
41965
3303
26102
39427
57422
6804
4512
87928
35900
36000
31939
35796
49224
44580
97656
41091
7837
92274
49581
31606
4664
24473
12571
21086
468
96714
99460
53722
78184
46400
84814
81127
52258
67221
51040
6324
32029
67191
90685
78960
10273
22669
99732
70700
82310
2328
40033
16318
88607
45699
54878
55301
86989
25387
88752
60239
5040
24014
85511
53871
11965
9061
36579
25747
6907
38942
58015
44930
29731
67011
15279
75661
86572
7957
64319
81491
11207
14110
44532
87058
79085
81929
77227
8990
79349
42121
30871
3826
32048
76815
90395
24405
79276
66060
22221
2344
96082
89313
88725
51539
91936
10042
64732
4925
47816
54364
64063
33758
97123
14232
81724
94936
76973
19237
12756
95536
93682
21766
6604
35266
94229
81202
36493
37814
6876
54923
2261
15509
76105
67642
14204
4843
62494
65706
76117
25802
20705
18295
34549
90679
52074
88873
62701
2493
55757
11256
80829
89008
4674
49986
24128
46941
88583
56357
88641
38361
94066
68590
93182
99582
25379
13353
12750
99411
47413
97164
46798
43227
91469
27677
8761
11438
18999
5826
78436
71535
31391
23695
59783
43518
14821
31267
31184
15905
18328
14119
73256
67241
60646
48039
80839
27812
32870
96695
99720
26855
39325
59820
13785
49922
86666
23451
96099
64098
87314
96494
64886
51734
27186
68633
86582
37521
68325
87104
41917
32630
66133
61793
32134
47977
73745
40390
7492
54360
15896
59506
25074
82368
91554
82148
28498
8309
65681
44553
52322
25256
80642
87962
40351
78447
54386
23755
29381
55207
81550
7554
22888
83732
60803
97850
50989
30459
21851
91651
58412
94615
17496
92819
10224
66942
81022
17025
80145
36227
37676
45642
2449
74946
41558
71301
11874
6408
38673
56188
70237
55845
65454
45569
57153
76830
32086
56383
83086
37372
4070
7380
94930
90314
36213
30093
65227
4011
55879
22531
16578
35199
14244
93304
85461
66610
75711
24722
28697
7658
70828
99357
29913
90497
69234
83054
99043
14119
65379
69699
44553
15201
58316
55715
9195
13873
39804
74241
84160
70809
36058
55996
88275
22566
70110
68737
91297
76483
80829
4113
54063
27618
36077
69694
29708
30615
45134
47972
20166
41680
76227
83084
38348
48225
86892
51126
64522
59307
22921
78117
57517
65145
87591
28997
79001
37855
81703
77396
50650
90720
47958
36930
22873
13111
76614
52695
43831
86897
67851
21689
16833
82914
45829
94020
47578
37616
17722
36401
97738
28733
53092
87341
44314
69456
83954
95924
9403
32425
88587
85388
55650
34718
40067
63236
12698
14883
21393
80657
61773
73759
49590
73378
61289
70465
71834
69168
28119
52248
11753
25330
15754
3657
37653
91111
39792
98869
7040
26673
79804
61876
33562
64275
46332
18704
9824
36595
23662
95424
16602
84063
19687
33691
16955
97142
23598
15827
67935
87968
94441
49834
53577
49037
2754
4617
15765
90862
60718
24959
689
36450
72476
11853
57537
44849
78853
52823
88773
78309
77668
68920
10975
9709
2573
96231
56566
8149
94097
74655
13563
72138
61887
87582
33258
33267
26536
80883
23104
4567
95141
4092
55968
3805
94037
47295
41688
17400
61558
34699
57906
25320
10238
73463
1401
46987
66742
98241
26791
72696
16280
12104
68240
46168
37307
58280
25688
15026
36862
79916
71770
88428
75992
55575
18788
51518
75180
79998
74292
17713
29415
79734
96384
70232
28175
48437
396
69481
94693
95877
82074
68475
27634
79627
95335
29691
77608
19443
14781
30075
14340
6234
56818
43398
71468
71566
43829
7245
78479
52696
17787
73073
45087
97515
32728
62054
27556
65862
61997
22232
19854
92192
66887
48008
47678
44868
55657
49370
41203
62783
85857
62252
54077
87114
65709
7955
66518
96289
88492
7356
76692
40344
89344
34270
72759
99286
7412
20209
6532
53274
64236
73842
38566
61223
70812
9343
77201
79038
6060
44153
8959
43001
69039
66280
21493
4203
69265
47177
28081
83657
78065
26659
27454
95373
75786
6589
43309
39683
63293
72780
21240
69447
55391
73159
27628
18447
70168
44223
58484
45460
82527
96272
88952
47788
53050
71243
84744
57039
20255
42386
91177
87468
25427
27400
59539
28571
11187
83122
32987
61889
18392
77019
78283
45363
94326
20960
88328
31520
14676
8704
85130
84945
32769
77830
80882
62235
45263
72155
85530
28006
19298
90218
93865
5678
7805
48651
19157
32064
1781
81862
25386
18139
89845
96561
12815
79077
58606
85787
2494
8197
26502
51776
35667
83895
87219
2309
55143
71064
22639
37721
22350
67054
45927
2017
23254
63274
45602
19572
77411
47903
14748
88878
81772
27312
21912
99164
57078
18199
18967
34769
18668
15398
33053
47727
23070
58421
90613
38926
92390
54764
16920
26625
79080
35037
38798
78373
12152
9074
62912
41696
99794
45131
51041
74658
70807
9314
89168
75215
53670
97035
80711
46772
92394
42874
32973
14138
38206
76118
27883
89255
53111
65832
14243
31033
57544
38279
41805
54260
46078
89119
19614
65601
54154
95750
56973
6988
48652
69816
9320
54058
83952
95286
54100
65660
92703
28171
81028
2275
74776
89072
27714
18659
51088
95803
51137
23743
3392
17449
77762
79406
66906
80387
2089
11182
25945
24178
59173
43970
85849
12525
90685
10080
10014
83209
32377
56654
39283
86650
64440
61365
55613
28869
54769
39625
3416
34277
32731
53576
71589
36663
66625
37098
42113
43845
84896
46070
64710
60606
98852
28240
40585
42483
81172
81498
88346
75307
47227
98692
25975
38296
83267
15104
77557
60324
44401
1619
57214
13388
49342
67675
47493
89756
10020
84741
17287
85300
12514
51350
79886
9668
52795
25723
92787
8178
9645
33833
80969
23342
64516
21099
90716
34474
31306
21836
45035
16785
85824
61936
60280
24788
26057
21312
77061
32818
90396
90693
60884
9418
61004
52973
29347
23681
82224
28828
15699
9808
93391
99592
46597
30745
34468
92324
3822
80739
8087
7669
56170
3511
99575
14485
74026
33576
11901
35329
88961
9931
4576
14369
30426
92680
71780
85454
50066
14093
62965
22980
16144
82002
34516
15078
43274
23605
28895
96974
84058
71953
33693
4677
53778
1887
42693
69711
56700
89447
36190
90344
62652
38510
12549
23676
18157
15759
10557
59963
69476
81708
12536
76117
55201
65914
48192
7135
65131
70007
38169
37297
65820
18821
62299
67310
25407
66780
18322
43877
24016
75536
19515
46066
44456
57630
26861
55056
41191
690
95526
93019
59806
73595
46946
78112
95152
86001
92138
22818
42037
50967
16100
2977
81281
22695
47574
58782
16923
20959
20031
43662
92842
24702
35136
84511
53517
97858
80822
78507
1328
69732
43825
97614
49779
33650
28040
40608
55504
29371
79006
86791
61285
41947
94204
99508
66532
91842
88902
55998
67314
14248
50277
18480
57794
7549
12040
34509
73849
55048
4664
48086
80274
72978
344
66639
78862
92748
34391
72077
14200
91671
11539
29789
27083
28164
54631
80834
49789
1546
25579
41596
68402
96533
47586
22113
36258
55169
45
20422
47895
17109
39075
47109
21610
53240
65547
47574
26104
14936
90305
36005
57993
19119
73553
43102
50008
92964
31088
21581
73248
89391
70169
32453
39431
76808
3944
64974
83165
77832
14791
56310
32847
87150
97190
21408
54107
79315
19251
58543
34851
33175
54611
68579
92297
72216
67521
13542
25070
97324
15799
55288
65019
86889
47904
47304
31690
24573
1107
75873
43193
68188
57049
55536
57379
73462
33149
5042
47986
65595
19959
22787
70252
32518
45981
46166
14815
98299
10264
72159
29238
50205
38028
75983
73005
65993
17738
74390
18639
47394
87067
75811
66575
1869
4621
25078
34271
74033
15592
54938
27650
92365
46538
37803
30375
76500
50815
16953
21689
23292
76185
69740
93578
77501
83488
27413
36488
18392
50868
33687
40806
60200
84467
94785
58574
31363
65675
52813
71363
7893
76354
57402
87063
75452
69239
33248
54704
16679
60261
35673
43490
86821
53211
87563
70919
137
6741
78097
46553
34328
23785
54254
21307
97414
24030
49748
33617
1818
78217
59659
34348
49898
9884
90556
95154
6123
60404
84735
3983
18004
30356
95404
664
5527
29286
71936
33073
61226
27452
75591
94197
54879
18717
11106
72308
55895
70082
71121
59357
51169
87643
19502
4720
16860
69241
34946
67078
11149
11897
5178
99474
56091
30544
97557
82579
76882
61619
95167
16415
1034
95303
15113
81912
78962
50109
3230
77438
6432
96796
75758
35827
90123
90220
51771
59601
66901
49105
85725
49348
71251
58919
23214
21265
48431
76236
95886
45218
75469
76614
17773
7129
59881
62532
6706
49870
15644
22336
93393
52512
76790
89974
45404
69209
46905
42718
16585
58826
59030
22264
47643
68775
11233
71249
93248
70968
87933
57119
72027
44795
39421
65165
32320
71900
39480
89102
57764
47377
64831
15068
18562
13471
69054
55117
26669
37779
47386
68149
90520
69170
73774
72334
94231
41701
76729
53916
48319
75209
83444
51380
84338
19396
98501
64499
50225
79734
56577
99063
25058
27820
93455
20977
86504
81308
37433
31482
46394
2368
61680
27004
77257
24882
87810
53652
52872
64900
19031
99588
9550
64959
98725
74286
51883
38698
46958
6654
68370
13705
90117
53924
59353
41197
97692
6114
22611
42834
9414
8572
86052
24916
70866
72741
60368
22646
57138
83401
3490
94716
59915
43069
49879
11366
20876
31992
42131
81696
55368
44221
72771
99070
34907
16009
74232
63187
51728
21717
2279
11413
88533
61417
21039
21412
51455
22510
45786
42919
41813
96420
46288
52804
7158
2011
75138
58742
67124
36564
31527
56869
65705
30143
86892
47058
95428
33424
65159
46549
55667
28523
73172
11906
68441
91378
51711
84207
68868
54397
95252
75696
34239
42934
24780
24942
91197
68670
86965
99785
4974
99741
67402
6529
29708
88525
98384
89816
46883
23073
56539
81970
60478
50033
41714
64984
32174
83196
66974
14312
12561
34259
23730
29296
27877
76102
69603
1927
624
86772
62094
67946
24304
77126
92332
41296
94093
40522
68413
13441
20055
8396
24130
81958
28563
28420
894
16399
70088
88836
53421
42693
44179
71986
73316
89838
55973
80866
58731
23627
62251
40368
47625
47810
82432
67769
38699
29797
69279
18650
2513
49299
15058
19727
1582
1624
91306
64427
27331
23493
45899
55394
63212
45659
88919
81835
5056
91772
59960
84551
59105
18159
97338
80078
87397
20621
82496
57646
77169
65644
54738
44247
16539
89821
45048
35301
24280
68390
57691
58019
30452
51311
15765
14986
18539
47915
38523
27824
3314
84617
7255
57486
89595
28970
81493
13655
15553
99496
13259
13420
447
14978
75220
39459
72173
31182
63552
89498
80293
74151
55764
24724
90428
89012
55061
19603
52187
28017
64160
15708
85048
36200
8357
49222
95446
65344
18478
14039
42413
88028
29849
22767
49770
12316
79301
73545
81354
53448
95767
75623
76123
76357
82093
13836
49879
25515
12460
17348
53157
54756
13109
90634
56820
85605
67395
17272
20229
92155
44748
26203
53904
92096
20870
44048
31350
90610
8047
47641
35522
95620
78540
73883
2248
68789
77956
68567
78520
12468
49107
1823
95196
59208
80228
83498
49468
85890
84113
60027
84951
38501
39936
35572
63591
43460
86473
73684
9959
45451
23186
86749
22591
60058
71666
66604
14965
93003
1172
19082
84644
25016
64884
99686
6605
88586
44814
74591
18031
57772
22250
86863
46536
40191
6048
85688
10548
32942
57825
8343
32158
83452
2708
76267
30695
84918
6504
33621
92489
82419
80525
58272
18673
90717
13786
19156
15518
54946
14647
61320
90013
33620
58419
65046
77250
26836
91517
21278
40755
40063
84252
94273
54714
57724
24227
92784
26323
79103
90169
32785
94113
12331
94204
48367
47852
53664
97153
81230
16286
78135
50214
39740
29820
76176
78453
21697
7232
31533
45830
88289
62628
62871
18939
52402
65781
4688
37065
34614
86687
44488
76623
59618
67424
43054
10152
47898
41670
8860
38160
7943
45108
5877
83428
67528
38790
21018
43585
72263
91011
52640
22254
34148
72432
40585
21568
12378
83508
39624
18664
8942
36853
74391
72125
5136
48321
89374
31481
564
88726
66048
88298
39135
76285
71205
21951
46184
37290
33042
17271
90655
56681
76212
91205
69886
46072
5923
88432
93010
21678
5422
87173
47770
47592
77133
76443
58179
53874
18946
36066
1688
16456
12664
5097
78410
87926
66745
47092
45937
54393
7042
67473
29238
87834
52923
71881
74400
42322
91138
72756
23630
7084
58881
88562
89101
59891
32546
48465
97872
31505
15873
10854
30360
1951
63538
79082
98574
77331
6216
78561
83212
71677
13506
79575
42035
77827
6759
23776
42998
54570
74007
89393
96368
94136
59624
56619
76651
36099
2866
34326
86239
51855
92908
32885
19891
73723
49998
55416
7819
3216
49507
95005
85866
94022
67173
66271
719
65383
3447
72148
18593
84378
97781
64359
62273
70647
23825
79185
83140
22313
98236
89519
77879
80044
94435
31471
50478
67861
51578
35094
53961
58017
76279
27925
58328
65431
22263
75418
58251
27364
13448
76001
75491
94042
76238
20857
93120
17787
98126
83933
61294
71052
63667
32278
50284
66722
78016
18048
77712
88748
96764
64576
10902
43434
17680
62804
25232
80766
88491
50287
5423
10845
36487
35959
66711
87782
47893
25412
80472
75929
36000
54116
30459
90115
74951
14046
61287
97718
84695
15300
47751
55390
40539
186
66829
13189
54841
55908
26351
70351
63792
33376
26714
72900
85011
78465
23277
88809
79229
25089
42907
81108
69619
85769
93025
25303
34392
76933
8659
87304
14699
43932
7050
60506
1373
28257
33030
75739
98468
24313
62150
68561
15498
8591
80043
5228
34378
61771
35123
86195
54218
62339
11094
97884
13731
50148
53577
26817
32419
60766
26284
7101
96592
91223
3026
46187
98322
23626
72516
98023
91014
90779
8550
6489
65111
81267
41689
54014
29040
33349
61156
36740
13125
82514
25086
2906
13066
43451
99864
99371
19231
95985
53428
96251
93283
1665
93952
46190
78655
8333
20665
17655
82236
7675
35512
4242
13339
34200
48760
73196
37452
56352
93797
24199
29111
61729
28287
32683
17873
96541
55879
89079
4744
30833
7238
81675
11557
68152
45908
55488
61782
70159
27757
50452
72492
10691
48070
52629
18403
31404
91830
74621
36660
8366
54511
74492
96678
60616
89431
61802
29556
78269
71499
29266
48524
3465
77580
40398
46765
43224
88542
62328
40643
84047
58748
21487
66682
29832
47884
35514
72658
58943
68858
81349
8566
4918
52402
10622
89706
15324
33335
65595
95053
59872
1800
81723
58260
84239
77293
85234
22746
74580
81416
84760
143
78496
43585
24815
72711
29102
32635
52314
80799
85463
64375
45126
40334
22974
43106
5237
67420
13744
78254
61802
6169
36541
35026
98397
78414
37501
55882
94632
19714
7550
32177
42829
23793
58374
23998
94636
16774
52443
13555
19868
26975
69594
43295
61266
24898
34339
78491
98323
39454
14848
3886
49134
16240
8438
96584
25979
83696
90343
53777
26978
13349
90457
18956
81303
1019
6134
88685
98626
34852
17307
84964
72104
71814
16761
86034
14437
38454
9517
78562
61541
19136
17623
55742
4791
57846
80531
36017
92918
18834
3110
46082
21128
9970
93797
24437
57685
17610
90321
27464
24111
26885
18755
48036
84957
26935
40130
43369
71421
68048
74776
49281
8238
59867
48174
13798
98729
95405
63433
50333
6291
41457
57658
99597
84225
33496
45484
77425
84623
39343
55796
27087
87256
52642
71102
39697
82393
10420
23386
33777
41503
37059
84531
97595
1803
74852
93247
71217
33904
31336
30362
64949
395
39725
60308
46718
74304
43538
97208
33781
24706
66696
53596
38490
47106
70028
4662
62902
92252
87642
31668
73381
82777
45053
99910
3535
65008
69476
59288
86777
77355
94908
12050
51327
15906
91049
97467
93857
19282
46540
28701
30878
16704
28362
90836
78792
99885
17258
3357
82684
95828
32222
30529
26076
29429
59475
10461
56414
72214
25175
52894
13222
77369
47677
36546
41395
2109
49765
51091
57608
68707
67583
25110
519
41258
25806
78165
80675
91122
96542
81187
22579
27999
71799
23148
66344
8947
67819
56000
59988
71207
28463
48628
71725
16765
69506
58106
25146
71093
62079
12302
89502
93746
87108
79726
14879
26577
39566
87101
12767
93879
49310
45402
19757
79467
36399
9475
30883
77971
30213
46726
11677
81964
90269
40023
35456
68838
98261
34614
64223
20291
15877
91477
16296
40286
71416
24809
81681
42200
18731
28031
53058
56197
56927
15297
43907
25577
19848
5932
70732
26732
6870
99188
79997
20943
13067
66479
34346
61570
63326
31410
8093
3355
67181
94180
33716
15738
34358
99107
819
26579
60350
85514
95439
26106
23649
8936
62289
24459
35379
96287
37108
58568
1329
7283
47847
96636
80234
15768
54157
50550
20987
47642
62643
83766
96934
38570
66021
68162
59397
86911
1134
78796
10107
67729
79175
56899
91205
43115
19897
75365
53839
79537
78688
44801
12624
14722
20738
14693
58700
19253
12974
67760
2157
6737
53514
22497
9602
15237
2772
84432
71300
24668
35563
99885
49495
25257
80700
22665
73374
2417
13407
94739
15325
20295
62146
78540
77488
41097
36695
29635
13609
96970
33391
15978
56238
46995
36799
53022
4847
60837
8459
69276
67926
85517
31616
77515
22143
38574
84263
93509
12610
73942
59896
27386
13883
48053
47174
48703
76062
58394
66308
16879
84912
80959
45321
58752
65821
44904
39731
37686
28538
56271
27846
47765
38518
43235
39753
60108
9518
159
49677
61531
17986
26930
41263
36638
10022
75465
9217
39381
29258
1251
1756
24466
43530
31718
85175
97723
24362
47908
99399
30350
24449
29575
40146
80767
34182
73602
33617
20113
47502
55325
22426
64789
98114
29600
5411
32705
26325
6208
28277
45080
96571
76354
91752
43436
83404
43166
1688
85781
7446
83203
97750
85137
89756
24250
83513
26515
17826
3527
83612
33412
64453
85399
20213
82225
16085
96293
99453
65040
28114
38260
38695
90062
97552
25935
95268
43626
27277
2628
94583
35051
73879
43900
18110
52603
85121
7362
44235
95884
2589
92497
700
93823
56242
20486
68197
44382
62265
23069
61218
78413
15174
85724
36381
95793
25969
88311
28953
14751
14381
35029
34953
79831
86501
78659
22192
49925
63567
19097
16374
18800
82491
72433
15481
69423
13009
63772
86609
70808
17770
31630
57064
82202
17945
82094
24934
28273
7574
26601
1258
29173
20972
36737
75324
32613
51403
25725
92038
67209
81305
14223
70884
42378
8500
60170
54297
55653
42894
11755
7171
15340
95663
58246
2240
84983
36056
1706
23945
76648
97788
57893
91065
10262
36188
80064
3213
27811
14767
996
32906
7404
65272
68733
61194
25939
78037
20551
36469
59171
2820
56811
8349
18467
27656
27892
92502
11512
57266
64534
35177
43175
85391
9001
99280
59754
28194
88425
21828
62112
8879
61941
75344
29076
90365
99555
50040
99124
68779
73119
9083
72574
57911
19835
58046
20002
33230
56154
70156
79926
22321
6027
76821
37838
40009
50215
65020
15895
61196
19140
78797
29413
72302
42062
18934
13974
9985
67259
23013
98299
88593
24063
62673
86873
44944
72870
28610
41851
91631
47796
19713
58458
37361
41857
66821
54577
99614
13398
49980
24990
74083
8865
63123
20706
13193
60316
3355
85410
8056
56602
34177
76669
39516
66949
25547
55179
88194
81021
52761
49304
41135
98354
30216
3621
40212
25172
49700
99288
48324
75225
23765
27902
22095
25202
14053
34984
35045
37725
17366
64366
66666
43946
63011
28603
84970
91470
46514
77772
56569
68213
26744
77349
2967
79094
95651
56992
15578
69986
74701
80026
76327
28416
36239
22892
25444
2414
50631
51449
33682
68984
4016
27233
79534
193
76930
22816
52653
13438
82165
66483
47795
6456
32137
98113
92831
99139
42240
96735
50264
53788
21761
65497
95635
19701
33874
9646
90213
20774
97918
39921
52720
84606
69062
60266
12730
57881
74564
33601
7892
5156
22492
84707
89708
78304
22039
14627
40000
4617
56421
72713
33145
14682
86544
71601
63517
37004
69274
49168
7784
38685
65339
44148
38249
68034
86548
14985
63485
7748
43385
87842
29616
69612
75776
1710
45373
59628
75986
12535
73300
35500
55188
49598
76918
18638
44082
7151
88493
12014
75666
43784
23050
79477
19568
89692
18317
5681
52980
40894
39134
75084
80924
50668
41271
67143
83356
90200
25847
8896
7487
62508
90986
72893
2816
88499
37438
97040
73453
34869
54756
83241
30663
4602
28563
9790
1877
49280
83569
66598
15758
8030
55344
98374
2601
30782
10366
84972
90621
35676
6447
39684
40130
14469
23799
21491
44202
44987
41978
14718
86220
11938
96102
32483
90275
58794
4387
76344
55832
27900
82458
81224
3281
8617
38964
44030
85539
65403
75792
53190
1950
93788
38565
88636
98210
7202
44815
18729
10786
47612
23223
32243
94819
91118
50679
68416
52947
25169
71346
93126
46942
3783
62356
37698
74611
727
33559
98572
17450
11077
83155
22187
17531
33800
27641
94476
49113
9755
75299
9805
54099
4235
79250
43159
30215
70861
66106
51265
22232
6838
16457
45891
94268
60552
7775
24832
37555
33644
44362
5644
56703
12708
56862
49321
59649
28113
20362
84776
80554
29785
53716
78274
80826
65082
81560
48607
25578
58843
14796
6482
77478
96384
60612
9612
85174
90443
30317
6675
78481
80517
78746
51894
71936
21600
58827
64762
53986
28149
40526
31942
85346
83147
119
54784
84514
43621
82666
77512
22287
50673
53710
93338
90319
35392
36529
76885
47049
24902
61153
32274
39147
47511
41230
7724
63763
3859
66224
23168
49056
27181
49223
5578
73877
82961
91453
90826
9259
22970
52615
14638
64225
58133
51438
42635
18642
2936
66944
73005
91862
89920
49095
83040
42034
58017
78828
65240
38953
99188
41481
53110
14604
90287
76349
81486
3031
75749
85753
30446
1323
20188
19956
40390
202
58522
7300
24034
78506
85366
76527
69288
39528
45852
54956
89060
9913
2809
96802
55720
57895
82776
9840
49813
49115
8912
70457
31389
20931
67575
40352
39952
44366
61155
9233
63705
70841
60011
17640
94395
98297
47351
4151
94715
93376
90725
61519
66972
55438
95258
48508
98263
97958
5286
70472
43769
35730
42497
70220
97389
6497
33769
16626
10003
99743
24516
27496
17730
70545
87229
86133
10037
79587
24321
83078
67766
68012
94462
80100
25421
30570
85286
74711
48522
62098
70556
46156
39885
65831
93901
10165
5390
62443
47911
28500
45737
91649
61476
13008
95573
98203
44848
47840
3423
13995
36807
36657
12508
35922
99858
80871
87164
29514
73090
93673
78582
34276
43113
78677
88106
49713
93169
81766
94806
19254
37298
42360
63667
37938
76144
23390
29964
5099
53832
98487
57331
83176
19195
78401
18183
37838
79094
99339
8134
7358
45128
99348
43340
95438
31291
40300
37755
26972
50806
99722
97490
84110
66873
62322
34007
81409
63671
71174
13103
46331
79767
95609
67573
21563
93874
55704
98073
56993
35936
86345
72844
65988
48188
38708
78807
29040
41128
54811
9921
17858
34760
5533
14334
21790
45408
95448
52883
82498
58699
13980
61453
30510
14141
23675
46106
54426
35710
92621
31527
78846
18925
72198
88650
70900
38806
70902
5946
99268
28001
67527
90978
71400
3408
36013
18697
98869
40562
62425
27127
49658
83947
3147
14299
9641
22840
48689
69360
2446
14282
37445
22752
51034
7347
69956
79600
27434
92608
18035
12136
93337
89658
36313
94956
42559
42631
68902
20279
56640
5234
12465
2873
93521
59776
73372
37238
20702
22227
10663
65635
95096
55213
82365
98630
84138
35595
89825
26290
18024
83076
57146
22101
19663
52585
94846
14072
82193
98443
51448
5959
59957
40018
42392
16222
76674
30893
84306
62598
1096
11199
52273
73788
67220
83051
95209
24293
86694
28787
29069
83957
83457
6667
48120
23790
23499
31582
49992
34632
85675
23009
27233
22492
46949
86946
97751
37525
65595
297
50877
80876
44831
24129
4053
93537
44440
51643
11978
50904
67220
19967
70329
24280
52144
9260
81768
62980
46114
36315
16034
92277
44021
40709
93832
43737
56706
142
53724
22991
820
29354
73463
17903
70020
81918
15988
92965
89875
59166
42518
60936
2442
60996
64288
51726
5666
32645
24783
15878
66986
2183
18675
38356
97801
80971
97954
98512
47242
3122
50146
48139
53919
8493
12611
51913
24286
10029
16794
64822
29792
79813
97193
86103
97090
89337
67830
76887
11933
89007
52113
70635
30478
18462
85135
27087
66658
23231
92501
1338
91800
54441
66909
51633
91786
80054
65626
25465
57467
86342
50581
87519
14650
14331
72439
64037
49503
39724
20562
34402
90351
67834
25619
54133
21937
74827
85920
97402
82924
47092
47035
26280
51885
37016
11999
398
27185
78982
14846
96997
24311
79640
13646
40837
90379
29989
17622
96990
68443
51753
38053
70977
79456
68944
14942
74875
97194
43721
484
47138
43168
89664
14347
58080
38919
38804
45455
50401
16035
35188
82075
67161
77409
4972
93368
28276
17911
11761
62495
2533
46449
13471
6352
80438
92736
8100
20198
26680
25330
54111
45740
85703
65750
8393
98590
63032
36080
3767
97400
33720
37294
28178
43496
79737
6892
85673
51596
29630
71128
84058
44441
36945
49740
54341
81710
91331
9097
49426
78482
45124
1508
50312
61255
44398
5263
87699
34113
50975
65353
55012
86249
15093
77611
44140
30787
27729
5250
99492
78873
26629
14430
34316
35116
2465
80391
21210
88450
13613
72355
84227
35369
82514
52212
76660
55308
23115
70016
58145
43704
25034
86537
23629
1441
49327
4896
60390
50998
36001
73507
9778
61741
29073
70781
64939
58923
1792
29433
1306
75998
61424
80984
39374
1445
59182
98162
92632
38951
82229
1329
86594
25779
41520
20524
52559
19161
13368
49886
55165
64819
44770
32289
84109
43233
89501
91452
46728
24069
58003
70645
66759
86432
58324
54874
82190
84212
81945
48310
36986
73153
67105
60932
60152
30511
83963
33828
69980
10657
38567
23287
81617
34815
27347
31064
13789
35014
28754
16497
97646
1273
17892
61227
70627
10525
24158
28641
4157
22782
69994
53075
22295
25613
70045
68342
74042
89489
61562
7917
41772
10868
46283
51359
77777
69657
51696
57253
13853
4557
73239
59962
97868
34062
50582
76546
90875
63110
91737
86132
76279
73589
75720
64263
54276
71660
5864
90949
11942
39868
55533
38944
40080
92996
16097
18703
48864
21630
8025
2364
73876
45498
36484
32062
42078
68422
22942
85683
50680
89568
40473
42396
21407
94185
23302
34938
59120
5854
81257
21574
7752
72724
29604
48455
81949
64277
5183
13935
85716
42157
81990
32278
70810
5049
37020
69145
695
98336
94068
76970
16422
81507
77016
63283
88739
87931
25312
70771
79563
77438
8597
39348
2700
44176
89268
5562
77403
14896
83536
2790
53518
65348
37104
47210
82731
34128
53990
25803
12427
11607
56829
38312
78866
13714
58101
1039
56041
19318
4755
28860
48465
51141
91888
65037
94433
98656
40178
74760
4284
25807
77094
60356
37570
52995
28872
94551
46065
71114
91326
85728
30612
22500
56843
73965
77641
61830
48057
26659
69532
56641
48318
78132
95261
16137
59508
90822
352
97757
95803
53598
51212
59112
24073
12889
34781
43743
77264
77140
81570
44662
43554
69721
80408
85735
75905
53879
29823
16902
32043
33421
74165
30664
76696
84285
82796
8340
5143
98497
86152
47047
79660
24739
64130
6160
18631
29567
82253
14663
89153
54185
821
75967
19539
52608
60701
27808
80686
21175
22651
6225
97368
58798
74501
41239
90917
17681
78926
15891
34393
35544
30825
25548
9598
6246
79736
26347
2339
52462
50983
79868
65493
55351
3603
66347
25243
92294
17531
64195
3814
90249
81174
80638
70782
90349
90579
36638
90163
27141
1597
59201
67656
30914
64034
68477
53915
33981
29417
89624
26594
30116
66222
48259
66537
26431
97356
82473
64529
57756
34297
56376
2157
44233
13664
40397
66667
7017
48499
16840
7435
25773
32102
99101
3249
45144
41872
62359
98312
55390
33755
6193
41030
32160
18072
16494
14504
76179
83784
64188
27966
86898
10778
13324
97545
46787
90895
67644
32907
30934
54575
24126
86654
30110
50352
61596
71730
93309
96083
92735
54105
74944
86121
96551
84932
77025
75935
15761
67582
58927
23940
97030
4435
85782
91693
52144
51197
34970
294
37148
79711
57634
82215
30580
43274
25187
8647
10489
20789
2092
36254
64943
93826
3191
47800
35753
90316
95780
27411
62960
30841
59260
29658
60914
25577
4455
15270
70103
81601
28324
64042
3081
62665
50376
24402
57523
11757
70806
26678
1101
55363
41457
20204
87598
51123
78453
67564
23034
81258
55693
98877
38034
82537
20422
3642
90711
30556
96931
31980
14534
38415
73446
49370
63723
96630
70050
17136
96961
84917
8820
51654
53065
97251
46340
63063
4136
77537
41038
75401
5286
97107
1626
31806
72801
44523
17334
65743
70935
25892
86118
43983
19939
59500
35031
16134
91142
64892
46933
62715
37310
1704
80167
79657
6816
3816
84331
27838
10613
53843
3154
72833
17789
55064
20097
40680
53399
49544
68759
88803
82083
70182
38503
9554
95683
84283
19577
37031
22879
11766
12990
40630
45714
74499
51591
79009
59357
31147
77413
44891
9517
65952
91382
34999
67789
28330
21304
18343
80716
82325
67200
91699
26214
68937
93597
82141
38197
26921
51848
15510
8043
86209
18554
1513
71955
56774
28657
91406
35542
22067
44772
97581
39127
49902
64011
74130
66652
38605
59017
78567
33173
3480
41537
67611
43772
49636
372
95699
88473
17311
17399
53460
16440
81924
74545
52329
89976
13242
45035
22532
56131
45815
65437
29126
48274
83632
68423
93126
78460
76676
50447
82151
36959
77167
16795
11713
11163
26700
89674
24404
32280
58228
25866
73278
26844
85218
18098
42907
21903
15924
45706
85251
4595
41983
79437
9649
99578
21595
46698
20434
89699
54318
63101
12070
46306
50867
84284
64292
19605
23437
22141
44423
4898
52370
53639
93458
83346
92270
71469
50688
68402
75455
90459
66963
93556
17365
1555
55639
79119
41444
28470
12780
61263
53261
32416
38406
44929
74221
46662
95319
20490
75869
51879
80352
14609
84955
43769
19428
16875
51288
25402
15446
98457
8548
78703
86036
76862
66829
5860
25958
4971
97795
16668
67734
55188
40370
35317
98696
7819
82276
68734
84127
57703
77240
43741
27556
93908
87973
90728
50189
44582
36422
8007
13064
16992
4354
13414
76657
63359
75786
21942
95361
33665
68272
80619
49141
72546
81964
37675
39963
58963
82928
67773
7310
5539
79675
64267
70498
48162
59550
7958
62440
86465
76270
27676
24222
2218
67166
3228
14569
8921
69757
20322
14875
25018
81993
30956
18706
35523
35951
91372
61300
60346
50624
88275
20323
7162
24151
7654
7543
60553
64024
62332
25359
21340
68235
75409
53943
29462
59354
70062
32342
37370
98468
12694
3505
91095
56663
20637
79411
47918
61892
12916
86146
36631
31721
77137
44980
88505
42708
77293
64426
98720
70495
27839
39281
69383
71752
88176
97425
78528
97643
1576
33399
57937
93738
84890
37177
69557
6788
31879
73552
56148
52527
60115
98919
32117
89073
79394
53597
54803
39972
27993
43866
25664
56040
84975
13254
49395
8188
15399
13840
89659
96068
46075
39776
84181
90716
74546
73368
49075
25682
29406
80474
91607
64609
15675
3001
83426
65154
32526
28405
51062
78233
16601
77666
86391
45780
18338
77699
77376
47259
29999
88803
10819
78902
8624
18475
59507
90143
51761
15324
33954
65787
14926
42924
69347
13193
83074
13545
29200
9908
30776
71941
99463
9633
66315
82057
10075
62355
70640
19296
9449
12618
65595
26134
3813
62696
12616
75049
66847
12867
49813
2389
54745
891
15106
62188
69350
18782
80933
22857
7994
95648
70261
34830
68750
84342
47741
87408
77033
81404
13389
44718
45392
77428
80246
37795
97039
21653
72225
94297
16009
32712
10607
12002
14178
69105
6948
39952
56968
81380
78735
34290
37021
55764
82328
42038
59972
22122
60115
59497
49872
51744
37250
82822
14118
85144
17480
17291
21314
3200
97445
15622
52003
47009
70820
82369
50757
48651
50664
89993
66201
99931
88658
60652
31326
95098
25986
43925
95956
31174
53481
94805
48368
2595
96417
23002
46310
10076
90113
2617
43618
15154
19344
28693
53501
92422
24185
39642
56904
79466
6192
16561
21683
91208
87634
22205
99403
94519
75815
43117
31260
75042
98143
24394
36145
16135
34185
5431
77716
36755
7012
85920
40114
73409
5473
92428
69301
13090
56671
68818
9554
27385
88684
20746
77595
99458
97077
5511
77910
84408
21834
22553
2722
66471
99879
13379
89559
44600
61025
73444
42109
17765
24042
45673
45327
24235
9086
89546
14067
30838
39320
74070
68785
28132
12153
88708
12249
15104
89533
37701
64563
5782
38772
89479
76382
24420
75680
27928
40237
92332
43067
33351
64434
31486
14368
97847
23191
50682
99553
41648
82597
1517
53328
10128
69178
40109
88920
57080
17678
91848
23299
6706
23375
5155
84278
2701
98342
10385
73822
68465
96861
86811
62696
14201
8638
24992
93032
82214
89245
2041
17562
40756
49278
39808
20119
61940
39226
18528
74609
87326
54183
76035
99715
44645
91139
22791
57066
83866
97598
48041
7775
33609
33931
41619
94143
53687
22801
28516
48161
91173
28700
30854
31239
9787
73009
6214
88037
67967
35640
24936
40328
44476
52952
19994
93400
12933
722
92924
80152
6584
2375
78592
91479
58401
53396
47935
70720
77849
68402
49421
84486
42095
24110
60094
87661
75434
35341
91036
39155
82791
4004
35137
23259
63900
1749
15895
48442
74377
61412
35909
84373
82256
78120
71744
12026
37768
10955
79026
54298
36633
88763
59687
34262
65543
23630
44815
4494
83538
91292
85585
70295
46003
52594
85621
87816
98291
64923
58182
69865
63390
44094
27716
81434
43887
39267
54462
25368
33542
18733
23620
12631
10891
10549
80121
28790
70353
69028
10822
84079
20306
87797
84186
89484
77107
19094
44325
41639
58874
53068
28366
25806
83585
48297
85120
3663
70317
20745
97327
194
1238
63922
71042
71157
3663
81787
58192
18921
51148
45204
99896
78362
77915
36768
62014
5216
99823
31715
75680
35130
35715
95656
29193
93387
9198
82473
74919
65318
11356
62397
73648
55298
8613
4318
58833
84715
43221
76696
39571
80135
68219
25270
12511
29849
49129
37102
92489
27282
46916
81713
13638
61340
88660
25282
47371
80484
1141
89855
37495
12677
72823
96205
83181
17124
73081
40958
48316
81664
84851
12552
74547
22306
41992
84889
49806
94349
56788
77127
4970
79707
83142
33777
59983
51384
77856
11460
61687
37801
65640
92126
20190
11710
60779
50959
77139
54776
55802
56901
23888
7735
15367
70513
54278
29085
34743
30664
9821
23345
51543
67211
63160
20849
45115
91792
91012
92786
46633
29059
12663
96454
78790
55788
76407
72293
29677
39877
13896
88360
12480
98198
57230
16218
25799
20788
30359
75800
48419
49107
94644
27426
24952
65579
7017
84771
14342
5316
35566
7595
55014
50438
82325
78486
49756
78418
57674
19492
95088
35045
99611
72683
9839
1335
55800
10634
15472
55042
66192
4916
79609
50190
2495
8967
66958
87099
13654
88258
97945
36968
96418
36883
81181
62846
77400
59944
77522
70753
49086
40686
78457
34367
39041
73093
20395
19577
64596
78362
6430
45682
69300
5509
73601
40358
63574
75442
79715
59145
51399
2985
14453
70281
30272
94431
35986
19463
36790
46103
10172
86183
85442
32692
6410
5954
29568
84806
10538
43911
2832
36227
71032
14695
38142
11772
8801
37626
80255
53897
30851
66611
10290
28674
56953
91087
94909
32849
17003
28781
86728
39677
77945
10038
18999
55693
79268
3241
79131
9755
18796
41096
13904
2186
39367
84062
51302
79511
16845
64258
53806
84140
72941
88152
81838
85960
85100
88287
68347
40724
51700
83620
29087
64389
31022
54380
30319
28891
88265
61608
81632
51898
74055
14699
73105
18250
98490
71883
23895
91802
25748
41943
24368
10412
56351
27714
32533
36556
67665
97615
28020
90555
27539
12534
90108
1177
49973
65468
41730
58296
85521
3339
70102
69826
38741
33927
1196
84137
30965
88106
97870
52265
91081
63650
25974
47190
24187
49167
41194
58823
31575
82144
90569
5536
21388
15946
2929
74450
18591
86388
87955
33772
89318
88015
13891
16936
38270
7524
81813
39446
50101
1848
82451
11493
996
87296
61507
89548
673
67921
58417
57789
25233
33726
47132
84796
54755
2386
54307
81040
49748
95855
59674
30583
18390
83327
984
28805
85897
5992
50978
46492
87876
97140
15808
47957
97592
86116
71125
15057
17641
90171
42575
86649
24879
55152
56321
5248
92141
82036
49050
63007
68738
67706
15548
36783
54144
24470
89011
23316
86461
88037
50587
16069
85295
39796
56170
68376
99423
71875
36303
86095
94369
39650
90727
40096
30591
71741
31645
59243
30964
47761
28967
38331
35403
40127
6155
50290
28708
35326
52051
95011
47270
35533
74406
85283
90267
12167
67068
68421
21141
46858
487
43680
21809
26742
44833
62220
15393
69084
17294
67775
15771
97797
98015
73075
59658
22156
84881
17281
15827
27590
8697
7208
75423
23657
43821
73514
7247
16104
18244
14769
31572
18762
92436
66062
69119
29184
72655
14746
77037
86456
41958
77090
18
99194
84742
68228
77377
90908
97332
91792
82951
10345
1344
94688
51373
35334
88928
36073
22851
98229
78619
13969
18548
66859
40521
66847
91419
1193
52978
63184
3694
15075
95125
71830
74012
4433
33695
15022
80207
33315
72221
11621
82799
25626
6153
51550
89631
69210
97235
18553
33133
67818
38404
35315
15575
71390
75424
42625
3471
28883
62635
98013
84917
89395
31571
13509
61245
38696
56462
75423
62096
89267
35489
35243
95299
20294
97435
86729
15137
70659
47336
9283
53789
82388
33567
959
61125
39735
56171
62176
38286
60294
63131
44697
84940
78649
40168
47039
87140
44329
80368
65016
42852
89915
23780
56303
78149
76298
83237
324
27161
43869
41008
74177
20873
46372
89050
19931
91010
28369
41506
67116
10198
6651
10762
4806
20292
9992
19275
1112
86749
78387
95208
88871
26130
56133
68820
91493
48373
36061
21940
53653
41057
55877
58616
54272
12198
2596
2790
86650
94484
49067
68632
88840
62136
43484
99593
50579
5452
29731
20434
83754
91151
43034
97490
50705
27221
69321
56670
16332
9679
41123
21400
5952
37485
72584
15366
32487
54144
71430
43067
5371
91202
84151
38708
40231
95740
41263
99999
56212
47391
69597
13350
73763
66486
60948
54501
56342
60536
7238
31593
62851
62507
38068
81981
14564
19301
44308
9645
53362
32910
86995
80991
26158
34287
92205
78637
24863
45281
37073
41236
91803
3793
21514
74367
84403
95965
93602
91684
36582
99484
36486
59892
40849
28276
72787
17206
93843
83889
56269
98368
18683
53585
71794
46685
53090
12697
63225
95640
98628
79105
36858
87527
77389
52203
13496
9147
86706
93884
90941
36734
42300
92386
11380
741
54593
47602
49135
42176
97830
85256
74592
73057
85267
49202
66248
31174
69519
98094
72295
3061
62169
4223
27732
14666
95698
45216
55841
13756
33032
53759
93096
1409
72190
93387
39118
60179
39524
72718
1534
45860
8649
52916
78637
8632
13703
40859
94126
4637
77093
68892
45400
54120
30439
85381
99126
78577
88478
7695
74965
97164
56531
25257
35679
3486
86599
6057
30599
81109
56461
52679
7648
76456
48914
1605
30111
89764
3490
15087
89106
21391
35228
65737
16885
96587
17795
90679
61452
9043
13544
47101
20288
32179
42619
59130
81757
18406
150
15161
77355
82004
25720
44182
66098
91098
581
62340
48883
43815
67723
7228
39085
74112
50773
23007
10287
30478
43053
19807
16695
29712
5591
93048
13555
65669
43759
53353
112
69572
87498
32135
16899
13376
20697
22651
87257
10124
60983
38143
65273
34581
70040
91083
78701
92445
36152
17937
67445
47926
71562
87027
67348
49809
52052
44263
88716
30351
18811
17159
29285
90934
25212
8211
65523
20648
31304
12014
84245
81756
67549
13305
36654
72301
14501
90036
40261
72165
69118
53535
52037
3744
99002
73006
90757
30649
38085
31022
14494
41101
75242
61836
56421
81715
13744
27079
25555
68072
64962
69688
19162
99769
73564
63912
81850
62290
71850
80727
18448
94752
22221
52452
550
42873
79269
10816
51643
23416
27126
70889
54070
47743
71670
89701
60450
80240
69937
77281
5116
31241
55375
53451
86385
48874
19675
19726
12242
63310
32711
60062
61756
13340
65209
24653
65869
39104
13278
28201
83127
36292
20894
7045
26267
34173
59920
86206
11326
16353
84558
45027
69373
38904
86899
32133
45973
12461
51150
84197
84264
97220
11704
11943
55995
75677
25393
49958
34255
89221
93811
69773
805
87492
57228
20696
21488
16681
20402
69354
45028
69069
59033
57337
7663
90028
98067
4531
43310
86639
23897
49694
95692
86521
27539
5945
31973
88505
88746
7702
17687
19437
43960
32668
83866
63288
45744
28313
40629
58852
73176
587
92061
751
39904
39392
12872
91865
54105
2373
31404
67632
99317
37700
48167
97735
92761
50437
30528
13589
95740
80117
13056
64556
41630
2587
91467
2160
95829
40596
81212
26713
56528
30249
6281
39680
19634
73622
36979
86020
56872
23482
35022
1276
26322
63617
77837
17487
76164
42913
45481
84716
25739
1714
97763
56610
25742
23365
97793
43705
46505
44960
11246
2191
62703
96043
96274
12392
99509
8191
2760
91717
37328
77222
18863
58194
80727
22446
80864
81049
97399
92299
9279
60294
70775
98927
52157
74173
81634
1777
14534
86146
44475
92043
35520
42797
14366
93086
3946
66354
81638
763
41857
77894
27952
594
2266
45519
71530
58083
68080
83983
58612
1422
8230
44503
29414
10454
81507
14548
6377
80676
71863
73673
54575
19441
56276
62620
54680
1290
78223
14530
58797
28502
61248
83551
54789
81666
61471
59572
31742
41114
49816
48927
77250
60915
24721
76101
97110
84339
45292
85282
66696
56280
93028
18152
83401
65486
4998
46179
84785
16605
55417
15582
94455
87244
16504
70387
81429
52986
27649
94819
51564
64660
82930
42206
10740
78258
30287
93699
80414
16005
70475
68803
2927
50917
14677
41251
39707
90654
66528
49514
77218
46977
54550
50802
73197
34039
59953
73641
69576
37476
65118
61724
18061
7136
83562
1155
75880
79540
14791
43694
94451
30264
21295
61113
9388
40733
68321
21399
63116
5741
61447
60491
5097
78916
69033
32879
15329
38450
97316
75321
9056
85586
39158
9866
48925
32593
77010
73455
21921
72177
25175
20483
32735
14396
78963
76145
15474
28422
13948
41291
83121
26777
64073
39009
20343
11308
38071
1125
35398
14874
70802
98993
19490
81716
74043
22144
66239
78676
82550
42823
22865
77530
31762
29292
39225
5849
19762
26158
99905
93420
64345
95435
15481
9227
47653
32681
28598
21797
65101
81370
36117
70163
61538
63974
32539
51176
28101
14859
94089
39512
43492
11516
25566
96028
96157
25708
57529
93337
84894
78786
7461
56884
14459
43551
29032
93757
88381
94974
47490
19546
1409
67746
59098
69004
45843
81648
9924
96601
73269
722
38744
39584
72769
53290
30528
20573
80744
65401
16585
78819
21479
36109
11879
20173
7668
76903
84581
87694
94991
87327
31313
3122
56030
89809
2615
99792
45632
32434
32115
21110
86693
29298
19080
45944
48818
57631
10583
49971
79942
12578
67643
89234
4282
28024
55751
5182
62925
36726
67767
1590
13430
59850
34547
76941
98063
7036
92742
54734
64397
83829
69317
27621
77471
39114
84449
4662
79979
60181
5546
92781
65549
4528
23687
8160
43765
82274
77294
22577
61275
87857
36721
69182
11457
99877
50851
79886
61910
3256
56035
41699
25918
96763
50099
20020
41970
9526
72711
30980
78746
70832
92728
2541
48461
79177
35918
92118
26777
65563
1176
74603
15356
56889
15554
73131
33655
55665
12515
59777
15562
18457
49309
27688
18196
26659
18384
69503
80274
5879
78276
52358
79451
66819
4273
29896
76188
2107
82785
63061
21755
40714
36470
77308
33717
21457
65004
61423
56703
78680
48639
68813
99347
41048
15901
34191
46849
14365
77661
43839
7047
6760
21291
18846
79415
82570
95169
9630
84453
56749
32718
6650
86012
30710
65089
75440
87575
93677
55185
58453
38791
55460
44064
35916
25549
70353
67581
72517
73070
47551
87267
60858
95264
70238
46509
1543
24129
32153
74835
17658
22804
87160
80826
78621
89082
46225
89958
26789
8867
14534
30566
56496
43275
78586
98367
87670
63248
39309
77479
94547
86472
24384
68942
26398
34656
83996
69607
50634
59139
3499
9537
22313
42166
90709
75514
52779
57336
74923
71295
57172
19502
28454
23726
85667
55788
77424
20844
28123
88914
55529
89930
43569
65740
81238
9729
3532
41650
57417
45868
40615
62342
42049
64421
79869
97107
37680
99770
81189
37534
3693
36831
45213
65334
34801
36847
27773
50706
36271
76059
31524
42482
44284
43820
96262
95067
85257
46704
84954
37695
73925
34074
56442
6496
69883
62746
10786
18518
56049
29825
58710
17775
3766
17200
82325
61936
64047
13668
20134
4258
70000
74611
35629
72367
34755
3459
94913
2564
33865
60790
46265
91487
96036
47968
11325
75560
55241
49171
35071
21802
55286
10562
22437
7843
70399
83344
13810
63263
61602
47701
39898
17905
8412
92028
36819
44751
13534
37482
19663
38478
85111
81900
49578
69316
8169
91996
28092
47632
12035
20652
69856
23842
5363
44241
81378
3908
38289
31008
28622
6168
43856
86564
63921
4663
67569
86272
84357
56711
54454
79815
66883
73301
68272
14478
92275
36900
58765
7007
5451
43038
34005
44199
5663
96747
66001
97794
14151
31201
96595
83012
70864
23698
71167
85555
23137
13950
52262
58241
98856
55482
63536
80960
70889
35338
8086
78280
42571
24410
71297
55278
42907
53947
25620
57615
36959
88723
67665
19224
29575
52837
92787
45261
15728
12254
95224
91458
77840
62645
95601
52053
20731
88000
64264
48408
34699
87871
18984
15799
56759
91133
85896
83623
15700
18384
38625
8693
50812
46193
9475
45654
11690
18333
33139
21469
65199
38238
76762
43877
48566
8057
96648
62287
12909
61440
65736
86366
95991
88919
83892
26909
83527
76090
88053
72399
46601
25857
90723
45140
53595
37536
64337
73790
89453
93092
7997
94058
99130
31609
35708
48175
75196
15649
7878
98250
65828
55420
74632
54001
21828
17475
45918
67574
6901
37545
23801
74489
30343
74108
67718
5625
67354
44261
17628
10327
165
60712
71028
10942
81968
44706
60932
43713
69416
62978
28851
39409
97836
98598
6629
96407
87292
84228
31643
83662
10688
94364
3497
73511
38944
72486
43694
46441
7177
80908
2555
65023
29448
72822
50733
81048
55149
63160
60173
189
65750
15837
19524
32693
56536
41986
48264
20215
98462
73175
14038
67246
30452
64622
90905
93589
97795
86352
44656
65182
95653
1220
55484
15799
7177
60538
36240
16946
83787
80365
23236
33409
56240
18735
65283
39485
87226
68064
77874
88046
12787
58689
71633
3394
83021
14140
88487
68225
45363
75628
20840
61739
26188
39703
95300
82973
92884
78628
75501
45551
72062
34738
24984
62245
15535
74040
23285
39402
34315
34978
62214
3061
35793
60625
92901
55073
35518
918
51759
9186
30498
36002
66129
82055
51793
23696
48566
93005
22522
77143
37601
77560
85860
65450
88416
78655
53583
38175
95185
69152
92382
44074
84120
48136
675
78
73959
48533
12790
45891
13009
6278
56603
42902
70678
43844
2439
63499
65896
42963
37967
70215
33087
61936
72142
83913
45069
26563
36703
16208
57391
22842
25153
27706
48835
84264
72915
53988
80628
47317
13427
91276
55837
41111
52572
62470
39068
91586
86595
13746
3640
78605
56025
91322
60759
56745
6439
64055
23206
23131
20807
41668
13720
46840
34993
32706
3477
30588
97311
93979
39274
52128
68616
47372
85614
53059
90353
49021
63318
9275
41063
6135
18109
97630
36224
33444
97002
43586
93587
12819
72405
93259
60561
85930
7877
20533
33070
29247
56642
72547
44761
46126
22359
97588
78725
84162
40775
14789
29728
66666
42004
2539
74567
87137
21656
79754
92713
31018
36054
2000
6396
58300
69175
54269
21452
37421
711
82462
808
1547
40381
56873
26933
1784
50663
29935
90276
18612
42358
69916
6780
88656
27655
14331
43760
99099
68761
91842
50283
15709
57829
25152
89877
25722
29973
54661
64096
58851
60161
30806
3000
16455
51535
97546
83268
47400
39456
81446
52762
86174
72551
35184
86157
84623
60370
49999
73174
76939
75076
35853
95109
77451
13067
71589
24219
95308
25379
94728
48001
62542
81758
49380
82611
38672
52967
59689
72992
28379
42533
22213
16250
17102
59003
55497
33366
71219
91270
34811
29468
52505
77787
32215
64030
53221
62732
6596
92927
47641
93675
28630
77718
42378
77351
31646
37995
365
55263
45245
8290
84306
85162
62713
15005
25511
12890
49092
97311
27172
63627
8178
96739
95340
66579
7571
3126
997
87424
12253
50139
21722
56069
51980
68303
35680
53374
4126
34594
20365
27871
32052
27489
82499
11726
74625
31099
91435
42291
44125
16115
2616
78731
5374
84285
43298
70391
36677
5094
97843
27311
70457
88804
43477
2127
99028
27678
46654
8456
13735
78911
82286
269
53580
39605
93020
32345
45711
37030
38792
33796
27246
35624
11050
88659
73649
35683
91887
92864
4977
5471
59235
43602
21548
32963
46062
55634
64460
91701
30508
65271
89732
55497
35567
507
