6853
14226
13160
71374
47246
48323
31283
49204
1200
18606
77227
9441
21896
90420
29897
88074
5280
96275
18448
38284
62568
49262
24731
5672
11765
44197
5281
36754
84739
90348
54864
64118
61983
71998
97394
68473
79863
93237
24706
69783
95278
55056
92171
58161
55490
71725
79970
48171
29996
34362
54567
79459
44441
45524
19014
84773
68041
81234
90236
20150
37324
82686
95719
59347
67499
22936
44332
36073
3178
24228
70783
66800
1843
46371
48786
64673
8383
88489
68956
72490
50127
18349
11340
86288
68483
25788
93388
31406
56356
13910
35222
63053
56510
85796
63796
65380
27478
71295
58207
80270
22705
11454
44852
85760
32459
52965
11510
3235
10180
28225
36805
7243
5078
21293
92917
98435
21387
7063
54960
42899
54840
33440
27648
24306
54376
84268
11434
10151
46574
12951
45010
68215
21928
43927
32475
37457
35112
95440
33112
28495
26475
61633
24651
55302
52209
84273
43831
14287
290
23579
75117
91925
42896
40688
5656
26444
43437
50363
96595
32078
15598
26054
90370
65840
71925
45652
68041
24338
89731
51132
64308
18723
26203
39012
54868
1604
87104
2692
27063
95204
66858
44035
99677
96555
78257
11410
33298
27719
60369
2149
77617
9790
34643
48921
21393
97316
4436
81958
90509
46422
65806
99522
62404
13934
76387
26835
99239
74357
10288
61029
85823
20752
70375
87814
95253
49652
30635
75402
82212
9853
215
3196
55615
42159
60930
79086
17189
90324
15535
94378
48929
89715
54529
8780
67571
2130
72393
60486
35836
71345
53738
12480
69389
56089
32232
88451
75989
97047
68731
54177
39392
17634
16574
89540
51166
59382
17348
66693
99970
29424
82613
11665
50911
53520
15040
29372
52357
55492
85054
45030
44695
54464
49674
3383
78017
98312
10691
75212
62577
57751
81397
68463
57797
49877
52365
15137
82338
20349
26788
35
8532
9536
34495
83110
44237
55823
81220
64390
52315
69269
49761
51187
50563
95976
15759
40512
292
33786
3512
9595
82741
71476
40608
23515
35985
96898
17047
71765
61894
42842
1165
35681
66729
56232
32392
84390
41253
93786
16786
87476
27900
94658
5546
61115
56123
24686
37413
64067
18188
2569
75580
11945
67825
76153
15028
93666
5620
46669
64625
13232
83416
66195
54899
3811
925
19533
28845
9303
92098
63688
48495
73787
59272
98436
2224
45187
86861
47807
12083
40970
97857
92436
40789
33821
401
77997
54595
12774
50643
67668
55080
27129
98609
25578
23440
95006
9095
31703
39905
56036
11491
96883
9949
65833
53238
43796
61297
29160
49066
29290
10403
58199
23850
83703
50804
92182
54937
13425
78873
11387
23232
11041
958
41271
21149
93218
21178
35471
37305
56043
86758
36673
42962
16528
23608
19997
12850
28665
84203
81679
87947
12321
80665
99870
61154
89682
35937
40408
23028
34302
14188
71517
51967
66671
77327
76163
86562
45060
33486
24749
14537
97089
94684
40505
12305
18087
53458
46474
73564
58369
54603
35755
84131
23077
23015
2790
14607
64149
76348
81369
55533
98209
78822
10620
17769
95809
53978
1733
48589
81594
1873
14483
90569
74059
25985
41593
3854
41104
4130
63818
25790
46605
66074
79607
30741
49268
77670
36021
27361
3292
85682
23492
86088
96910
5426
4622
18536
69044
94316
20268
7898
32000
23960
99667
14059
90232
55144
38065
2748
85162
20696
78051
53532
69593
57962
16987
17066
38683
94336
18174
36858
79351
51643
53633
26019
22450
18347
82511
40342
14775
52942
44465
94748
68455
45509
68857
54291
25713
80291
49594
53967
41346
81126
86851
33
89740
4943
10054
34014
91864
16489
28547
67854
18840
60902
95526
33856
67254
64015
85216
46444
4405
20315
42512
13030
65217
73468
86431
36040
78415
99334
46619
49174
11190
68945
21261
17668
96678
8818
76814
57888
61335
59789
89804
80086
27208
92019
52575
71066
4401
27353
30830
55776
13028
64003
61854
18271
40607
39398
13030
36739
69265
73639
56904
12396
97985
24352
67524
80791
836
89716
55511
45618
23735
29092
89635
76850
16344
99951
62923
57871
23690
33266
82338
95660
11675
10532
79659
57457
83193
36682
1213
87810
51399
99958
98089
92896
64185
18916
98128
69414
26640
8754
89457
44931
98291
90635
99480
70752
20291
6994
16646
20102
47490
3369
38140
41195
73629
69843
71691
82222
71819
86601
60434
47548
47909
38426
89416
39402
22396
92924
2645
41652
67579
58269
21785
15271
42120
81343
63357
30084
89182
35984
1854
80236
73973
37833
20515
43412
28524
43171
98624
20642
46764
29936
96695
15217
5567
15756
11100
56079
68562
96304
77751
39126
7859
48728
50222
12869
69863
39940
28870
9668
15405
32649
90386
24481
35928
86491
10555
11719
21597
64856
30125
24506
14732
96651
28339
66072
41783
40881
52519
69692
10389
71553
41105
59035
90381
73782
73922
35463
39529
86157
41443
49018
77336
48890
62792
99198
71952
98140
70053
32532
66370
59262
2227
34523
57991
31630
74890
73111
81199
63582
39217
50752
87868
18493
75617
12697
47090
32040
21033
76996
63910
543
52156
35879
22131
98629
59513
90843
52024
98375
98808
13713
87309
96386
33171
95179
94043
99485
31807
41249
58783
1157
57906
60636
52814
13797
18962
9614
62755
15904
22979
58038
83332
24985
44257
76034
51526
13845
23889
86615
21991
86732
84997
40302
51598
91594
27865
61856
38643
52022
57808
46940
13611
64467
66926
64958
3012
47066
55492
35846
66756
87288
46641
13126
15006
49567
65732
27771
48054
12459
11552
9418
63982
3821
18760
52854
11379
21166
89256
6556
40328
7852
56637
65653
10430
48482
98830
18903
17957
26912
64146
26303
86467
1104
31378
64644
53070
67409
66962
8368
74794
9704
54883
78175
41090
93183
80395
4149
33557
92614
74315
19102
98741
8017
9360
43893
65150
78659
72606
14716
79880
14113
32895
90474
78793
46706
57917
33223
65488
40246
43632
34208
9433
54454
35006
23554
83522
45151
57284
66838
9735
43562
77795
56691
48443
27437
34255
71068
84412
8740
56859
68256
41218
17775
50325
94331
82577
57488
98954
17601
36468
105
37589
60816
15671
41972
13891
28545
63741
41126
55786
60755
92822
74453
26191
4085
36886
84385
58287
7944
19996
82265
95387
32804
51348
95003
71923
76273
81929
79014
98462
97553
48008
53373
61809
65631
82873
65836
65335
57172
70972
96066
83162
81139
67103
27628
65046
47751
89642
29939
39271
19995
72050
98122
93692
36565
28988
86343
95840
37762
65565
87935
35696
2995
79839
88653
77354
67454
94909
41698
39617
11538
79612
30826
65303
81670
47160
92233
69210
34427
76634
91329
91007
8611
40680
21879
77346
55923
57024
6090
7403
53613
2717
30180
79035
65453
35129
32230
21288
84385
3114
79254
84547
12646
91598
40676
16665
59942
44471
55841
74594
53126
8843
15034
54384
31458
8218
25557
59404
39706
32947
16471
65472
61979
6652
43110
60917
34473
96713
15320
38733
42889
986
9201
12045
25121
14088
84600
24181
16531
34050
1257
15220
69651
1733
55395
81396
7447
29500
79442
72963
4644
50456
211
24629
28066
60824
42502
98652
77824
17527
73899
58914
64456
11984
5255
55566
28951
54282
99133
99853
58908
89147
90630
43828
82375
7664
81400
70748
1044
69853
9148
91319
26754
57346
16158
59110
60207
51319
12358
13261
54931
38895
29712
29638
56064
65636
14522
41656
24858
57973
3090
90801
42117
81046
26871
45613
10419
61064
29440
37153
12507
62539
51983
22679
26283
53457
65271
23750
74252
75924
54155
2980
85435
95607
67284
18743
92354
36581
49048
96249
66216
430
31237
65264
83380
29015
51373
20512
15155
68250
54728
70530
72407
73840
55691
10548
35442
97268
2039
45838
72879
69883
77676
19893
8820
19249
77487
94897
64542
31560
42967
73572
79136
2780
2672
5987
75635
48644
87310
73346
33429
42354
28923
55555
63348
85436
27344
77661
80406
79332
82975
10115
68551
20078
19731
15683
32142
44000
77624
82079
43699
11918
49224
38896
75443
95686
7494
27761
15943
82310
70020
88924
64826
91331
59350
95885
86011
6567
43978
8010
66978
69225
44815
19704
16360
62850
21517
79500
6515
67457
55814
67682
60587
19762
35481
24612
41185
31522
25541
29450
82708
39191
84614
96029
77186
39020
10270
86850
5039
54131
89339
30247
77332
62463
76512
53729
72729
59674
29762
48757
44412
32151
73301
31975
51659
23136
55251
88821
11691
63608
69292
8823
9126
94877
66056
34449
60182
32609
15839
27214
61161
84953
27492
51356
3205
61646
70138
64763
99381
13554
23881
94734
32627
25551
286
93289
68443
3095
29346
46528
62589
58440
83614
4367
17050
34668
30077
21746
11447
7662
50611
90277
66534
89336
39199
29337
92901
6705
99418
40591
11879
53272
83398
59849
50538
38520
71851
72487
10790
29027
84998
33397
1034
99068
50453
93746
34727
84326
99403
6328
393
10354
42836
73515
46659
21755
58430
93179
82522
55255
21455
32800
65017
69287
11355
23645
27606
98778
51467
74352
6497
41676
38040
55598
82543
8356
56104
9991
11366
45949
60749
48238
53618
9503
82539
66836
74266
10193
13190
39792
70182
6000
74060
813
78578
90481
86338
52575
25523
59670
98300
61440
31041
96202
76132
51368
86836
61663
60660
92352
90462
82955
24895
74528
15691
84354
33916
81964
88820
26527
68434
97343
27912
2373
90440
87043
78561
50773
96623
85308
2653
34855
86786
67519
48543
35179
53147
40325
67969
21526
55044
34639
60440
15173
82717
59892
22108
4517
97747
61373
6264
24492
68307
76806
63330
75789
93948
24374
72073
39861
57398
25586
43200
13393
46519
36079
6422
3993
38283
47319
65424
53418
84681
2080
22314
34922
88383
33589
78521
61860
58733
47126
29661
73930
62467
37011
94192
19939
34545
89430
85299
49059
59826
23346
73071
47515
79484
46143
78418
79240
73449
8018
71501
23774
13783
62335
39213
49010
72898
93715
55445
10516
67126
3041
92954
39085
76678
72177
70885
87672
4256
94079
89654
99699
35353
91558
11397
32082
23073
8339
49546
41208
8051
81435
88064
5716
32496
11439
66779
33460
12341
64591
48124
81155
5775
83392
24445
93747
10315
53142
96539
73246
63779
52207
57822
18864
85218
75588
16201
56552
50274
62951
32386
59124
29005
43852
20448
91080
94105
56214
21805
79228
40002
99856
75255
1489
50846
49927
45535
49589
24849
53853
90187
6562
50864
68408
85963
76637
57221
69780
36474
72893
34182
3712
46944
88323
34859
34178
29573
68188
43647
91503
66274
3965
26724
30175
74941
59294
71858
45643
59823
76049
84739
17975
94078
25162
41658
96361
85522
40116
18192
33456
47626
25171
7726
45806
56062
47805
59005
44622
46351
87224
5434
33646
21110
20460
94677
22342
33692
64605
9902
48291
37532
88293
63277
90246
36615
74655
70341
5470
65428
84248
25667
40072
23002
86666
42747
43579
63914
31250
64002
15247
18643
18299
41377
76948
33761
48332
50565
29059
70487
8895
9110
57993
62063
3828
76323
65536
55099
2042
78247
72533
28206
66681
38462
31093
53176
11067
94331
75343
71469
53806
85469
83824
3461
58678
44879
39001
2190
39038
80714
4543
89081
79122
48908
40335
70158
87588
52244
99545
45723
99889
96643
60096
16336
10466
66698
40313
43758
38027
31199
31450
43655
73564
30175
51813
45566
45142
79926
24394
69956
52452
37246
76319
96725
3348
68153
68326
94206
63379
42706
27808
72788
23777
25245
86312
33096
87641
81997
42834
28981
18150
56675
64361
66479
58943
50143
84483
85374
66921
14870
88612
48310
74227
27390
22507
67345
23283
96059
29618
31934
10853
9960
84679
15839
23237
84525
51811
53778
74504
92483
33394
96092
14090
45326
53900
19513
4809
27440
94296
65784
77354
38267
68049
27810
17129
15750
99747
51999
71602
61867
5369
56258
37177
60681
99496
67261
41720
61077
74595
20535
68215
50725
66661
52952
35055
77543
15692
80927
50198
95972
79402
36561
35255
48080
20311
15017
9095
9336
18562
80313
7437
90168
68087
59898
48941
1836
28073
5127
79920
75325
76920
43107
73675
84108
25525
445
10094
52694
15376
93535
71957
23483
35250
30195
10613
55618
21792
91465
72770
94345
62018
15764
5168
95198
99292
99633
10567
52073
97994
91413
10552
92471
6005
83346
32547
39832
4798
38602
1016
63129
3539
74917
12451
85989
65606
1250
99867
59352
30453
51108
11355
59098
84314
5014
44001
92363
48000
6328
91609
76107
95609
26409
1427
40861
32278
18760
6912
98270
1311
69791
34488
52682
60343
2959
40688
68065
55529
28547
44180
42916
30652
23005
61018
26620
84513
64211
97158
34243
10044
99764
20152
72348
77923
32453
38287
88327
39746
47413
79686
30644
90544
86114
82097
45379
72539
37339
71617
33041
21853
61007
64410
71585
44818
98553
85054
40341
66912
71770
42865
54300
44257
31902
45287
9012
60495
30257
92972
12606
34301
85585
90436
66844
65450
57687
56971
14566
35545
74949
30508
70862
77632
23366
46446
37598
19333
90971
27896
78126
57958
32747
99348
51735
91793
83962
74835
70793
60848
72817
13219
3292
27812
12740
36666
8985
81797
6599
6167
12547
24471
42994
43403
60344
94889
64926
84868
42847
9212
78195
95797
51605
34181
15077
12745
45837
17752
1168
83793
27601
35800
81657
85888
74818
35291
23101
32377
39350
99572
30733
40751
5504
98737
31414
99118
75185
73195
54227
20299
34081
36411
3723
30969
53322
38175
3876
58451
93628
82849
29326
44351
88165
16104
62011
51234
21865
69707
84034
215
17020
44306
42958
11849
35589
75777
79852
70070
52183
7914
47058
94418
75882
43612
14380
6903
88207
89434
66566
23043
77054
51853
79816
16409
10479
39455
55988
45510
1239
70486
82322
66477
9808
39770
1927
20607
45690
1588
29233
26983
86423
20874
55668
85061
48442
33278
4814
70476
62761
71616
94989
75736
60180
57972
49182
656
53212
27923
46067
73959
47836
41727
88706
58800
6431
76093
74085
18577
34430
93332
8243
83408
70220
97077
2532
59431
12643
77722
37287
97196
66713
47535
49828
48271
97200
5595
83719
15941
98718
11425
35279
30411
51383
6858
81305
97703
193
66623
10434
52465
41566
14613
67315
38297
94954
92232
98955
70830
68696
95590
9430
1725
73721
81430
15425
39826
90832
74327
8368
81134
370
62712
91170
62712
50421
60471
26581
82504
1111
42244
81203
46320
98696
31210
48641
11015
66395
74717
34748
24073
17303
58902
39822
42726
18304
14665
75864
29709
82418
56090
69267
64389
82633
56761
67234
88219
56226
58558
51988
86961
79419
61067
6236
62721
71680
1901
17967
81725
48672
54501
5742
7925
60820
22127
32663
21111
89882
14449
59815
89195
86083
53414
92648
11722
65458
19240
17770
93293
69368
63939
48598
43101
73443
97401
75937
10469
79551
37586
47526
14894
85246
13386
80623
78776
98552
89546
37288
44695
68792
15518
33059
29508
17084
44879
61561
62653
74537
99220
32357
65037
69357
57177
24814
6485
47439
76344
73760
92284
84117
88268
16408
83081
20572
39764
40239
43309
14356
46838
53528
83169
25000
29742
7509
84502
39109
26576
39414
82191
46516
358
86279
19562
54548
6042
46924
86770
82793
63771
98477
77364
43699
50266
94926
55481
33509
12654
72416
92880
35458
37888
88763
6449
14904
26983
24843
66863
19660
23563
23952
48481
55645
10129
73148
36912
26650
66623
15764
54504
89567
19468
26848
64889
53336
57845
19385
99445
12911
31373
90286
19095
42392
41082
8517
41077
58743
19575
95031
99755
30742
57470
50985
55732
19628
78097
21114
20261
72449
65150
65602
84558
80036
50064
89486
33261
88812
72513
4353
84760
58054
49506
84880
495
32135
25760
15707
33828
19739
37947
57778
11811
34009
15463
92681
35681
137
16079
13230
88757
31629
42437
93894
56238
91226
61303
48529
94037
93113
7383
68528
89804
82198
41687
90531
18983
57110
91162
9014
95012
39857
12660
8565
83051
27425
47888
82462
11912
68338
72440
63437
94121
3447
47826
51066
36185
4457
97550
2203
61257
37278
55170
89758
22664
99812
93696
98802
85335
970
15764
1428
85958
36887
87174
76068
30622
25862
45421
87611
85647
99600
84415
8545
70562
38732
6858
62969
36816
99541
2179
54937
28117
6852
9406
83214
51336
6167
98189
27509
58485
82789
12278
33543
41623
38293
48420
7620
33402
59089
66465
49122
18290
73466
17425
78797
47263
68165
91401
87292
79891
61526
37462
20235
86676
6267
72208
68297
51706
44767
96755
39237
50638
33476
21016
67512
45197
73034
31461
21108
83257
68516
82479
46432
52821
43112
8522
72621
9985
64786
14701
97611
69201
13943
68195
4371
14970
65311
15121
98977
59755
99736
80584
30085
75983
71626
81896
25225
56050
12856
85698
89526
44075
83015
369
174
57057
20562
34058
71175
58775
77519
31069
62148
39818
22137
82563
37540
58875
88833
94009
20110
34885
86164
10700
96328
30412
54917
9298
40307
13080
89199
21536
82926
66899
52097
77129
56889
30042
30757
16344
34564
76971
84893
22600
22353
64127
83198
21813
44451
15194
88755
64149
2726
91274
37547
37625
20473
95730
97656
15716
11204
14368
38199
54891
50515
58780
91324
39522
84607
49233
22072
65796
52412
74293
30899
54159
62998
8156
62806
49326
31317
70710
11001
49089
64396
19587
5623
70076
55728
46075
74726
62686
58983
50134
20577
76138
96770
30982
66101
2816
48346
18172
86284
8036
4029
57118
56097
24007
55185
79281
20402
44722
57628
57900
57539
42226
50444
85982
28242
4975
78921
37357
88852
83097
34871
89923
46370
41883
16548
8333
51875
95492
70600
81612
98316
68465
59623
91403
75178
54277
94785
26880
89568
9462
72860
89872
97504
41029
81235
73433
53458
25292
9818
67029
49222
16123
57809
3635
30140
37465
74285
74676
42908
13940
69199
24781
519
92415
35819
66605
59212
16602
93375
23584
4461
49578
10886
75480
27735
49038
1408
75077
30399
12457
57402
29387
18698
66124
85828
12385
91368
82885
3192
98598
52306
26695
49319
14197
83376
71933
60425
24871
23838
45422
28609
59943
67785
9651
15427
5029
95288
30150
30928
14404
87334
14545
70094
20887
275
56060
97882
96291
63640
76496
66966
99831
76313
37809
56792
7614
13337
43433
23163
78218
77409
94408
31345
73423
74649
48869
7721
35290
96293
83765
89396
18235
57702
12168
97819
96744
4175
62917
32794
30784
20286
62264
57729
13805
38647
88857
84367
90715
29123
76150
24860
32163
16595
63420
83455
88623
51128
45086
30491
75180
83513
46791
53487
87596
56424
79074
6227
53023
41615
36110
64329
71860
55021
92210
38150
27514
96788
43991
70151
51210
45806
36650
26623
12668
89603
13154
90818
53902
52203
67814
69512
7334
88066
35664
54099
59151
98173
72198
32103
18235
58543
29348
81647
60748
76921
42851
59366
75615
94941
60309
85133
74155
23770
49313
93265
84811
27678
98491
23434
99660
95488
13113
2502
99143
77233
39041
50692
23366
45678
78510
60805
16652
17462
16957
70833
19715
20391
79847
22297
39780
18074
10081
43542
44333
66838
17792
75017
97165
89811
32507
83605
87765
73177
71606
44846
96085
88400
99895
60247
51647
3010
52858
21460
73347
7957
10318
56947
80890
2479
42836
46172
23209
94108
76262
4040
82440
41322
18603
67116
95777
72729
99750
92689
28047
1336
67306
6132
59720
81607
32943
56407
68661
56480
23816
16390
34329
94636
15726
6739
85946
23230
62879
36527
12578
27651
76927
50630
97581
78381
59077
83263
68372
89435
74822
4612
93052
99309
900
12139
21898
31075
72613
77363
93937
96547
32157
32498
55016
71994
46750
44887
41537
80579
30191
19666
28491
36544
35241
11128
18705
45551
21065
85648
99001
6925
9
38981
23173
63848
68226
1228
53092
68712
86894
40675
58346
7292
68716
32851
73315
94801
10822
56553
19675
49042
80383
68788
45291
31347
5582
65761
4470
3685
22323
38101
26109
47299
77718
62312
24767
19158
79675
74132
84644
28546
5670
40704
68960
26904
15409
93126
57485
15304
45543
45141
39839
7744
82109
2670
76719
67619
17758
53328
69657
35449
29936
98679
51318
13050
13860
83006
59412
73113
71988
16302
55278
25626
52035
85232
16154
97964
61852
80673
35431
91982
34697
40989
34669
20765
44977
88296
6866
21841
91454
86947
93023
65615
11434
847
94311
18886
69445
24719
55226
40080
82891
52600
46331
66527
80824
3014
14347
70558
68237
67618
35546
31160
55267
79570
85242
8655
8655
32230
15381
8077
16393
54051
45441
91570
21552
57946
23590
55066
14346
145
85421
66746
81260
60172
11264
6911
68674
33851
85448
91254
98674
93174
29271
54639
22684
75983
33417
83219
88724
72749
18320
76819
84481
59008
1512
90883
10267
60912
48548
33890
61241
57533
76758
4616
34663
29418
90631
62757
39626
17004
42395
60304
36168
39221
50752
62917
97616
11560
94548
70504
4134
4418
99727
57208
29638
93837
66192
99563
57769
42891
50145
55732
73589
21721
42634
21682
35168
23449
41270
32041
7098
8424
12158
21275
52313
57806
34560
17481
18232
62892
78375
58991
35924
40173
64697
56061
25071
16924
29003
14094
60179
51287
27006
63802
46722
53868
67851
33315
49578
81191
38240
41317
48854
11533
95688
58248
87423
28355
16667
59926
17737
64431
26068
396
39166
70842
4375
75081
15570
69202
5054
66683
29583
58597
55197
66288
26524
52999
73784
71308
93876
35497
74782
54817
37601
60086
77408
48085
84135
84783
43616
77220
57235
31137
67036
11329
68508
26798
99674
96325
9233
36741
20562
77810
16617
85978
22196
83234
63176
93113
49241
36799
5022
33919
95917
33650
46726
20167
1660
58292
68800
62796
18813
27054
95901
87773
26779
72033
51142
42862
36868
23658
72500
77458
95649
92937
45343
54302
22394
25224
70094
43686
31680
18438
94909
87601
92123
43036
4534
57261
17603
90915
69708
76030
51060
21367
24069
99829
60428
91084
95257
48473
83313
77408
89789
82938
66514
14583
2074
34944
30376
52569
74594
21965
41730
57724
66588
87089
28069
62122
49186
7666
6745
69719
29120
15312
101
59429
3462
91656
78885
35719
47056
49179
92930
247
93099
20509
73112
3093
61981
30805
20638
3552
93175
68522
87099
31913
73440
59239
51833
57045
46302
19064
3205
65387
30832
52753
1391
90393
58858
52274
6334
4740
97621
40598
28916
24305
53818
13220
2759
22447
53409
2953
41898
34310
14413
20539
85603
26522
68662
15847
51445
34337
67208
28270
24118
8486
68864
26608
33158
57033
52651
17364
69355
83899
75471
41553
85300
73732
50157
85844
77820
37550
90185
51785
28871
16305
58664
36984
68681
20804
16222
22218
17022
60447
24056
50133
91434
83215
59459
96224
78713
73649
29150
33825
94864
37437
86676
44395
21962
95550
9853
45053
76720
61147
66558
78937
24752
77495
59810
89704
70484
32454
65054
82301
25324
79064
48561
89433
38335
77202
47017
55226
4405
88134
66432
24046
50693
7756
5149
6053
53554
93934
73901
66289
11281
69154
64243
4403
40517
62556
65223
9259
69135
252
81151
59229
89138
65423
78537
85892
95193
40087
28361
54660
10250
69471
63532
46014
41628
25422
58417
92654
69800
72374
10589
30480
56998
96533
78121
99308
60449
83874
51116
45014
99987
38934
78117
3438
44411
3480
21384
8599
97339
82480
50937
88340
38112
97098
40375
29892
71653
62340
7187
67202
36666
50086
71596
57288
58410
79757
47036
26340
83749
20775
30195
36632
88272
38847
96963
69968
61991
20226
69529
93609
55973
26041
27016
66226
19159
50252
7622
36059
60775
41185
16609
2948
97798
8068
70144
88644
70119
52015
41508
30007
85713
86518
59759
53491
73262
34396
81976
57447
40052
44364
87299
88061
66589
39234
37923
31699
69283
96856
86120
11267
84348
38926
17079
95070
95782
38227
52802
12114
70701
71427
57916
99357
84591
57869
43919
48574
18876
86925
77667
98114
76851
20902
22361
83029
90125
84271
8354
43470
50480
89361
36411
50064
94103
43361
2279
78949
63267
16333
2913
33855
63091
45392
92573
39855
65987
79193
75333
99104
76918
71043
93511
9616
7111
39916
65013
90809
71571
60321
53131
33951
71238
94389
752
30182
54800
28800
25169
27747
5626
49642
27558
98191
18298
34255
38917
89999
76610
83992
60298
81196
36806
61218
21150
40166
7734
37314
34758
8577
64412
31216
51456
92623
36591
98519
94539
4681
54124
29091
85592
63002
21422
9888
57860
99904
13786
86977
68256
73313
13227
34660
10337
3332
48922
67125
67920
84089
87176
22066
35741
75308
3037
43078
68960
32184
19893
83112
28022
88766
16153
86477
69758
72088
88923
76400
30253
30541
57475
28646
93656
13623
46750
59411
85267
28210
93541
4660
50665
109
82782
6513
59408
30647
76037
68878
98519
78839
30976
56130
73597
97533
43272
27669
81481
42473
22682
8899
14270
93377
11198
2820
37210
37609
73730
29902
46368
46074
65726
30455
62288
70941
40967
22772
43268
45741
94398
67173
84325
7405
91230
71582
43897
36629
13104
933
95549
82072
22569
31684
36048
31274
31782
82735
19140
70202
66826
40414
60030
92253
12188
24314
71987
69230
19834
69948
23373
33166
96953
49408
15656
91550
33571
74647
18655
45180
37694
88598
31964
69015
47512
51769
16898
5204
29226
6354
22046
76916
7452
9981
58102
62053
10728
23225
20496
15506
17127
62011
19071
38435
92859
58649
20986
30861
7723
2454
40448
45284
70169
63343
73621
74635
40888
37573
75093
4394
55361
7812
78881
12027
91502
78836
50597
37600
84811
16954
97762
66896
89847
47360
14061
25812
64568
76667
80810
28020
73331
38423
74436
75029
62427
6537
20925
49784
4500
60304
17761
74005
95985
46199
35759
64958
42532
61186
25836
22548
53274
53043
34132
70878
41110
43379
27323
25903
73085
32761
92261
22183
15694
54015
50399
79138
88680
44126
60616
41885
54554
90146
33070
7301
90679
79911
63018
30088
74689
15639
52941
45348
95327
70191
24544
28283
21485
83289
68638
39891
8709
16539
47716
85658
86369
22358
67679
92200
53975
94218
33791
57639
72846
88715
71379
33820
77793
82525
66654
99845
25189
42508
22426
68052
81838
14020
30240
76569
4756
39784
21349
83515
92924
5351
83031
60705
1953
6911
87740
324
29897
302
48089
15630
57769
18032
93522
72332
83805
30547
23104
64298
93577
43050
5228
64970
57373
7955
96207
52083
19467
20605
21082
88971
86731
80332
76031
64677
72305
27007
45414
36738
55636
92226
55176
47002
59781
99546
56297
45121
92717
84473
393
1484
73728
58182
85753
84289
27548
92100
2372
79679
60479
80216
21243
98358
63173
87967
67016
6027
2345
9388
40439
97316
70950
66274
72489
31756
8314
92348
57050
44993
95273
69361
62837
81681
11546
11432
27745
63895
36301
97207
24197
38924
76886
60240
66285
48638
50852
81531
8801
4448
6530
69649
66778
33064
74544
29908
76200
33805
79493
74086
31735
8204
89855
88897
57192
47641
52642
74489
78686
26932
1545
31597
60769
10843
70225
52693
19725
37466
51719
1358
33432
55462
6485
89133
83282
5326
52241
34272
89476
50318
8753
65509
6518
12130
55094
29534
50321
36918
95716
73004
26483
15774
80764
4576
35189
38673
92575
78277
40383
63312
63019
53987
53331
68426
86282
20275
78330
73479
5762
17713
41988
61384
74528
52645
98809
69038
87763
88172
72044
76031
75033
10426
30567
35558
10609
94641
94765
74970
53892
61165
98341
65823
66482
74578
45402
42519
28059
8512
81488
89133
61875
11997
9934
8467
60401
85247
9826
895
89637
40454
63390
69161
47725
46875
15204
60344
8269
2449
12082
59930
73748
9695
92296
89890
31525
59704
72682
96497
26368
62198
19073
64575
65261
76724
79139
69626
51418
28369
34296
2464
25214
10738
80766
93437
13043
94924
52565
52682
67177
77824
38445
41454
52776
66872
38875
35169
75348
71352
49039
18832
44829
82370
54672
22654
19437
50926
79367
14790
72065
24643
72369
29127
37814
43515
83706
73629
280
77737
45014
74937
5403
23243
20976
37200
36850
23565
24213
17366
35265
9463
72382
26125
30039
30600
66358
44781
95090
9163
94780
79778
59589
34149
61314
52406
94443
20932
45690
74453
98955
63785
64177
50174
80248
73667
91404
89392
59694
78436
69828
63826
49586
64417
50506
35758
94472
17329
6744
44211
88623
73375
46724
34502
46689
16387
75015
37239
36904
19571
27966
8858
79903
16311
2796
51313
34387
41607
18020
32511
18479
90469
66050
98365
81164
99114
49463
44628
89713
75662
17375
54751
16805
48024
10225
75424
63337
15672
12950
24004
84234
38080
50509
35137
34210
65950
93719
55959
50253
43214
26064
13468
49929
74178
59965
81740
80270
89555
11651
1670
49411
60422
80154
17246
85917
26020
43833
53656
59137
55392
84684
89248
23612
29480
54855
29957
99948
32281
36985
52957
12595
19590
59822
96235
64761
37584
2917
19967
97433
73835
76884
1656
10871
52772
69342
7071
4376
97153
1027
52354
5876
76300
84124
77121
44412
87602
83356
4710
49702
5975
22675
99344
82581
66558
74378
75556
77453
60102
68931
92182
29686
5723
24846
18193
2445
34982
97205
45053
80624
22672
93363
833
74803
82195
34818
18744
17320
30449
17734
14874
62864
57653
66975
95119
89885
89165
19812
43355
78627
26167
45366
27166
74242
37439
68992
67609
61228
6964
70605
74977
20898
93905
41524
48145
75030
98574
85881
22176
79178
57611
13474
43787
73974
68189
91836
68924
61331
91664
86524
75445
33272
84637
48907
82044
19356
72802
58819
63077
90949
21699
4729
33290
60104
76310
37692
1231
70597
75250
99664
75350
68285
92158
9317
13397
66109
71649
84081
72729
84664
84738
70859
29508
26097
86912
79735
31391
53386
70551
57761
24958
40832
11378
96168
54879
53300
34015
76226
25948
36292
18853
56693
57595
29406
72822
57013
11420
49885
33442
11374
37802
75412
59267
29215
83694
66676
68418
97814
62318
3460
40443
9395
44626
47625
51325
87939
85785
43199
62627
62168
77429
53067
3392
53918
14118
33751
56047
58750
5261
65363
95528
4369
83390
71316
24057
3706
12109
86098
14543
2447
62221
35894
94399
61851
14789
16639
73156
63346
93564
60523
48060
35863
17604
47981
59704
77547
31802
58115
90455
25819
59631
64793
432
18669
86822
71214
99899
40827
80491
77009
77892
7270
12348
66813
60760
35712
8869
95795
54581
73643
82826
88481
41963
35980
16598
80584
46080
11770
86022
53415
84879
27604
75025
55192
31064
96873
73012
97074
9294
49419
65478
97967
99290
40942
35516
44259
47720
82091
81438
66537
36468
37365
24961
88599
41443
7968
15572
60938
3645
20831
14713
89610
16122
25142
99069
10126
79314
89859
22351
90589
13325
28337
61988
9199
50209
16568
61345
47802
50893
96238
20781
72700
25021
87648
91314
70677
67237
52621
74290
6532
69212
24256
81987
28104
82105
93150
34047
87073
42168
12818
93328
68223
6902
97245
26422
39829
70864
76393
76204
4819
26300
84519
65108
40385
27312
1985
7367
60241
91944
62978
84589
48759
87400
16713
34337
41814
27361
34264
68716
35152
37530
8807
56077
14194
84823
18401
69154
56001
67459
85646
9281
64201
30226
49405
56524
8300
49280
72230
51703
76638
18675
50505
22684
74391
96983
4448
15065
20718
730
32854
45593
95371
94686
92510
41057
60447
10348
14994
64438
95978
28483
73365
82917
28912
87730
21219
88761
92751
10724
35653
16071
10319
33798
61119
84763
59600
28679
11790
28615
14914
49744
55373
68410
65217
58039
5479
38934
80624
62051
25919
91821
71600
22054
81894
98609
95208
65022
40291
61128
26175
38725
70379
34148
73333
42242
45319
86589
60692
36876
36183
26148
94151
79391
74103
36431
23581
89990
30038
82603
10423
55094
98354
54467
87706
44795
90676
20404
50931
77601
92386
19709
67903
84103
73122
58616
55555
70027
72474
71426
7521
16320
95620
11027
43649
12349
25879
68866
3714
25101
47324
26107
75715
2628
36521
20285
58530
90133
84795
8358
18937
14617
37910
9462
30612
58196
90333
44412
62265
12265
88451
94183
94561
21074
68472
55265
51485
48186
2096
17297
16053
17053
16849
51551
14724
55787
47587
59594
3078
96037
17503
43769
97547
81768
52991
69878
45249
70609
64524
17550
27169
10037
50998
92853
48542
4678
92524
36518
57443
53912
6591
84093
18775
5505
58258
58546
57154
25717
15742
24746
52935
11350
20691
67378
74581
69493
19487
39870
26704
36043
72898
50035
82508
82579
80916
64564
26459
58305
3561
78207
92482
95365
63964
5304
96609
23945
16362
65399
64322
95884
33779
50230
14972
38385
66832
35800
13268
70816
47201
97149
89410
45705
19173
86891
4827
85454
96356
47498
73470
90512
23919
25724
15274
72309
35615
67069
85994
51121
20538
98353
89138
22095
43014
50554
77586
74784
69584
32267
65970
46704
37195
67058
3598
12719
18307
57044
77980
16391
65562
86173
52725
18843
17242
47563
17868
91049
69114
5965
3345
98615
67281
97014
72764
2647
90437
52439
51321
89286
73953
44913
91791
34577
84176
82891
94370
24595
90036
41416
65167
88398
44065
7699
795
30293
71907
9564
96068
46186
94346
79898
78259
66116
23466
53707
68514
39329
84004
34399
20587
25644
76547
74413
63500
47349
69784
54169
66313
68086
62766
98553
37556
48674
45891
20435
56568
13276
33089
90574
16388
75615
23998
99998
99454
74610
15826
77310
2709
49801
2244
61128
20663
96560
94137
41866
60714
6714
96132
86206
38336
78956
40961
66919
53138
21901
80219
60436
9216
32468
96799
81157
80878
91267
82066
14266
80076
81204
91992
63455
52710
25797
8453
70835
8444
34709
44597
13389
50840
47883
99244
90162
61927
15568
5320
93089
77334
4116
80649
90481
38721
28839
48528
29387
68986
86727
80209
4393
50288
18304
38117
98793
97681
76736
59515
20702
72211
48837
34015
55621
67901
51956
81780
14857
1480
67050
88514
28334
88762
25766
83797
90321
78534
3183
98463
72756
70248
73834
15990
25860
22158
75338
82028
5066
53107
63692
30559
83885
48651
26076
17194
27699
29977
66770
69275
19042
85074
8696
24869
39112
8269
15533
95230
92793
17589
1045
13838
9898
65753
85951
4704
58005
6919
58156
94909
62965
51113
66215
46198
45447
27033
64262
169
47459
79848
75676
41254
60030
66828
57200
56426
14356
19047
41081
50559
98513
56075
44350
20151
97281
93348
74203
48256
87454
11915
45962
2146
84727
23023
87843
57010
82971
94923
88046
53310
28476
46198
6934
41530
61238
42526
59823
92148
32197
54028
19356
70210
44965
99347
98388
23022
53431
30103
28765
73702
34962
75690
56969
94039
53683
79420
43903
47986
18195
322
26130
10435
39352
74382
16223
73580
17330
79451
23921
54177
418
88844
60679
33302
33580
43188
81649
9776
88025
2280
65812
61186
13996
23179
10572
4677
410
76986
8591
28618
87023
77801
12323
65126
10453
15234
48404
81510
60248
41823
68312
25706
70082
89777
62384
56340
11861
62966
47756
32430
31814
47813
4136
62982
22616
20583
25230
53309
1581
92092
95618
69081
23081
57425
56720
59305
15014
31926
24150
37316
80347
23785
79123
25377
84914
14302
78428
46653
6665
80356
2806
16764
7863
79425
56178
41073
32772
14610
27619
87699
22494
91362
3061
16829
98542
41572
39875
59379
16195
96596
45162
42097
73062
20837
96021
79001
50252
61995
5007
7360
83434
44233
89789
50740
98054
35329
26980
65364
46148
37147
90965
56199
4796
40855
57257
75236
91254
23466
1038
76114
87669
7280
44782
8946
64515
71063
38888
73574
90549
79139
43670
48286
13977
52522
87536
27554
94709
47394
67553
5612
940
7361
21077
10006
5768
21971
69741
10577
73539
61510
61867
37481
7143
62442
75268
1480
44987
93906
20266
22662
24494
79742
22500
46235
5188
38411
43671
75792
16229
7182
49901
75494
98221
89395
154
76249
22783
32055
59501
73811
19816
13285
6875
52865
83138
66803
57490
35928
44134
65706
1309
55425
72925
11858
33025
93280
46323
81857
42693
7596
97680
77979
8173
89943
46218
97080
27882
24859
70010
49489
84091
90502
75205
48645
87933
11058
72837
33613
81675
40351
22545
44808
43037
37042
82106
87764
74067
8608
98859
34716
35466
60084
8098
47401
75973
49176
7518
36817
40935
18749
41144
63769
60379
506
46266
52557
68490
38622
55710
19459
73977
78527
90282
52376
33700
13796
41559
63578
40954
56596
95489
45383
4009
67490
35806
40198
18068
97725
18293
34044
95448
91466
83689
34993
7785
68055
86484
41230
9245
15942
44952
30647
3481
39471
28622
55465
96993
95671
215
74626
85298
1115
82062
73342
43119
5540
40537
3531
79667
61672
19884
70795
96289
32953
43060
85655
7015
1795
8663
25020
80759
15197
85141
16617
75971
43957
60677
97411
4805
72049
96336
40114
19945
80683
41135
29452
41965
27259
96479
47632
84883
94557
16735
13643
13522
44145
4866
26287
91454
41712
47822
32326
87581
95099
42757
19978
52398
39275
97937
55497
77473
79205
4626
38298
83787
77730
69114
63371
78548
36984
57630
45828
1459
35604
64971
28016
23116
70703
31376
99362
32692
34783
71015
89106
98867
72495
28002
70239
34174
88077
50102
98555
75350
29499
18492
2736
19752
71753
56603
13812
95443
81828
70721
10630
84983
51263
57794
56133
84873
11933
73563
1391
71653
80959
21824
2570
44461
69543
74918
22901
89438
98552
82167
10366
74186
1286
95532
55135
40873
30058
78160
12486
63423
4202
32560
93586
88135
89023
94683
97615
54337
98268
12747
74882
90177
28091
18857
64433
60463
8093
32218
35819
77239
87430
6467
80686
41353
67879
63256
83433
1636
62296
33347
24004
60549
83511
73565
76292
36691
25810
99010
48615
44321
268
46611
89588
14882
68080
15677
86733
76032
45674
56652
10062
41120
24211
79097
79060
58459
70048
30255
77035
12237
86864
66995
3870
69212
7457
39720
67814
29129
22537
67834
24317
78873
33745
31602
39478
34677
66109
54918
96762
59453
90794
25623
72417
55250
21304
24619
12830
73149
6044
49658
44704
59316
11000
53872
98685
49257
96158
95977
74968
97745
26647
61681
82731
3790
49071
12821
55310
97799
45312
71235
74448
70587
89401
22806
60632
38938
50539
52192
64776
85564
21426
71302
68610
43376
17687
79949
70178
69461
58109
61719
61288
32389
14149
42090
92609
9373
65002
46306
53112
3014
14636
12096
88555
66669
39986
6773
13607
24124
99736
69593
42094
46091
42731
57633
66251
8557
64170
24387
55012
9807
26392
98416
54824
31709
72751
22042
78143
49777
69541
74138
19167
9233
43434
6183
19261
44077
26781
43809
23359
17009
99248
44604
66904
33384
37312
50529
670
82266
71204
21024
4575
6608
11852
97489
58720
81258
66305
72873
28305
9207
38661
6043
87281
15819
4720
30559
49941
98042
73162
6648
57483
85304
64731
56088
1170
68616
16047
83123
39421
92901
9657
4302
27774
90329
10864
23299
97474
11157
6551
86686
68194
40878
67631
25310
90328
77361
78793
69722
99395
4545
45704
6998
89496
47769
67287
1000
81993
40304
24919
44834
4766
44456
52956
91696
61640
16669
33948
56669
20166
94773
2008
42626
61513
99931
57448
31890
7657
73555
53142
75430
5810
43800
71652
7650
72229
88975
64798
5882
59000
16425
10984
55758
39515
23494
25065
99460
65179
35584
41169
73019
57627
86208
87093
96513
35563
96586
6970
97315
197
38718
49187
20633
65863
21684
3672
74543
21835
90692
80292
69271
20688
58503
30272
29406
17461
15263
88056
81082
60815
10617
55774
6416
89864
68416
1542
5128
31029
82930
74685
53327
16447
33254
67693
423
32484
80949
73687
78518
35557
65198
58269
4352
80655
59102
79183
46678
7931
21110
63133
83000
83480
80319
65139
29754
502
44382
20419
2068
6899
94569
8820
66680
20646
50921
32741
19560
48416
47476
31835
93930
11327
9895
16590
96053
33156
99681
55973
37581
31533
68358
64480
71230
32017
80980
73854
88466
20938
45906
73790
31201
49417
85781
44578
9042
63516
96641
21637
22652
92766
64925
54522
52463
10100
32653
15788
62276
96775
39326
17834
32011
58092
96525
24214
93980
33826
90662
27442
68180
87791
22059
74237
72239
57291
77466
60722
95997
29956
32537
13622
17547
86769
34850
89335
8944
78748
14483
31720
40267
24895
42020
2889
74513
80648
6265
2401
59827
67750
63942
79200
51203
71173
85590
7042
78255
34244
80724
18749
39667
93708
5675
90123
22416
75926
22982
92023
76084
29190
56930
15444
2725
76227
23592
48778
93266
7362
89925
64211
38921
32324
55074
30876
12759
9159
16043
5926
71942
32098
96674
71095
83857
2659
36339
34781
75561
82298
40081
20439
90426
83966
71399
22770
99650
91382
7181
44696
24758
52159
96893
14572
5595
6609
71983
35765
26759
33981
29225
34475
13815
63596
69453
9883
21366
55862
79655
77632
90780
66657
60818
24940
77818
83704
27472
37496
47139
5444
14105
29696
5464
39841
97249
92612
12538
76831
29537
72057
97479
52874
95954
41428
72561
82453
29480
66325
47004
50477
37687
26352
89788
711
55465
9751
4030
14393
60903
97589
79760
29752
24310
86506
67912
48492
86749
81162
59107
51555
71039
83474
53466
54584
67142
12337
48691
10909
21666
51530
22077
65481
69765
94516
50384
86987
72547
78656
70215
23521
26857
16847
51976
1085
81984
1085
79999
26331
98872
40495
32405
70591
1877
66194
19534
99828
28841
96104
81871
91164
35585
66151
77442
61440
79414
34922
95977
34705
15633
3586
59447
28410
52144
1551
98255
19683
86296
73657
50562
66758
88468
19019
94
90681
85874
77462
56489
46761
36705
28115
29966
80005
20557
14054
49815
5758
28971
292
61855
49967
4592
54500
60752
11908
87368
89663
93395
56396
87171
62140
87154
49130
38093
91020
4520
75171
55021
37927
48575
28659
15305
38207
13456
68845
37886
81373
45781
11961
76338
86470
47965
13427
6326
56688
95009
77127
4117
18626
41597
75158
34164
38781
30262
22926
43854
35524
54270
38156
17214
73989
86625
44413
5083
42779
97152
6781
99026
79153
46500
2906
10317
25517
15820
29645
75723
36593
13110
84878
4728
23264
69604
32017
71139
4666
27496
43371
90579
71345
18025
55616
15440
48834
91985
88608
504
19840
24928
65094
56442
84572
57661
52099
44853
16504
85220
84822
83796
49922
80024
50670
52346
4969
98053
57035
11375
49771
80377
61757
18297
14410
70431
18714
75569
34817
55697
13397
34232
85207
1708
42603
26836
39057
80955
72086
65116
46559
47026
61699
30899
48410
8457
38229
62689
75255
48589
40053
70188
13015
22940
9660
53917
94051
6849
73253
16032
87568
60352
95689
78290
26937
41455
14916
46572
60166
57635
63441
10224
2829
79845
74907
55324
87998
94145
96803
22654
54497
10577
33094
67678
82086
33957
20618
40482
70959
81001
57149
31850
65268
41982
27596
75574
2733
58304
92230
70079
38011
97816
37047
71996
64655
10038
65452
75128
76650
82732
48905
10290
68517
95362
2848
91354
60982
537
6305
83999
54465
31414
2937
7185
94348
25723
1605
2388
810
80820
82416
76181
88907
68066
861
55344
40837
8276
87007
20165
80744
42731
23178
80995
82019
41072
5204
47596
55831
8280
22296
73816
66887
42974
76464
24477
84720
68801
89959
70059
77651
46075
10020
13588
3909
74035
76598
44077
61671
74537
34070
91317
16495
16454
45205
22487
89191
43151
91622
85134
29522
63474
41044
60699
17393
99291
82753
34684
82121
24767
44615
55566
1249
35455
94939
33029
7621
95781
82519
27066
77961
55029
33342
15281
26227
64537
58993
24236
17035
53075
37948
36415
72558
6018
14893
33592
91008
11545
50507
80197
65667
82978
84902
59357
127
57578
19732
72445
14302
23418
66376
39355
56325
99306
82408
46635
84498
68036
517
24098
23482
51456
50964
46482
60384
25499
44074
27375
83788
35925
65783
49656
44568
90653
32125
45236
31714
28621
30872
55811
49097
61361
8185
3756
43193
30963
80570
2817
60620
24309
99365
20457
55108
93568
60419
27543
16701
6558
56968
12567
81651
78599
79681
24417
51318
7238
21688
938
93286
59402
79879
89853
18785
85337
11941
18519
40671
42114
56894
39806
5892
85826
58997
88368
94042
24503
17084
31235
7947
83126
15787
92005
30106
4990
27088
54484
9576
34728
95107
91739
89494
86160
37521
390
85879
70381
90233
94735
87440
75375
29125
37758
91172
70251
22869
61824
48930
15270
62116
13533
29100
72564
67829
10909
99018
56895
80899
95069
38050
76609
82851
89772
39994
67301
21226
39741
3087
46496
70438
53043
29684
16927
16887
67657
66996
37506
76505
55069
709
49188
26450
98197
63861
94277
74723
31582
7566
78641
76422
1030
11401
78793
50649
75531
21318
94298
36920
73272
8345
38223
82600
95113
61624
25416
93311
78834
23035
87276
3483
37407
50236
92586
98413
66735
54283
49226
88887
45231
25993
40173
31645
31372
47942
2463
8793
79154
35878
11375
10962
65725
25042
26732
9313
29829
92463
54170
34516
2895
40835
21209
31174
57976
81208
72413
21297
83595
18701
27764
75468
45229
44111
54102
63185
25809
4949
5454
67546
9059
86826
70733
63943
5692
1742
71095
17147
60135
30919
92800
11430
59203
38942
74164
15309
64132
96030
86149
92093
12996
60941
10473
53565
36463
42064
11083
86355
24467
8222
24713
87977
49040
9706
7796
33207
19969
33494
31656
47108
51267
96383
85787
68343
62268
12728
41447
19059
7546
22541
59093
89554
2805
35448
38350
86215
15560
7153
42360
75153
66989
3441
24720
30301
42754
69939
7785
36123
42801
56302
8310
83538
18674
77337
42063
57993
94044
81037
28772
26486
98454
60741
56189
30554
32922
88928
62351
22469
50312
19838
66145
5262
53908
89183
90220
46215
29228
44491
14695
72106
11236
94119
83483
68569
75565
43476
33685
93886
90506
21648
40312
74803
97736
17248
93329
91499
75365
17393
72008
96367
84384
25075
55457
29976
40983
40295
7637
57827
30612
66121
14075
89063
34867
74566
70915
24744
54901
53600
68236
19098
2188
87518
42285
6609
40750
9884
18918
24659
68525
74747
50739
10443
72589
83959
72919
76839
93701
9915
61841
50697
5840
92501
59097
92010
82990
90813
40452
98474
39033
14534
61147
29406
65102
15124
21009
23948
59741
14308
28495
91017
45881
70619
96744
91982
48840
32663
5737
97705
39533
3148
73747
14591
9057
80042
9876
49513
75122
81866
22647
42369
24062
68402
86928
86279
5938
94037
46263
85644
71311
1023
32721
49589
38203
76997
86411
54505
84631
81346
89186
81432
95115
43834
99416
62865
6536
12779
6986
92069
63737
8787
61755
35327
82717
70494
23643
61944
67710
76786
34452
40748
91001
57811
34773
1433
19801
48026
38644
82121
85259
58569
74432
1831
12920
8115
70266
73116
71413
1746
37253
10806
90662
39340
89848
46104
92133
22306
38638
69380
83901
63114
68290
44459
88108
40247
93914
54065
7746
54498
89528
81308
82671
45681
96123
47653
29984
33025
51344
19020
7071
96285
82425
24731
76253
56093
70488
69207
55114
95845
57130
90955
66695
71820
23798
43272
66084
6139
9193
75057
96594
54964
10421
38737
68216
26177
99491
62238
37900
20516
16367
10811
52063
8204
98314
42147
84045
22245
31819
525
99941
91157
66249
27158
48687
71122
40157
37840
62372
31400
437
51693
89209
46618
2438
7335
27951
52062
65240
55329
97013
46769
3699
12573
26721
62105
54859
56400
74441
56661
11881
12688
59677
46729
40685
65058
41342
76696
57635
93629
18875
28377
46954
39596
17419
3002
11942
3475
73581
38613
18553
69158
24362
28918
90302
70325
24654
10071
84332
39765
71707
62387
75892
80620
50423
77947
20785
10369
56692
26288
74051
98444
32460
15205
95172
22820
9214
90462
8981
63511
66428
88847
45995
29960
65566
93319
49999
83998
12014
68046
66035
2274
36934
41589
50156
32248
76015
96615
14431
81237
94735
52716
40224
72684
810
85622
59557
77850
50269
17739
70527
23783
85138
70232
15058
83428
49379
15011
2410
8203
45346
34132
64249
42438
53767
42910
95693
30615
5988
92435
91955
95093
82904
98492
19787
19984
57526
85219
89327
39349
72040
93852
35714
99809
88686
57808
85006
88107
93524
37719
67130
99976
72514
86323
85273
20897
39420
45257
99796
72478
99688
90248
90388
46207
17584
1597
40144
79145
63937
26212
27808
99273
14522
82192
71082
85896
66839
50652
89755
15159
31458
61649
85308
91705
39654
62513
60266
13063
49933
72463
93414
34002
64565
6340
69398
1508
65945
97752
18530
43747
83511
8220
15062
88067
7355
83804
58125
14318
68914
55567
89386
17131
85886
82522
40907
9475
96404
97642
76851
402
94650
88911
1330
50462
8874
98303
89033
98884
62336
60182
66731
38245
93650
40648
79104
44905
80310
47264
34576
9103
88577
56725
97921
62490
13131
10533
74598
38048
81621
80735
17939
69428
1082
13546
80243
20536
59337
75432
33958
80292
34882
61946
35659
90906
65914
74436
46866
60383
44942
50980
33889
11862
3927
58037
8396
19975
87585
69537
46195
73013
6994
34882
48348
27789
45292
42280
72068
75648
79940
62065
14896
56284
81805
28065
88145
40816
43082
82188
38106
49753
96146
7569
74286
66607
63309
9639
61016
77488
20126
79554
34463
604
75400
72224
11364
19132
80492
10146
19737
19282
45929
13578
21825
46276
70273
19471
66409
9075
53492
82750
39913
22598
58218
66706
86008
65636
67226
21939
87669
5219
92101
45321
29460
25994
51687
45712
86196
81533
98117
93654
59765
20921
12099
94460
30285
88257
26524
66549
57725
78492
10530
1708
32478
82745
50028
7327
99325
50026
41932
97189
90823
26981
71387
25613
29324
18992
72126
83117
60117
82064
63648
82346
44503
76892
90584
87385
90654
55694
42276
26556
92869
39224
11178
88983
94149
96925
6337
4259
97989
62062
4292
26102
13568
95582
95249
84782
61391
30760
23179
83649
8142
6710
3276
40510
53342
29322
70303
93217
8505
18324
89910
73080
83110
55241
48895
87752
96382
20236
40611
34892
2812
22543
20464
7160
97018
82795
81846
15356
45480
12403
68621
68872
40721
75696
75196
64773
74143
55997
51564
91591
75678
38760
91388
14556
13969
81129
10614
10418
6152
98268
42649
21228
6489
84107
37319
69547
9380
89568
41632
30927
21957
37582
66806
48078
97680
14064
97414
90470
77814
38570
72608
65155
81811
40721
8765
17672
25992
31319
49112
60826
71921
51873
1895
70741
18482
32815
28406
43488
74783
75105
55976
85158
15211
64589
81466
37153
61967
89198
65820
46192
83062
28177
23504
96494
28118
9719
13327
61016
78725
26767
3018
28483
81767
96556
51320
78760
32753
98397
70319
77081
97538
60872
74182
22093
77406
95342
24284
61382
87659
53239
88008
64663
24878
40262
70391
35329
90174
43230
44543
64477
26039
37241
70937
11992
64863
71450
88796
90108
28649
90132
25476
43212
35768
99667
25123
31427
73691
37389
85085
59982
40449
98995
43641
63440
86553
63418
21400
55762
22986
72634
15443
83937
72389
77653
73297
61743
18585
59703
12337
26958
14705
13532
17539
50567
27053
11809
37355
39270
62752
40719
71753
44432
45315
62908
81411
68669
47057
12551
32825
2700
85533
48642
14088
78608
28041
44789
96992
63095
68199
2290
87548
37815
47292
79384
69984
93629
21227
70352
87593
12075
19084
86163
23470
31146
66595
33046
38305
48976
28286
99580
96618
12597
31391
81017
82324
56025
7849
24823
45208
35479
69656
79676
37876
14269
76943
59327
75865
44155
73458
63361
16887
8589
55771
10101
80352
46421
26547
57191
64780
67702
91670
36648
90810
20407
28759
12293
29608
53702
39203
3004
47792
5475
43593
82754
5214
70884
42197
30639
87490
44280
87029
25712
15888
25765
35163
20045
70003
61683
93459
32771
79061
84036
5880
59777
80101
50702
31490
99699
93774
34524
19353
95512
59353
8201
87532
16752
33677
10737
41851
43976
40558
16729
68261
23786
23454
6059
57263
86812
39159
60688
43740
90065
59790
67763
5781
20902
87106
67496
32028
18764
9105
3920
58970
51179
87006
75948
59060
24076
47174
23175
70960
4967
92840
13719
74899
9673
91655
43634
60339
24676
64748
74154
73522
39010
10469
80152
92719
49742
24123
88067
86084
23309
15969
20694
27315
18738
53713
25529
78481
86788
92378
3703
35217
16047
8955
83105
97579
98395
98217
99981
14632
88420
5869
48789
37967
85434
94944
39705
76416
5581
56717
60117
93506
84996
73452
14786
15102
39125
88159
37860
71712
48825
73276
69093
21815
42092
33712
76734
83179
93064
47648
95526
56321
83628
14709
90249
46435
24642
35665
65625
45521
43843
87678
30314
92700
70312
44180
34914
25590
55283
98143
92347
80160
20321
83906
84459
36737
55323
37070
83888
9919
15906
43753
85166
92165
73434
13557
704
38710
10745
13212
63104
54770
14654
20526
91966
97863
9879
30974
79638
48211
26390
11791
27233
62049
23842
33569
20217
59697
51540
27439
12479
1259
34906
58465
4252
73777
99974
30822
5079
30945
10862
9914
10391
55235
17490
71847
73915
53405
22203
26963
75153
14571
86064
5001
57574
36355
789
87284
93032
45175
56803
76643
7736
90510
96047
50712
20081
79370
89795
36729
33993
24806
55669
2197
38805
31179
81466
15173
62293
7916
75091
27788
36495
93017
49847
54215
78129
33848
68351
68067
97480
92783
9342
57894
31304
27410
47615
72060
8964
70994
4963
69725
15393
22006
51042
55426
18542
65854
16816
49018
26739
76120
32656
33416
89593
59661
40822
55849
86002
92576
53717
62637
1443
41255
24334
71407
31807
85724
81336
28305
62457
29960
15281
14683
5205
62171
95128
32662
33934
64200
27619
79448
79620
4957
21073
91667
73446
49485
76374
75890
40337
65114
9536
61402
7665
27751
70094
62009
90152
9817
92123
61884
55908
2909
49477
15119
52937
21028
16361
66260
67395
87604
8320
1071
67125
35580
30505
1809
68629
71983
56601
9376
58999
99319
27077
37587
97617
56277
89855
25251
45906
85082
6542
34243
72091
57020
64427
63640
8097
27681
27187
107
85552
69431
12738
4418
91304
55021
98265
54459
60280
115
93983
49265
9939
25228
39681
54941
44566
62224
99361
27301
47889
44590
67097
78968
51835
8060
17776
8854
74502
20833
63270
43293
33907
19097
74395
61776
20482
5003
52472
70022
11648
39720
81437
27193
50489
17115
6783
12814
18124
98941
46333
20274
57042
37723
95604
74706
27545
15999
71062
3739
33201
33457
88964
80462
75689
50305
21615
79101
56460
47540
30522
21631
98107
33961
63712
67526
49736
23073
88119
31073
64417
93787
54813
74440
4052
87645
92349
81129
27133
51925
17461
57567
9502
88118
11843
72006
64033
31590
20381
43138
56682
83400
50804
97675
2723
14967
41964
87081
21903
58916
42211
38288
12355
77341
71433
29242
10114
35633
61250
43780
40034
49028
2032
71996
54225
22286
731
29710
57095
75840
22319
75694
82672
87303
74457
12371
3918
57143
58430
6077
15789
38802
21654
8395
25107
6966
78766
58833
16368
43993
19614
55598
72292
4124
14783
59662
30303
5083
10468
85556
32678
70655
13068
11478
50245
89010
35956
85157
45522
78514
80421
89123
26298
11060
22307
2817
39092
89571
40288
20112
11165
8249
31783
96635
11176
91226
62879
93554
86026
50549
11680
90726
34130
39865
71794
64009
76109
38802
56249
36933
66549
80181
14910
96679
34471
627
42174
15475
68156
98266
92388
78349
40929
7148
69373
54729
87682
46053
91364
41029
51630
1833
23102
27561
79711
33771
64458
51088
83732
4612
25067
64655
37849
46
54003
21220
66235
30342
52131
10651
14381
72178
50146
15733
27885
14456
61674
21855
50037
66548
71480
61204
75712
84020
63121
24862
41024
18640
72369
52066
81549
70114
33214
30748
74800
40011
49503
28371
62435
34491
89981
15202
50880
57283
39929
34572
17827
71866
52901
94741
40108
89187
61214
26451
45475
89203
14403
54846
52278
92080
21658
84290
66766
38689
64755
71656
71244
97864
68923
84025
90725
67745
26127
55621
65389
31325
27569
52918
68908
30884
91608
46542
12660
21280
19148
79473
42631
70929
60620
68792
50482
49092
53696
21585
94559
73440
70351
9711
72399
52247
62892
86875
69978
24695
35388
10080
95634
65521
30503
97199
88638
36524
45317
38516
94136
52543
82152
18658
938
42640
18989
63965
96027
30037
63567
16774
33978
56221
1321
14409
24730
63480
51290
36003
99906
29243
5411
16436
12113
72241
88435
28889
96954
54939
71177
79848
1572
36409
3784
87005
25414
13891
2651
26343
23766
84692
74653
67200
72338
84932
94146
31809
50435
46724
9937
21936
20105
1315
3880
25235
84346
55690
35560
81701
43781
93126
70508
44670
79806
43261
14951
74583
24152
79098
65624
66151
72083
34624
58175
59386
60558
37367
19414
39581
53956
73040
57098
51622
11
38127
85681
98892
84582
79757
53367
94399
37419
56177
50825
51013
4038
27328
9506
24780
44553
63970
71658
60565
76901
25186
93912
16181
84685
78302
1634
48071
89273
19729
33728
75889
93987
45402
35974
97808
5293
77204
12669
16826
63805
36572
16388
60326
92664
57715
82936
23050
3218
1057
66310
90913
22976
94229
71367
10397
80248
53170
79410
85187
97722
74246
51627
60015
72475
53390
56023
45242
16606
39775
86880
38505
70326
19211
48175
18883
74788
52042
8600
40151
12880
6805
36514
43813
13477
76314
47367
45506
87504
15241
83064
61400
63859
80730
24052
38786
66237
67289
96375
47217
68116
48980
42986
50902
82107
97060
5067
21064
72750
16581
71597
27935
66106
28244
78383
73478
21696
8939
16449
57438
78162
28891
86972
70530
34515
64179
97296
73603
36932
60834
12224
82397
38773
58766
22981
38834
72221
21192
78561
82391
17389
69775
71748
85800
11314
54034
98201
37086
57304
65454
58302
96225
419
40323
19191
54355
87569
50136
3547
83847
96077
41614
73980
85556
9522
67971
92163
23244
42405
45936
78723
73060
24727
68505
1953
10879
49714
34963
82944
96381
2072
2494
21802
7756
4890
70315
18830
74763
89102
58329
2131
76359
76843
24831
44668
92282
97172
54387
18261
46272
55410
17968
60223
55446
37942
6999
2915
8142
41012
94022
30142
16726
71598
18066
97064
20609
64211
50958
27729
55797
14664
57481
63384
82366
75769
20889
42513
52129
19037
16576
59865
70204
48585
97815
95437
12138
54175
78563
86331
62283
94987
22356
84511
53297
18996
71572
74513
35450
80118
82201
67154
42984
66152
43145
79058
71215
98179
27045
41467
25770
90891
48835
74237
7479
26490
17642
64972
3919
9249
13644
24807
52751
88759
25700
25108
62029
2707
84088
91396
32735
29409
97729
90005
97358
43644
22201
72229
25656
63182
72886
57112
80582
16495
53338
7241
48027
4678
27866
13440
33155
87298
9428
96954
56510
91528
32526
93672
24429
13114
81352
28637
77944
36336
62540
58279
91619
31799
30334
42419
96833
20575
1251
43996
16820
86206
76882
8501
1687
77004
59328
33609
13854
45421
8339
70832
20792
97955
30153
52942
43959
35179
86164
88705
65333
66122
42144
95769
32924
45718
58330
86438
40498
84952
6584
72890
39614
45905
65264
88598
3416
75014
75503
80972
13055
80650
7993
94874
46049
59895
26751
72033
66997
19732
35678
72919
32537
94909
9044
12592
7056
36304
83595
16206
1890
7829
29503
37896
10614
90545
64971
88044
8125
93512
47375
1053
42955
81785
6823
28340
52084
62554
20509
18660
434
58601
57349
35331
40115
30089
92087
95345
83102
33370
27722
50661
2913
44430
26314
1121
12946
10859
62976
81334
74489
55831
52273
25304
45801
21235
4054
13745
54096
17380
982
36503
64395
32595
62288
90566
49336
79194
53657
34422
11551
53341
46640
21940
52524
33569
60266
60472
37238
85686
44948
75074
45254
98988
63551
57987
12302
9545
43820
48931
68753
3815
86779
19642
12852
73079
92838
42570
80680
64232
87355
84813
34874
8
83732
66850
59555
44443
80821
61005
4992
29839
18514
9833
68334
85201
79591
87770
21419
90376
19777
85855
41321
47616
25342
76901
18277
55448
54715
66276
44216
42081
50370
61391
84057
82135
45431
29847
84511
12744
56233
54019
11059
69287
36531
59850
9752
77681
50767
24465
85067
50570
73760
15253
31270
81411
61579
6933
58469
33098
81822
55037
27685
27543
66046
67161
88177
24081
97947
84284
460
79467
13308
41779
44515
76681
38707
22747
36604
57720
29730
28798
20585
50418
43294
61320
19748
98188
35168
56749
86084
72528
42707
19869
81195
69460
47843
98564
95917
60897
37341
3657
8863
32990
96893
56694
32711
45292
76458
36193
13683
31658
63857
41743
61732
15603
31352
28677
59071
20351
27382
24675
21881
67816
31207
58323
16500
1931
84904
43190
92703
79457
46869
98210
75524
86506
6672
69258
74140
26634
9236
75787
21637
63317
76626
55131
89566
42543
57002
40985
54723
7108
66320
45534
17064
83398
42811
81306
93442
50853
31594
56598
73593
72931
79282
11639
98209
94984
77027
57016
23900
22981
9945
6084
65795
18338
12934
94048
20189
7858
26621
82010
84700
86632
55489
32774
35743
23049
99561
64298
34375
22125
23169
81336
39358
964
75967
19111
22872
51990
38366
73487
85833
81216
13898
58279
70456
51844
48685
85682
25989
46048
1560
77493
98992
30037
29124
80899
22535
69057
78267
82060
31461
67492
58156
5369
68489
25885
14436
62992
78878
86068
7299
84866
153
67713
36361
57350
88815
95239
28680
91079
74807
14194
53421
60640
33773
58039
53288
6922
24200
55316
48777
11912
76506
76964
68747
84208
23463
95064
20858
88072
28177
87844
9253
10560
56244
76971
99127
65135
83499
28244
81016
69518
85586
15682
24188
59212
15028
93231
54884
58105
24171
54625
4283
43430
79561
89140
43078
68816
60740
89324
67318
26402
61806
85227
73321
2419
54100
53896
56021
44350
92499
84250
35575
98363
2316
77986
55388
26758
86685
40734
62900
10094
9005
14361
4953
79257
83250
19233
78609
14217
71423
93565
96906
88145
68176
56418
36555
99219
54666
83582
10805
5521
75227
71185
12406
1898
17235
49098
39436
75876
28157
21470
70669
60744
89100
2196
55644
73379
18555
78356
8987
42165
60960
75455
89154
11000
28446
73182
74898
93656
53736
37436
12988
56156
23746
30906
89163
89177
90000
6856
24081
29973
32590
32368
58747
42640
79827
21011
91152
1494
51062
22032
22204
3624
38811
33405
10867
79433
15636
60498
51364
7865
38822
9697
42102
31402
92875
85725
40737
63196
44141
15034
10248
16065
26152
12514
73639
9275
46922
44351
55669
48505
41301
80595
99816
38472
13895
10399
89697
96625
48030
59285
15840
36588
95241
57231
83872
13572
33812
27588
24083
80011
25529
47874
53116
35521
63381
81614
98639
28634
90752
78545
21308
16187
90663
61086
77288
51414
79399
14900
41228
71535
11981
86372
37082
47973
28438
50968
84598
62242
89559
66993
54753
92943
43211
61302
83982
91595
65585
26728
31906
34210
90430
40462
33266
96969
27352
64605
74186
35456
48744
22999
22301
13905
56224
53274
48761
85771
86490
42980
39564
74539
75117
68160
47946
25636
61806
93505
78751
93050
79940
1389
88524
4175
31524
44261
26818
99028
73209
64337
74928
46886
12046
21301
47120
44989
72550
7317
73808
96109
95312
46864
43474
27611
16012
14834
99494
59284
91157
83485
50239
35766
85461
24014
35773
19565
18639
92969
15553
48727
61493
1450
77875
77462
2354
58887
96618
1305
72147
76455
8030
21906
28108
60721
72147
26201
81448
15215
78007
39079
42518
83344
87857
4092
46389
50066
89936
67936
81967
52109
96103
93924
75095
8512
88756
41661
13028
36658
36145
85429
47172
14512
82793
62618
1344
88679
66935
29079
45454
51740
23719
54981
56295
39428
89825
49066
79987
52009
11917
45076
93067
7402
29869
11613
20800
4624
85963
2317
2737
6542
1643
37495
82735
8149
40390
78166
43093
14266
63709
40597
46188
52307
78665
42799
40392
54774
2644
74118
61332
40328
54450
8916
55409
95071
61151
43111
59334
60103
65061
3486
49142
27243
8903
69984
28679
55160
44381
71854
44778
37702
88013
6261
40054
81977
96959
10605
94695
18657
55726
39949
84591
1978
59576
78962
19576
40249
19396
70718
3708
75957
33301
16081
89088
46026
40625
35183
72608
31239
49674
74786
69628
86855
29019
89386
63740
71697
23586
49255
9469
76215
80470
18141
48780
116
60207
68030
13466
33114
35352
75900
31416
90531
28159
69564
5159
98966
88094
81491
19930
90098
29903
31431
94730
31274
82114
3921
65716
86239
1988
58236
52846
75404
18297
12822
58429
18577
94946
45653
54844
16777
56762
82720
963
45528
29084
83937
