77890
78818
25042
67312
74216
42359
54493
1589
63199
7051
26760
85720
16298
9677
42803
67516
81244
75675
85215
3747
64597
86946
56175
25940
1943
52747
29805
64228
89617
43620
41275
42125
24846
81408
28082
64567
1895
84775
30567
84939
35156
82461
64450
39204
74552
8281
36369
63707
20325
19800
15403
35701
40881
73643
11488
86292
96906
87029
13866
44662
17911
31104
22101
56669
10265
84844
30280
84291
58743
83925
44989
85543
33091
78068
78459
10656
70778
4036
7499
19556
67631
10528
96023
5868
29910
47386
38751
97413
62107
61933
31714
86502
62420
46713
49974
55476
55824
19950
11441
99302
83517
55791
69822
18719
27740
4482
58112
565
90742
31611
90780
49701
73810
67082
10135
61285
42223
46407
79267
9452
43250
77736
43771
17215
44125
29953
25658
93249
53594
1771
86656
11213
16141
65797
82283
20439
23338
76559
54441
43729
21615
28185
74301
52215
41464
43757
76610
67305
45079
43846
26344
20946
30700
7694
55825
54128
3317
77345
25316
76110
77369
36134
1396
52674
31291
65285
69884
4649
51547
10116
93487
60662
89148
83609
37927
14549
90018
649
32029
4138
49588
53218
68310
83480
90810
67799
35157
23783
48697
55003
73327
87016
1208
87212
29573
79754
44444
16031
97789
20275
2586
33293
19941
28450
92370
86489
19989
86460
30074
50172
78109
35484
51435
68311
33803
85537
44606
42121
11489
53872
67387
4060
89613
79927
91450
23986
24167
41164
57387
38791
50138
77588
9385
30106
94180
34173
305
12620
259
71705
63307
19100
81747
41219
84123
16813
91826
57208
59913
3583
3767
75843
65043
85533
46909
35825
60436
84567
44298
93620
97512
70290
19961
19117
6491
79363
95989
30592
25391
84617
16405
42669
30339
91552
55662
41149
64036
20520
6786
97270
98483
42698
62003
70526
55487
77457
91055
9315
29325
21528
11384
81078
82617
28912
96387
18431
90192
19994
35727
8394
99539
46706
98840
45593
65339
94526
56256
39852
27244
38724
42995
98293
20228
60438
1378
73395
63706
17714
40899
83435
39639
46313
28886
47029
96002
73915
52749
63151
53527
30900
16117
25602
50991
68304
96691
99776
64947
40521
47633
62736
37923
17010
59372
71164
29573
8758
50515
91662
34582
56399
98478
3322
29604
81350
11605
26902
76738
23408
51086
16315
94293
25730
2462
85924
19942
979
73777
92407
15070
84044
33331
15720
32131
20928
32083
88212
66331
32351
24395
14273
75537
7900
56983
31304
27613
93681
27302
94307
1898
90972
10421
44781
9388
59957
594
95687
45928
54206
20461
76396
77803
94453
51850
96665
40401
97124
36024
80341
4441
27307
41924
43845
36435
76235
19611
81669
63545
36087
68069
93725
86643
49031
53144
84459
44804
57440
52238
19674
90202
33286
34580
12651
52303
64269
46711
50381
79631
74836
11958
13454
95580
40397
45053
57612
11999
29214
61767
63539
21416
87582
81279
9842
41015
11549
22223
64939
98676
56788
12042
600
65136
36090
90509
18474
27362
56310
64548
82914
60780
30438
80389
14984
1694
19360
87328
79739
89426
18954
86326
24033
67689
16712
15953
46301
20242
55721
66527
33410
75449
56911
62840
76596
36716
45015
78168
18577
55552
32522
40274
36299
80248
30336
98620
83352
86197
47545
27436
36937
78461
4379
78107
91772
64564
37927
30177
8557
14629
69864
27643
4642
76284
91481
51874
50319
29902
95299
8453
92375
24968
96768
12784
25663
82799
91793
83844
87396
91400
42932
25171
49260
24820
84355
25197
95244
61019
54794
37448
66032
8878
9086
26414
79184
75830
25570
61634
81391
18829
11376
67546
54174
27339
50929
74638
33460
91387
24942
50750
22765
86112
19417
89471
62536
19047
16813
39440
87171
54976
34075
63181
43391
30334
74580
24004
22631
73390
47887
2941
71258
28755
13497
17226
54477
89464
64374
79818
97193
64043
66893
18746
32884
35606
56965
6552
54357
34610
1946
62306
73937
20853
97177
2486
51782
98769
28185
19312
74083
97342
18950
20863
56164
37497
67995
17695
32022
24449
6087
97079
70255
3725
59435
77976
49913
99427
74340
63706
13892
14846
24305
39684
2196
76240
14078
862
68662
59654
49380
10174
30245
48903
71398
39746
64537
26164
74091
46209
74565
26362
11672
46382
45699
76204
80223
80223
97971
85633
22434
42795
35373
6476
37007
48295
33761
25419
9813
47549
32031
23376
97150
68315
3805
36224
12025
98382
39774
75903
43070
47500
17924
10246
23551
61420
23771
58278
37103
48666
77469
56165
47887
33160
54585
9822
85497
55429
73860
63045
27722
77151
22467
40345
22096
91593
56269
35473
85342
36896
4031
62071
39039
93931
79278
99181
46071
50987
77655
8956
95138
15324
79673
31761
89212
77850
54782
95234
86905
11902
64346
6821
7689
37671
56865
86056
47623
138
3902
36399
53593
1051
87677
34572
42021
31343
24423
3285
37351
35667
44150
67792
70420
23941
15302
40116
75696
84070
26950
79799
52744
6955
11713
68055
42322
46110
34808
92985
94671
56223
47558
1896
8872
19931
69217
84322
13174
25595
79326
22863
76512
43040
41048
71145
62712
44619
43261
80589
81587
96704
57211
8218
59515
25396
41382
86642
77241
12759
29745
88516
59632
44828
39139
50577
97713
26511
700
32025
89644
70714
4456
23853
32061
2554
53150
94342
4734
83785
43832
23261
71164
18676
38043
7858
93076
67706
52025
46057
66621
25313
74027
2362
86221
63128
53293
42480
71219
59283
10657
49882
45370
45537
42554
46459
30724
29150
46079
49459
29613
80245
94834
68706
76602
82514
25264
47444
27346
90086
68781
2695
55689
80930
39976
44732
95799
36663
99725
31782
14754
79086
28983
42163
46569
25296
86265
63896
86865
18805
11042
54616
81513
74660
83086
4535
41823
69288
45313
75096
48751
38612
55490
42708
68590
76923
67185
56508
15262
90949
35389
94554
44224
4880
4178
35486
45349
15589
87920
83617
40751
87627
30358
7635
60736
15847
94014
2083
25266
12760
39879
71382
39559
64448
37023
3915
22691
95637
79662
38465
95233
7624
24343
13396
81712
80417
11656
91261
21078
60988
3469
82833
10702
56219
88503
70750
56506
38699
79526
82964
96489
57553
85638
38508
94765
97589
59704
36758
84196
16368
31823
52318
64593
50682
54367
65957
10676
55337
27646
35196
23636
82735
30535
52708
89720
18083
66679
89570
87651
90891
39298
19975
20160
361
13448
97506
29234
12805
32542
73463
48262
30966
69950
98725
19204
79856
16620
23746
84784
2022
13167
64614
64121
84905
71664
84520
68219
20929
97926
76611
12562
86952
45513
82721
31238
49674
42643
11432
18563
93929
59949
59341
37689
59859
1740
47593
65482
80462
24752
46099
1003
28113
33802
50362
85186
63982
93665
24057
71317
46356
57520
98829
13544
9121
2197
4673
92175
70843
35566
84782
49135
71610
11425
4197
65158
2607
18433
57276
12398
68131
31725
57131
90018
23326
2953
9210
58132
96483
74509
46782
67738
8671
8095
97082
76439
21997
97312
91068
25029
44208
24041
59146
90417
16017
17650
25756
89776
6537
58452
55213
73571
54588
2749
88392
2310
70894
1073
35486
65742
81155
84319
81103
55000
75992
41118
10218
81944
16195
98573
44902
55583
52661
70756
13741
13884
50686
97562
22896
20832
73336
33682
60478
80543
34201
33444
38837
71544
86885
29182
92000
73107
35553
92087
14250
74135
67827
93541
54230
20938
24538
53050
2639
18609
70578
72476
74409
85705
26438
32463
30214
6075
27308
28857
80305
79468
13118
18178
40336
71076
16925
45500
27886
65844
19772
10376
34942
97436
21878
82376
25146
13878
88512
27553
30168
80175
20994
6788
69219
98566
20438
38904
83013
46454
29059
55042
5300
91573
34751
66265
4748
43852
54444
29025
82868
43632
58814
3677
50025
45737
94368
86274
12023
83764
12549
23623
3471
64870
16088
45856
5641
19601
89582
48870
52721
259
90717
1824
24958
96592
57377
51310
43180
28104
19336
26801
2504
65269
17058
54861
95151
30789
3042
48298
62010
59131
26472
11778
92231
3071
32382
6085
71081
23231
39870
86695
47893
87213
77742
71088
57493
33831
32384
90293
46665
97088
29315
24171
71545
70481
98810
85218
33322
56168
23554
17828
18267
86532
78841
47645
63181
83056
83304
7906
30181
16362
19042
8538
39091
15513
22420
13716
48520
33156
95311
21317
87174
2176
67560
31779
40228
1374
68739
39160
22828
6470
54516
99983
56156
58579
56648
23545
55855
59396
3145
30212
78997
59905
39878
56236
14581
5943
90169
11466
91865
16927
4460
52517
53554
29238
83955
59327
23309
97282
58758
34086
49935
8351
86985
32107
76853
1231
23013
2834
33419
95313
82284
21834
7250
19280
59072
17460
38876
15562
33950
93902
81051
97952
48583
27758
41191
42224
38478
28668
62732
50325
50832
23183
32257
87525
1548
32988
53650
24841
29199
23430
81710
67948
3535
66932
21030
17734
10825
67406
42660
39123
50323
11605
90998
46545
44679
38617
23666
147
52663
16220
73094
12601
19199
49993
71720
37405
46743
87388
81359
83747
46520
20428
46372
3762
81722
32818
19661
51852
91492
3040
20508
10250
50792
75159
26571
75010
21764
28698
41072
88737
40415
67635
75193
70063
30336
79959
63027
89096
91805
87620
45853
59659
86604
91157
20933
32210
44934
58406
38911
83822
3815
34261
72558
51913
3750
75091
45193
66607
78878
13634
79243
66170
81072
32172
792
41211
91809
26453
35327
76114
50597
88841
84148
73720
81989
35021
50387
36717
45987
91207
9554
40878
81802
35905
42772
20497
27145
60046
50698
27846
30720
46414
13817
87804
75211
53732
95015
7745
54139
68588
37555
57933
44360
76362
35664
96368
51323
27049
9556
63510
55335
85254
16982
98346
51606
37810
86906
63460
42810
90512
65048
44232
88330
51701
21622
11894
75105
15527
2134
47164
83763
50073
74283
42879
20680
74847
74485
85071
14911
44278
12923
44319
51221
49206
59117
58838
24108
57678
64963
74738
31477
8956
99660
12554
33737
52651
89908
82791
11387
58481
77499
40743
80087
34751
85207
75290
27084
31600
70353
10302
5219
87047
90438
98047
99836
20443
94631
16922
20764
70421
49375
45412
48658
35146
58757
11196
22483
77112
2812
50017
465
10962
42252
94506
13848
79752
80377
26397
80449
88235
82121
44293
5091
26512
48789
26325
1383
86402
38319
65598
85973
29648
68952
73286
55857
87876
40894
58771
99536
40339
10994
7903
48086
80346
12007
63967
79511
29770
46196
9298
12300
31439
47340
82409
94987
88458
98406
66661
21288
73444
132
35781
86025
39007
56949
81728
82604
52020
41671
85299
6421
81994
64137
38157
27123
51777
72235
4727
95718
77255
81762
72777
23152
49018
5903
63857
32555
63483
4951
9072
34654
38351
62187
22791
40959
62047
46006
75430
16182
53223
39393
97820
30507
22915
63579
46677
84226
87206
14262
12709
22737
90836
28081
16039
43113
44441
75994
63130
23375
24497
52117
23214
61725
20986
49596
10939
6322
91897
39359
88521
89607
83304
27126
83952
58740
86449
51832
27305
55303
60707
13886
41499
69644
98510
42557
38968
77420
98314
37075
58028
69700
27155
45125
45065
66221
50498
8221
27218
79375
1072
6751
58869
63333
76563
64208
16180
38306
52851
29639
96407
54078
1318
23319
74868
49266
12251
17087
51383
16090
75026
53013
34604
67265
59161
20642
48441
51624
359
49661
131
82356
55222
52014
6549
57901
28089
51521
55507
76134
27770
50980
8621
7443
13729
88590
73572
10163
25179
4543
50249
72679
73831
42732
74042
32953
88912
81224
81677
95652
77915
30211
60897
8287
73760
2915
5569
82404
60611
473
51997
1763
96215
22358
96506
43149
30704
97112
83043
99179
53403
18663
41902
19693
12985
53459
71841
2093
24743
97705
31002
21498
36174
87076
91487
72820
51540
97320
62223
4106
39275
19461
3718
55119
41820
45760
42826
99877
17464
24771
98093
37841
9730
4517
10639
37561
80034
46311
46932
66999
80101
24644
10478
31157
68416
26218
56987
37546
92266
35276
11721
77496
73810
91925
84340
45086
65215
89871
5265
13994
39692
68561
47444
67247
20802
76891
55726
10268
11454
88369
49803
30100
45171
47824
73545
32011
25115
66775
73414
35440
67092
57226
35218
27229
12798
18946
14857
53548
86329
17592
485
66435
81893
5555
46284
51136
44043
98637
28767
88692
8207
40724
50353
32512
48095
29958
24191
58683
15108
60259
84804
21716
49808
82726
24567
78314
57030
38528
84816
62183
44991
93981
14909
62522
49784
11679
10239
19640
63619
76004
95112
26047
86964
15810
99507
93610
55594
6799
91266
34626
6028
42669
76957
49102
10196
86364
96203
61811
87076
37584
13056
76445
35446
85277
4921
58667
6979
20162
78545
81765
90012
75615
37187
30740
75304
61059
33128
6884
4192
41562
22777
58886
35227
47519
20312
80748
50158
59994
72113
78333
73854
85481
34805
43721
45361
33323
96146
95985
56452
32483
27193
67748
54439
87137
86527
2213
14101
4070
46680
18000
99694
30257
36964
26820
40410
50630
64012
76883
78307
34986
14084
12372
72073
71039
5642
19804
6994
42152
40206
32857
35475
78038
39935
23032
94014
98588
56516
18202
77473
79735
80590
9379
65173
74405
9145
65458
51061
45875
70233
38455
63985
88734
7662
75828
21818
57285
24757
85909
51917
68003
60170
86411
27500
5563
67737
51858
88642
19218
64984
67077
87095
78640
45562
40786
31275
23873
56528
73003
72189
99508
18750
20675
86347
98704
802
74143
61298
99639
99881
87569
8278
42063
20819
67308
92295
98283
71541
2150
19378
59132
6656
35230
88328
75130
44462
33624
52687
32342
93964
19374
41412
26916
17160
2146
70407
68849
16446
1753
77926
67844
25742
3935
25183
64794
23383
92982
26579
92326
51906
52953
96589
22465
24978
44625
62367
90275
1921
13416
86915
65139
57413
28296
52853
1378
57229
67032
48911
22718
4181
82536
84737
29631
53615
22538
12518
76177
87556
9650
41185
10454
97271
13619
38914
10394
71097
42674
18834
20694
64756
23918
7240
54094
47894
89568
50421
91578
61166
47663
38068
34122
85209
8024
93304
95335
55289
93424
12956
36479
27549
77598
14532
45987
85257
11272
94071
49699
9526
64345
50384
64126
55497
56828
36308
36035
84452
11442
65372
34739
84130
87443
39253
25768
48095
17261
15149
96075
7134
37739
26482
32189
79630
66944
53705
32071
53370
37218
89284
86534
89383
31760
20469
76634
94337
24213
61293
15989
32084
27757
7658
32082
97671
629
16302
39098
86926
83916
51639
34117
50046
98507
89555
23477
38356
51542
63935
61620
25336
19674
66318
72308
68978
68030
5747
574
29665
15320
54630
92969
40602
79099
82135
44494
81479
60737
94905
78716
57665
43197
72324
20121
31944
47551
75886
46240
62571
93397
80187
77935
50849
44034
34623
85466
41448
296
13202
16939
45866
98867
50097
95015
82770
44370
48424
35685
25770
12949
56288
9906
20907
52288
36315
97793
1915
24569
21016
56671
82534
5761
4149
70395
26193
41497
91838
36741
94514
52879
78713
56550
30181
6680
75513
37701
941
84517
65659
32685
31333
76250
10078
29970
22956
32745
2275
2267
67500
33718
99327
67560
63208
94698
65278
94273
97848
47117
54401
41081
72927
44953
54721
21093
98562
68686
81661
70303
90007
65562
70640
15374
42836
85232
11299
72033
57031
76920
85649
21370
56597
38738
8786
86961
42444
69933
18701
49168
48813
16412
56595
95951
28905
86658
73618
27909
38535
80731
20587
19404
68692
60098
99722
91612
10045
46420
3924
15359
52358
64645
86160
89572
15374
96954
66437
77988
76649
51376
23464
82168
47093
3066
25571
53215
55841
25050
48709
71402
29511
28969
42100
59243
42791
39451
80504
29423
67012
41608
40023
97576
9842
27216
20365
84612
75344
10624
79250
78107
97143
68578
27220
67058
93836
66659
67762
23288
74525
57965
18840
84764
23353
59666
54801
3304
73521
98706
4667
11708
86314
72232
51201
30521
14480
16588
59991
55051
39739
70612
65765
76419
45469
97465
66408
8360
85720
19346
34096
92878
58141
63112
50546
99936
61751
53946
11963
81645
31140
53396
77780
93394
70518
93217
78328
30133
234
82316
82624
56874
692
13361
8904
36552
45842
14721
22697
42631
39850
67525
67118
95119
61448
3021
86701
34717
80913
90091
30757
98798
51000
97628
80612
32899
41781
80680
97636
51676
79500
85281
19537
54698
58699
79556
65153
21442
71267
91168
29207
78217
10827
14065
65306
19075
41754
80216
6901
83002
73294
89648
57413
79736
30443
80795
89716
57852
65512
83221
59168
58352
73067
93542
25707
98082
38313
3839
58242
7535
53159
61790
64801
45078
75529
60252
51718
8681
68704
81104
21623
33248
43624
74709
26307
65934
54157
74990
15980
85782
20240
45109
30034
108
33670
35083
32675
28593
60619
64417
41157
61391
67704
22183
14256
54341
99828
58702
35187
88982
57154
68013
35024
55066
63997
49316
15384
27598
73651
38381
57510
11846
87426
45564
36343
29010
92913
90865
47643
66591
22433
31445
85855
18986
38487
96369
57072
28676
36490
96888
46267
19744
89192
45874
42164
5235
63910
39928
58669
4361
26115
65533
74310
26747
91409
28681
49298
92412
88666
39743
82714
8765
59042
33366
73955
78797
71453
64396
50373
52604
31802
30200
53637
86062
54462
38884
2300
84
55648
54734
19139
89574
25030
21673
66875
52163
41670
4204
86838
81980
67410
95167
94233
6588
9100
56819
45213
450
15136
10702
43149
52505
81212
65844
49763
55095
6726
2048
29090
78768
24819
94675
28546
19579
45380
71329
35860
92175
14974
19777
50085
8726
70103
13417
10743
72956
78691
80849
83975
82458
20008
5654
98396
60156
9700
53393
26811
84091
66593
16646
4705
83208
13783
97824
89614
97838
42480
34752
3048
75144
44296
38700
250
87977
86124
88429
61812
87975
14872
55514
84413
55726
41210
16073
78610
33951
74156
18248
85465
3080
78895
94737
33956
88659
38483
61217
85369
6157
46538
20906
58603
32449
47802
61547
38945
63646
40817
11037
42435
13909
37660
52126
52666
16949
62086
88252
219
91072
16853
80716
93398
71723
5922
79121
88699
39614
85727
19913
19990
18958
74186
98782
63012
39127
48022
38094
35616
22060
74753
40283
51384
66679
39622
38065
84572
21324
26501
67535
39007
8058
96754
53897
57313
20125
99223
5947
15256
37489
87783
99073
7280
63918
81487
76713
6055
86398
71638
55407
85524
13937
97778
26817
35692
96786
44787
92832
34464
7880
42486
81864
37470
58444
46614
51505
25012
14972
53129
92938
36561
53204
69823
50335
58093
72746
32026
57989
52118
84794
97745
49263
36377
50901
22314
36296
96755
65702
75547
35190
7876
64959
68523
98519
93501
22445
23352
57484
23174
83583
64296
38867
76433
13218
51081
40897
47605
95142
84717
1846
84088
6057
13664
84877
39673
23461
87958
39735
51654
24615
84088
73961
51064
10209
55409
5164
66455
49467
4201
75207
95690
50415
89083
89480
82709
90090
73767
96412
53725
2706
84633
13746
74506
187
55159
87773
19928
14296
80613
45044
84388
78153
59716
8584
50462
59363
99785
65793
71791
14989
83150
73773
65440
29578
58949
36646
28484
22855
15996
58277
39501
76711
57367
55028
16986
79612
81050
36869
729
37589
5627
77676
54644
40014
64382
95891
12645
36329
2365
34119
7555
90026
43157
18665
41515
17390
91350
59789
81333
96163
53516
14526
79033
43545
22944
17625
24149
31505
94796
10391
29035
49300
52520
52711
58384
75668
98963
5273
21488
36774
20397
68818
81646
54900
74192
26658
33072
75667
5866
16081
27648
12464
58095
97846
78134
39368
31916
67042
62567
74490
10399
50886
33086
89889
25675
65437
6879
64035
53886
51890
65425
84683
11623
55718
8299
82251
686
80526
92925
57256
98989
57180
94211
31545
79289
69168
58432
11196
4670
33167
66645
80263
60184
60401
45631
48873
99214
27808
21518
77889
89416
31498
30728
66357
53596
2633
10155
40951
45665
12387
77752
13851
58774
70001
68544
73117
36212
32952
67593
39347
24780
61416
52586
16461
83118
83247
89170
33046
30610
12823
53282
92750
50371
90410
59983
72196
46264
93426
74898
28281
42108
62697
24031
91738
27093
14962
18306
33661
80444
12460
28567
65628
18120
55538
38301
14899
17009
74830
22910
63560
71753
77
42843
70783
698
31981
78286
1779
81506
95300
389
69941
18699
45534
88361
32995
84596
9555
92534
52081
56433
51385
62827
77423
58205
95578
67099
32920
8401
21869
75969
33034
3238
94473
75494
19761
25725
81490
90371
97317
71366
41731
60351
73272
70610
3438
291
67353
36822
81677
67746
43733
993
5884
3084
21741
63250
50340
32504
8814
58159
74641
97777
4299
26949
59268
4365
82786
18938
64935
46781
53485
35342
26711
24652
26151
42558
51066
37875
90221
28336
83530
66439
10294
28576
89686
71164
42187
97790
63264
10234
87810
45848
72946
24334
20494
80674
18853
90015
37537
66878
24494
64374
26820
97775
71926
71542
94877
25102
68817
60686
59858
37793
75018
21251
60311
1053
74361
67879
61218
3824
53022
61470
87005
57824
65342
84349
87918
62270
68773
47410
17118
50211
71634
35105
16100
473
8438
21830
29510
20825
57730
79932
5327
81579
83044
99186
34375
61716
57356
23825
52062
28015
32899
58940
43299
63037
60042
22747
91254
84179
97248
67902
13918
23725
47683
10494
78316
14407
42910
33663
22306
45222
13128
36118
82779
17980
98803
79085
31142
55286
32115
14984
62829
73932
39901
58986
98976
52803
17669
85198
96934
30428
55268
37440
69296
59463
89039
80886
40701
59572
86821
16961
90779
56434
42062
32746
72195
10213
9173
47491
48780
51742
47452
24366
27878
67561
46869
2957
79102
45473
89406
26927
11750
23669
26353
83894
8080
44679
75745
56640
60148
95981
80553
77194
13572
74694
16924
30241
24166
86924
15181
94186
10657
95390
6530
83396
54407
25333
93107
68827
11795
72162
37829
48158
70566
84710
20168
58081
8678
55493
3404
69109
23738
84841
37074
49453
46165
8677
45798
56758
8122
78929
43969
53146
75834
157
25133
58351
48587
82105
50268
90437
8762
77245
42077
70477
97097
48199
71982
46604
51375
87190
85743
93942
93568
32832
33430
76519
6707
53451
92151
83134
4682
62744
89420
89002
47994
65827
12416
18565
59340
58884
25281
89379
81968
89214
85070
18643
4028
82653
1099
9126
28063
14609
14432
92994
41788
14624
81488
35506
73894
5157
63205
19981
95063
37492
99734
25058
50570
80768
36844
85456
60333
25694
27523
31959
87700
29037
94577
99524
2606
54505
2724
1462
72712
67188
92524
14481
44513
43212
31093
8601
79802
87331
32480
33498
64516
21564
46537
84716
73746
91106
47833
49475
34527
45310
96477
72079
2258
19107
79146
99550
86049
88691
58138
39592
23651
20472
34712
32545
62092
61704
40151
92981
46100
41896
21776
84951
90243
55716
4310
8882
60283
89830
27632
62072
83430
36119
30034
45465
84816
81656
78999
61669
23972
93609
10940
12398
25591
87389
63704
53833
58912
37722
29092
57187
32206
89714
46809
97339
55758
79727
7877
93172
21953
85545
47389
66408
29536
18267
2647
99935
70809
36213
38868
83752
20376
78851
24605
82019
42552
15967
82191
14354
3710
35276
35977
28682
33086
1385
4293
26090
93256
94245
15870
24532
21905
91589
4868
74161
36976
78664
94745
27854
26149
37464
88532
55160
35719
10035
95057
17674
61084
72439
98233
8162
60387
77810
84287
31891
63828
619
46223
66386
20336
94197
12928
18181
41028
41976
3333
96860
27237
22146
23622
84433
61954
26644
90609
27015
37245
69329
50232
79
8453
80006
89566
84720
50454
17610
39483
74669
38989
4171
61790
34046
3866
77379
25638
32846
73304
58844
18779
32149
40986
86651
91481
55376
99385
52054
22762
45739
42680
44395
98745
96333
3322
96101
92714
41672
82064
10116
56135
28308
7354
42074
21696
28474
31044
34818
80786
40910
72303
82861
12393
72643
85544
46466
46206
53255
4586
76
82372
37249
67617
27365
93697
12097
1160
54755
14662
21716
56448
54228
31874
91888
92402
27835
64803
36002
34338
46179
68771
22947
12831
73872
80235
64195
57085
40482
42917
78477
97750
90212
25449
76676
41594
5589
1536
45903
35736
37923
93036
88946
3525
59399
97020
63572
62911
69806
17141
35112
8613
49251
24715
26983
12957
41894
33795
80286
22392
83498
49756
11642
82422
5308
88471
46813
20344
51795
13673
28201
29034
18836
91344
74357
49255
60444
43617
79191
2018
8777
72048
96988
65179
35227
32956
62504
84650
72547
32732
92760
23598
21398
79633
81029
33576
5692
34041
45236
27887
45012
68884
90688
73453
85867
87305
39189
55999
52006
8616
67737
49501
54297
95475
29291
68686
94221
37704
40408
64211
31882
89711
90066
6913
98668
22491
91258
21841
88430
78214
72581
3833
48812
27276
45241
15411
55538
36315
38734
52597
32139
71888
65331
51159
90923
87717
34394
84026
82144
18649
71012
15324
73990
83434
16889
46767
22661
78728
21218
8811
88602
77629
19034
28146
47549
48758
98898
88430
45241
3660
49875
59056
84302
46827
62355
71869
35497
93238
35437
53801
48861
46692
93453
28890
27917
27825
25756
17510
76483
83788
98766
36170
43432
74298
19618
83635
92835
83019
25208
77113
884
39177
59875
32850
19715
74296
12428
91349
37144
81323
56606
83310
46886
28738
97445
61828
383
18261
17168
8009
32873
6080
2196
76046
70887
24392
77206
86729
8384
59187
58686
12572
67008
28223
35357
25042
57811
74021
63327
12503
75785
60129
54412
90445
45642
45142
38909
20736
62509
28105
11576
58071
7562
39889
39665
47024
76762
90189
97865
21170
64906
35448
65856
19383
89417
29036
40383
33045
17848
73826
93669
89036
70129
87249
96522
20133
54662
13122
51748
20871
41678
10107
28300
79526
47179
47115
5194
79869
86264
91143
28308
31673
21285
38675
81371
28728
99055
89344
61830
52307
34281
54766
9979
58510
96399
41278
37907
94676
21657
71266
75669
45000
94459
95271
8723
15922
77689
37932
91607
63368
60712
75234
11850
68311
81805
42371
18832
80808
30812
33651
54238
45847
8179
1658
65852
4786
51269
82654
46060
98944
1638
6538
96788
42896
85961
67343
96115
99758
72976
34520
54029
72008
87140
84439
44894
35479
7083
99566
30085
10932
52615
78109
57738
80017
64826
38679
1001
35862
73264
35476
33867
97961
4821
75282
14184
62693
19623
8014
31645
13281
96586
1436
59774
32474
82802
52030
42752
76619
69831
92037
78471
87925
71468
97028
82574
88513
72299
26250
89520
51567
83610
22647
92848
12335
81438
76527
31016
13699
2454
31349
84955
5451
59052
86976
39410
33708
94339
12351
9063
82644
86294
73311
55588
21233
31835
38734
5521
22840
56050
75426
36077
32227
44093
89090
43848
2541
21244
39845
68617
52907
59080
23218
29203
70248
78286
12807
44718
64784
9448
17776
4530
35175
4370
61132
45886
23440
70839
71401
25876
35779
96659
83043
21878
74015
22348
33630
67861
77857
2351
15272
1873
28760
50898
59415
3998
52786
46804
95002
35051
33153
15394
78983
7733
53587
34720
52534
57106
89907
55483
8453
49687
79423
59554
48734
2618
90955
95676
64291
65598
39838
80728
70135
42144
20117
86278
5145
34477
45205
42373
42494
24189
96470
870
55492
35539
37795
70830
61497
81581
88860
34814
46437
76104
63739
84365
12853
27115
10400
21430
23178
59018
7840
1698
13955
34038
13612
75468
41148
54774
89546
11725
19499
73961
12842
68729
12020
66258
78016
92302
14344
25909
11315
3694
52852
43696
95927
60681
21687
3461
92812
73485
10665
78994
56995
93163
31152
21621
89797
28518
89334
73512
32823
22392
2008
79264
40286
30761
69681
62770
23969
20233
6686
10023
7959
23320
85401
74337
86331
1643
45117
57130
44943
94348
50936
62696
80361
46429
6399
23905
36866
30713
95838
23517
33980
50160
95721
23215
44903
57358
81160
84781
85335
6393
92116
53409
62278
71007
65133
49281
16968
25854
89931
41389
8815
23094
73843
6561
32607
19333
96255
70254
34627
98591
45979
16344
31308
41314
79261
9125
76870
1253
47125
86996
39402
73655
99278
30100
17764
59155
69395
4153
34364
50269
71423
73132
12144
66506
61777
48256
53308
11993
44394
4408
27514
20105
36850
17238
8589
97121
88108
88441
33075
39554
66135
2260
80437
40002
93220
21932
62373
3197
39800
78267
31664
93100
75222
79086
78498
29535
10273
47953
64893
88043
96803
72308
1246
41749
85045
62813
92566
94159
90779
43511
92531
68091
20441
34541
84913
94780
64113
38147
95998
74261
97051
6774
41901
30107
47888
2821
38113
40256
24704
64528
39229
75253
15361
5861
55820
51048
7729
2754
60058
6527
87095
13116
45490
6894
54189
71142
3351
33117
69960
34486
49701
43131
22788
87385
40791
5664
88610
75835
27608
62150
94427
30665
69364
90293
56197
13146
65934
93888
72027
20746
5328
31163
81096
14783
41005
64900
57643
27675
63681
61496
74767
39040
61427
67856
26032
34069
67079
13678
4800
58639
61006
42201
23002
37328
16758
96617
88005
69104
32228
25828
23268
72968
13414
41174
19297
85350
33278
11548
95145
9341
82491
40999
25046
45423
4896
74684
4633
86544
10706
18610
86311
84387
95453
34849
57856
97288
4054
57270
21710
36502
83625
73779
92134
69791
89868
3810
48845
72087
47984
23235
72506
61147
42256
44404
85630
7664
92811
35364
60848
46719
27998
19428
11774
11154
34837
14965
19779
87430
30790
57338
67946
8960
27255
63862
59101
44472
43391
97799
15884
16083
59251
55535
10281
24201
80202
11419
48268
27719
78754
200
10322
82882
14264
23947
94504
47605
84654
53519
62818
3434
10314
12512
66183
72888
45816
23290
29977
49246
96734
99384
5532
53024
97478
27508
91440
34731
8243
43314
51856
99339
68400
63224
88103
51159
7317
24937
64645
8006
53886
46667
57591
72863
41770
71169
55698
76925
97717
83102
38906
2777
70953
11367
85535
66350
51401
94435
78504
25429
31037
15716
49151
88592
91411
77940
11967
27901
42773
51405
47928
18537
69417
17824
20521
30662
67436
34413
27204
40549
3094
74233
65198
19308
48400
88646
23964
34876
10432
68354
33974
37580
41344
66831
64738
29332
68395
95503
24110
94936
81665
69861
47463
89925
33839
15617
91003
47105
56741
99225
73507
93699
3307
81984
83939
7865
14195
74410
96177
67769
78811
36465
80572
29050
95124
31380
27855
36686
20839
29178
90146
51281
26411
99497
70036
79017
89305
44632
86638
57435
36705
98268
1882
44063
82198
88377
40701
29187
35465
69317
4179
95700
59025
7843
67093
93952
40313
21078
94292
83585
56088
9388
11107
55211
14202
84583
80592
64183
33921
1936
95726
61886
75599
13037
15084
69985
67921
41067
73817
76634
64810
64049
98059
53789
36647
51066
88061
20945
18386
35145
53085
57072
11494
5783
90376
21778
25158
47888
76362
68628
21479
27531
26093
18376
26516
60067
87467
36842
80964
22718
90540
28654
2546
44027
58885
21628
90206
22213
98351
91980
68065
62433
15063
88288
50396
59114
17590
26728
76416
71934
97927
32374
4173
98457
12428
20248
22980
16283
56614
54988
64759
57126
3691
68496
16175
95127
61296
47328
84358
31278
65329
86892
37689
65729
76760
26128
44162
62850
87588
74323
34148
85975
13704
81136
6606
54464
13864
79261
76219
2472
82147
36212
74052
98625
93367
36702
66291
31997
61625
18882
43489
15029
77812
73563
88594
73297
11544
2462
77273
11595
48912
41045
28019
55075
90926
52243
93820
70661
31755
88898
59830
43808
81510
25653
39444
32401
92678
2369
79127
57343
95928
56566
63661
62967
32800
12752
13727
40691
63832
28556
60153
21776
83343
23847
71479
65306
91776
74990
28920
47465
62111
88326
82534
3362
91510
25884
13205
55608
87040
28078
2657
24749
98310
48828
46466
44760
43186
82579
66655
28128
36801
63080
81177
47993
35160
87469
79878
13419
96647
93738
52104
62473
2807
4779
23458
41062
37364
58948
29021
3594
92203
46323
55902
35222
29256
81570
63448
82875
20657
97042
15269
84206
80708
41452
71072
10810
67340
54387
62602
8350
32696
95992
86821
87447
52778
96442
36658
56442
29453
2796
69909
69517
20510
63576
86143
32499
50243
25337
39960
27603
12589
73604
15971
76600
44398
47516
5887
2302
78529
90187
42636
11114
75077
58300
77306
94265
87859
84419
20257
32616
58211
44420
39108
79699
90130
23200
60224
63866
80575
75651
19707
27120
40930
84618
58213
95583
88286
27509
54472
99169
63934
49882
28669
92893
79689
62490
40610
28188
93392
18155
96710
8937
49934
13290
7230
18715
2539
75495
92604
40767
53651
65446
3589
52825
93471
93187
24447
34662
76747
27429
76654
77758
46106
30677
95843
13724
61144
50667
75746
19553
43999
50286
75036
17208
6524
47552
3752
82312
79035
81248
80532
17900
87064
69991
59391
88145
64152
45466
40549
21310
67991
1624
73504
68673
33958
88212
75144
39238
3539
49964
78064
77246
80417
1226
5097
21720
95393
49815
59981
7578
49432
88034
19465
54707
82340
12457
63475
42702
7396
87743
78232
13604
70667
52067
5034
2323
39969
61801
35023
24740
66528
75694
57758
304
3407
49338
47689
39064
99567
1121
8543
16788
73294
97619
14567
49936
25072
1331
68170
47752
47722
19034
79613
69895
85736
87620
41337
18401
752
96040
86949
58523
96556
37138
67732
77204
35770
8226
96903
23121
53443
32833
97103
66172
27014
16813
15997
15114
92692
36903
91354
19419
51267
13343
4482
66049
39130
12144
2692
84480
32760
52794
75451
63899
54791
13176
54961
83157
92293
27355
70929
13819
92332
64814
96049
96246
42212
99614
18870
69732
22211
93049
92037
77150
93921
95122
50983
29257
31523
19694
37074
9770
62970
69978
18071
25641
42734
37380
80547
88702
56445
25909
17525
53298
16631
15952
84989
20778
80834
86051
95880
18851
4760
63137
31952
28831
929
8745
74914
52428
87639
14269
10659
60191
68827
92782
62982
70251
27129
95621
81321
80734
69469
38563
24990
33844
62138
20654
40745
98829
91033
52538
7886
93273
25193
39175
32857
11561
43765
86671
80328
36258
41754
14921
84822
40617
69176
25283
30546
92574
2976
73674
24686
36544
57123
82592
36674
18448
87830
55889
24371
91869
1352
11853
26549
32604
34309
6423
38781
10510
75806
26405
87714
26715
89030
35390
85592
88996
64834
38936
39827
43867
31697
6069
57799
96934
22656
6592
65394
85520
94687
12658
2173
8306
11965
31323
43660
73622
98492
88918
51178
83828
67805
48885
10683
86162
98069
18723
71006
48562
20703
97126
28456
1347
87293
65435
58575
42526
78017
26729
8550
35309
45801
88899
19349
27523
60365
81555
54122
20509
43387
33817
89985
65649
70346
98249
99474
21944
88178
14678
94600
59744
9273
85834
14208
4159
5150
16525
5269
85696
97883
54878
11427
78370
4940
89242
53906
40332
14408
5682
8170
91655
88274
40096
63526
20772
73804
9487
12667
99768
86251
48364
3641
32805
97190
65831
18054
81662
49244
965
57985
93537
55725
35919
96859
99369
56818
22724
36593
6501
11430
83754
10293
45614
38830
93668
91233
29039
67916
87830
10523
68423
75820
19176
56832
46809
63627
33150
45636
34370
63648
98177
59663
64130
8987
4469
23523
5909
93290
78231
45526
6630
32012
44307
41693
26590
58544
134
58517
21338
52721
37865
74809
80316
91871
96174
73481
18101
32166
58180
12334
79174
55660
9077
7231
6368
44928
50620
16817
1928
64948
56933
68055
54759
20958
95976
34244
41445
753
7544
66943
72552
37729
25995
83565
23447
26088
93433
55854
73822
42822
84852
27475
1909
31320
36784
70411
85453
32097
13775
1856
50521
68794
41645
39052
39789
91917
987
21898
97578
7785
50845
88768
28840
16485
14290
65309
59961
4782
66714
6158
78097
39641
64302
47101
32669
5130
89195
37407
29901
40541
71342
14867
79489
23590
11908
9686
28484
69847
65120
53986
89519
36380
1162
34588
61085
53152
82489
61929
54909
80469
76746
16816
53814
78362
10933
64338
28573
89388
97238
79096
69305
32311
41769
43907
93592
62680
22236
99758
13184
94748
47209
41860
40722
68160
29137
58672
75949
45469
83461
60333
2767
22162
37632
76991
40828
9386
49678
78293
16789
28052
7622
35882
1502
53442
71374
29268
33123
61249
63877
67167
87666
86922
21237
55808
21027
81015
24172
99454
16161
99929
53335
96389
97710
126
53803
89955
61393
22293
41923
53992
18141
51320
64996
9470
7342
99587
97171
49464
76299
66266
82133
46859
78291
72423
28172
38218
39882
76388
66852
17630
78376
95921
73207
29272
35513
46730
26102
61472
2466
30522
52806
71921
1658
64593
61904
98744
29190
26205
7694
54253
62995
10387
75062
7033
40960
49420
84021
68450
25127
78670
83427
76470
99489
85742
69662
12443
19130
66375
37104
55206
73349
56766
59031
20561
38843
1306
42198
95594
87327
23719
69594
21983
70472
34419
61338
73490
32347
26250
34398
79548
54106
133
4631
34535
5871
25075
31577
79917
79039
38012
21178
2036
28602
86600
82895
81533
4744
11053
85606
88977
60744
37330
64365
31458
68378
40715
80832
10350
26576
30518
84140
80371
84366
85488
36648
87276
91537
75621
37713
89180
65320
6761
46788
41458
75246
27225
9501
94377
45734
31984
47829
1450
61346
88637
37820
25127
10200
59912
18904
41689
11740
38116
91716
52465
98041
99000
40451
64361
34142
88163
24777
308
26976
47101
43267
97324
96054
49575
77209
63164
13377
96912
86136
84041
52046
49012
15063
87801
71851
85563
73814
90147
95316
84083
58283
36059
58889
39357
37977
58757
38296
94445
17027
95135
7394
48752
81824
46192
46962
9674
96488
85481
17944
92152
87031
49900
20797
80474
57050
36365
24686
46758
31725
53530
38061
35396
38791
34134
72767
36281
41181
87400
70750
73785
68821
89397
2006
93017
41952
36402
58966
2627
25639
36018
93738
98501
876
72909
48981
63535
44416
46282
93265
3825
95838
79325
86394
49304
64191
55900
91811
43170
72465
84739
41369
93367
50773
6825
79226
41917
11864
83396
99617
40362
53911
32464
45322
13116
75616
15465
70976
86704
41180
62641
79111
90193
35027
60446
25591
37142
8066
24803
95523
92462
57283
38522
84408
38843
33711
82016
79524
48412
60543
55439
94533
65590
49914
87554
31507
20256
2598
90653
35593
65376
60994
67336
19402
60439
26138
54693
30584
437
91722
70413
31943
53452
3550
28405
12808
74816
21668
55178
94789
82499
82382
41337
48195
64443
77697
86869
81906
20132
72682
53584
12852
30581
46339
86637
17656
62953
67717
35410
8250
67395
81759
17749
16974
38248
99387
28436
6936
42342
11315
86380
95872
12050
82913
74894
8052
41760
56415
52869
57340
76993
25955
71321
31209
1912
88215
11498
88146
22711
77541
4794
50306
41941
50853
55289
16355
71085
17125
12721
2980
13189
88249
58517
29418
25988
77512
51328
88239
3657
65914
27986
65120
98015
53921
60160
70438
13381
95947
78874
93645
21446
94932
86747
19757
6982
16984
57226
26885
56927
3550
89763
16955
81314
71322
5713
31500
49122
83227
59819
71544
24004
79587
75384
58996
76745
52113
11532
24244
96174
15879
52753
90340
8241
67620
33325
81656
17509
19989
93099
83288
82785
7351
93842
75024
86104
96037
41436
25253
97797
46883
40313
94900
77573
23389
74881
73668
82977
13757
55944
11864
41913
97890
20618
78587
11494
66255
95944
17602
89071
23877
53525
27962
2523
94834
6660
58860
71261
27697
12126
76869
56332
43192
44878
15640
97574
89638
55494
56175
47734
12187
62007
80140
17132
77878
5257
38724
73601
72517
54687
46158
20004
11594
62599
43911
91874
29193
15673
53961
86205
2935
61377
68089
6901
9764
23403
56611
51986
77429
8754
62400
87577
32281
83615
58290
60559
53784
47594
35790
72045
96999
98412
3173
24379
59305
89138
12922
70846
17850
42333
39408
88082
38456
68257
16625
46678
84662
2563
37359
73098
89797
38754
50064
39320
23790
52873
21701
91840
66138
94652
29909
99019
80028
5601
90043
68619
92446
83311
18880
10508
48320
98685
79680
85797
64748
62635
21910
33127
14787
25896
42050
91382
74307
45015
49910
49191
7179
74614
91649
35128
35428
61972
70303
51449
68982
74734
42071
92851
2927
4473
90860
40683
69135
41089
80559
57291
94090
3473
80741
83454
78065
56978
56825
43149
5984
12602
3631
22284
37431
58941
78243
90247
68706
26705
9535
91175
72693
83039
80700
50549
43425
11710
66606
36210
59554
42520
32219
32362
15062
87085
79203
77253
2791
87914
45066
69753
61840
25617
58323
72945
17156
33315
45677
45840
31028
80466
42488
21371
37221
45266
16364
41899
68338
73513
26335
49110
42256
26669
66301
28177
33998
8326
58092
20899
91905
7987
9180
38748
24545
20479
88278
3235
28667
29386
81012
9304
17294
67789
18351
9269
70151
23725
8144
81949
95183
70961
92880
47275
37015
47015
51439
2210
89774
70739
80523
30275
14699
73591
81412
26322
73323
99164
52194
34071
23449
15096
90455
30992
79015
56787
38760
13620
84644
25630
87649
76166
2857
99579
31267
94762
79936
66897
76236
14724
87
51769
93894
12352
82368
48348
89900
33194
61170
51577
80667
66238
74472
70392
90001
9019
50138
46367
1224
37241
61514
33347
53185
12732
20397
68660
7806
22033
57666
67790
56522
7929
93613
57146
82289
8238
52762
36395
84142
77883
47719
32837
94460
75056
32583
84699
81190
35124
37416
30288
3634
10682
81014
64586
47328
22875
31759
41941
25912
83012
75702
62711
64655
48384
49471
68604
31032
66504
26242
14098
49579
74836
94341
41918
83644
1375
93749
78002
39937
43606
74330
6391
72836
2309
87222
36775
82558
54464
18654
90330
47985
79375
9489
2163
37192
10301
2658
11137
60367
26347
11258
72020
24024
66422
34666
90310
64019
80711
21523
16409
39577
87989
13099
21412
85685
34107
91713
43346
17801
97354
53028
15972
76454
25365
6228
83173
12759
3753
36551
72961
15052
81507
32973
38572
16279
13342
55047
72533
83145
31765
76655
93920
81855
82229
92599
39745
96233
67433
46302
1408
17053
94941
82545
9588
16663
87444
75041
94457
58212
64672
42582
98437
71132
17898
65954
35631
3988
71418
74379
77007
18104
33410
2081
46914
77693
60098
61991
72998
9941
27024
20733
65180
88411
35332
78360
62858
81513
18855
7804
8109
60648
33516
59687
94134
98735
4360
1407
54953
21173
95215
27322
93425
47587
6919
21390
91548
53457
72627
64670
28150
86989
10206
79252
82215
10900
28017
8442
63402
23961
18349
85909
61780
12017
65274
68441
6385
41004
79509
26181
10994
4390
21193
15313
28544
87334
64958
73008
53741
82259
1933
8121
94007
61129
53541
26239
84189
85285
35333
61428
30827
13504
93198
70546
78482
40685
1373
33967
47330
47528
67948
50195
19931
3833
32272
12130
21897
80022
93089
9174
19764
28573
44813
70206
43121
6881
20062
21883
56758
80219
4308
48047
60193
84814
66974
2171
71752
50366
61962
48811
33813
60843
49290
52014
27921
51807
58031
45469
44560
85434
40949
2174
76973
81919
13204
12928
32636
62200
70286
46439
47773
12597
89447
29206
57773
93672
67635
85848
7525
74966
41323
9502
95981
45560
44844
2336
2530
10561
48303
48456
93109
64825
45319
37784
49625
38802
23256
80756
12620
71866
95648
75387
777
14787
32207
48173
93064
66256
63279
97455
70828
99405
75362
22721
18307
64175
32998
26650
45396
89531
78079
51090
26377
85210
71168
70799
742
64996
84307
94335
58718
41207
31507
40160
13608
54859
94954
39989
45650
19492
26389
48753
79155
98523
38482
87720
48143
36473
16967
97707
75285
78687
8624
87932
74542
88452
31982
80971
19053
19153
43770
82861
25355
84366
25673
41852
13651
96635
9886
86898
66441
42830
28290
84195
77306
78829
58116
25377
74359
21799
95543
67654
81046
82979
9393
26860
82759
45034
88295
1953
98694
13269
46718
85395
28138
48031
71600
25958
19684
53465
83461
97853
85474
17362
53187
79495
66265
20269
1038
90503
40916
46508
64261
76041
11592
23883
25838
56012
98296
89664
88718
85024
60997
61371
3981
13341
87839
93194
74588
60940
63890
19617
31508
98929
39716
7467
29698
34099
90487
55914
8601
74794
3860
94119
57344
69118
94745
1409
52735
23415
605
54432
77870
97995
67345
48272
13432
52480
36276
35087
84444
30687
75356
36395
26302
18634
89755
8112
27183
26504
87534
26137
83054
98727
27364
8921
70809
14373
81173
85673
86187
81452
65748
55198
77895
35079
94465
7547
30605
29734
73394
2974
58184
10042
27824
67556
44395
99997
45377
69150
60908
17257
36710
30073
14527
32613
56331
53092
9035
56448
53862
35702
61945
35746
21535
26682
9582
12179
3022
63080
25865
93454
23429
57817
74814
9850
72292
76272
13375
50075
18274
15429
39986
9088
49956
54167
21339
28877
89583
50755
69649
12880
34556
22894
34557
18038
99128
65192
268
66883
6411
8198
94517
91340
91592
75614
61722
90858
65953
65792
85448
73450
42788
37327
47893
96967
64726
39341
92223
98017
80701
46430
7693
3492
12741
84726
31977
96903
2182
53564
98365
10026
52382
84207
63328
51886
79637
89910
30210
15300
6640
89514
38320
72364
66489
88531
44936
19847
95350
1170
85813
59350
12845
31181
24385
76173
83983
62689
21549
30211
73434
87079
85763
15093
82298
14486
27688
7993
91349
98603
78788
54396
8117
51306
77758
34061
28016
29104
34318
44129
76119
43511
45434
41310
88131
74206
7812
86513
6856
13024
86321
4984
73479
19030
79201
26327
50063
3833
5805
9502
63564
98979
74920
6850
44219
89671
29508
43999
47545
22068
45000
24669
49430
92076
41817
54569
15779
75337
47286
10350
69128
43657
6895
25290
73766
41834
82024
47597
35392
52948
14369
13320
73078
6830
25719
49316
11518
87886
27873
75655
40921
76489
4154
53440
64351
9560
81742
64754
42733
83071
6960
66127
86886
11637
40052
74315
99788
52372
8692
79221
74910
69820
11355
78253
63199
41299
68678
28212
36751
42613
98315
432
60796
46113
47114
28316
87235
65057
134
84542
11162
10403
30330
24195
66072
98596
6667
59723
43705
35162
50327
43863
81825
77030
12965
84822
67398
63174
2095
53216
40270
75362
94676
40607
61256
75950
92261
14743
46631
61884
46258
72298
5473
4402
64767
84664
34234
8789
28883
86279
39389
58496
20518
82527
11473
98198
40287
89136
21487
7060
21853
16379
11766
9797
1079
32743
42623
77384
85566
91481
97319
13124
22680
2463
8446
10649
90693
46467
16740
75941
41529
34620
8624
96813
72444
31396
79671
40606
46256
14192
8910
22014
77697
28284
72202
68055
33949
30686
20671
57347
99152
60128
76032
27499
33097
58984
96921
33982
75368
54846
66806
44752
19260
49599
11592
34531
27421
22042
83417
56775
72457
74619
86773
1434
28843
16640
16638
69453
20255
67374
70768
68671
36791
32183
88435
35154
91434
23413
58475
44330
48937
57884
35369
15015
28607
93986
19334
59838
13162
84248
60777
15377
71574
58389
525
69353
44349
92203
28845
79014
73258
9285
63702
41123
49869
69055
5923
30769
29838
14850
13217
23666
20628
76738
49608
94781
79567
41572
10342
62334
63750
55551
48149
99778
86567
37009
97359
60682
60588
12519
88700
46970
17389
63512
81651
96913
69942
51120
89676
2464
97850
45888
84922
61732
91918
32017
11655
76576
26396
60906
43961
63980
34034
26752
25253
22908
76415
35935
79086
51750
44031
21127
99137
72891
60837
81727
27570
85055
32149
99374
12376
24128
61394
57912
46931
3755
86071
37443
9576
98230
61437
66126
80019
12320
32074
858
92898
39124
31602
19485
50790
44632
45993
7345
5690
89812
43564
39343
61537
79144
773
96920
74373
15625
40665
27506
47883
88811
94842
71001
60379
62642
32839
17029
10078
63146
26238
60409
91975
96759
65915
90223
25061
29067
57642
15760
53921
11384
25634
25773
57089
17870
52223
28200
199
88840
23050
56327
70451
57912
58009
90244
62961
84391
10101
54186
68550
77734
82464
31522
45528
61582
46435
2609
82958
36525
25688
23477
45822
75958
45965
46804
70083
15690
86308
64384
21120
72206
6611
72247
14610
30109
45618
57290
29176
27670
51956
33027
72078
64801
91348
74729
73703
29983
94354
74250
82898
94445
38442
18508
2246
48925
98213
72819
31050
90104
62347
67508
92050
63180
31090
23346
81771
41874
51431
85192
84002
89886
69528
94198
61241
80987
8211
70878
1504
12094
86571
76160
41926
51739
6891
72049
44776
81207
90824
49575
38788
31824
26428
43154
38457
59944
21640
70822
1760
78913
6392
12386
32823
27957
97051
68883
8552
32003
77425
61289
16195
82459
6040
58596
86034
97027
91583
27566
22571
39508
61280
46695
14878
20791
9456
60476
92662
19261
90371
58364
56558
33556
41690
73661
56344
43436
46110
45869
64750
1418
25621
38456
23353
60496
59298
70253
57417
79400
44260
29498
24833
82201
50931
5547
14652
31207
70253
96313
59597
92653
91841
60544
43199
73218
54604
32023
34836
97377
33443
74167
71257
15052
39627
41284
82704
14125
47874
30786
3660
66027
63331
23489
40218
85813
61180
72384
75983
55616
46777
29519
28077
61592
50114
80192
53451
29753
67559
14242
64051
99517
62130
46721
15712
79666
71468
49907
61746
25578
4258
61597
5146
12706
69655
5523
60775
54889
12274
77331
50625
92523
53987
10826
78313
18934
94791
62051
41534
31879
57302
34789
90472
32167
96583
56636
2530
2223
30212
31779
36610
10826
10781
71280
73662
9103
18322
94904
39350
68572
61169
13651
94524
12412
72728
40241
70242
39396
39390
6312
18037
99261
54772
20299
25391
74741
47422
62928
27267
57362
41608
37316
67079
24946
68108
12970
99559
923
13418
99469
81292
31420
28658
85646
24024
36250
19020
16066
94174
5600
30366
85117
50731
2403
47493
47905
54645
63157
57809
48380
58279
79310
69710
16978
85656
41337
86801
76927
14755
8793
18723
17626
73905
51451
52029
47307
47928
97480
52133
90470
87644
23073
18711
99237
55531
41784
76262
91573
60224
75004
2390
11510
65593
37550
22291
39390
53103
73711
75678
76212
9686
74794
93370
5235
4469
33965
52781
16193
5309
31357
80825
80665
64852
66326
12476
23841
91805
19827
71461
55629
24763
4269
43849
63260
78605
27061
42072
48275
82135
73732
67143
19115
48433
86504
66520
60064
92303
34136
76268
55773
6414
43479
95297
63508
39351
66721
68714
43896
1734
23470
5159
94136
29368
39186
33418
55633
72544
97069
53109
91108
14410
55706
22362
85695
42361
21269
93465
43726
76348
93793
51970
83842
36005
98675
71106
42106
60201
16175
15854
2247
38099
62755
29914
84566
79342
20147
50231
92059
68589
36315
78354
58163
30297
86855
64495
71733
84338
56032
72533
77218
4492
31676
88075
29615
48487
96730
55332
31301
96725
63227
70314
13933
41018
63833
17260
54473
79564
48580
53747
70374
22869
58076
37719
52431
38638
30625
10152
32982
6436
34143
17268
91203
46417
52810
99923
30523
39014
49933
46827
85731
77457
30485
26841
15288
31066
82407
93561
24262
36975
47755
52198
45829
22871
69057
64182
14231
65442
27535
33799
58902
68133
52341
79541
80822
79117
32020
76420
19306
33833
70037
8
49074
20850
55103
76227
44918
58747
72414
22610
79117
32826
15850
43481
52204
59738
60640
81587
38110
62569
16249
35698
98192
71234
86349
79722
63629
73526
74125
27888
90078
39633
79144
45068
42102
91942
60443
47514
32681
79761
21109
32294
98948
76228
16697
9601
64365
26279
36189
67225
68801
83774
63608
2015
59662
71908
39010
38152
62213
42380
69381
79826
70296
16986
6823
60448
63287
19232
20200
58972
9792
10117
99210
8389
23968
17644
43567
49951
79939
22209
9522
42750
10547
67007
58769
79355
12710
74200
84917
44764
87058
67609
64580
73921
63200
50362
92500
92173
38896
81083
86669
9415
91348
2773
25316
57310
52248
769
58980
80720
35657
54551
20516
53409
44991
76547
51710
50726
65997
65777
56295
97244
60386
15396
94428
33311
18468
10254
19580
902
82015
38013
74625
57394
50495
41303
74943
62736
55769
64996
78975
14523
99976
28180
93997
39226
80650
631
40876
23935
49698
21720
75953
66340
77725
8744
56775
85387
298
46234
36780
89032
11529
41601
37672
51436
8581
87644
6575
10938
54523
60363
77738
75551
45418
85164
52651
20100
70741
83925
93320
36968
44035
51610
92922
22897
78212
68651
23850
24798
15046
90266
53997
7829
9789
27453
98831
27878
85955
70727
81738
84653
98140
83758
21025
39774
30743
82593
74303
89397
4407
41449
73499
38323
75056
69564
38557
76264
74705
54120
11008
91468
87689
54598
42871
53637
10029
96718
80924
430
23012
65510
82671
59238
82994
3663
81125
24333
25148
30157
54648
95897
7320
84656
8405
78930
50176
29449
63717
67670
58186
93915
95889
7351
19124
6140
48357
47286
21063
87469
25317
78268
68735
31372
58388
87092
58400
68058
56639
9933
27892
91103
97414
99547
17205
52198
86113
56508
52555
8493
55780
63499
30015
66108
58842
85004
32923
34347
36271
71346
45846
78563
61113
92598
31601
67062
27677
83521
607
5194
29235
64468
94008
10085
12003
82104
92616
33948
64258
61498
98032
71009
66367
91067
50006
13381
73221
16984
38274
20479
89405
39849
89431
17817
31543
21262
36261
17050
97853
54739
9595
79662
25500
3783
31979
21115
50077
24513
47584
62108
13639
71505
59487
27372
21663
63812
54351
68101
42654
48336
99928
19849
59956
12090
67284
41248
81191
67629
80838
19133
26877
27842
48418
15255
96654
73936
31942
7252
62674
14979
16153
61318
73373
85714
62518
34477
5448
19778
21882
8302
4682
59417
15635
44562
77723
55843
44645
33370
27323
19222
84368
71509
65064
62108
89635
54331
40440
3330
39382
77678
9510
49092
50506
25810
79685
41582
16163
49951
50689
25422
17701
55062
68461
67807
23443
79696
12716
93628
74833
18833
8886
4879
72700
88749
40820
89123
99072
41137
27772
671
99646
92564
37498
10645
55564
72738
43630
29222
51854
2851
80964
82900
65292
61063
30213
93614
95756
96736
65169
41010
19109
14656
75977
8714
4999
42526
41054
64366
88375
23176
58890
22677
78519
2284
98174
1745
64236
74399
83864
51438
96205
41490
78167
47568
6442
92618
82259
78763
42228
43710
26767
54767
81332
11688
36969
99171
26598
92615
16312
95539
22140
72646
37364
49071
79598
43706
91878
89781
50179
42835
56401
66725
25676
25313
70189
90028
62563
74397
57718
86010
46129
30850
96054
62802
2836
93494
49337
40077
82806
9972
64556
575
54704
29319
48591
10945
23732
43007
20708
33003
73728
77419
45412
43837
4668
31757
70469
47257
41238
46998
7712
13484
29492
42846
87960
39208
44882
26966
43367
30706
26386
99306
72133
78047
48440
39228
17113
12513
31831
74240
61369
78481
4509
24002
29410
40988
30867
70455
63946
3853
13222
38109
82887
91124
42500
53685
36178
20269
13959
22420
43464
13464
40912
59192
23703
74968
96351
76685
48183
62561
4667
98280
33141
30886
42840
66271
53863
74225
62999
86805
43847
93919
44834
10015
76920
25317
8385
73951
81192
78755
14867
10217
75546
70908
49255
71133
55390
11593
88124
27176
92
63625
71683
86585
46604
20499
4788
59701
5884
19442
34824
88322
68235
27018
54739
12254
35132
63384
7033
16770
16506
6763
93113
33583
33551
17678
58457
2361
81390
94002
3009
18040
75188
29417
8004
51508
56468
13135
16979
75291
75210
77342
98551
98244
96412
54075
9904
78228
83533
45984
89293
70279
99255
38192
56760
36164
38920
52012
32714
25153
52399
52812
43729
89889
2854
41617
73450
45895
93059
86929
67440
43254
87614
75162
46219
75331
45899
86424
23337
20456
80357
84067
38427
56092
86843
21493
9463
23903
979
64710
48469
97500
47573
67669
89826
86435
21098
38162
21128
40793
47245
71213
98505
53194
17710
75868
52941
19023
85775
89566
91207
96411
21612
88253
78660
29902
91498
3084
50870
76597
56411
96590
79433
68790
59892
51418
71482
52417
21376
5370
76702
95418
9268
32474
97491
59603
97
24420
44208
96092
9428
33358
78228
94313
87918
56597
37124
47367
25597
39525
16136
50230
59939
69596
81688
15206
76522
74234
16971
43219
27674
48331
50712
93372
6493
34787
39064
42388
28323
72644
36923
36981
66734
1681
2577
87426
71260
42861
48762
18962
95372
41501
10299
13778
39220
33153
82459
54454
78926
3424
54835
17417
89157
63892
69205
26441
74957
85907
24641
59168
22194
12692
87921
17765
4325
71770
28965
92311
70703
22876
28719
36314
61335
33608
70444
69389
28483
40411
17848
74449
51979
73443
35874
86766
46334
92909
67181
8541
68908
78796
53557
25110
16734
4783
94031
98904
33101
16619
53397
98817
69923
49955
47489
87790
310
94242
24169
4947
73505
15639
65125
94545
75177
53421
88242
59334
34665
62763
1225
13655
15306
51417
34598
13751
90830
53858
72220
41627
7421
14850
25861
73949
90916
79482
84081
51666
66636
48715
49136
64277
95921
63537
82059
11395
34192
5374
61583
44244
42996
6102
660
2984
26077
86299
96792
62995
1228
26289
96556
45819
43037
84713
84621
63288
28227
69289
99068
4831
61653
89691
92296
22638
8580
89980
7197
83155
4738
57839
77473
69948
50313
79885
59282
56130
41694
8661
70597
68511
44709
32707
31891
81776
7671
96995
18043
77851
25513
40571
64010
61477
78242
53581
19979
68457
73744
99387
4473
76198
4886
23768
47999
46352
61962
16128
58973
43739
21560
1903
91236
44776
35304
53288
50041
34287
70983
55127
6982
29547
62435
69172
49524
13392
12018
48424
75561
10803
91848
6453
44136
55382
21880
49495
60247
8857
78011
72985
5373
28190
80625
42021
50909
39949
26042
31233
67097
21210
9449
26907
79388
62426
79561
46987
25090
1946
74215
31055
99977
36253
80723
32772
38239
12544
8872
81834
27731
58463
41554
78380
2440
980
98698
24598
58289
73781
947
19316
82890
88505
15689
36690
53839
89356
94829
27655
21150
10342
83094
26416
65581
52381
26385
47314
59501
45072
33852
65432
70932
87329
61981
19770
11319
71223
24339
59433
80565
69835
53828
73896
55460
72000
11368
85286
83206
24997
61093
13694
42929
55379
31773
49482
22171
43809
3607
70935
79764
15034
96642
76381
8103
53166
10364
68049
19568
72046
78384
13921
52046
29519
43210
10050
76267
93868
95872
46620
43062
90060
80465
61729
89134
66773
95986
76050
14668
68544
1854
62937
65897
17592
80742
29245
78820
55418
1513
41949
80203
64319
64854
44211
9984
66528
92409
22291
30304
74755
28032
63718
80574
56271
4955
6035
48716
29912
73724
41049
91517
57991
78913
1511
4398
74329
67808
74485
72113
75122
58044
22202
36919
19837
26743
60543
85913
42582
68968
830
94416
69367
13682
40345
10609
47066
56660
62254
88735
40395
60797
82780
31100
13458
6046
4138
72285
25424
70856
26546
15517
77407
93889
7065
66239
15289
86545
24971
15537
91080
41685
14142
87172
99128
68945
70545
11540
25172
40173
84399
61724
64955
18456
13600
16104
18170
73485
32118
2116
40312
57650
80712
40862
63241
78615
26038
71710
49908
22427
89178
84315
77327
7945
56205
41213
17955
19000
66728
35146
62057
17403
26294
34
88726
4127
69527
2859
76189
19027
2456
18152
421
62214
29341
24114
51747
58540
75866
93552
6500
64313
73758
94489
64412
72518
81493
1101
59849
78997
8074
70522
19508
88196
48955
84039
68662
83134
8277
81094
30498
37656
50672
46020
50837
73915
62891
18622
27928
93303
35854
90643
13260
72267
23221
12213
65164
6993
81000
84823
21808
65693
24452
79112
61751
27789
29153
27021
40738
41939
54541
26350
1476
86880
80197
64570
92495
10502
21878
97003
25861
28151
28934
93066
69144
5701
55426
89002
70016
42800
21732
84223
33593
716
12009
30818
30183
4092
76187
27782
97019
86636
13757
8493
24414
80640
23651
67120
84021
41574
57086
6072
70675
63056
329
14909
59645
63068
60431
72064
89031
80299
29422
23426
14717
63751
79779
11763
48375
725
45067
45148
61502
551
86231
4050
29766
19829
71881
11127
44594
64028
94326
76405
87308
77987
36783
35920
66581
24037
50302
43083
59146
39136
46735
85859
8240
7667
40301
63106
75793
90931
36784
91337
30449
5787
50625
46679
24769
23834
46023
20021
44162
70472
27910
74636
66946
26200
95940
47180
52067
52619
51035
52282
88079
51277
44755
15848
46343
25674
48575
89529
26790
99584
95334
2211
23571
64179
78963
6047
96055
91899
54885
90907
19954
96610
75492
97104
33223
82544
18261
26185
18903
57068
18360
30153
1167
99653
82308
32431
19205
7689
56628
72220
99550
86306
27961
372
19247
16129
70319
78009
21463
51015
5394
26722
21628
96837
79757
17100
64573
89445
69042
51904
42694
96925
61429
68837
36039
83521
98375
35683
25051
7935
73946
87217
96595
1817
37055
55899
97820
79450
65740
72811
50870
72132
55060
10267
98174
41363
1659
94642
74858
88614
20667
29177
56963
2585
60017
98775
81325
20936
95531
8328
38038
41765
45617
21013
33692
18450
53524
7839
20698
54326
61618
76951
58183
48852
7033
81003
75845
44232
43706
35337
71070
39186
49397
71874
81231
1534
96018
7670
24107
69900
10131
86359
76474
19306
78483
71250
4350
92147
5644
37724
79547
20268
49536
86290
44886
62574
24833
95547
49128
21842
21122
98042
45839
46247
56642
85067
23880
35735
8037
53854
13883
94285
87062
16450
13055
69879
98378
46875
57090
55223
24216
89192
6642
2351
89510
8943
93625
37454
76542
38998
75594
42747
73192
57523
50884
64004
6374
76725
40395
66224
15618
19948
18322
33043
47064
18110
8915
28351
52839
8135
27537
83351
97815
81799
2120
51037
72632
97756
82902
98493
82848
57521
83179
15744
19678
30122
79713
63378
72771
28449
80972
50616
97914
29748
74924
10947
33055
35183
94106
93162
32328
13396
48608
63284
55095
33500
4343
93623
68796
27474
73626
10765
89699
14685
19791
4678
48368
33338
55197
20865
64930
47298
61755
41256
93728
10731
35470
82934
25349
35658
73280
50777
44234
93586
21662
11188
77689
84304
26139
78255
1769
22027
27014
58366
52379
17319
10467
53871
54934
51887
8645
9853
3723
6835
72398
2091
31631
98905
1173
62771
45067
10360
35421
2312
69939
45579
46492
83103
54088
4696
76635
76759
25472
45516
60244
18488
58233
63975
87164
12097
38350
38413
55192
6565
74326
81182
79018
48808
25797
44906
95436
64810
30508
58910
12916
37295
62747
67326
55036
22531
91452
35107
65618
36737
4286
79126
65040
87222
41456
96124
52716
84044
14909
2503
43120
43765
10243
78496
67558
14319
69545
85031
21429
46865
55667
25054
47808
14755
40089
23885
71161
14893
99769
35012
34520
23452
58765
32908
48025
24351
58094
67704
15950
75480
45112
69354
45751
61370
95223
96100
3806
42304
6203
61174
17630
8280
16028
13459
33073
39928
42753
10777
35989
40771
60042
44159
96334
62584
3099
31535
92492
20921
9123
89760
68158
59831
36293
48395
87408
48327
41541
80640
35526
3819
12312
99997
31990
67965
28896
88078
36437
91721
8865
15072
57698
67334
23404
51352
8236
29050
84129
56124
77155
75195
29929
92633
70094
74764
50262
56643
73947
98079
9130
27945
84822
29066
89871
67548
23944
25525
42427
5008
75423
89586
87554
99461
41074
35871
4216
11792
3524
51570
73740
46512
98828
33290
84544
26044
57733
25563
42947
40359
87107
68648
76083
19059
62630
33921
8821
82119
3428
54816
75278
45543
24184
24882
5878
31633
40693
80983
27446
78480
11449
77984
1752
28457
88417
52357
33822
98721
93153
3806
55471
9319
78223
25584
49875
7278
32833
43729
63870
15409
70472
66501
98265
14805
78139
23674
60111
66340
26301
59125
67301
75911
10012
22522
12107
62734
58740
24165
36783
7797
45035
60909
28846
19518
77675
47470
8763
87405
70595
75276
84617
8827
24037
3810
38129
20173
98915
92964
35646
47276
65267
3283
90186
74364
22013
70011
49613
20079
64761
44822
23262
46238
90181
73241
45312
30955
18872
37452
8101
5941
77748
74318
28935
57663
88998
71687
41351
66094
15285
76537
38318
39397
71724
62267
38158
8284
92039
8704
33992
68598
45500
16488
98430
8124
98259
18507
60892
59855
23099
13856
92793
52173
27658
2393
75011
89709
46201
69944
33819
2892
98933
26953
79767
10130
44098
65189
76458
88657
23062
48505
65558
60679
33139
27046
95521
37549
99859
5869
95518
35052
57329
58840
4126
93077
46270
1049
78149
36294
35411
71936
45521
98997
