76212
74001
40888
30199
50753
63264
33098
65033
90285
39026
53885
87571
28637
90266
56277
37358
60131
41379
86586
18669
30794
99880
1670
21029
71857
38720
85905
3141
46675
3857
63854
85389
99047
21196
33729
97598
67345
67700
32752
31173
81814
76979
86595
48854
57378
82261
68069
91395
40916
15899
71125
77665
28458
5904
88539
15448
31179
63013
1564
27176
983
57757
714
49468
23619
79125
19329
13198
11047
62286
79776
72725
77655
14351
61831
70579
64106
8411
58219
96591
28642
29591
80861
39812
34640
62010
75567
10418
28474
72630
3112
9343
73624
60428
55281
77710
98066
92668
84435
14760
77610
7024
14435
55485
56430
4535
1022
44251
60455
36655
20958
79404
61687
12339
70276
22522
69377
87064
85611
85818
275
22049
2628
28507
22132
41769
3203
72287
29709
18733
93441
55593
62030
87555
18768
313
36670
9336
62806
28066
91448
85031
43804
33250
65824
50478
98423
90235
95900
55282
85567
73117
58256
40347
48296
19407
93231
17112
98158
61959
40726
24362
59188
15372
30625
21135
45710
43668
88407
63921
29226
12976
59709
20402
46608
66128
21225
17036
92101
25452
19291
80545
80856
97079
18513
90131
38003
87745
423
74822
91953
24980
2655
80137
2886
98685
15804
67450
16488
17197
43595
46826
95940
46869
59337
97728
93723
88661
17125
61721
1199
63877
7403
27362
5048
16389
15322
58671
18597
27987
13216
23041
79920
88447
79225
59131
65719
79834
35537
77241
44485
47912
16504
49093
30924
34100
18039
79546
54018
49314
75079
96655
51582
37904
62509
37598
22364
26956
33536
17807
77906
58526
80139
95801
27529
91864
13048
72483
22528
45052
84493
83592
8839
30569
6707
98054
20092
14198
2107
80892
16521
66314
86989
9241
49998
35184
65515
87350
34033
60943
98757
82007
3139
48995
41084
59385
39449
32516
56896
51182
14233
66775
71489
15151
8569
23570
90479
59009
21499
72226
80302
69376
75287
90757
83988
37970
20917
15393
17164
49961
23210
73007
58709
73861
77352
59322
91780
58753
35374
43489
56076
77760
78633
43454
53635
62612
4006
95349
13947
17641
7527
29943
73879
23748
65665
88889
5237
3789
91192
13863
46571
67554
34042
97141
4030
77900
31859
5849
35161
38948
27721
8802
98654
7763
39482
46443
18091
91595
26474
71710
48254
40628
41561
67499
86866
61589
68111
90420
93410
34209
13731
94666
43787
97077
32261
41988
26270
14209
52706
94792
64663
2586
4210
25227
98462
77548
76171
23947
31595
6719
89442
36320
41785
17777
84708
25432
71180
55763
50756
80000
45196
43062
61192
26669
55501
31109
15913
28632
54564
72500
93869
57284
34808
90101
76825
43908
7350
80947
18507
72987
35362
81831
68405
87846
94413
92176
27323
79256
13310
66728
99505
82806
42829
35812
23982
26337
22803
91043
50229
44916
80492
99469
37883
74745
8988
99681
22268
84457
57644
17273
34032
55823
48063
80756
3314
94314
11121
58986
27613
12556
78339
69385
41056
29157
37972
70431
80413
5760
59284
18400
80287
83566
84110
86753
74536
69448
63911
84903
83831
28075
86419
10662
4930
85561
32876
99770
3783
17751
16841
46883
65198
82231
51253
16462
4753
65118
58387
26149
22934
79266
68718
81853
29950
94529
77489
24115
22307
47147
84531
44720
57572
37647
68252
91330
3955
54666
47685
72777
14726
37114
34245
27364
40898
84504
98367
1571
37979
40087
45126
32233
48326
40619
99061
30270
70435
36473
2922
43719
37408
86919
72636
80817
99370
87318
42089
82767
60848
69366
86925
7387
50522
20288
10104
69014
92460
52737
48105
62156
22231
935
86828
51676
72202
91267
28539
2589
54700
39203
17426
94265
21835
54498
39353
95461
32693
51368
29914
40007
6465
65988
15616
95479
23973
17148
50187
93640
23932
94308
21204
81014
84589
9084
7293
21985
33440
86581
84721
27564
37731
99019
98553
8576
30804
33456
46167
4741
69819
78231
13097
70624
85467
15867
47911
33060
60344
67720
49170
21258
98855
5340
86005
84072
98723
88709
53365
59242
83063
63509
72896
46697
82217
5253
56588
31700
45421
89789
36539
96122
76166
36523
51136
13411
36751
93393
78550
23722
95464
66511
44385
1829
55657
5229
31575
92956
57013
80980
16788
26859
44684
74353
1217
40178
9873
96917
91096
77807
34520
33899
19335
67645
71367
70111
72425
99543
42927
32954
39063
34031
4955
87955
80506
58410
10547
22398
26902
8733
53216
927
19353
66718
88277
37678
67824
73782
74438
54033
46950
10764
70375
21231
7433
1697
73343
27250
35953
78898
71262
92212
81045
18660
83355
29816
53574
14886
44483
2749
85649
28823
99253
2432
80712
74792
58800
58603
83375
62492
29011
9325
15905
83661
69178
57400
11035
3004
4683
31910
23531
53683
5469
82198
13265
26651
94149
77118
11742
14276
45401
95268
48042
34647
84857
93007
57941
16056
97805
90803
92328
25959
73571
53671
24449
67405
24398
36768
31216
92406
23122
29680
68748
81607
88454
7790
65214
88408
83808
31706
22894
28070
50497
85184
47401
55886
18013
57398
77914
92113
47439
92502
40146
90313
85779
97778
89669
92031
57733
15171
82030
60640
33236
92248
39909
90431
98099
97919
21529
69490
48610
43027
40860
53246
25874
98780
33157
35136
67820
56834
3369
30444
32719
27839
11612
27355
17576
26511
66445
21749
55292
20646
62982
1077
92912
52247
50349
26096
6777
92916
97101
37642
71159
32232
74624
72314
77206
46715
81854
99746
5507
65815
6493
86977
13518
33184
9827
6983
34592
30522
66176
67170
4906
10671
68876
4364
40369
40084
76746
49605
64106
57432
31188
25197
98245
81601
20110
24147
90465
49704
33213
92346
50864
17839
32526
65286
55601
74932
44661
439
79630
29949
13854
10922
78599
20257
54184
81887
2359
61801
35782
33985
57155
60462
3666
70962
73484
10751
59327
3938
64363
5676
56990
88219
64874
9257
69422
40839
95683
8122
84881
34336
347
17043
68382
60160
26404
44621
49514
37912
40985
37765
30551
16065
30084
92335
77390
46305
3489
65933
86570
26705
42408
29807
82888
78008
74343
52715
44677
68304
36236
27313
8106
18974
50744
33235
28896
43032
33789
55627
53413
92276
77769
63287
47082
69803
79667
96262
71369
37315
17995
19745
75012
25365
40099
8196
24032
8723
96912
30227
88142
86736
92395
91918
41643
18571
69592
86534
96253
14137
70216
48227
28704
81889
90184
85305
66316
52262
41840
9812
14737
99710
85054
69774
66829
35218
14974
79343
50060
73706
3062
96241
95717
18207
21223
89748
26536
3250
90790
35311
37009
28893
75948
43159
32056
76011
33932
5923
98099
20596
56639
5423
41939
60366
80261
29386
71636
48
59768
88332
14242
28281
93857
8034
31490
39070
83205
14714
3368
40825
82829
89026
84871
17723
27850
42049
69219
9288
25421
44874
89966
67234
46032
16909
54753
89134
23364
92504
82334
49251
42395
86928
80026
33371
28480
1138
49847
69395
61783
22400
50703
11675
13656
42084
32133
59900
45939
24848
39770
6565
65575
53647
64311
26926
19492
71035
41142
74189
20703
98740
3418
75196
21527
76875
77211
80096
48668
66766
45062
90401
33812
49040
25884
53708
76023
80452
81356
43504
75617
41481
85630
98685
92118
83189
35808
31263
23893
88342
71224
52768
56814
21045
26411
28740
20098
79201
31812
24099
11777
35541
49999
21695
18598
84934
22392
21088
81348
53766
20106
6055
43064
63622
85312
61171
76734
94123
82978
83437
59549
70450
70263
49511
26436
32385
84718
86787
19693
70336
14099
3249
40144
53961
72435
436
27373
92489
99635
86586
18281
90031
81258
42903
37076
97371
80111
48352
52268
93002
42812
26404
13959
20584
1774
43913
29241
76892
64164
79381
79337
16292
42329
10331
52258
79951
7409
26718
63783
8212
33817
59841
28318
48958
74432
38838
95705
96828
24584
78369
34378
68605
75481
31883
25241
70568
65569
66979
52180
8439
49747
43439
98438
35055
55118
32867
35283
43772
69468
48271
21446
67225
97255
27544
11719
37731
60930
342
47715
16210
57641
49779
40615
17640
9500
64110
92140
83548
19533
82866
24875
9908
4805
84246
13770
82858
80301
94459
68634
87487
39322
58707
63589
39164
98441
82757
91331
9852
19104
71739
91566
19203
60055
12135
65228
97225
58431
98195
68021
72027
41995
33546
28339
16023
47399
46292
39214
51132
32814
83832
32726
58691
30301
90190
39993
75878
69019
86039
69627
3464
44367
57770
21170
75447
72713
68214
41244
59696
73882
44713
5482
93984
78471
43712
30259
80188
62955
87112
91426
3545
7408
39384
52655
19866
11993
57829
99702
64175
97638
8577
69154
99471
51952
45882
3556
28350
32927
6168
35604
61810
85463
18009
14420
53357
60554
99585
75342
8304
85766
75823
89724
81812
59765
79710
20019
99447
94731
44895
27437
64057
98372
86737
3845
61168
25477
96698
29677
39803
2608
22408
48147
45876
30210
75974
78722
96164
47809
98191
70735
43057
26281
20939
94457
72783
40302
21346
55246
12869
59709
36091
45882
80788
18402
84009
61373
77384
12278
76795
57781
871
87828
28361
25886
5671
91242
38139
84449
24948
68101
53775
46575
77751
16211
66834
17716
46989
26289
53980
83801
8120
98300
97424
99391
56564
51257
75070
52722
62992
12295
28312
48845
27240
84158
58979
44189
4869
38661
694
31727
49027
44527
86106
62982
58983
56930
94443
9891
46135
1729
64617
72179
53322
51429
78911
25798
62531
97656
96737
98452
9866
51771
61686
11718
56919
76744
54669
40919
88911
48811
26763
63235
13788
85111
73535
60693
3959
51343
25508
35014
95850
71241
58671
4015
77662
132
38478
7710
21614
11741
8316
46553
63478
63448
2910
66678
70386
79193
59199
23933
29820
29890
48020
52834
92013
79195
17
86175
32584
87210
94893
79226
94347
89861
2400
578
47536
80184
73041
11130
87828
80841
62406
68710
10451
64468
92178
73555
90342
2900
17963
70637
31009
50023
32593
25847
24836
64731
50487
7121
26900
37072
1386
3999
69928
37651
29013
19649
59517
37700
32160
52245
78083
317
10001
42809
71471
80473
49353
74033
38504
57796
93319
36877
35207
96340
20050
33500
43509
53953
47293
8834
7628
7130
18971
71487
85815
91974
72938
21295
92831
58296
91616
77490
66322
32661
53772
1607
61639
55644
32685
53794
5497
30591
66263
42592
33972
5022
85337
57854
81747
9024
66499
45729
78601
92351
74730
39959
85201
62718
56405
66475
48048
22888
18328
91092
74855
17888
95156
88531
97421
87437
93249
28275
82047
19259
47111
96438
93311
58107
72550
42151
61805
26884
61527
9378
92581
91974
26579
11147
37200
24151
64961
17850
92228
72792
48725
57425
87673
47098
72882
44494
97981
29045
39178
34463
85982
27560
54383
80091
79522
24168
27911
31707
44353
87824
17677
5407
66671
66975
54146
79861
48198
78346
51653
64285
68739
26358
44071
87421
23500
68127
58246
64395
6752
22009
81846
47658
88904
48030
26210
82303
24687
83284
60616
66438
23730
66964
15328
72926
86791
63623
32998
28295
4996
41394
89695
78344
68519
428
31431
63980
42735
63919
27051
71313
96181
6078
93048
35521
8782
46229
966
75104
32856
41450
6856
7929
29979
33295
50393
62548
81843
91860
34526
41218
28923
41302
68351
85296
84479
66511
27027
76016
61087
24287
68522
99926
10844
95882
75448
59902
95353
29685
65823
6084
1102
16351
48886
23100
69787
59686
57439
30281
77848
35211
13535
2162
96254
6416
16510
35606
43698
33073
25510
44492
69560
28023
35006
92790
53061
10794
80044
34971
84854
70072
98262
54204
47982
61023
95304
8413
43899
27100
92088
93516
61841
66032
99833
2860
96484
46236
36020
4727
22031
17181
70511
16297
6664
12743
76823
41842
21378
321
49849
22889
25522
83061
25270
60676
66276
12226
86998
82713
93031
35744
15629
70276
1637
96930
48489
13113
78749
73067
92845
81577
35268
21515
3849
55289
49747
69129
72437
44978
24138
2996
13428
55628
72901
81273
60148
3364
96964
36485
59393
83405
11935
27359
53845
51800
31200
72676
33900
86905
80406
19929
62441
37565
52835
51638
21916
45797
66378
44780
66015
38750
7128
35155
35796
96713
84439
85760
92431
22721
68542
99740
29211
48100
52796
43186
80841
75910
81783
40512
82183
68066
81014
81252
6901
87743
87402
13509
35920
67576
91541
41962
82340
86009
25399
51854
31253
70721
72373
3860
21343
52120
21864
94282
26833
30021
78345
20471
68954
52552
94115
54392
58166
92413
86253
70915
89686
10037
33601
56299
20021
72248
61916
98958
48527
41401
18176
25916
73455
45196
67236
53245
44360
5209
96923
96751
75425
59362
12190
36276
91244
31017
97639
48390
23956
29401
49091
64364
39592
52023
42578
32855
96919
12152
74531
60844
24586
50418
34552
96579
91663
50540
16121
53701
99842
80549
84585
38766
37886
77415
95811
56587
35607
4157
39621
17656
19674
3247
27534
66955
31735
28374
21450
49771
41129
97552
36326
64763
93952
32528
21715
87658
99406
21490
3028
44828
42389
15776
75478
36989
43095
61537
13701
4864
24937
11540
74460
42932
26361
32959
40449
8311
71919
26771
34920
757
81717
40876
94331
13213
92909
19582
13207
61610
17975
20177
13172
40954
76085
33528
98457
63891
72685
2436
78623
70147
32102
94723
88008
48218
19900
4489
84867
40852
80341
74580
22215
73918
94510
51084
28542
87499
57168
41271
39238
46156
55630
94033
72648
62082
30708
35393
93675
35212
93669
73823
30226
50769
40032
37621
24443
56254
9329
1707
2775
71889
13873
45779
16698
7259
47650
65704
96238
46725
44594
60136
36825
97120
19593
58434
46107
13414
69778
70308
84823
12332
76994
48843
51760
55649
90215
62409
39400
49128
73608
25857
52779
49779
84928
51993
32032
2527
70579
41166
33057
67758
93707
42769
97042
27624
87549
52205
92561
97083
30368
1923
74974
88311
15358
37403
42603
93155
8307
52783
91298
2848
63680
44688
18319
67598
73028
26795
15348
49474
71006
52204
55792
69594
17498
78197
70958
40907
5923
88389
46933
47969
60487
86005
72478
20443
2487
70799
78081
17013
28574
65706
50388
71862
40187
68576
67346
35515
84238
46012
53233
41750
30470
43242
62200
66923
10863
67765
48578
34433
79983
85601
34215
17510
51230
8121
90282
17416
62113
68575
12997
56210
60289
38722
64713
27543
20728
85042
1929
55336
86754
10987
69215
37077
81378
83086
63012
79227
94989
94353
41519
71683
14138
82594
96590
55256
73976
96578
25886
71011
67647
71087
80998
72560
99743
92808
27833
92509
9005
60111
24139
97930
95899
71950
16588
36516
48208
56774
19443
38403
11232
82243
79283
23547
85676
32402
86302
84193
61071
66712
45214
27086
67373
57070
92444
80418
16064
43947
36873
2327
87944
52377
66714
50700
94840
7379
15346
98997
11565
59433
64822
52993
30542
53186
66201
69604
69702
35791
17669
44833
59350
19555
19788
37335
49763
34143
97994
45731
55993
26878
64935
28486
49392
63861
34353
24859
70169
12576
98318
18053
11714
75564
38810
34865
11921
41459
65212
57981
72166
67437
18229
68220
1272
9347
768
92214
5303
7159
91114
91596
16219
56295
97365
38621
42287
25698
50846
93159
70394
70638
27496
6399
4871
27564
28018
70159
69979
75814
22156
88206
71230
11565
22889
88985
17586
25010
18667
38119
11558
27047
52540
73869
81841
19553
82769
97603
81432
21838
32812
75160
70660
22469
94319
29255
9683
81857
28732
45989
23326
97130
37777
49391
35938
2934
90429
78019
64194
58623
47626
48673
50558
68729
61689
4879
84424
52575
93514
62946
10036
36510
8750
77692
12587
29967
85614
80103
95311
62599
92550
43200
93066
95436
2313
34864
35730
15308
69723
485
1707
42737
75645
31541
5817
25868
95736
98903
97641
25255
48877
97637
91039
61938
8292
74327
99929
28592
52235
62277
7519
58728
41340
79232
4103
24357
44946
89868
53958
20155
84981
82053
23578
60666
17519
89147
43219
72309
71028
85445
73522
56245
83049
45057
45567
86103
54241
97780
20847
48077
29302
5340
97286
41788
44828
96960
7333
41807
30608
85533
5674
9746
15833
89027
36034
89115
69685
8411
84602
80878
92802
60454
57195
32329
79568
85371
84112
16631
70521
50801
49653
95005
87205
85433
82989
11790
96648
98586
75159
64950
81416
57509
3627
18580
4445
43126
3558
95286
83638
83434
84247
73576
36724
88788
81210
37910
42151
27937
3167
20883
74883
85923
38144
78068
60978
9271
85947
67368
32146
25177
29331
20003
87444
97370
19334
6776
97544
21041
37121
90768
24558
31052
6321
2344
20238
8033
11501
39549
97549
77316
48104
89351
45271
20704
18965
6959
3071
3342
20645
61521
3256
71186
57654
83119
89371
4515
81916
53151
48624
88325
42471
87226
24951
64346
83088
10879
26956
31247
29672
51548
31944
58586
98431
29902
11388
10453
77481
13163
39414
26711
26120
80328
22095
33978
65920
74480
36253
45809
78035
63072
54112
22789
95109
20149
52331
54726
92336
46669
90538
34133
67560
38290
28712
80398
28347
17608
43723
62282
22075
94110
56769
77009
8757
24018
17870
49210
23239
2483
85909
96497
61798
25141
23442
59094
26961
37927
7754
89524
76519
23722
98313
14245
95551
1054
6516
22707
46350
56987
57329
96211
76835
75843
97612
53879
89420
26531
15255
79885
97729
62432
28523
76800
23538
15614
64743
76448
11566
35059
2591
4573
29876
73263
56468
34816
74492
82108
35780
97240
49966
22638
46209
3468
38045
2863
88594
49035
1551
38040
78802
92071
58769
3824
59551
8582
31708
26585
7772
47450
84683
41792
41665
83534
44285
70159
79343
50522
33610
87038
11052
99701
94974
98954
89299
77055
47379
7035
57766
61901
73476
73158
11773
26125
42014
18049
28032
10001
70657
50296
5930
71195
39499
61993
64164
15477
43283
67208
53515
77931
47551
63362
14376
22216
72840
63777
69516
11685
28475
77480
43178
85195
65484
99961
42750
63057
47789
48266
21504
33662
75821
10941
95359
77987
24994
26215
58268
34740
64503
59576
89282
55662
75323
90766
46708
73242
48805
11843
34968
47804
90685
70681
92300
44692
74601
95518
75735
59434
30826
89924
24577
33368
47313
50946
85966
40347
20228
27394
1218
86758
62665
75422
85619
14519
22992
31383
46810
78587
12046
47812
90249
3760
91971
50938
48258
30671
77611
34412
64494
75286
64315
38314
15953
95545
90133
6828
49094
81790
37223
14542
6422
98065
8504
69394
71715
36454
3969
4536
14682
13281
805
31149
96895
48812
19364
49700
16604
94825
83699
51851
21321
32347
63313
91793
87049
90918
12250
95828
19435
20669
19801
35751
41262
64702
6763
39872
29468
90782
31035
99790
7611
35962
57107
94239
24835
46944
71249
73578
69385
74216
61811
82523
11770
63242
87308
70033
59433
53203
27514
53082
16583
62390
38543
68273
42001
42447
5705
6341
28607
87966
9349
93745
1920
12252
87484
21801
6919
99742
65042
38987
6910
88081
62391
65326
34826
40060
32008
26042
95673
64591
64664
39120
72417
15419
57390
98696
74572
55214
32568
10793
88220
36126
18519
38629
29919
67361
8942
24068
51175
67659
3678
91131
73011
95109
46234
47036
45281
17121
72640
53279
93972
72293
70085
29745
60628
74065
13445
23767
48362
60128
58983
34667
71457
73784
4861
26156
42654
74129
31196
50205
11580
81450
61148
23849
47335
12493
92970
45918
35164
52348
56137
75653
10088
1569
67120
70230
32824
56131
78304
10246
66031
72234
76852
29125
447
23389
49040
41894
27717
89937
36915
21348
75875
23899
69645
53237
61710
67939
32514
72393
66201
80541
86005
50239
14488
70048
52428
63786
66119
82228
35250
55704
60493
75661
90913
64546
84235
46161
98828
55197
80870
10668
10836
46866
47259
9457
4969
51736
17950
18804
25621
11347
94578
86455
60037
25913
82590
38612
70676
75151
51053
29334
91137
38105
18290
10406
63516
36589
29478
36174
83758
97427
36626
4328
54216
19796
78619
54439
76211
1677
25525
24814
58770
34071
29464
6161
34531
18780
26031
28744
13811
47401
47645
41650
12956
53455
20793
48278
56793
81114
15374
91760
63628
68849
26422
9802
22946
86986
3298
60405
80837
66954
85037
51101
28585
68703
15464
8080
14502
68564
59996
25593
95301
21278
6012
88308
33728
58963
63959
63343
4209
99555
21108
15517
77388
12704
3865
47838
28863
1159
45078
62997
87873
77356
74153
52459
98450
57499
61442
41422
63354
83630
66534
642
72447
99403
81969
27284
78861
80067
97795
21033
53483
5822
11716
4166
94660
11202
91967
58903
19491
17108
70752
57265
48896
81152
65862
35191
92875
50523
46243
53358
60830
79397
47513
78146
31334
15883
42009
87023
99538
60659
97312
37358
92468
82601
81067
61391
12769
93177
58828
51004
48569
32488
12187
53185
24339
13017
64833
7521
39955
37360
57063
57916
83968
13350
69177
54958
47596
77953
2561
94751
52267
40732
91209
64603
93292
19195
52578
11596
56136
54408
69498
48240
87088
95369
37557
30141
67550
59015
87018
39309
47542
75193
46174
29043
8265
29377
70874
66037
27148
51380
91215
19645
93422
68812
89088
30111
32394
36357
15458
65503
92817
53164
30641
30773
50849
79880
23030
86191
36807
68887
63023
53092
77484
17289
34184
34927
40349
37813
43572
21544
27853
51196
78805
59211
45607
12178
52403
7316
26325
74016
90480
14321
56699
63483
52376
65150
73612
22719
40377
29675
57677
20326
81760
73692
70287
99453
68989
67088
94944
7564
14599
72783
65014
94035
85970
34154
46275
21820
15602
65420
13629
7208
55233
79926
29218
92232
29141
55055
86232
81369
33316
95670
44599
69727
56415
36851
17189
8006
92965
43979
95449
80432
18790
60340
52970
95416
63027
60617
71772
56532
21922
33623
12481
88477
44929
63756
73219
14446
11963
38635
71883
502
10537
56708
6396
22057
60927
76641
4156
71754
71224
53091
62279
6234
4151
82108
40310
98105
52856
41225
25642
90947
34823
49894
40879
28818
44748
73297
42687
84165
87188
80794
72265
35120
60685
821
39041
82849
51461
79712
9585
12134
34085
47844
35717
21456
3543
70902
44366
67960
17466
27803
69727
51284
43002
14980
86718
57896
74591
17818
42081
91921
12990
1036
77260
28028
80819
40647
78692
87878
97657
10129
7161
36385
32425
14295
49118
29856
65503
30373
85897
71521
80884
31959
71420
87340
5620
76265
98014
26907
52308
73135
39503
5977
81577
50206
11155
14316
6359
14195
85308
88182
4605
2606
92948
5360
24078
8969
83532
83402
5416
71231
39078
33777
7787
92587
15013
39443
2073
92790
6222
80680
61814
16789
3171
39381
15618
87434
89409
87102
23986
84970
83660
51468
82188
64036
53012
37755
53182
788
26108
95357
29262
27642
22504
58616
48282
19890
78024
99346
81562
37203
20251
47839
10126
21366
34227
6978
79533
98099
16231
70091
22337
88913
18773
44650
25473
67123
36917
75621
20121
25185
12885
84150
95867
16933
66334
96564
59702
25304
60898
70302
54027
98912
61872
45062
34536
78576
50094
155
51391
20957
56268
4643
33548
35639
30184
34865
71908
79267
34833
41249
39410
37347
52062
73944
71528
66631
85115
73507
52084
77714
8369
58913
95005
75615
64342
6380
64665
66537
85954
12462
58975
488
39300
95461
16608
36084
19077
88285
95352
25398
93600
47236
30241
8620
29114
50203
55288
7794
32331
84993
24315
32880
70450
50811
31967
26942
33413
94296
62923
93762
1948
17961
30598
3106
65422
55448
57303
48401
72444
98801
42270
80382
7386
74022
39673
92600
8857
60703
49910
2299
42365
52041
49155
33303
89193
86120
15728
28618
26601
6370
356
48395
2961
7828
41773
4334
42588
55873
60945
12620
66392
30422
81442
49971
56178
18989
42778
99749
99518
34377
94214
48637
23130
36802
49670
79439
82942
1424
58769
77717
65425
90372
9114
45201
83281
18638
43362
31504
76099
24473
76994
98725
48990
81742
62460
20668
57601
66124
23214
63039
4260
74822
15069
7705
10168
97314
7861
98073
39045
94769
79590
11921
53033
69470
6049
62553
11413
44359
42885
59565
84697
79083
44590
2911
77050
48584
80791
39349
71629
46529
55990
63454
6528
61312
70821
78720
70217
31799
10385
58328
78602
8741
38603
78019
87273
80726
99472
79867
87576
2965
61747
6488
23605
49527
93249
38737
25351
69919
71895
6943
49542
44673
43399
29998
48207
96041
50249
26740
77014
8968
93133
8280
23191
63657
20685
34809
62669
67732
63605
65717
65575
29565
20848
99253
97504
24471
56652
71237
12973
99599
31912
94067
33122
20627
87441
57187
84073
57054
74700
97477
73964
47149
54809
36082
73388
60898
44846
14021
85239
45835
58236
21697
91934
33263
1264
85698
86327
1876
2914
1314
47847
32785
90509
43891
5985
74244
88996
19207
33245
13594
25787
59746
79106
7033
52617
45667
94245
14480
83241
90131
20358
65672
99174
62810
53390
82333
5645
17530
55738
81594
50204
86419
81412
40058
48109
28499
75267
41413
70504
56217
67021
2292
77254
51582
20760
93578
14591
4634
14503
11892
1357
31617
86183
3988
2991
45737
62322
96019
83403
90110
65295
69016
66917
96588
21199
50816
68151
71386
81457
56647
77165
8800
65891
66857
50940
59232
43403
65667
62001
59584
55993
50065
36947
7157
65260
26419
73115
37536
29005
74450
32150
67664
61063
70287
76645
65766
13602
8729
98225
36962
54853
1119
65464
68931
74668
59763
44308
62360
24375
96762
72125
17972
90487
25085
44332
75283
30081
64638
5106
92188
3102
7511
68946
50294
12352
91040
49591
45638
5984
43877
8502
9086
68952
27751
99429
61411
18940
84997
1027
20256
5798
21198
86363
79648
22002
24342
15730
4368
7503
46647
47732
55211
91975
43019
98653
32737
54403
29267
18758
54484
52580
16208
59575
33150
85455
34438
70275
53893
35381
93920
39309
97105
58759
40981
71403
88753
88665
73003
3927
72305
65414
22667
31768
4019
30763
74841
52874
13798
63829
49404
93976
80294
40711
60892
77252
30603
40913
85660
22200
37078
19593
59698
48321
21294
76391
46850
45502
88146
36458
67874
20999
72789
53110
50738
92392
10502
19949
11208
73848
76597
55119
9803
45555
9895
54691
90220
75885
82338
47377
74778
62428
93103
85718
36261
19430
66019
46667
89988
30588
17911
63224
62934
44280
540
91899
33836
13433
21481
72229
72183
73499
29353
89087
59105
78621
72517
59706
36342
23436
68720
58538
54147
34394
53741
24449
66791
16102
51733
7961
98238
44879
76294
35426
11945
93444
12625
27188
26099
19944
62245
8582
16070
65145
31822
40717
90760
40199
61802
48137
70277
82400
71296
45182
76129
79886
95268
29489
30547
71400
34842
34027
58234
76586
36976
22110
40168
61620
63124
42179
47722
5831
40209
81621
33938
40452
41990
21495
48991
56919
41365
13545
84204
84485
24987
53218
97110
87345
54416
29774
56917
28108
6201
28184
44923
80792
83652
78375
97222
81446
50326
51924
75136
23895
75755
40034
41018
49598
1307
67432
18548
62075
26694
31250
1065
81655
83282
8115
77689
35517
29055
17460
47630
79442
39731
81594
67429
33741
2409
88385
23696
52134
83506
40787
91518
68349
30249
46429
89884
85740
9805
65937
61429
24100
50572
45421
85285
79958
58667
36527
45513
53309
99638
47221
91051
71188
33987
95050
51465
89123
28214
51224
26615
58119
54552
96963
2474
43529
18778
16874
57324
9649
51646
67594
66664
8878
92026
49690
6459
42525
67378
28989
60541
5134
31186
93386
74548
20581
44392
44445
67152
28270
9572
17723
14377
92785
71180
81452
5618
78474
36876
30066
83698
74925
36201
48507
4930
18946
98196
31932
14383
23270
16655
56518
83188
63537
12885
38299
32408
13518
35889
94573
38554
91091
99317
92008
12447
75587
78976
85696
52389
46651
35659
91333
35624
34105
94997
24366
18583
42964
29996
11243
35053
41049
60656
7726
53286
83503
47299
77941
22670
56290
87347
21397
60123
41163
15651
38259
2935
65879
41265
52147
78436
68395
12857
7805
88928
6317
81927
88301
50141
43909
21470
78815
67672
71835
83074
12051
46243
41811
51177
38012
73876
89880
42060
27486
53878
24271
87477
99231
9861
93482
38699
51883
14035
33211
15568
31419
4550
11531
3622
13265
86846
38809
91208
61927
79071
61917
12507
38654
43960
94954
84344
82069
88813
57403
56997
96672
73498
26853
77939
75860
43814
10215
1069
34212
16900
52210
30423
54902
35947
21935
34719
50025
3834
4475
86469
10102
78913
35000
54290
65806
93060
64679
77340
17631
87936
25285
55631
70405
61606
27435
98957
98354
77848
80535
33939
84837
53095
90882
59577
39108
70547
17572
34242
69755
91548
56429
75961
80620
13537
40619
620
67197
37768
1871
28156
12696
67305
69717
99939
19471
73198
69610
34947
2087
10893
19873
46173
80754
47432
41327
68507
49225
73068
49150
87404
27195
22484
12519
67242
20331
11704
77515
59155
52569
83487
77485
75922
27824
45376
31475
29531
48614
30799
41235
47561
54258
73238
6618
89467
32018
74781
92617
23989
55901
27988
82228
77119
63516
90881
5514
93874
98282
92738
55494
3733
48186
68633
61777
78483
18753
90897
12801
56293
62169
63171
1953
26501
62693
42365
83295
52114
87132
34430
67874
70612
23266
92941
75992
16855
21250
11157
54577
22643
34461
67525
32177
60572
82974
4462
20396
96837
87562
80934
68320
880
1557
49591
35768
28353
71376
99854
5080
32261
57298
94678
67833
32236
15348
26610
19119
21790
27119
18275
94292
20115
74259
14976
72187
14718
65796
79098
24020
36640
72101
95036
33222
75612
52635
54972
22435
97948
62882
3273
15779
49418
58134
1554
43560
41169
59323
85906
11145
35508
40916
1182
17492
14803
76677
92145
40456
11496
71982
67046
3665
81718
43088
43707
21939
47347
89741
92378
82127
86706
30683
32653
11488
93816
13754
94522
83972
97135
13551
51245
22770
39889
42835
38873
52319
74157
24167
97799
69036
46205
50321
59276
35037
32766
18211
77857
91555
35138
85807
45063
18112
21290
42662
62844
64892
59237
31026
19111
57980
73427
37751
94226
67588
12594
98536
61679
73142
18872
90821
38640
40632
97732
36519
18832
66836
34602
57039
94106
36461
77851
28977
51480
24509
75366
14628
82681
69886
38379
60719
31761
55599
28669
6825
10216
16355
95060
19266
43258
30897
32671
36898
52426
90184
98917
71153
66002
23462
9889
15924
2951
90961
80374
163
47638
77841
46318
19192
45655
45841
83423
98302
92893
21213
38484
53769
71022
13379
43990
33614
21364
30630
71561
61259
7527
48371
28176
13263
14540
14992
22423
12393
92674
82681
65236
64420
43674
26358
84599
24193
4437
98017
85368
32923
23563
15547
71862
14029
63793
35331
65083
23013
80354
87059
97565
10837
66030
98760
64139
14426
589
35925
5708
59066
35943
37125
78034
90123
26637
24833
98301
89400
35262
67200
9538
56373
56123
70496
97653
3042
25591
99929
55878
86060
16438
28621
92926
25207
25392
56289
75575
46449
53746
85229
22707
52669
72385
40943
48824
16949
17302
6117
41939
4556
86334
12407
48964
66677
92009
35798
41458
70977
46460
46203
62013
69511
66058
22342
62178
31979
5250
5299
14322
51241
57270
56998
41471
59723
54516
22915
22550
53163
98393
65348
46494
22771
91552
44257
8461
56640
55771
63350
47964
96467
30704
70051
38677
21506
36163
74385
53457
48428
43003
94189
8711
42394
77913
57516
5243
59263
24466
44135
38391
6415
70100
76807
61680
24433
91582
40397
31857
81788
22503
61162
32713
44654
71779
48585
99823
35866
26157
97730
34386
34200
67934
19659
38880
72295
86126
84821
71019
20723
89692
10320
84322
883
63586
89579
89406
45118
10161
57426
95610
10763
4224
10781
3231
1214
37776
14973
52549
40624
96931
74999
31994
61652
38138
40147
68933
39009
99916
10577
50059
24507
9370
77671
28061
43538
48660
85179
4586
59176
44405
81614
27559
91699
33678
46945
67964
3942
7576
46594
46688
73572
21132
77676
97553
32891
33174
67707
14037
27421
21601
80170
30530
3480
16118
62281
48677
39184
20687
12158
4625
14784
3621
81460
21771
87653
66844
96109
46778
8282
59817
97407
65635
36016
2668
9761
39056
5356
36026
35507
30093
72938
2530
58353
87134
69648
81081
91505
18668
29382
88483
16698
72075
86799
78070
81146
85080
49498
27315
4097
13476
96255
34516
52381
55988
36919
92143
17375
77889
36005
1207
75364
86581
10290
15024
11440
17799
6234
70598
52648
91176
46516
23449
49899
99713
7847
29412
17134
92941
12475
41533
53180
36698
19956
89943
16067
72579
25806
71394
44944
22147
96247
7562
81312
5097
20474
788
60859
62929
37669
43004
42792
86758
88399
51347
52394
93253
79621
33938
95842
45633
5503
6562
42918
33588
57057
49400
61632
94110
43880
27301
11895
41053
47792
79744
89070
23033
11354
7223
75650
86671
1302
64891
46593
4044
35414
6951
20817
3709
75861
62251
80642
27680
59064
39552
96074
26083
98733
73886
28740
60891
6051
41124
94586
5016
38893
33463
74503
92533
39636
35059
97132
66605
84456
96595
50211
91352
97841
76855
83460
1606
85446
93232
26894
36460
33949
45195
25951
47460
66601
82992
29996
51894
66915
6161
7674
66852
59583
89000
21935
86438
60414
33888
74491
50393
59679
58450
30626
61168
43437
54049
51880
52960
57142
55901
62576
2646
33778
99232
16223
56512
51047
12871
45452
76683
76930
40534
45131
34024
60970
83830
69445
61771
81434
53495
24388
50038
52316
66688
82966
88170
41555
42211
95842
45488
23331
89815
70804
67747
39187
16014
42487
89774
60278
11864
87569
1156
17238
74869
45304
2789
11729
6835
35607
17938
64788
23439
84043
36047
96906
34089
74522
49488
46465
74162
83847
96186
26459
21687
53290
93222
74510
29636
93242
6321
75287
17899
85359
15918
48934
44249
16620
33861
61569
44734
32907
98713
49167
63656
87450
76726
72297
20229
9720
14869
48490
78001
35473
77644
80723
88441
46729
57135
11682
26534
7846
40472
80417
95405
94120
47550
96338
66763
44369
35468
58739
57148
40228
46426
2083
16239
38405
85356
58762
60794
87075
90886
49193
25592
92508
43912
50610
49587
95420
83002
77771
74654
64110
60788
34717
72214
65354
71402
6045
7335
23410
39309
28876
50181
30301
33816
58269
66763
56758
46068
28634
53318
39218
55325
34708
78204
48260
56201
39487
33478
32124
41162
94228
62777
54827
50184
11591
62414
69660
50976
68005
94223
2692
8532
80136
18897
80109
50642
67705
83231
62703
19216
99140
94780
44742
8677
1436
57378
69221
86566
13942
77819
97850
34521
36524
188
15110
12115
70682
64110
17289
98828
63918
60734
3422
72203
84109
91413
83719
80829
5232
28048
46957
1839
59287
74877
28459
85828
47122
41942
35433
51265
99207
90409
39959
90053
61105
58964
49356
48842
92846
84383
58508
64428
43767
60234
18765
51436
18563
90812
25984
19133
28780
568
90621
33412
9693
45955
8737
96806
88030
26907
14320
37250
97790
6544
18091
8559
54125
53179
95788
33946
30710
86701
7978
15173
44356
57560
14537
86814
38962
72326
30202
92994
42998
42077
57179
46430
92930
99996
83982
83434
53186
57650
89741
67219
62612
377
41161
29703
87693
7807
63284
47389
29247
75777
60964
11317
30871
65259
86662
25513
37952
34030
19389
63497
70650
70386
25815
8153
27362
17309
36935
2941
96173
32682
45161
59295
77494
30960
63253
17418
38498
281
17946
98302
67587
93967
27982
94600
93441
43322
41249
3279
80842
66625
40996
83144
54563
62096
54268
72920
88052
82059
77544
81463
5969
31275
89333
63867
79375
42535
8370
53646
35909
27996
87943
15636
25866
87545
31518
57225
71794
977
89510
69170
16254
8625
72130
94077
79743
74062
89294
32245
99479
2096
22159
57078
54425
41869
13698
10624
47526
68046
75091
42924
72905
12426
9759
52003
55580
73095
14730
74777
55974
8968
55352
33367
28292
41141
11250
38959
21451
59118
9910
94790
94307
74804
54522
86283
44685
84094
84663
21928
61466
26004
26301
76501
4748
96555
45418
74364
46210
29044
25614
40788
92473
79221
66667
63748
30559
30259
68630
12387
89178
65446
41788
97411
25893
36935
50190
31595
85977
13076
63733
44454
59587
62326
99947
88162
64231
91651
59336
47963
35577
25776
10160
75471
84929
30439
22417
95082
4639
41236
28329
47485
24459
79646
2067
92919
37105
16808
25394
2511
22101
86797
39234
10255
9166
58677
63842
81012
4105
41728
39865
74673
65968
65485
47884
5884
54369
12418
67026
93196
43619
64187
44168
15766
37816
67743
25373
15019
4658
34778
35585
58156
15285
34355
88311
94164
79947
25146
94112
51933
77439
44791
87678
2767
86708
96573
44526
76440
33262
85100
95394
82826
94716
77770
61516
88345
26966
21383
10241
76709
811
27031
84874
43406
74945
7580
24127
10452
52314
3288
23199
13667
60068
84139
39188
22976
33389
51725
80166
54969
24535
96647
65147
17419
14511
30174
58385
19325
72557
72636
20052
33845
77289
91821
48667
24476
42273
61437
14875
24750
1179
49204
2095
8187
46897
88580
54682
70866
49499
51660
76507
93152
22373
93162
50908
22035
26104
53999
47819
11356
85088
17442
19588
41976
76291
16168
40425
46502
10660
45629
29837
26270
82173
1655
60609
58246
59531
33061
50578
70804
73106
10846
71291
88845
66067
58748
85699
33511
40579
2833
59312
65659
51337
38020
77015
19091
71649
35079
10819
84434
77257
62340
36987
52154
3332
99454
17105
99115
53042
81281
77869
17413
13108
42810
88051
2207
60196
51726
99107
89133
78475
32659
21401
90898
43516
27741
31105
55298
72492
51163
48547
60429
9790
58623
55008
13047
25262
91170
12334
84508
61348
32955
40610
16885
12847
23875
5256
9003
13346
16313
41362
63568
39396
85962
35775
47503
73882
72862
68975
669
58526
73632
79009
13737
2522
56511
96452
22839
15901
70400
61962
70392
44523
26146
91819
46530
11881
80925
80168
85840
18980
54351
19676
4303
15579
84560
6480
31379
10411
22736
9868
97960
85240
85105
93416
93430
20976
96543
162
74066
99339
50528
29913
47248
82983
45292
40257
61646
42475
16934
30488
12369
61248
12883
41363
21514
38366
27247
17286
41635
45946
76097
13635
51585
92697
89126
38350
20061
66381
2187
44599
42836
14435
93568
68748
85825
28757
25843
72875
39839
26179
28622
6447
77149
15726
69975
34499
13374
96677
14711
33586
50292
62021
72247
33967
50014
81525
30641
42250
41461
63493
36802
43018
83831
52330
49655
86439
56936
69358
15629
80215
41484
85244
21453
21844
24960
19450
58867
60950
24278
80863
47149
82236
72305
8940
49047
91294
1070
74698
47256
20157
69851
78756
45000
98617
91305
82623
18595
53370
84622
45532
24169
85416
28066
69920
6455
32796
21681
45696
29267
66551
1036
53452
69520
17288
47759
89740
93786
66386
59631
52963
44348
48635
58049
45971
64153
98166
98681
55302
37908
44768
84306
3509
47042
60074
17181
22934
63169
27399
84043
91904
28727
15377
25689
39172
53838
5044
66086
10054
27895
53077
90326
90299
61199
44405
69175
91468
83410
4420
39892
15916
7964
50963
72411
68360
75260
85666
14331
33013
18174
77793
44141
88264
3461
72693
79209
82727
91925
49235
85260
67494
32471
1487
53873
44641
30461
6416
70474
60686
3364
46859
29698
52854
2932
10642
20396
85836
64432
59017
27032
29046
64322
24721
55638
96235
75829
60431
35635
75696
67954
65834
3381
27931
95224
88471
42168
74015
8441
5674
13972
99861
47793
54493
29809
84833
37893
94240
35594
56601
94859
35271
40678
1931
71829
41087
13875
33147
29849
79089
64297
12217
61173
69352
37531
87386
99310
38102
20899
40703
87980
92716
14328
15763
13485
28833
58982
69642
68132
4700
26165
2776
76788
69348
35449
6184
26190
4900
47030
40783
75399
33154
56548
54891
84678
37087
41656
20200
29447
7926
52008
83617
49743
62333
7771
45852
3473
44954
51802
54926
48534
85742
68239
7515
96017
39094
58061
96574
80310
10936
13740
21839
11850
95877
94317
65744
83558
80614
68235
45721
49941
14886
56940
47007
46494
75533
10817
71532
34735
81146
91898
24137
4083
14904
37810
72003
35136
38047
22325
76198
79961
38819
22795
88745
61886
85407
75029
12249
56555
34871
57383
15845
2783
8981
32880
68460
53400
94108
39083
44634
51059
23249
79503
68543
53327
9420
75827
88399
7649
1897
91144
98383
65407
59989
85214
93347
21188
8910
15708
14695
82211
31867
85964
50200
42815
17514
73953
39120
68319
68188
46159
94560
11724
1234
68320
22510
80522
7954
68307
90311
99444
65596
82815
54640
29706
88206
43854
86268
24382
73945
15556
74980
53049
99310
75172
70063
24426
5121
95642
5166
77153
85191
92414
69687
70015
85203
91672
21000
63006
34348
55856
59741
22899
49338
45561
31762
94225
2608
23550
89620
20821
48211
95179
78658
1268
25197
3319
55058
27419
79531
91341
12234
52494
51768
42919
35160
54379
88227
44287
52736
11685
3444
13395
80034
26595
9547
3463
27421
51110
57973
32702
85486
24131
96478
91369
44579
74126
7081
34984
2933
69021
37881
77912
17915
69888
25699
68175
38400
16171
40759
74535
46672
49188
94953
61202
61961
38113
19721
60806
14420
51258
12741
80050
67261
64350
73301
88186
80469
98080
82223
82777
83181
8419
49912
36086
66710
54325
11981
88678
23246
47802
13330
77321
90994
53636
65005
55545
60185
19781
53543
48839
24126
91298
49178
71915
52148
83269
10542
68259
36228
49701
73143
4792
87228
16580
63825
33126
63207
99515
3243
31620
3822
87870
56217
48073
27663
85408
60628
55668
62392
24334
81203
45128
32826
68824
15104
81820
40960
62887
31214
22251
95951
15992
60991
87069
33693
44093
19293
56247
18448
25554
61966
12103
49616
6483
43548
25612
35123
13912
50891
42115
54907
36464
73382
73622
26740
3299
45890
33621
64198
32194
7473
59485
28628
69628
84077
82848
77472
65345
54258
37200
24208
20848
9699
80120
76055
88422
59839
8783
86941
57186
55862
21991
81400
83635
77156
4720
98825
2062
36197
94781
92160
85902
74958
70234
60643
85249
21197
37403
65846
33127
17356
15095
37480
2699
94727
63757
43688
63975
5209
4200
87504
46918
73693
52550
4487
24187
47793
26283
71279
7393
68053
23626
67399
94120
36750
88397
70211
30266
6250
11789
66365
44666
40210
56947
9408
26688
64061
47589
64348
37753
88880
84540
75559
33703
94401
77337
13042
90885
66249
34662
46335
37618
92400
52652
19345
34561
2094
87402
65620
9743
35279
98621
63716
27900
89869
50302
39234
12835
53033
72889
69466
91197
45684
29002
48826
86107
54265
52639
53762
85191
59988
91654
95339
93739
69758
71704
91682
54173
5202
9569
38824
39505
45478
2679
49818
71052
80486
27463
5503
4123
43662
64281
27552
41973
12448
88002
25950
54704
59073
24124
83338
87042
20997
90004
13204
72850
6302
64620
73205
19529
92708
19339
49160
95442
41795
87414
36294
90649
63237
92477
7112
3027
47014
43021
90170
18883
29577
3680
53868
8262
40403
95106
27446
39295
79889
22418
12560
69635
78813
5996
6027
17117
53533
21639
53949
35071
76655
41138
57429
24083
1504
27849
95219
68383
59353
67398
2467
37197
86990
3135
12329
55126
31533
8196
64867
6289
67971
49813
22650
17148
51112
970
74916
48226
51276
63384
4960
57774
30862
3435
37915
3296
44636
65820
15452
40229
47629
62694
47152
9384
31633
70737
68038
92080
68129
87878
96739
46359
7619
57268
91320
10065
57765
57646
54287
22013
74624
89333
16983
71260
86706
51327
5421
35964
88900
15245
14772
94624
91333
55070
4962
52187
58760
41907
5932
98456
38961
17177
16370
73881
12708
62606
69901
19758
14442
46868
81818
55415
13738
51158
29717
12704
652
40691
69146
17856
58589
22115
20732
42581
59838
56586
77246
43161
4262
13726
41952
51853
90311
93152
71624
27333
80308
54553
35770
80744
37217
96517
89213
16207
39395
93206
85006
33224
37155
33876
8141
35551
41331
26794
568
87736
52979
90116
47303
86947
4521
35665
23614
79813
86270
34155
12502
77615
58450
11376
62223
21776
28448
29291
68811
1955
74413
54860
82516
79196
32315
37834
19173
96123
2866
98073
28015
4414
25278
20925
81784
54127
11851
33837
99936
111
70416
92660
98266
33225
33022
20617
25693
86773
78825
78658
41161
70388
51191
71988
41453
64469
23400
74646
15914
71280
46406
30370
42487
91247
70359
70160
25825
74198
44831
83426
26119
63034
97438
55015
18431
35571
28563
69010
87271
61
92185
77165
10000
66826
35921
31772
45428
24778
97506
99452
91726
92152
74492
56013
32174
16765
9543
59810
36363
8306
58406
55695
11548
46543
46483
56410
82801
44675
98740
96049
97390
6948
44130
88981
30755
95839
61093
58967
71707
98858
47239
23822
15365
51316
20800
22118
86813
90930
87321
35425
59591
37281
84719
31660
5839
77862
3227
8002
59554
58911
2221
66567
79107
39420
88774
53363
76658
61959
2853
65801
9845
4288
43546
61404
56435
80597
51575
21677
75418
58714
19388
1167
72976
29654
96949
70181
45384
51572
54494
41444
89947
94156
7210
86915
58155
49112
76432
50855
55636
39244
95964
1550
64862
37725
96353
10835
86351
73187
87347
34599
80830
58736
20640
90842
97710
43809
24519
7248
64540
19601
41440
47101
94245
59185
54378
68946
86986
67050
59097
22321
40290
49480
34523
23433
79257
52844
32785
32988
63017
67248
53832
39156
22996
18667
1574
77311
77709
40004
89260
3366
58269
76500
18177
68254
73329
55187
90778
70458
87710
16792
42747
26228
62340
61992
85102
16449
2251
32306
4649
23811
60441
70129
18998
75347
24168
67438
96146
8928
12685
88110
47687
92123
87061
51013
21783
53995
55195
1275
22969
91148
34406
20894
68556
94967
60224
16362
84741
21783
6497
63570
63433
74156
42391
3011
58290
59318
2390
88069
58661
10144
55484
33893
33467
12267
84092
68667
33140
30778
84131
75232
99924
28797
23828
67328
7063
51168
8643
5568
55406
52221
15280
28164
36665
94182
46323
92423
64042
23760
69504
33347
63418
62733
35820
80459
37476
57536
77923
49240
5965
50370
19026
45132
93415
50891
74667
54970
94944
21299
69891
79141
15989
35436
1777
43734
77202
36955
27136
42563
37
74405
52135
15143
27194
38609
57816
10169
83666
74732
31053
35782
11090
53462
75404
11201
95425
82676
47124
70189
1175
50775
37874
49909
16954
79228
86679
98740
70231
60813
41232
12393
75371
15255
82810
60551
92877
57137
54173
30946
86679
87060
65693
47646
60808
88909
63045
3479
23048
61304
96815
17738
84866
47420
68492
5214
53921
96505
53382
26278
47677
66763
86298
57865
85580
68939
84037
6801
19828
62300
79274
77223
44136
9454
41258
8863
37951
56007
10482
26805
19904
43873
43501
32418
11671
95021
67906
24592
30954
51904
80520
475
669
7113
26916
84263
62614
23785
87066
35937
99903
46097
67905
26030
2989
57991
15358
66714
72676
85007
53051
43829
723
7854
56438
66577
49931
70371
1542
75824
94087
77691
81491
81835
47097
66207
32247
46716
61495
87523
30368
44708
91018
67171
74779
88474
70425
84434
19188
52343
89789
11216
21998
53717
31525
22573
97690
38057
36780
91587
21188
51438
79973
11517
8234
90101
70399
15341
31550
19955
19975
28856
8456
36745
87480
39759
27314
38244
18474
92589
17130
73103
50573
32154
80743
12875
15902
10991
95612
55379
55943
55918
60021
69297
64648
26361
74757
31210
12348
91987
3718
49394
16896
11520
6133
6746
6960
82478
73884
10979
53016
58555
90566
68397
40682
94952
58414
24130
6366
19077
85686
82077
27392
63292
38374
27864
66231
18928
97408
59892
56943
76493
92930
39654
37619
74265
58713
27730
5108
97394
17888
59838
38837
37944
28568
68812
49688
73263
39732
99344
82505
72785
20619
31791
41312
34753
73422
81163
30512
55699
80421
29835
75048
83701
43530
54428
19720
3259
24945
55589
87297
85423
57972
53874
94394
90525
30361
43380
70024
73833
64662
6626
46668
80362
1958
44634
20475
65339
98900
65363
94500
13408
18279
11825
47655
91429
75621
31865
35007
53172
35721
14436
1485
93438
7272
37423
20540
91576
94796
9836
28267
69218
96780
69627
5171
89652
34345
67183
8667
35868
75831
79086
87321
11841
80862
90262
8343
37711
9116
74303
11765
12433
59047
34622
9208
52506
24073
2720
76772
82454
3568
24736
88592
66617
4975
76103
59141
14701
95957
63360
50793
84226
77026
29810
98788
67853
34025
45919
85272
82207
64415
1087
31873
69878
49702
72202
94759
26906
74303
85806
82463
73705
64964
33620
34400
71088
87609
96677
66309
2677
94127
81759
89364
74978
86538
90665
78318
10675
67491
22776
52077
7218
27881
84007
58660
35691
38812
36631
29091
4271
9937
80583
65728
22726
83935
72695
68324
42085
87989
18236
3630
5310
72961
61727
76965
48694
22478
40871
25702
73486
46826
41650
75158
80282
99179
98393
48229
37122
18234
30792
4400
69904
929
70386
97468
90070
23119
11421
15657
24156
82192
77315
90989
77416
71983
14565
89803
76838
37723
98404
9571
5484
3498
49321
11857
25411
10929
59683
28031
11091
73159
2447
65429
87019
37135
23831
5048
87601
94179
65156
79102
61337
80447
65280
49659
23622
43642
7521
51276
12049
75139
81317
45224
11594
33477
8368
27719
43805
96974
78062
10111
3918
92959
18248
23607
99411
34167
9680
7508
24384
68500
12783
48813
1399
14288
45493
65302
64278
94502
68790
55676
38600
16303
3467
91516
9579
80794
88090
46507
87453
80102
12088
20477
749
37216
65155
53546
9904
852
41213
91287
44072
73889
42829
75854
23989
26693
73709
39585
36629
47405
23183
63767
90859
45960
49113
50025
11997
21227
38003
93410
22763
72595
51170
74685
25059
42795
94745
43180
76278
54158
30360
78917
19741
41594
72747
11428
84179
41931
58884
37076
41564
59515
37298
25633
5945
14061
21367
86893
92601
40379
80927
23311
8943
65683
15674
37016
3014
1700
53777
60051
77070
99099
41099
50257
92484
94626
40125
65720
15857
11552
78159
62002
31783
37933
72980
57747
5869
78137
1074
4565
82283
50703
89179
14084
56224
74702
26323
29209
31384
37207
39426
11320
62659
53545
63258
10947
24569
74492
50166
73853
13382
60592
581
73436
84375
61777
20497
78928
39391
30749
51159
10745
82207
84011
47774
25373
68550
66339
45178
99136
47743
15615
66710
50104
66627
68464
39495
47677
81091
27532
35020
76993
98459
22253
43730
19768
17415
79217
55829
75831
54945
3671
45477
26938
37387
57409
77148
59039
27689
78341
39753
80547
93805
7629
79517
5331
56555
3125
63867
35859
88427
14939
39742
31488
75194
72852
9910
5961
87274
97883
67821
76791
12394
4966
96830
23465
70013
44629
68988
75157
39247
51097
88156
43690
5716
16810
26103
33413
24129
88654
57389
19532
21092
20353
54682
26842
99196
15709
22153
80333
65942
4228
2146
58843
5022
68342
21006
91932
38529
4566
24450
19787
14378
66671
47694
16631
73766
59787
72341
60490
45337
58076
43913
42404
98882
618
15832
28605
54897
37291
93726
27212
73811
66564
7809
21331
65464
12816
686
26709
59210
53999
48321
29982
69139
26452
13249
9680
79429
87482
29331
16899
8231
77898
81822
77813
40830
18890
53009
34265
38025
50551
91502
88535
28457
7429
8063
74302
91765
23221
72899
51453
5538
55690
53942
63993
86328
69011
79474
1818
66635
40590
5279
7444
86451
88004
75818
94325
7553
1404
4653
48477
12618
55032
16328
87244
47006
9746
97233
96639
59807
56477
95980
18671
36591
98173
97070
25467
72909
68468
77200
7685
74264
45985
82322
75627
3703
83738
76014
9892
26556
60298
8657
68517
67804
58183
51621
29310
92678
9454
43900
23417
23492
93848
78565
8201
91866
52751
77116
84103
59323
80093
96280
46783
55892
82512
21054
79716
39612
27
70789
37515
6104
20909
324
27381
67298
14478
74072
51964
93092
4254
17538
92288
55798
71489
12334
38604
5724
6212
26567
93022
5962
93666
14254
14420
92349
47202
49087
78706
2970
21318
10041
78541
80495
11580
78376
31064
70114
21102
62259
54669
41156
28819
75580
15795
62008
61997
15726
85054
73213
218
95296
80402
1460
19106
81756
36687
58157
12759
14062
35973
92376
60877
6505
64225
77718
72589
79056
19419
9412
10597
28181
41526
19782
42092
44953
60702
41367
71569
76791
3816
9805
9428
92154
32980
14869
46174
80821
4031
28062
78759
87454
35480
55656
5168
78363
34187
87302
22120
18068
71756
63852
62481
30818
94112
46940
53294
78242
39408
84017
35053
76869
54937
17245
9904
97108
84620
79388
2204
65902
16385
46176
53875
35980
38985
90692
2182
34428
40684
59130
56270
74225
83411
53587
12352
79333
44298
62388
80840
38084
2557
90275
44873
78855
18174
38584
30436
2656
67331
31529
25560
2869
960
10693
83530
58499
48378
96873
13010
22345
98792
84997
17017
2298
71477
10012
1468
56542
37217
30801
38136
23151
82281
96421
49672
24934
15746
37173
65548
66043
55054
88671
43966
36314
23999
41413
42534
56032
41785
64385
19872
75078
35947
28481
40980
80098
64417
72573
50055
19887
39416
3551
69525
22684
21903
75171
95991
53485
87780
11178
30917
42014
1586
25836
3789
34824
24959
29662
54868
12213
73753
92199
88661
42130
53913
46325
63854
2157
92712
96781
64626
94160
74520
38445
68867
25177
4611
73560
70598
92708
57385
30238
65266
38758
79588
13949
48826
39934
66808
41980
58100
78936
48952
39521
41377
98428
31480
12908
74028
43265
68290
41653
80316
70565
23093
83549
36273
53754
14308
2860
37946
34730
34562
89637
76963
13510
1012
85362
26170
57224
4296
74305
64739
661
69070
82468
4191
57165
8094
61128
24597
53172
11834
72419
36811
3561
12717
69904
39141
41043
28094
57140
60971
43104
66409
79396
39088
12724
99968
31342
20222
4032
17304
14621
36369
14423
3695
9482
14989
17509
30615
36822
20034
43954
85836
88509
23246
52299
13083
67945
74262
14048
90341
38208
36098
45960
68458
95058
73716
88674
63868
70217
50172
45711
23128
53469
8129
79318
51554
59377
51554
16853
51138
72342
86029
13480
55092
12787
84918
98478
14464
72000
45831
66965
84630
12110
27485
59272
44506
45500
1255
33563
48497
85021
62195
13128
95699
49836
52110
34439
49721
58075
18959
69887
86268
36653
25452
88065
80978
44987
71301
87150
55352
25961
29904
57394
28254
95724
1207
34228
89318
72398
73741
15003
79624
30818
7889
33811
8772
66808
68974
18603
50224
12377
45327
68291
70289
97767
66751
19101
32005
27213
61545
83783
57438
49350
89087
90222
56211
57193
99065
13242
8141
83774
91445
59103
1545
20806
84751
90022
16803
42375
39183
65259
92029
9765
25306
87948
79690
32673
34357
17592
59932
76306
26316
8745
16249
54089
54342
66077
44693
56991
5247
87716
28073
79451
22606
73962
57101
74167
86584
52311
6878
62134
11925
49664
80173
89887
131
39150
15077
18601
474
59787
48751
74881
3431
81019
77537
3162
41014
33226
46918
57895
3617
64098
86597
21196
51593
10970
58139
80369
81412
33708
91460
44832
348
30667
37191
43008
58430
99726
29133
21502
6681
86142
3785
4736
99463
99210
85868
81962
3569
77320
51756
36556
24218
68274
43889
83903
92963
19974
52546
78158
73243
66345
34824
75673
32602
73853
89271
99773
89338
11620
88190
78311
62894
57729
63636
77759
90587
57299
41386
77998
86370
17320
53183
78271
99576
53886
51105
56681
19297
27361
22982
62643
38167
48353
74261
1976
10266
96210
37873
11284
32923
20371
76484
71971
60467
53743
71482
57652
71260
29573
97944
57603
30217
32433
21482
74448
4761
12161
70761
15104
14810
18953
68864
75567
94082
90177
57282
68671
29336
80744
86136
44389
2499
20158
8163
26334
16418
70179
95201
84264
68643
5327
70926
18975
97143
67047
91467
69407
1701
95932
16911
53022
40167
85610
91000
81864
83109
48058
25777
52874
44937
95479
15052
43591
25648
31135
32353
82646
39470
247
24492
52570
63530
50767
9764
84654
16314
99535
7496
78194
65636
74515
4036
23931
30082
19634
36592
62136
80380
50672
34062
10446
94101
28998
83358
84073
89136
10483
36311
12175
54504
66860
90821
57985
77936
27215
81236
1886
37157
53900
98506
59452
89694
21609
90068
23522
65625
76736
1244
3964
44620
14447
90575
75507
93408
52425
4193
2989
16767
57282
41478
99582
9040
79025
98829
91642
27862
82607
44160
98684
52087
28447
94702
93801
9694
36900
73947
39163
22522
642
68364
86037
59546
78909
35010
23164
16809
2203
48996
55443
63448
61095
31378
71827
45229
3668
69560
69387
64506
77257
57477
39512
67708
30800
46770
79039
87954
84448
45936
43813
31923
89017
56009
54935
34129
17266
41212
7997
70841
44348
23568
46286
91792
60339
2714
92277
84024
60736
88796
13018
37476
95245
7370
13840
99709
18213
84656
9234
11980
59343
23846
69120
36063
66554
66816
58396
74741
2987
1758
64433
52740
54653
38237
38526
92341
35819
65419
20298
7929
39574
58724
49240
59820
54204
51101
38623
92750
72163
79636
10986
96453
4116
60471
27048
40137
93955
69498
37761
53708
70557
99609
85800
46953
54315
50261
6740
26961
35362
2457
98827
27893
53955
33337
64864
26550
49141
36912
49485
7261
81655
13221
8962
24631
73655
51315
74190
7294
55119
83309
5838
74672
82912
10328
74855
57200
23672
72599
20905
92386
23443
63781
61038
21545
99482
61367
11217
48791
39270
84470
30224
96805
84488
97446
22576
33746
31718
67153
21048
1752
21496
62456
51030
60070
95094
81768
74956
61493
43916
89968
30258
14738
51553
15759
21410
4446
23916
93661
25234
72342
22193
13808
41907
29654
77070
68752
93560
7774
35325
14003
4644
54552
57378
11323
85591
42296
73114
26257
6352
51736
96301
94126
51199
14161
88162
52363
93680
2419
43468
42358
77392
11444
56366
83499
23836
36188
95288
30252
84328
39822
34484
29346
65301
81683
19531
53125
2647
19546
61058
61470
37201
64161
83879
59747
32177
26913
30840
58070
21417
95484
59873
18780
77623
10165
34346
62803
36775
28754
87778
58616
89994
35870
26680
6585
59742
47188
94219
35579
85212
60312
60128
93828
59496
3652
74235
96597
10601
77730
3642
89100
1582
57220
47148
16074
35177
62254
45994
5401
94454
33640
87772
61509
64885
61346
89416
64826
69952
84205
70535
56450
6188
42418
39528
40001
71873
99043
37651
88493
4516
11205
36162
91222
2523
17817
81673
59087
76656
99759
25827
49968
77062
96743
46449
34753
96117
67654
75246
9736
20968
21900
97298
71509
80853
24747
9213
27006
8507
36587
96470
65340
25895
53367
5901
56738
17702
15776
61293
33618
99443
81541
84404
77713
75530
22311
45279
3167
8821
10290
94404
26844
63614
75088
40500
67208
34034
41134
36126
68026
57416
20239
91893
64553
8533
53033
17507
10416
16265
52236
57007
89745
56296
81597
97970
94598
67543
7753
23529
25919
67874
15388
13117
95269
78450
76693
93643
54751
59315
86043
82168
56055
23929
43402
88348
35634
77317
45605
92330
13883
98211
56041
59276
81894
36509
24041
99881
14107
12438
4247
2982
29478
59979
92070
29100
23492
29046
49646
76063
30543
84318
78817
26000
66199
54378
45614
72104
69141
64668
26635
59784
57118
75824
14656
74941
91826
4123
61930
77992
65444
9584
52193
13904
34096
55304
11728
46296
28086
99621
42445
41407
9742
4254
59154
799
23352
88567
37042
3825
80280
26076
25363
88403
21230
88537
36447
82384
14453
12129
76839
58834
13863
11696
75545
98579
58601
8872
34836
92619
43601
27919
61119
62609
86714
40609
28573
58221
17041
88277
56292
39773
93518
48684
61359
70292
83652
48182
19661
73824
26283
24179
51458
23887
93425
72891
30026
37406
66543
19617
85737
95192
44570
82120
72631
79663
83031
26723
35871
80673
86601
97967
90842
49371
82472
78142
65400
29149
84145
72244
69475
77360
24286
73207
1680
46204
13254
22898
69220
74223
38594
3797
57921
40422
75852
54890
73422
99935
44135
43785
61371
8023
87450
63534
42484
15084
25389
77042
31744
45451
85578
77133
84478
80771
30171
75198
93050
22923
96925
43589
13938
97557
74769
11026
80045
14728
36493
96287
59684
58939
50244
79074
52677
62051
7753
97763
23898
35406
26969
70525
88967
33421
6594
59201
48490
67451
40404
48734
77406
14326
48719
66020
16846
49522
14357
28661
32456
30715
45720
3499
75379
51003
66151
7599
96796
74382
15581
29309
27124
30507
8341
34690
50715
82421
37666
54518
4470
70827
92923
68274
70064
77294
50375
19394
2316
80112
3625
53890
33055
69726
34712
51271
47831
45499
89542
56122
42205
11602
58015
75948
96440
84635
30598
75084
97614
34995
1839
42779
7249
12025
96260
27460
21681
24723
95186
8320
44152
99252
17478
98278
10362
26377
81825
96989
42697
84251
68171
33340
88763
23551
93906
69747
1217
49588
92647
67698
83090
26539
97545
79132
97943
91845
88124
72962
38029
91159
10530
35307
56632
13795
86957
52319
21481
33957
71702
31488
11678
7513
84634
30013
55146
54818
32969
42107
68184
90542
79437
7458
44919
68912
44237
27912
76247
8076
66044
42357
21483
76595
8970
7782
71355
58070
49940
38544
40303
98065
96104
95718
73874
63456
65321
93303
93826
6830
26581
32667
46535
79969
22565
2542
22155
8597
73841
54481
53228
82551
31342
3175
64712
95834
31599
16205
50220
22466
83443
56744
80460
22419
51567
87534
28079
34956
28218
61122
15387
18927
2115
71951
71033
80425
75203
22972
76519
78594
92458
87586
61078
19504
56932
54053
10493
57179
53209
55710
41083
89966
93996
32709
58958
1107
10340
82146
13618
36667
96453
70868
29382
15145
49634
27159
90067
80240
59870
98660
51554
46503
49829
18976
58111
81724
55765
92001
93113
46467
80745
90415
10019
69398
55156
21366
26794
6023
72106
81023
81814
74779
39675
85817
10504
44803
85979
43857
93469
61201
41912
85687
98853
471
20853
29682
49471
80785
82094
92413
24055
46963
11427
17207
42228
2991
15986
37377
27970
82434
25229
63258
4538
66342
63217
1785
31486
40221
9001
1113
44257
48549
50768
88826
26864
31423
12486
71719
27645
40205
83710
49196
47748
38485
13744
3521
29855
77710
99866
34718
5502
84276
35066
62985
71233
15318
29085
22240
78203
54163
5423
71366
71567
58190
38007
75677
8457
521
40565
39538
64049
57734
4535
20669
7614
66888
11995
1618
95715
2410
64933
33234
46882
62464
20086
9573
82252
21777
28841
71286
59543
30539
80437
32796
37210
85901
6244
21202
23138
67359
9975
4169
49782
90573
42905
17517
88977
26431
97864
26584
65171
1506
45704
34724
20644
81410
32364
91755
73485
17347
7856
9524
5234
4382
82884
42313
73514
39974
55568
117
35332
91856
45251
52528
19578
17278
88422
21478
31342
28436
6200
4049
50876
94980
49083
70066
38998
23270
89725
47061
97704
90493
34764
15411
94018
64124
59519
15123
66508
97134
22888
28457
80068
89405
56373
53579
26295
56710
31188
26874
680
41948
65585
46019
97042
52023
67019
65938
71994
62817
35201
18688
62345
99689
12482
81859
4274
21646
64407
6506
84030
64421
1212
15497
98874
87098
20834
49975
86179
60210
80417
70304
43063
45366
22562
39486
70920
73677
20725
35909
95562
99475
62711
87812
64801
60244
78408
46292
35576
44826
20924
31010
17714
79624
195
1195
26957
28809
62994
61122
26750
36584
98930
95988
2290
87678
55048
42876
3702
13643
9729
88429
39709
72454
72237
21381
16206
83150
76357
76111
78800
99914
20096
72286
69804
64825
17539
83351
4930
32786
60398
27435
12536
37752
16994
17446
2749
42818
17878
30448
28098
90068
20193
19825
15132
7199
46362
53708
68473
73923
41923
3927
53601
62813
84096
73763
19743
80804
70351
85065
38856
47873
93797
91284
93670
95149
38034
62765
68344
29886
66765
44821
30892
54697
49277
91421
13275
37778
82474
29845
70105
30483
63370
43812
20708
74584
62738
73924
73663
85147
14008
48185
47422
99447
51236
23685
82894
39188
40295
85540
56550
57743
78222
85603
47827
15130
10039
34598
41898
28259
51384
75367
92861
93211
94995
28280
97180
94430
7645
98859
42203
2188
73126
10844
76810
70916
73455
76514
98476
12211
68846
7884
66607
14122
35727
21120
50764
97009
42940
6757
50254
9361
56027
69883
82646
36174
43794
17943
14347
13633
84068
78894
98487
31893
60015
83960
96917
9130
28200
84821
70027
8066
22441
94257
612
10761
80562
52677
7073
33682
50382
83766
9162
47790
85363
46611
83227
97379
75707
