69392
76740
51758
47234
40870
97626
13262
69633
48661
18649
60125
36327
6790
63041
36737
64950
68895
88349
13222
8402
95294
21514
13066
87253
90609
82313
76144
32986
4603
80196
71719
2627
86533
88240
5123
5859
36965
67967
40253
79463
81918
63947
79096
27863
27958
52685
88869
5964
88048
50280
94236
33286
28228
83973
83999
78686
82659
81924
14123
57616
95147
92131
92834
85867
49534
92961
15
2975
97049
81086
40410
61427
90647
17648
76248
27942
18802
41281
44056
28552
38157
47605
54881
75832
74781
10337
50320
93971
95992
2280
26129
67953
11552
12127
85118
39535
71881
14319
63567
99293
32426
70278
28141
98269
74696
64545
15997
35166
12210
2288
71420
81550
6487
65602
48085
65420
21837
33991
20177
10054
89532
36055
71353
15439
75299
93450
98453
48526
54663
25292
87876
7627
40615
63592
12866
24621
77461
99158
68376
51970
16307
43009
65901
85519
12828
18182
97184
20068
97083
20898
47573
29787
70408
40051
16815
58308
67823
44896
38513
30979
92609
38274
78330
42371
36962
34475
86592
75097
82512
34903
64354
60049
1094
19359
66451
22039
41719
87188
31468
46202
34617
55984
8964
30408
28473
36270
95587
65786
77328
73399
30607
42946
45804
16892
18955
87606
27046
44809
58445
21067
83635
82501
69523
60033
7497
54923
34480
67144
2150
58669
25192
21475
6600
15813
59859
45418
96741
1893
8141
20269
29202
16913
39965
18195
61053
63241
18307
9988
49685
40970
24590
24917
60649
66786
88925
96659
46494
12428
18813
92531
3108
8730
15234
46419
60959
58923
85763
25948
78571
14811
26978
96325
90472
60187
29610
41452
48550
4055
96911
11287
36441
96254
84168
8671
10647
75092
71794
51306
44734
83052
59012
94841
2173
91818
73076
32537
36126
90502
85497
17492
72410
400
81860
38670
15796
44446
81328
21620
77182
91603
80440
52372
21350
73973
69530
73360
69564
55562
24741
18835
16160
46300
3751
96874
25764
75486
40485
44449
81702
34324
38523
11664
54287
22811
37907
31974
87236
10609
70557
13120
16540
72763
35048
41734
1391
64781
52778
23857
93760
41251
15807
41853
92543
13735
96543
3099
55325
22985
82823
25187
86960
29272
97922
459
93667
29292
87593
74179
54001
52197
81506
8666
74406
21542
37203
70790
29416
21431
50865
49390
17188
47810
99349
17088
46540
89261
65857
19095
17200
68926
40745
60803
99169
35552
81072
77294
83217
19409
185
86589
9904
75927
68683
26250
41512
58059
8277
54322
99596
35771
80390
74856
74022
28877
58856
52636
40374
88779
34555
79591
79807
87240
32315
45391
54537
28893
9893
71128
62654
9552
38959
66748
9775
31116
65525
47068
1192
45828
30715
4426
94942
2569
12284
474
23581
1968
26092
89686
54183
32917
35791
39706
25611
39293
20238
17904
65467
28860
34055
40132
21948
12359
37883
17880
61553
90298
96925
71610
20810
78812
7676
18398
9315
90909
5955
34470
50859
23709
25594
99160
49536
9097
14825
49344
68443
8129
47423
54537
31206
93270
85144
77866
11799
28743
65760
64974
51477
66934
72672
51178
13989
32751
93445
48737
31993
53057
36675
24912
74525
94836
87478
70007
36488
88836
49484
44719
35685
44338
90489
67326
10151
72827
87502
51608
87078
52979
47761
9954
30000
35885
35443
44813
24637
67759
81479
75134
93895
1525
32645
37458
54465
82979
56187
65986
79691
15908
84906
32051
2104
11768
65972
12268
70984
90125
63587
92018
10217
10049
17893
84871
86815
36789
70274
23158
45381
38943
55402
90521
73323
9256
42731
4055
99143
40440
52561
71375
4166
68059
70146
28337
86108
99494
24995
22481
34434
54833
64564
95254
79921
28534
92621
13707
71268
92439
86182
38837
40298
27002
21885
77576
73327
45490
24380
81884
80905
4674
7615
48663
23947
50543
72369
35646
61634
9029
27455
6138
20443
67004
53626
67492
2924
31939
67459
15827
9236
44872
85794
92074
59378
18097
16776
39274
57741
45344
18661
31456
40680
33706
19014
89969
17264
49119
8569
94320
80954
89142
64149
88549
13159
27273
64504
89148
5088
95307
86512
23164
88715
10349
42603
55795
67739
75433
16073
64870
42208
91408
33892
90101
54436
33211
87607
49747
4741
99643
87280
22113
43627
49505
96533
56423
39953
35163
12342
12511
14921
9842
76207
72524
19938
87545
6731
55465
91990
81065
52024
232
43756
89876
23934
13335
47094
44139
35433
43049
43701
19291
99754
1376
32312
5708
92229
63883
19866
36008
23507
43059
70895
82266
1129
47293
88008
50928
19449
81713
50400
43629
40687
64468
21140
2070
43063
52864
25200
5820
5462
73350
2657
20897
84816
43462
59612
75665
17734
33934
14862
13286
45060
75270
45761
92015
28972
93188
2232
53354
65089
77979
87717
92427
97000
6234
23055
49929
27119
74302
6202
33114
9675
51437
65599
26211
49535
18336
61150
14816
62640
12652
24388
31602
67530
55373
49213
60131
51511
53875
23192
82630
72229
24603
32487
76058
60741
11496
43996
44354
78931
50714
16740
51385
38455
9289
8237
29243
9044
33998
71534
98594
91668
75884
25261
3576
44295
98284
79538
98515
18492
92092
74444
12683
17630
528
75662
57000
65862
52626
53128
40169
56980
90910
17719
33798
17406
21041
32080
78198
1717
35358
51914
59394
85726
87906
11745
13612
92947
70902
82551
63723
11992
53707
85419
59111
75305
9503
59767
37384
16482
65538
44841
92081
94187
11748
36256
73230
76582
83448
67754
6775
69553
93859
11798
82379
32724
6978
8408
59834
12367
5316
40658
57317
93864
43802
21635
87575
7716
51490
82177
18741
89273
67447
65908
26277
36398
2219
84064
7934
56263
33543
15837
41724
53679
63890
76680
37767
58871
86036
52167
77478
28335
42570
29355
77947
96415
42803
11529
23276
83613
58338
24963
12803
58411
55634
51086
15252
38689
90333
38894
38415
2493
74199
71043
68563
68072
54287
3976
50880
80656
82505
65421
85725
81126
93584
78195
28013
72367
46237
42854
37662
50288
39204
42507
33950
24515
46954
9917
56079
63132
91374
71682
35597
45443
38970
65618
4421
23007
33625
83808
70617
5688
50798
33972
63376
37459
68590
86379
71877
77552
80417
76565
50443
28337
45183
32959
280
51558
58858
16570
28934
20593
68386
34290
65885
75643
31728
84046
46766
63690
70355
81559
17870
66404
6694
89397
79203
59048
66258
14031
81352
71730
4313
89365
74724
49705
44874
92268
77100
66525
87781
61633
19126
70699
47520
1985
3456
2138
37085
388
30204
76232
33613
71979
36852
36959
18871
87654
31591
82848
32412
20085
91029
68357
22671
46936
17003
57831
28294
61456
54501
30644
72065
89372
41588
53695
77039
62842
70016
28438
64306
2204
54134
99014
63943
98319
34313
8414
62745
50649
78707
15221
88262
6029
77134
90444
4296
96951
80415
61146
16443
16244
17744
65899
81188
77002
68156
10192
5812
45348
28293
9879
77031
49546
6082
79517
16976
81523
80741
37624
53200
95095
1746
74573
60965
2473
75698
14719
87117
86807
2406
86430
40986
82582
19722
68325
91230
97525
5096
83203
76828
45001
31151
39148
23706
10145
95496
77382
10444
50863
75949
71705
79873
38140
53869
72338
79672
74171
40960
39487
62473
80060
3269
78319
81399
70871
27182
94434
96355
86903
14218
71566
97881
4764
58488
43347
65501
3996
30546
11662
61629
61432
82337
82802
17800
96922
5597
20303
2965
82836
6998
88726
63052
55934
72355
6211
36358
93443
14016
49358
17936
24515
49755
60278
31855
58066
41258
85295
41460
61024
13806
58452
8978
50478
48131
63455
32567
17079
69141
86427
56686
69174
76685
38393
68858
69576
91776
4827
33291
60681
69923
67125
15790
28160
62372
64797
69548
33391
66238
14644
37493
88039
87504
57810
57628
17390
26151
47924
13427
47633
10399
38203
73343
88877
50315
11829
35248
23281
99097
8850
22993
47909
77343
15209
59952
30686
27518
64218
5722
72776
41698
32900
53078
8755
96019
74004
63360
78854
69165
12914
8548
51600
67282
66966
25525
64550
3814
74120
90102
54442
76749
22469
78894
57847
10209
11397
41989
40552
65396
93712
39233
77122
90228
47453
11064
51901
71848
96318
96988
48187
50549
55522
18369
12023
76990
78277
41153
67886
61809
80949
62790
91449
13776
26895
25891
97640
4199
19890
78697
62825
51213
1747
90883
76832
61362
56175
8580
55925
74104
23880
4278
70797
42623
25888
75089
73194
38648
46096
90895
71246
42175
63241
65635
55568
11671
10885
85786
76355
28995
10975
10313
28107
59630
65828
63350
15911
36692
59665
19324
7227
2709
94953
64138
24626
58556
54465
24789
94194
40
68926
88973
41689
68293
75238
66759
1035
17168
38028
8728
28539
44386
69310
84532
82667
84871
74150
4377
69986
88314
65719
22080
89930
50748
37157
16291
55542
79080
29135
23091
89298
93939
10851
70456
89639
47301
23663
62981
64056
61188
56996
64219
15107
39775
71338
1872
15589
8717
37397
35551
79781
55832
66929
82190
29623
57060
98848
30359
49467
28913
435
74589
27419
34071
17182
22262
79664
64554
75240
53690
32320
51199
99738
14859
36572
97852
67200
27262
88012
69468
92548
72111
31575
70898
44533
33605
67740
89012
21003
62555
45330
72554
56805
31202
49213
26886
73364
50458
45045
79632
6763
26110
97611
1709
39902
13213
33729
75516
67078
80567
25301
2974
16806
46864
47984
9547
23345
94989
64244
15528
8555
57237
93646
84814
81265
81203
62091
78726
33302
17299
75807
81207
31842
93222
82802
10222
85234
23007
96902
41650
73394
98609
82457
90515
55132
22194
78063
67107
27756
97151
48903
18254
36539
93030
27473
73649
99813
92829
82893
21382
21424
75754
93112
107
81610
29632
88593
99452
79054
17589
50900
84017
2769
41724
73918
62260
10918
57746
60384
76845
20557
70557
93159
16122
85319
50507
47654
66879
48009
40735
2949
95366
56456
48904
73254
67983
10913
90205
59665
20928
91854
55059
81063
47194
92424
96544
26938
84426
21694
1165
86020
89362
71791
98670
75863
98461
14164
78763
23500
48383
94648
31245
34039
12474
74348
20509
79241
71487
66897
42597
16093
96123
88145
90229
87909
79635
21667
63147
98086
8622
33056
19059
3268
33444
31059
14412
48921
90258
74174
61940
86119
98819
2431
74674
94864
12828
5251
22768
58271
38417
86642
83063
92413
63075
41984
75312
92563
4469
33139
76853
39202
48692
25786
78841
67981
79908
85954
65144
8436
52486
85165
18774
91494
46789
28887
52353
84367
94047
73680
4676
30964
46704
48001
62216
72765
76901
64242
72835
20353
27007
6900
38386
90062
46067
41911
43287
614
14317
8418
73373
18250
4537
48567
33954
94106
13681
27476
33943
22496
45168
91010
75597
81353
1412
74546
26764
83548
25740
24199
45192
78971
60641
21596
720
44848
90078
48301
81677
29440
1184
20907
33693
88293
93513
53356
6072
29178
34964
21726
37078
31046
72947
91901
82278
45170
85188
70141
68146
65840
55751
40654
46193
43421
31689
35271
71162
16910
53218
47207
61726
40927
25968
78157
58700
78753
82423
48159
63128
30456
83403
91703
78536
85177
32289
55542
69879
11016
30269
13172
57199
89693
75188
96434
16616
64896
50310
97781
86079
10547
61054
61925
46563
49187
88283
80774
75558
68088
59481
19924
47313
49100
5106
8414
65223
15335
35846
19620
59367
45054
53271
11853
56316
13624
97201
8879
4063
68421
85978
21242
93879
45837
96616
42890
1194
15923
62312
74555
21014
67431
2705
70585
43732
75249
11286
27532
77800
95826
63542
5844
33671
1526
42263
18349
81526
67752
29642
41916
40127
61101
63958
42699
89779
14848
18312
34452
85609
52084
63343
87007
30698
31296
9633
69638
30819
60404
37833
91501
71288
40330
62793
25343
7072
67604
10480
33493
8580
90888
67925
27384
10154
2296
64746
24774
18188
71857
18082
83558
2603
62720
56132
5951
64732
69060
82473
72759
10273
92982
32837
76450
21096
82383
31687
72782
64953
67407
37246
35143
98163
80179
50939
93039
53318
18531
12562
25738
17917
36054
4923
25703
21069
82535
66947
17746
96079
19877
63590
8174
56916
73286
89762
26257
39722
67122
54861
65785
73701
51591
98172
78578
6493
5495
50514
72946
98087
77454
65772
546
40130
85615
58001
78830
65232
83534
31921
63745
26769
80189
61781
25593
56662
44113
42317
66066
10309
26359
32264
29327
67590
47511
3872
94127
66222
81117
69243
95027
55319
96877
13586
84877
7449
27192
20358
86226
50288
69277
42318
44793
47532
75933
85485
74048
72115
1687
12046
46215
75023
20328
91042
57675
74900
74876
82668
87850
23574
14192
94400
89039
58938
56988
6921
55355
49072
21446
67179
57423
96731
47814
83781
38609
38424
9661
69267
7516
89089
16497
76835
89238
9631
53975
39633
99067
98769
95592
39747
48826
53071
40068
60066
65336
60211
62291
91992
20936
41066
85562
33307
71335
54607
23494
75122
409
35551
99088
4618
83219
62834
84085
78830
73063
50126
15812
228
27376
56223
6555
67135
95035
68423
23226
31180
37572
13568
95253
49210
85039
36713
98544
19202
45779
32973
32562
89896
48156
12450
45504
89801
42753
62927
62495
51250
23080
35554
15478
66731
32896
5732
36323
1117
24357
99208
82957
11231
2163
68658
72819
32946
76204
46923
25553
23932
22476
67479
3688
34099
52425
98061
28955
47105
69348
50449
62161
48004
96651
96245
47240
66080
55715
50115
46740
597
86278
35066
73856
89219
81067
97246
22672
46799
44550
81990
12711
19394
99582
49249
63417
78271
32343
17143
59058
84689
64703
93495
94789
12575
68142
8980
21357
39840
84278
68095
53060
36146
42172
80268
20286
29719
89039
43604
41477
66223
52540
56540
24526
35120
88875
1234
60885
21431
88457
67412
47258
79963
56940
44335
70852
10309
84736
27303
75447
8016
55574
85730
2220
17096
42479
29466
74181
20874
84460
66680
65853
71352
60093
5662
63110
7521
40728
86405
30106
80334
29771
53689
15859
21049
14163
89900
23790
36562
3926
54834
66836
83527
91082
4946
16861
48079
86627
86818
11530
41580
63153
8685
63038
14076
80047
69809
48459
74806
76452
88570
88193
4738
47194
1695
72894
90477
15240
76143
72217
82499
39023
22162
98536
20144
29397
7215
45504
81254
5639
31252
44959
13312
4790
51963
26601
14932
85457
49557
37198
97682
99024
81153
79285
17700
29733
72563
57657
91498
23579
79052
86297
83588
51754
27312
39082
1707
17637
84326
22831
1780
87959
46690
90349
98347
7504
67426
73057
83648
61811
37869
74836
14491
94725
95511
82204
91927
66710
6686
8327
83853
74877
26444
29559
42612
92857
3944
11323
85327
14244
60691
43305
23083
89452
18289
95337
3440
37563
9843
82704
54823
67969
75361
63254
1270
12128
8201
16166
77826
21925
80497
63974
38185
37567
96839
56682
53389
54500
54488
26706
56863
19538
91176
23102
84275
37315
46721
57060
40323
82277
83001
58655
45151
72376
97704
8188
2088
94880
6961
19892
53890
40556
22252
16101
81911
74128
57659
23484
99103
56797
81798
21993
39537
96895
74923
25858
2214
89741
54637
90652
70476
47407
45506
58563
92147
94229
66012
42675
46942
48444
68279
7967
40595
92910
2265
85254
27014
46753
60922
16308
94337
19148
77180
90453
26742
10246
92802
46172
1901
17164
51307
22865
70300
57551
33832
63544
64659
26922
14144
38671
81978
81093
27725
55739
48830
19710
39499
10173
82795
36912
45759
18942
87628
88996
45689
26851
44596
39629
62360
8332
65809
64988
7221
55716
80976
61706
14110
41342
74010
72644
94154
77101
30098
9045
67298
75790
92267
15439
64852
13344
5194
52445
8947
50108
66283
67605
10955
30609
80669
26370
79988
65912
5797
76142
61749
67572
13660
28543
9322
49098
80670
72348
48567
53320
5538
7935
39320
64075
50920
13426
8068
62744
44025
17136
9112
56388
6844
42486
91612
28483
64364
46244
71545
26448
58988
82563
28824
18911
63054
61306
3301
16196
52018
39627
63097
34825
91468
34936
37225
77629
87449
44475
52945
75975
54917
28287
26190
46897
75740
26856
8760
69709
64534
45246
56258
74815
67364
65838
5477
16633
92976
67808
77131
54630
27773
25787
35383
16526
82769
66262
3123
73285
25361
48082
66584
42020
70665
17841
91764
57314
32986
40067
80358
12980
28836
96696
98853
64912
81858
51794
31590
67345
35175
57701
95624
39904
92585
30052
19369
70904
40664
44494
33856
37034
70657
59878
11500
59673
57132
35263
3121
97272
10649
6212
41287
9460
54332
99967
86788
75451
90966
97900
96489
30232
52118
40692
76729
24320
85962
27987
15271
89017
99605
49856
2426
70308
6355
52098
78480
96229
88868
42530
64172
14761
21390
72635
83738
83318
67075
2790
24901
54829
63562
33449
3660
68857
46425
59612
60642
64843
81000
91014
84821
94336
52978
37569
12118
59001
21457
78476
49123
38781
9397
49091
51565
12166
81282
38378
89067
92507
86750
7135
68969
71490
55004
64516
45438
38839
91278
32988
89027
86276
43388
33079
19311
21794
44843
62941
3607
21505
61315
26689
69142
55256
44613
53779
26423
1012
78093
27927
38025
45401
52258
80076
61928
54317
83713
80081
42304
63378
81780
47785
50247
56494
85331
53811
75085
56228
7803
69560
91077
74463
35984
12320
40921
71333
4402
22852
82880
94087
49159
97638
16579
74037
86446
17516
33500
77834
89153
16064
34237
64328
726
40509
10716
90974
76131
78141
47075
60309
52987
12126
86758
87798
5870
68865
19761
23022
64212
71440
44851
9750
83119
84407
27035
3094
87096
64781
66889
37609
99624
50054
58245
25743
68969
99770
9430
32005
2771
85091
91391
63600
9765
48671
32913
4477
76258
3947
5504
64399
74636
22724
75711
45179
64039
59162
39342
93416
55752
20738
19117
98587
29840
34912
28208
8693
31106
46721
81250
68647
23070
89334
63170
84022
90097
3174
69496
70836
50571
46506
20569
54944
26806
63505
31899
87634
35500
74848
51097
30053
52391
75057
31022
10768
41383
91568
61603
61422
7391
36124
6130
27312
16087
36623
7691
93045
87879
75592
7746
51279
44228
11700
7579
43039
80919
88576
75960
98993
23408
62871
22482
41012
79047
24249
35501
10494
72362
88183
15021
5557
81300
85427
27080
5229
49453
35000
39083
88290
56142
71531
15178
18017
16088
66322
78685
60551
24427
34385
14549
4117
27881
32953
90753
65725
16384
24592
4500
2689
99908
11889
37860
52521
77296
68618
14687
30111
9763
95396
87994
7091
47350
91114
80669
46084
96424
63366
76661
56665
74308
36227
47969
66865
50117
15245
8844
1437
10874
42050
9860
70405
97277
35340
65031
36029
33249
25383
29729
3386
62348
71184
15345
21401
81027
1599
42521
70669
27667
59267
56509
69480
74609
1204
52209
46038
60556
53471
30062
2819
44499
60489
82798
84297
1086
11331
44217
63023
72042
65661
94151
91146
46856
59684
53463
36612
99240
14454
55956
69438
6639
87480
68003
33354
21917
31913
49518
1582
10251
25426
25301
64798
20553
91004
82868
58369
49325
87449
80137
99783
54077
20567
23201
58416
47643
42848
79105
70125
80810
29472
39358
78967
58915
99404
84352
56184
400
41329
922
85920
46820
88315
28241
24391
23832
99893
32057
48838
15432
36739
13830
48134
55160
23171
59130
14372
42908
46664
81163
89883
97203
76335
8305
21034
89701
24728
45018
70163
86920
87210
73219
97977
49023
96207
80008
86957
85795
94562
67109
76711
32763
76415
91682
48227
63100
10974
16436
91166
38258
17658
32376
12485
51935
57121
60247
65760
6088
71290
64170
76129
26285
34189
58979
64864
74513
25959
6532
88905
58452
30963
99507
2954
48581
53664
57608
66334
32243
31278
59345
88541
60701
30234
30853
39125
59842
26396
50320
28912
17404
72582
98614
20816
64852
4898
34359
6973
78944
57723
39686
54309
2675
32244
73317
37310
80014
12637
36509
60364
34448
81826
70628
26487
79742
90703
14047
73457
475
39425
47591
67820
74446
95537
81939
18850
47961
53245
33455
56175
53690
2720
9271
68193
18276
41984
17715
61875
94359
70012
39082
64169
691
27408
88109
98842
18094
14694
68992
40813
26632
3629
74623
29773
55411
66834
3300
52991
57431
79973
34471
7916
77392
93328
87048
28915
50176
45776
83380
67268
37105
29191
42479
40231
28548
8421
30245
5969
8067
16808
27867
80025
30986
89456
76711
80835
13626
7005
47542
798
3205
92331
51708
76390
758
20075
35007
92162
19242
78617
75412
53152
96363
27711
22897
16623
41085
66120
50937
21943
76203
27883
23949
17396
3825
66327
61440
52020
69807
55974
34337
93167
26701
89491
88636
48575
73520
57643
90949
20322
66454
44054
46649
90921
44583
76387
54029
42018
36152
67034
64173
62253
71215
32654
70347
70472
74656
84810
956
82215
12057
69763
39662
4514
84383
15689
49071
96138
39665
48378
95473
51555
34984
64694
11390
77391
10004
3426
17813
47618
18858
50717
27289
61529
95758
77479
34124
92201
26515
85242
66453
69088
98681
71439
73974
21099
81972
142
715
51769
65059
66635
80122
38889
86362
89223
96746
81693
25042
39494
74353
2086
48327
12820
82091
58780
80917
96733
38947
72483
86561
62124
78904
11311
66848
32789
84081
92179
92619
32700
73759
68027
34139
91847
62788
85249
44728
35714
29015
41606
77121
52382
53193
52586
13950
15808
98292
43423
60495
54167
34814
91923
73272
35933
23722
53856
9991
33947
63832
94605
55059
10847
44701
36695
13057
57541
14373
76552
79487
78337
854
56327
59549
31885
77115
16383
98729
66422
91921
93943
69112
50899
84798
88883
29868
72000
61302
52318
53113
86199
41193
72872
37328
54288
35433
30290
89271
24215
71837
82225
15716
86471
36062
90795
27235
76820
4774
4662
9027
85949
41209
95261
95552
5525
44543
36706
87941
80299
32015
22621
74218
86931
29458
51049
74583
91945
73940
45639
94610
27547
47620
61786
33872
60445
97198
82128
35918
47599
64014
20626
59083
50697
92035
81198
52436
32930
1034
58033
83371
39431
43777
72211
98285
37033
42656
97986
31313
41094
99586
35793
54574
1814
78185
2490
12449
92721
20806
16051
67637
97228
4204
92880
93421
9458
10800
50889
61746
44903
43586
64278
99548
70908
8647
85753
78949
69747
1080
38112
5496
55579
63122
89258
37211
40091
70815
36518
19117
32123
22055
1330
46447
51170
27799
96094
35455
71226
78357
95788
38233
95037
80999
77131
65602
69206
59336
33869
18336
45810
927
44825
42321
25629
9828
34695
20230
25274
94434
55445
45268
53109
48869
27196
17291
46800
75381
5328
65556
52043
29826
12900
52469
29588
90261
71605
76272
12324
90539
62121
69811
37380
33995
77033
27394
25158
99847
16514
3399
61123
7292
28587
57113
90843
45259
85609
22626
30014
17503
83130
62367
91700
16686
22574
75367
73619
65117
54510
99392
96470
65598
36049
98494
10257
99015
59660
22229
23812
57748
36177
15111
25253
84265
83561
40371
1184
5573
34686
82314
44701
75409
36859
206
34803
15944
53802
13912
78426
72046
26582
70438
67119
95742
5607
20235
44207
68445
26866
16216
20328
10387
53859
37555
45484
97470
63446
32651
74084
8914
84623
9019
1021
91006
68885
3092
32037
66303
65779
65963
60032
2225
67819
2748
86666
55746
11041
33567
60791
61288
1186
96672
67751
20654
12107
23223
38097
23258
18879
28453
58091
87538
66617
98883
34010
9782
94406
69270
46170
9103
25464
58657
7761
1164
80528
91227
93598
2229
8836
84369
33116
95857
17990
35491
48987
9901
7530
19526
61600
17965
85427
69048
72640
79780
78498
77780
75366
27442
50704
55402
1384
15139
88430
49297
70961
71538
59697
40663
5676
28374
30768
55983
19637
58018
96807
59972
52706
76817
57186
87167
35307
1659
70090
21643
16365
54793
37939
78558
11928
97411
60995
39915
74574
79222
30436
59315
33977
14410
10106
91356
29926
51398
40799
25008
13558
9161
40116
73528
26637
93058
14661
91480
60701
8306
2814
37499
63989
23209
46599
74599
33954
79877
81450
54573
27326
74997
79757
45797
10817
88813
1481
30657
24506
4682
17626
77822
46939
70577
35710
56314
66328
13973
84444
81390
2696
79509
87050
2218
21736
83725
85755
47418
9242
10830
98111
19373
63376
5140
66184
79964
67042
80945
22766
60140
55064
96658
82320
2117
54240
26797
40910
51930
19414
30161
64422
37889
81944
71963
76129
968
78550
85938
34768
12802
12046
77676
57507
54300
94733
85126
25807
21187
66711
21616
80804
79485
32567
69591
45646
11417
15476
14059
85430
80266
58158
36416
45484
73677
65984
22543
87846
63146
81594
29909
65582
82079
3919
86876
13311
80984
49773
98209
595
35659
99161
76260
76906
45631
88520
2082
57595
59232
77836
31481
62906
3358
36501
74598
62048
58797
81290
74169
29611
86531
7803
14600
32773
71678
61602
14865
255
79334
83366
61999
22764
43048
81213
11755
78840
87088
52536
81164
81053
60688
89900
87191
55120
13539
49572
54751
55162
60345
36305
55702
54661
77157
62704
10357
87691
57063
29935
37618
48964
88694
35175
18886
79856
79407
38386
98209
27886
18572
19514
74320
29815
32509
73689
62195
89457
60454
88212
60299
8106
60626
35479
6721
32054
65507
22229
55481
85506
31743
26381
7844
57260
7598
46145
86874
57001
9988
36479
95313
70171
3826
11753
32054
92854
35401
33734
93380
99928
94507
15682
59392
25445
21395
87256
91989
89153
69406
23016
97194
71513
97407
4251
92119
71286
89950
1887
78823
83590
49370
99305
87929
8269
96668
68673
61991
85006
59942
62547
99758
86228
81557
91174
36964
45397
39073
16613
64042
84383
70305
11430
86003
60304
79300
11879
53982
75167
79134
1173
19037
95009
34323
52607
95981
10949
92199
6773
88152
88566
24397
58712
99065
52124
40376
37021
45626
79918
25977
25036
33
83842
11991
62866
52548
11374
96890
57746
65462
44413
68377
26410
90715
41953
24578
2496
91757
35818
63059
72510
12930
82657
69670
51043
72906
47200
35162
33521
21469
30131
76919
64271
35698
97561
88026
44985
41790
35830
70332
67015
12590
87436
43114
73125
12814
57767
10710
92968
76089
17965
84129
70947
67293
65755
20045
21159
57522
6950
42269
17762
41988
30792
81335
83626
53690
78403
23261
59263
12916
96376
63220
45061
42821
10997
22510
70565
61776
50091
7429
61450
87377
96519
78215
93709
12416
37011
79331
1755
32049
88894
92796
64709
47230
69046
23003
29121
4816
46241
959
48181
15354
14705
87389
10158
53754
44453
93939
50060
93199
99265
18278
60867
82751
60270
33902
18269
9934
98117
86716
91009
66683
56299
16572
78111
33707
40008
17417
60997
47496
63259
58590
4656
9874
69865
9779
41519
77835
50492
19887
29495
72913
81942
88810
72749
58705
76300
891
49788
52014
83712
47004
15974
37031
94144
62040
79415
80672
90877
85729
54846
28135
76925
54316
77101
70086
22882
91737
72553
38367
10427
62360
93820
13995
69241
70943
30420
37125
85273
23256
16494
71647
26730
60298
70188
69693
82684
47221
7382
55409
3133
12878
5997
65691
42373
46715
26274
82320
35699
23818
19314
49648
15331
98012
25622
79029
29027
75894
3730
98588
21340
28068
19284
28588
80037
67482
15510
64495
23386
13348
9447
46756
38952
72346
55360
36618
30290
39691
33876
86769
71994
59465
45462
85021
85270
38080
39275
9909
90339
69996
53401
22884
7405
32322
85776
92894
69478
86651
50448
92081
82666
88064
67966
83521
48641
17033
10752
11626
10656
51097
20483
26437
53678
2684
92710
65762
26802
64162
40406
52172
38165
52037
86533
80696
95115
42349
60944
81398
31575
57296
92630
91444
36409
52064
24235
28628
36044
75819
84142
900
17794
52621
38757
24015
3445
46641
17908
31660
78585
7195
68399
63770
70197
9467
13778
7713
76209
13457
45535
30444
74633
37158
14051
94743
44360
32826
2464
79841
20859
59334
23920
94087
58497
84482
99809
64176
89688
69814
80502
20086
87924
92980
55078
72778
20463
77190
4788
20235
96655
92080
73717
55066
691
61687
56765
13712
70202
58583
2301
80959
44436
78333
41737
41345
54062
74681
87259
79186
57106
1944
14394
5886
6775
19512
89584
37708
30299
79223
17402
82267
72267
95570
63086
53953
65221
7594
15703
80995
12930
88624
56569
25881
96157
8708
66818
92900
83587
17719
81144
3238
13482
7618
30092
12696
55619
8678
33604
76018
12993
35
50603
60716
14796
1638
48416
16249
32719
51958
85218
75028
58839
27833
6838
14681
30918
2775
10885
3364
21174
86383
49145
24213
97163
22553
49600
98189
13406
85645
22289
35877
31035
47036
69131
89811
31291
20090
76668
73455
51176
97379
86716
53364
51570
79540
95615
55564
33662
98513
34193
49540
25588
32556
95818
37529
17460
65085
46610
81968
37365
9440
6031
44687
85805
49438
67808
72116
60257
52060
45351
94891
42628
76766
76845
98668
14378
66085
70565
18223
95690
73613
23357
16046
13508
80022
93189
9661
14129
28040
41539
50689
43191
7626
48125
24239
46785
45791
69090
15388
83223
61997
1895
65682
18445
89864
92382
32959
50099
66100
43366
52457
71297
75112
28398
59307
95785
62265
30900
32430
35934
10738
77677
50928
12784
59111
68408
74947
48975
15015
82233
85194
27503
91197
88903
91075
8286
41572
97878
56580
46331
990
65840
66231
17843
82906
31936
7806
63954
17654
28730
50892
12448
95603
31777
74674
174
32980
43627
44540
6577
32378
10906
72749
37748
38632
31605
59245
56537
81553
99548
2652
44385
29170
34341
12484
21026
12045
59706
50926
69643
19438
82272
48479
27745
27045
93030
382
50812
48729
11555
8580
29515
85095
66450
41590
75741
17741
21873
7057
56957
75294
40273
77102
85706
33226
70779
58133
5407
41472
57915
46671
57116
42260
22251
65743
41685
61040
37278
66487
98123
7759
33291
44451
41160
10177
58658
60129
59790
51653
91925
96547
37508
81242
81795
11684
57050
50807
39370
4262
78475
32551
88813
65026
88111
51291
59539
15676
29665
34122
22023
64723
59430
78927
6613
7804
84230
44136
75105
99142
36673
38126
72856
6089
85510
12139
51804
7953
13102
34169
20324
81174
41399
72299
2998
90351
48831
36908
22103
82865
51359
33861
58905
49166
10490
69244
43973
81801
51858
14272
4100
33866
31706
91487
47645
3170
8805
44980
78985
41622
58533
42123
52092
99844
16392
32809
82787
29044
10755
91028
39227
88128
60939
55206
57673
11175
16063
55835
89303
59704
99321
35528
83293
82173
50187
69605
43963
26455
2979
51252
68390
98027
27416
33510
56393
43933
23126
56965
27173
63286
78844
23627
70215
77732
97207
9938
67287
26990
37180
62199
62936
71022
63775
65127
52223
17753
6623
57389
64885
17635
64045
56006
7674
31296
14960
2408
24647
68716
18076
56938
69521
56003
33375
20765
36927
49368
3451
38427
43382
89252
56499
67144
59537
3136
23813
84789
45937
92464
81728
67536
40006
93975
42402
85110
20839
74892
45864
64147
85965
60899
22878
59524
73421
28105
46587
94997
95381
41094
34754
43437
7412
79983
2121
70186
34606
39587
53975
77162
4629
50559
93473
87469
50653
54084
69640
27200
26662
12284
78126
91200
56377
12982
64799
54994
9101
32126
26035
18229
70273
26290
75991
35770
47534
97199
82550
97148
41411
28434
29176
32338
57394
96206
64323
66152
26281
54003
53251
53610
27023
97773
99030
82567
32175
87866
80746
101
60494
85579
84878
58491
45028
8448
7681
38673
82071
82928
98074
67934
7961
19734
34695
73793
76735
12335
77680
9104
79292
46916
69751
84487
62239
31327
58304
12447
60650
79029
33421
65730
59525
62204
70608
95968
3778
9471
81284
50542
57310
54193
5117
78567
97496
69415
57447
37056
59915
64364
40800
42917
22388
21204
51463
8419
65116
26708
18235
65761
73177
84659
54082
27876
64906
71475
31998
96084
23734
90858
26052
94836
1496
69134
9064
17905
94836
20079
45562
33613
459
35430
98358
49047
6380
88077
72390
4272
5776
99218
46058
70399
34336
65322
57233
25487
34498
22730
21231
85022
30338
80971
72976
71424
15028
94430
81289
2022
60963
13215
65745
78623
60286
18410
58022
13159
94754
49266
4982
54814
84651
81907
77632
19157
73806
82751
7815
28387
47471
59194
68381
33852
37750
87804
9912
90510
56804
5915
98993
67197
51480
2963
72806
53279
68078
31264
75584
32081
53225
15083
19348
77032
56614
62342
80519
31779
95556
20043
72579
92829
22596
1377
71972
4915
44850
39766
89367
92889
13845
36890
84052
41489
22772
10713
47499
90606
86809
25816
18226
19730
72100
17086
71349
12746
17337
88916
74400
31667
25645
41666
59094
82010
63711
52519
26786
39479
35143
42438
6779
5071
92697
94578
27344
26167
26087
32303
44795
23846
58321
55287
1276
2191
24710
97235
59527
53784
67435
7407
88620
10555
70788
24288
17351
13147
52536
54737
39654
41030
10139
74948
70324
25399
58522
57299
34227
99167
57067
75143
58797
73595
9898
16746
23160
31640
71339
40160
17553
74013
43451
23666
57086
88817
39819
11553
59833
10128
2333
71553
74149
2886
7348
65637
17003
36996
95789
78750
26991
83394
25029
55928
32021
51220
4155
73115
25341
9935
6684
20583
16965
24409
56912
15825
38218
75871
60084
53048
35256
49338
96992
68244
89626
33491
92933
80334
71450
33947
16425
59409
61115
19651
82377
35586
38510
81190
96992
72248
34019
48241
12530
94704
89425
33994
44591
26958
39511
25539
5594
52107
92864
76685
78713
54921
30951
85470
41747
7123
43746
25891
54100
19428
10523
83972
28436
88669
84125
38268
16459
44704
7158
26740
97066
30700
46327
63013
76565
51229
86160
69438
73048
25960
59735
76422
58226
10448
50915
46198
71755
21618
35648
73532
62185
88314
57834
56093
15433
43370
41017
62053
97761
72411
22836
42772
52141
69825
72758
48977
21417
9737
40344
43800
37278
556
99509
57468
58974
64542
54393
40591
83553
41656
75575
95955
25357
79923
23921
87956
43042
10392
72393
73412
63729
59406
41737
38998
79358
32845
80596
11443
78297
14303
32366
37435
12286
68587
37687
34691
38417
3908
9195
42645
77100
29060
96119
75895
71200
17492
56189
18554
17514
83499
38542
26346
55510
15459
40679
18674
26004
76376
23697
64056
62882
15076
50848
63688
1117
16235
46687
26413
15930
94206
2319
72839
36416
26307
59547
51413
70513
61707
59365
88477
99156
74529
7615
94518
43753
46286
35866
88775
24163
79908
93432
94086
78562
48009
50737
1270
57022
99217
93529
72534
45075
41535
91285
15573
10487
36980
79056
70686
69336
39950
63279
44554
52186
98728
63231
46911
96793
95243
91675
4408
98138
7561
66376
85044
22614
31499
1850
50894
82914
72420
13115
63694
97125
451
97970
88977
2351
49398
65286
3408
95607
42143
71412
12541
2107
27271
3841
6323
32665
71095
59336
40137
64393
39270
81525
77484
46331
13324
5313
71561
72141
92238
83839
64082
95289
83384
88519
37627
45057
98236
79402
83448
44903
24380
42160
59830
63
87457
32279
85710
29908
29520
85730
12409
28345
96501
47077
82397
10867
1901
62730
573
59019
32703
99985
71507
57591
29525
36500
91886
14400
19202
64630
22266
91079
17738
51514
54047
2367
75457
72001
83507
28118
13992
49860
33909
98832
89247
57584
2610
25874
1235
57212
39278
73347
4309
44229
54763
56057
20977
77442
16506
95039
60983
3271
98901
22265
98911
86541
85223
83631
22854
77792
3118
95270
24604
11443
3059
3133
77828
74179
3541
47309
66334
91251
57968
90480
6661
85416
32398
78525
43654
11377
16885
37301
52417
19650
23790
28999
63
29242
34674
62746
82387
83003
15336
24221
46094
20991
23599
91418
42800
97007
46179
52177
78554
38919
17989
96324
58365
94978
62451
73449
66774
22511
81396
12655
97253
83831
51473
39066
55649
24214
56231
36583
73170
69782
22149
91971
80737
99434
66246
54327
96854
50732
97064
57426
59229
51500
11111
28587
90611
61732
7575
79972
225
19128
73208
63692
55647
88886
41441
8298
61251
29972
24848
13549
40360
63335
7342
6237
85823
6949
70169
30866
84913
93789
28782
3972
48079
49879
26684
64708
81710
20783
2362
88631
32415
36126
59484
9294
7715
77814
63919
50470
32771
23648
30529
41564
22264
35824
85940
67779
39051
61363
57266
56991
87624
81686
34411
25928
18496
46643
32780
51494
99783
453
26658
83885
58628
41446
56908
61788
14341
15607
38174
96083
64680
22689
55439
892
4858
97772
91014
76348
23475
77931
16722
43415
30490
93651
40486
19100
56309
40251
65927
25950
94816
81163
95602
27677
46591
53702
56063
26943
14232
91240
68603
82182
90582
93617
22891
80358
40185
6189
83108
43461
8173
62900
93766
89222
21931
88734
10346
60018
96529
62277
665
7385
25229
80598
6533
29123
34131
27426
88579
49860
41325
77853
94445
7385
84831
32259
63162
66286
12609
25051
83914
85880
17106
33521
2375
91416
9347
27862
46520
6939
11567
94673
79181
12264
81700
58241
26621
85
93946
62405
65222
19490
71412
45479
61461
94119
12675
90031
64455
73407
42078
62732
9758
19661
16240
46479
11107
13126
28210
57227
34018
28330
6955
61808
1111
45893
2770
28364
1255
23300
51228
20890
30677
97766
79832
30470
1109
62910
71584
16317
20668
45356
26403
63413
94872
98923
22775
95496
66272
88159
60165
60473
78183
90072
54626
41306
91623
57471
87701
8987
52292
70875
25450
60016
71972
23528
1221
13194
802
52252
28732
90608
3906
60760
84141
52335
280
6714
72807
86545
17468
89475
99322
95582
45107
79276
37946
55043
78356
38398
86456
18331
92994
66398
32211
13664
32867
43815
4764
68790
54100
32537
75803
16745
55116
92001
40425
40653
42152
71477
7553
25523
35477
28309
60842
28526
8442
21876
37075
49179
7203
10677
82707
63289
18721
48312
3539
70296
56867
72463
90075
15073
53263
95759
49824
33074
47457
50505
6720
23012
73709
74987
5548
93682
98682
89771
3011
40049
5286
39486
8622
6199
74476
25605
66632
57799
1996
9862
78711
60065
40045
19958
59231
75267
1368
28693
23262
92186
7680
74807
55010
31743
15875
37454
70207
62402
14939
89895
29929
40781
68411
70749
69641
34107
95361
79118
80299
70403
13180
25550
81867
86670
76620
223
95974
21340
22139
1077
77796
50541
92781
13435
48372
49613
85493
818
63746
16410
90884
99599
22216
6544
60251
93598
99275
33141
5364
25900
36117
3044
45348
99621
77982
90593
22907
42403
62998
69392
15451
43594
41211
13482
54108
56562
49727
90244
10196
15334
65320
99997
8210
93776
96635
10754
51154
50202
55996
30211
77864
38861
48488
71680
34666
31460
94306
79431
1537
91077
54379
71892
33705
13302
52630
83453
33926
5454
48963
18806
20813
95007
43527
76202
17020
12657
40541
57652
27785
25889
23819
39314
16356
15786
14855
70899
67283
44165
34892
96325
12332
21792
60267
37068
51740
32219
20168
25205
24191
96665
81001
54384
67117
41789
48529
53207
55339
20115
33879
95983
69173
70926
77671
25307
36494
49375
89752
4335
18389
45892
66878
11044
215
85625
13353
68372
19771
71252
34271
73808
8936
2441
31656
2702
22170
20933
84501
62026
53454
50212
84929
1919
21127
79314
94431
27071
70151
21935
26247
82291
33424
73370
12106
29518
24702
26719
28338
14399
97477
32924
19664
52222
91742
98754
39075
90817
89199
60258
34185
90841
46386
83684
45361
61755
91403
98955
37323
23916
3010
34345
68649
81324
87452
82714
70446
91093
11714
17337
38975
21038
96863
85247
8106
56964
68178
38316
26888
72563
44891
77913
31221
57823
19385
88148
87131
702
34900
65590
17199
39858
85339
40503
49659
78701
37546
69379
73296
51034
50500
23699
34630
74125
59725
60883
74987
36573
66415
92853
81557
83965
82179
80542
5201
23810
80460
93855
69525
71455
50233
31405
83219
52407
41046
88562
38253
96127
96633
62974
60760
79945
18599
46016
13490
88670
73430
83135
74965
58392
87820
19389
86531
88889
29071
61839
67643
67693
73026
24302
1425
49189
24600
78790
1143
93314
63891
72890
2232
64339
36656
50067
85831
99048
5551
71908
82988
170
87130
1956
85739
6127
83956
37804
42804
32279
1873
13380
1086
46086
47769
2643
55995
59345
2088
82266
74771
25788
73127
203
79598
42634
10262
95541
97071
71879
2981
46114
27727
53114
62225
44523
74451
47661
45070
21246
29861
97180
68305
56391
21914
31998
73073
37331
54268
53759
51887
96513
27246
31592
15355
34357
55368
87735
37753
15416
8419
17817
66862
82931
22619
42663
36815
75691
13902
82297
53220
86310
51748
44213
6884
39775
49235
39680
93702
21948
33715
50157
25187
22336
66785
93197
90946
97701
1638
74959
85547
38002
14231
76686
82461
47205
3313
77731
73330
31477
53802
38939
77199
27740
57928
57250
52275
95967
93583
28177
56154
97223
65729
7547
26178
86174
70623
95487
97927
23674
63149
36601
64079
38750
3557
59673
54725
48569
59955
61815
87927
30988
97007
21635
71588
85547
46812
39912
60029
18491
67394
8983
93496
52289
24686
79514
26455
55697
5670
71093
88474
88347
7375
32702
32535
2126
24642
64622
93975
91234
90276
50650
69058
52879
94628
33519
50757
14657
74083
52851
79954
59164
5388
59393
88937
73534
47236
70636
93509
53747
93002
20022
91078
69274
90089
79613
28858
23933
15175
11876
91772
52268
30000
45396
54403
97468
50744
27630
256
68870
19417
64911
27182
40961
83513
90681
21501
77632
84718
41717
32033
59053
43992
26451
60602
96631
31651
944
88805
36630
93076
55232
66009
8361
59651
10017
40873
73769
999
98751
76722
15800
87400
12417
31830
4432
39580
16053
88841
36583
47857
35654
53724
90601
42104
10678
40794
7857
79519
18998
10924
28600
75294
35811
43207
44499
95945
40699
5975
94201
14358
80873
41244
66608
26027
12028
91822
56606
36456
12452
40724
8340
98188
16743
55035
39330
91705
80131
70330
39120
52884
60349
16623
49040
2143
30707
72667
54030
49806
68490
65026
68455
31327
10644
83764
81314
94911
46403
55615
6623
32740
74154
18948
57248
75716
24489
50793
55920
8373
61309
16584
44457
76954
9791
27582
55943
32844
56180
65138
34233
38093
7807
36671
19715
83031
28051
61496
70653
32053
7502
80344
18952
9799
36128
78936
87276
34714
7135
11137
65530
63548
74203
92590
97110
56286
83123
64985
58143
47677
89879
5855
18641
74779
75136
30851
78708
90112
79278
79012
56795
27317
80047
51668
62206
55117
92799
58344
4853
7907
74196
35633
10730
37999
93624
325
51409
42748
84750
67383
45264
96149
97017
59126
10462
86265
58171
65636
10985
71288
61212
12290
54738
57711
11184
24280
44004
18422
99108
66855
85574
68950
84222
99368
51792
38769
90473
61299
28985
75502
62801
59613
64088
58027
68397
68298
27898
51747
42476
82556
23883
90620
37869
87095
21581
95004
41565
47067
34220
80513
10584
72676
67273
53046
28529
84848
54868
97378
55362
73141
68034
10689
66888
35754
10265
53844
37421
31951
27487
92355
74917
82509
45862
82495
25276
2160
59951
36710
21829
79837
2152
91881
90605
79047
50132
51060
69950
99819
80163
55265
52996
59431
9431
73361
53520
35914
65963
83138
37344
19569
83299
87030
68575
20341
10224
54316
81140
82714
32691
54256
16347
23589
59343
75842
81440
13071
24465
56892
28020
60165
65797
57402
28495
3666
46912
89767
14093
80367
11987
86965
98470
92731
62731
11095
22861
52725
8296
96797
37094
33821
54488
75621
35546
19522
15834
21688
15399
65919
68006
52739
60011
95509
6088
79681
68934
97535
94704
56269
46148
35683
28748
25486
93737
49860
62266
88976
82000
19947
25130
7408
81353
14815
45453
22883
59777
13926
55225
85773
32764
80055
47898
42596
67230
9616
20265
49175
58301
89298
51446
42228
41582
59219
66371
4497
92887
41210
51424
42950
12744
34554
57066
67219
34984
13954
49891
80530
25580
99427
37156
42314
71534
79299
75097
87652
3982
39538
49686
17527
73948
74629
64443
8495
72282
40125
96992
55901
3137
55845
17154
93266
13936
56789
47128
26145
66408
87378
52517
74801
16098
77558
53162
32443
91013
18072
87671
42134
70611
66072
3001
25010
20653
19023
42926
48993
48656
22886
58814
30982
38889
91506
56899
32880
29184
8384
90665
48160
65129
39903
97626
95709
10733
27649
12435
80508
31841
2073
93010
47993
2334
5215
49712
76785
53322
59820
20250
98712
44472
30003
97252
5728
33011
91948
61523
211
744
70510
62828
56153
2923
22055
73726
78285
81640
94997
90464
86642
19688
78416
92034
34754
52714
41849
81966
51596
81936
60641
6660
55928
74480
68272
16776
23858
19440
82865
13805
28769
84486
20251
65871
62171
26715
96702
28279
33407
21392
57609
91134
71156
32612
89114
7393
82141
11900
79571
83004
42214
40843
10343
82096
58029
22329
90497
88693
54375
74147
85584
16860
19366
8721
79128
39028
46060
15156
7106
56710
69251
70742
95340
58728
42982
19505
76717
26866
88594
78046
79971
31103
38779
44790
30551
49347
11794
85377
74404
13768
64434
63758
52534
63756
44180
2195
83987
12789
10891
8458
90439
90935
80159
52650
62552
50868
79412
81541
92228
74018
22035
92708
43815
15618
55145
46491
53492
97408
42372
66492
91080
61024
84849
94090
94656
4464
62888
62979
42348
76882
62851
65302
57788
77358
64809
7645
11908
93202
76595
90834
2560
86768
90877
27953
16884
2422
46978
73430
63858
31782
70801
87653
11344
47605
57457
91471
76526
48887
2507
64601
13076
65942
62927
20990
30472
30557
194
81412
44112
1715
74398
34614
945
15317
57116
29463
94924
43842
25204
59462
89992
10813
52654
50684
4811
58609
8622
7979
47596
35993
39733
1790
97779
71874
49302
25760
93161
42915
80028
41629
35833
54576
13015
77509
62921
69488
70125
33606
29100
80898
41431
19183
28977
94861
99453
45998
10563
69858
56718
47089
97966
22366
42760
78329
91921
31910
87270
8721
58938
92494
81514
61425
55936
22799
35397
66228
63970
37980
1269
23370
23127
4570
84185
61486
79692
35524
60069
36107
74869
80364
92322
25454
54249
98696
64564
18602
8360
75777
30971
60910
48004
85508
68553
82396
14445
43082
7676
54847
35196
39980
34934
13294
36134
19900
10316
88509
82513
17937
97564
43105
24986
76968
63179
65275
30131
73962
34600
24909
69505
55728
58674
23059
81791
47532
66558
5189
40333
65425
43441
45990
72629
30971
40120
2674
93689
26980
50771
41951
97422
82644
89569
82030
6367
29723
17595
53374
85814
35336
30644
38392
94070
16251
5614
21788
49480
45038
46678
64578
30078
35296
62110
48468
39006
71036
78704
79482
76715
31574
90204
45495
11765
73108
71837
28728
98789
31013
86450
46669
32706
735
38162
70692
76525
46614
57211
281
92414
45555
88960
95456
67742
99668
7234
48376
39304
35754
57227
58601
17761
59017
22026
12215
16556
89022
85853
72868
48870
29875
47917
39362
70089
31374
46621
25951
38852
36394
28668
90093
45407
63717
37877
22211
22441
81367
85859
38396
56117
34896
44405
76947
95488
95312
58417
30658
95049
13952
69328
85894
81325
88048
76348
66756
31175
82926
8142
65560
15587
41957
64001
6327
5857
25150
13502
45264
99265
36663
93649
34501
93342
34925
74916
91630
22070
75743
22275
27269
73109
74288
47181
33224
74738
49603
10115
23945
45062
45237
37245
8810
75517
10255
24327
88941
26607
47485
38947
77982
21244
36730
23447
12231
90005
44197
34551
8413
300
47444
25222
92203
24648
89137
53969
96196
69619
64965
61740
7156
91104
73182
11585
74618
83046
96179
43655
9964
98239
16109
69733
87168
2066
52654
77702
99144
12418
67985
32870
15748
5397
43339
18275
30048
17494
84306
52558
14284
50141
99139
21949
45752
29230
88703
58346
33912
42630
50220
41047
18914
84237
74791
85179
17510
81310
46170
90124
70101
44034
77603
54937
20761
38975
20706
65829
1507
10755
87020
39802
20558
2524
93043
34394
5430
47625
65541
99890
93223
66079
70043
64443
69214
13026
16512
48463
24152
86223
78856
15871
27936
86429
69076
47350
62806
38659
16700
39669
75826
40118
6972
67736
22121
42762
6857
2914
16306
25779
71656
71690
16631
56520
42169
19643
40963
10314
70055
20023
66005
637
21280
6713
37734
77013
70480
95280
79010
75024
7285
50141
45019
43088
79318
1180
47056
48455
67516
2907
27522
37157
50506
66129
7440
79982
50165
93014
84909
58009
49959
94796
70161
4357
8674
3222
4775
4461
10828
5374
50320
24813
72635
78770
85051
2167
63561
41561
52965
46340
98055
4418
29952
78837
87810
57926
16643
13318
78702
26941
95045
84410
23893
42809
59902
95734
74743
64985
30138
5141
16336
79918
65712
94961
25424
20309
57153
33114
63151
57374
72944
24356
38147
26531
3746
31657
95578
95460
57453
68460
72362
28435
37837
16045
62729
31632
22328
93716
5269
85541
24117
67270
17957
27128
43880
99564
38748
64766
53815
20945
17588
44151
39538
61143
79212
89415
65184
59150
14810
41892
54585
67253
15545
34866
7068
43041
67165
1842
22003
22942
2695
66677
95988
43170
76615
70718
87350
47602
93645
56212
92369
71096
93127
53266
23103
85850
36505
12597
58882
97601
48024
2061
16367
26555
35678
22673
77407
76681
4421
10390
9666
77142
29173
43927
8169
53482
48835
21441
53637
17485
18200
30745
95432
26785
219
37816
1477
31591
89880
95272
47279
13318
17662
24978
82943
24602
26762
93660
32183
79405
43975
34355
69559
97564
60920
99124
43245
57744
46898
97962
56550
1842
69578
96105
21845
75858
57312
12901
94667
94853
39043
81876
61216
78806
1517
847
97432
82051
66501
14591
62215
28933
61087
62192
18084
16227
92113
74011
29510
14311
79502
13946
28154
69459
20579
10368
95105
44334
4936
12754
30061
8425
94882
10834
53736
17591
2913
35929
16368
79968
64953
42091
31146
38480
33941
17371
8175
3597
35632
89319
7363
88908
12671
87301
57992
74957
1758
31964
48357
49179
78865
66475
99682
32902
2603
15551
76545
15125
70987
11664
84436
89684
53639
32482
55683
14153
16789
46119
7145
97813
75065
99313
40375
83699
99291
62732
60693
97815
52786
98509
96850
91485
51797
86288
29560
8182
63217
54136
54513
37565
52219
23469
2326
25995
75583
69592
33453
31450
78140
59915
82085
80474
87634
24869
16268
36382
83687
50106
22605
62654
88485
22076
81270
51554
56236
23594
56756
15637
68470
4173
35858
19710
74883
661
25702
1681
61188
40518
57839
87984
96864
47404
25640
10221
49671
89671
12178
13184
77588
47707
45874
6926
15775
63248
61725
77070
59168
26678
25473
93305
57868
90990
45410
75723
87685
92621
82853
68580
71254
91101
22991
19236
50484
60848
80136
39546
88284
88757
63484
67851
54165
18193
95711
51936
23229
33493
88650
16859
75659
90640
36304
21244
19893
38783
27072
35934
11223
649
72356
50836
42344
90716
7833
91615
36730
8263
52644
94294
63049
63200
4228
26273
61190
82803
70170
27007
56389
71392
7926
10889
82998
25691
4982
82576
52373
31743
23803
48305
95967
21356
57817
79753
15828
99199
70565
2980
39131
80219
62757
20656
88926
20007
10298
94915
42854
37072
60765
4972
3258
69815
14943
18951
22989
99573
60688
275
24475
18341
22714
32094
93714
81786
39717
97124
97968
86462
59731
13543
98050
43372
32895
77410
16098
34554
52069
46592
70192
34712
60673
61828
6431
13717
33901
4257
9914
27416
47861
87767
21254
84556
19960
41007
75843
12143
2804
69698
39776
11190
72852
51618
39162
48769
63626
84172
98199
88954
38394
95634
29764
11467
79440
12589
43503
16262
93221
31977
83853
14175
98415
95577
8007
36631
7643
96393
30512
94039
67113
23985
92721
21415
70241
90079
70559
8866
70923
72047
21009
24707
30004
91667
64731
57876
96023
98474
19680
40767
83673
8937
76455
56588
42313
84576
19325
59245
65875
1011
54670
50164
78170
6537
76870
62780
40353
4777
36482
32448
56919
24144
86728
33568
3024
43854
86228
60449
6362
68347
13661
43853
59693
51626
7215
39388
46962
31189
34351
96136
79413
56756
33514
74137
76420
65821
21586
34842
94657
94163
14000
32593
88704
60608
59678
49437
39311
19021
41294
22041
95995
70177
46801
41673
84392
71661
15107
79224
51930
26436
363
57176
88201
84062
60575
72467
15049
11049
60835
75985
82142
46704
26647
13069
2109
3625
18650
86017
15402
49764
35439
92349
35607
26123
22073
74146
71304
4027
45873
12412
15316
49761
91122
84392
23408
16130
96097
40341
78127
21276
75397
32483
97821
23311
37582
15659
75152
60504
47485
65945
49269
96308
83396
24939
76648
72573
53554
52792
34962
45140
93941
13257
7187
28218
69770
87771
43900
52424
32040
57531
2118
50170
84689
21032
36692
27091
4122
6194
67248
7029
79756
22046
71829
79225
28578
13591
38082
90852
47162
34739
20954
36006
87932
71104
19450
54836
53046
77744
78237
26537
42227
95059
89646
18939
65233
44639
66641
59409
22815
64504
20839
75403
93594
41961
36776
11300
56780
78116
80525
23898
2981
1830
96895
80646
72072
14821
25679
22885
99573
28596
11108
3347
16406
77233
19242
22028
17208
69249
9309
42266
8180
12610
14051
54414
39413
2728
86475
5452
16526
88699
44623
26495
80684
39128
33690
88140
60271
40004
29079
31428
56287
21859
71919
90949
2677
50476
45052
14460
71776
1561
47856
71794
31194
97362
37583
82061
52018
4285
99826
55289
39946
77393
4850
61610
63397
56763
65144
59029
58489
40203
7698
72199
80663
37117
10453
30451
49108
16446
88984
32766
97358
40074
88651
29286
96000
52899
51219
55486
35162
1698
86984
65509
72348
47428
87405
74671
15441
96523
98117
82251
58423
1392
50696
7164
78254
71538
65136
53944
86140
22510
93971
89468
41463
52826
16182
58350
32823
68032
16302
62396
76716
39273
38077
3494
81951
85364
55482
9420
71106
8866
58160
9272
58360
37214
81793
79314
83807
54930
70589
99847
93254
75947
35727
91113
52761
5320
424
14235
37403
11084
69750
18152
64196
5722
43305
18770
14188
51517
31894
76497
2988
30104
98964
47294
16529
85160
87459
41632
92998
92099
46790
88012
76036
39296
30086
38617
57429
48965
63326
13975
5551
11640
10925
31497
96003
67040
39903
84630
31258
70054
6714
44106
88373
97908
97661
59557
63838
19294
47422
62934
70076
45253
33976
20679
49103
5105
9251
47789
78830
19640
5271
21639
21895
26812
13654
2444
52093
61965
42789
40913
87911
44595
20739
64621
9673
42814
2657
4009
40488
84713
45388
9586
26937
78755
74376
63537
42522
84589
64689
56885
81910
21059
74637
43524
20077
96739
14789
40755
68408
58060
98025
36125
88440
96110
91217
27320
40900
83320
45158
13406
78957
99067
42032
43516
96871
40624
5085
46501
91606
4313
43405
57319
14636
54737
66323
28372
71116
3628
83173
43737
51274
9060
23203
11370
29588
3815
3906
78374
71669
22912
91372
19039
7866
5031
39719
93902
33033
51590
86357
32742
88017
29748
55749
47368
14967
30842
934
61446
40200
54447
22933
65277
75166
60708
23885
57112
91928
14653
81568
20736
80129
73730
48004
66482
82585
96662
49298
47658
36096
41765
72145
48918
17430
24875
38242
57851
74170
29283
95300
69410
61864
84285
9567
99311
197
75029
81411
9721
79025
79526
55595
61064
54201
47649
14437
40406
44263
93748
30450
23392
38980
11642
91335
67306
43051
51744
77123
92800
39543
77853
68247
60115
51309
69726
18270
89250
16239
58322
7825
32204
21311
30090
83773
82092
57625
45149
49366
81400
32472
15552
60544
8419
39705
11857
23988
85377
42909
6771
97332
71509
42476
36245
43848
5134
44306
58638
85958
44378
87223
85124
61734
8732
78663
4368
59411
21174
950
31306
90226
47234
65497
75711
31031
45412
71495
20721
69250
902
47217
63803
798
76236
18682
14078
16409
77938
24246
29856
80878
38584
84228
98218
92976
94299
16424
11843
62706
78569
44455
60941
26228
83530
46143
67775
8093
636
93210
30838
69466
3867
35305
56611
73476
49117
84334
56820
85264
91590
32250
12592
74351
37582
86952
32585
33007
96507
24853
16598
33747
91470
90992
52774
92403
78044
6030
53537
89230
79886
19312
24724
27538
45633
18783
22998
91506
48490
38748
83411
76800
75815
34311
91131
62876
47795
59776
20260
34303
35970
3958
92897
60921
25367
27796
79434
18975
5046
26604
69715
11093
43929
16973
82566
87661
67264
59516
69775
56313
41888
59993
88836
69071
69214
50055
24472
26646
75864
38125
30400
96135
94929
38929
12488
44292
40979
21653
83847
73340
28941
13442
18138
64607
20416
37996
29887
59335
85025
90796
64229
1689
63801
90715
23890
8758
38242
680
20205
14691
91073
53075
37889
75852
44664
75607
74962
39405
22482
363
23026
82121
13299
21289
17713
63579
89106
95276
12920
69868
96805
52539
97558
76816
66736
74428
41223
68989
7466
19861
53316
93741
2248
73009
65970
46149
86130
67543
14011
64566
31712
50298
18281
84184
52949
94472
69241
93184
82040
98459
13455
96933
82313
59964
8627
50404
41734
5980
9691
43764
21374
49509
72986
22781
34739
12325
55088
23026
43293
46063
15939
15062
9292
94946
92591
71909
36639
13874
41648
27149
40929
25651
18301
44110
69887
75627
13945
26449
63245
10014
22211
74778
88912
1986
45788
56502
41142
63092
7611
68382
38937
24461
52216
79532
68524
1442
32587
91367
88518
86851
12863
40897
19251
91138
36177
52788
50967
72582
60441
75845
98826
53156
9114
13052
31125
68827
81182
4959
12839
48044
70720
71484
21115
61828
20724
32346
23422
55509
89455
89102
88752
63702
71060
20377
69162
58745
84975
16335
72303
67360
2708
53534
88466
3091
26678
30423
82697
21707
90820
53915
37180
23862
39414
81426
58630
71526
83025
80549
9659
43782
36437
53426
44644
81697
65110
15431
51145
31532
27220
58315
87306
44666
28149
41795
60362
59731
56266
89678
94913
40071
57045
86627
90118
97316
39458
22311
80717
17234
12471
29483
40810
65270
35276
97823
62298
97844
85698
72143
28458
5780
38955
80184
9041
23803
1101
73996
24327
77096
23518
96940
28679
99847
20621
90018
18935
57066
15038
30122
93443
59876
11659
49544
48102
38859
26387
83182
56793
21532
6508
29749
71525
60218
78809
93799
73008
61255
8940
67622
76960
87994
82672
74977
71257
79698
97925
51236
7566
80690
1995
56907
4591
62933
3447
87352
20093
44427
89239
87163
22125
74480
19844
81029
28422
64902
70283
60122
87405
8398
80160
57106
73181
92360
49425
79222
25520
54875
21263
1670
38846
87518
88664
62549
50280
42649
85290
9703
15637
68006
83134
12961
59445
38202
90179
29403
80749
94992
28814
1732
47675
28416
59949
88158
6783
53109
85900
39392
77865
31114
65358
14726
10048
99724
58119
33789
32886
37495
62436
80543
52271
31191
95519
38832
17037
66309
16509
15695
48281
27016
10732
48723
21158
32029
49577
2764
50083
51534
52465
442
42126
84207
26857
64061
87111
69712
40426
23042
44513
19245
77570
82548
23014
51767
32464
95699
58221
64152
96405
67405
73017
79555
53967
62933
16137
90774
1139
57450
94558
97385
90224
43351
50322
99853
57145
42792
49481
84996
93037
67511
29837
86776
64764
5682
69271
33087
52253
23759
1560
25343
1550
45712
74468
33106
13331
83426
83048
51447
56987
629
23313
28701
18973
59295
83633
65089
62167
76259
60889
57859
1218
80706
20210
857
26035
30301
77341
74842
76267
80494
97021
76507
77251
11138
25641
85901
7760
20238
38770
3184
55659
21544
36048
95955
90765
51455
52441
19923
92458
11587
73420
45111
76104
40710
7046
47373
66822
67047
35118
28871
53325
60999
81891
86581
37883
46588
45716
22783
58675
88593
65018
49731
19985
83275
54102
55962
71770
85021
69704
96471
27824
98553
1116
93738
66632
38029
74014
60150
50047
58269
5735
37485
96796
97006
73923
50421
38312
30589
48445
40733
66302
25370
93877
34406
49837
49953
21910
57975
6123
45299
54116
98369
44322
70723
30582
56815
70982
30629
95599
31933
50054
64893
97170
90232
66983
1284
45128
96598
78553
68894
87293
76400
40689
27992
80819
12492
83489
68675
6832
33759
1878
86917
97998
32430
89690
60855
28722
65141
77359
32519
92363
94313
41069
21485
3750
89324
79985
34882
27587
58761
41523
83649
88028
40558
96401
30724
29176
14251
3373
69304
96154
63242
7378
35324
65810
52994
20175
37626
30098
74398
85230
29080
12406
9001
15381
97475
44175
82504
40408
34539
70931
46061
38347
82750
32492
86887
40912
94878
82856
31640
72345
59473
57694
86266
83842
46961
79202
81097
44500
26929
22498
54843
19472
21435
90856
44001
51514
32601
21107
37926
40174
44598
36845
26787
33318
23607
77664
64003
32203
42999
82361
79276
99412
35096
55716
638
61536
57843
65184
94237
37947
61756
24094
81860
47524
39535
39008
66973
24677
61059
40419
16781
96186
93558
82929
63887
63311
73162
35827
19741
20810
11187
83939
50757
63550
22175
24738
57229
35829
56829
53749
72935
43136
91924
60163
12702
58435
39174
12978
31898
45174
63314
54853
45930
10219
79484
30953
32451
31954
63890
80928
76291
6814
71999
87004
4164
26644
69062
8418
70263
4985
23211
34134
47221
12003
87544
43351
3248
79973
3822
36464
88451
46954
20325
1802
87237
14448
10786
36704
50131
6506
75689
56908
905
88601
15553
58075
88479
29183
81946
25549
11050
59828
94110
87941
3926
57266
20525
61655
61912
94685
33342
15124
60251
21300
64744
92049
83692
8036
78277
52179
57355
65930
76667
10679
73593
16710
61888
52019
14519
1339
89127
52561
63646
79555
42734
98756
83702
47447
27399
80594
83006
75707
97154
52491
16412
28168
72739
7220
67051
91862
70633
69966
31509
84815
1192
92131
39638
8542
92847
94904
77056
69581
69760
2684
81073
44511
85662
9238
38600
13495
11765
68030
87299
43042
69765
14453
85108
2800
35032
27959
57061
24368
73514
89136
47962
33059
87761
94411
61511
8218
67150
76626
61170
85445
58004
86807
85242
716
55526
8619
68930
31214
66299
64330
1751
46884
67190
79308
8999
36574
18562
33451
6672
39273
75204
27501
6618
85456
37340
64545
5797
4709
81692
24460
98384
63377
67155
90138
35718
1541
44001
28644
4605
45363
33689
70577
8485
91774
58447
74601
40089
30727
84915
4936
52963
33238
84104
6402
11578
76293
67697
79692
19492
91735
22567
3122
39460
89505
6169
64419
3368
5736
84728
37268
59756
74738
44510
49285
27115
30843
94391
28226
96585
93674
96039
85926
23970
33935
17680
49114
4156
14494
12728
43368
76717
87357
19418
70836
8531
61956
16928
15164
33546
70439
58451
61400
53635
82646
69533
3297
19040
98087
18890
60382
83772
49532
2346
41360
68983
78699
91900
62032
55298
94831
34573
48281
94310
69033
71566
33481
15778
29045
28056
77723
2680
45743
74428
18494
49649
71835
79803
69221
36014
50197
53579
95294
35614
2202
28606
10103
80316
60244
63000
71726
91048
74778
48538
80533
1689
35739
60629
43934
26699
91067
74207
36882
50121
20256
24057
74515
49490
40148
31931
92423
55574
95477
72094
64453
54246
96425
33745
13483
61621
58943
55664
28445
98875
11204
77209
15622
61456
21709
66773
98585
50585
21027
61894
99846
92413
77880
58587
94883
83496
38254
13561
76867
55151
47837
29036
6335
63013
70414
2916
92806
39484
50172
28238
61022
18209
39568
20085
97837
6518
42425
88461
22797
11681
53817
25895
80430
70001
810
45872
58869
78845
32170
15
4315
13469
98694
73137
56193
72828
48455
49518
36258
88006
35406
48602
21717
17030
2449
38224
7564
51061
33878
14772
60411
31690
65704
45553
41582
53952
75548
23567
80315
657
42751
30908
70710
86966
56497
37543
83189
35241
81193
53177
29082
98470
25549
40820
11224
9506
83503
68855
38251
81247
3349
94149
86046
19407
36175
48577
13143
40150
81090
30022
21754
22659
41115
85055
15615
19214
99964
96343
44408
17109
65223
38874
20455
23558
85406
42678
97576
20023
57739
46801
94499
68232
58427
85190
11450
41034
3734
64880
5802
23788
69433
25138
44281
28011
55910
23411
79383
35757
48529
67296
95941
9161
6906
92407
46860
20488
71772
96388
180
99297
55158
62913
99902
84225
27394
13330
51902
12735
46353
19934
44634
11261
25124
22163
1388
30569
13937
72122
59704
22252
58359
85114
13242
16057
82103
54362
49678
7861
93638
89839
1536
58870
54659
94458
55131
49538
53960
57398
1622
77382
4035
16740
98561
38699
35717
96286
12802
30405
43709
3578
94425
75183
37302
50007
20409
27332
14212
91860
25153
78356
86370
65552
81087
77181
10243
