21544
92198
83938
70658
8424
6727
3617
11364
59027
90178
63181
92126
30679
2660
34179
3129
74571
46679
14366
63490
14673
50901
98690
66547
37196
35969
55472
44040
41625
58662
28010
89969
444
58631
42375
35207
37305
8805
10469
55145
37163
24576
17475
45357
7260
2084
27706
84441
76334
76427
19251
63915
72827
13767
57630
37065
9466
18050
24671
69431
79035
84494
66465
19392
56921
44688
62234
69188
39837
27996
4561
66592
24944
24261
97322
290
58700
38310
89403
72058
99093
88585
24608
4118
76042
61344
20638
42692
68078
91707
62651
38845
4853
59552
36802
67467
4872
36166
52877
98717
57551
96870
8912
14688
66005
30012
15968
99784
26685
74385
31150
97652
80481
17269
71747
55318
27324
1179
88779
54911
68583
73325
77737
56057
7712
84046
96407
68957
38814
1142
47101
30611
28665
96980
31473
50388
21004
36728
38091
34335
35132
50694
45621
49644
6973
21389
85337
48393
6633
43469
84748
78357
86532
58791
13215
25086
74647
70046
56795
29277
64700
6654
10001
85338
7714
60149
60685
37777
45976
85191
71017
66476
85936
31415
48646
74805
69789
45087
72939
91822
82335
29444
91650
41967
7658
28549
21889
16077
31510
36187
86528
96413
93247
10156
27555
31101
29979
39168
81060
34926
73580
97555
17831
20379
5918
42132
62770
8005
80702
36823
73218
94498
16464
30522
98205
2634
29236
70951
90710
81235
38755
82022
22843
65958
6393
76918
74024
90721
31060
96772
42324
44889
57671
58367
57503
63878
10747
42250
28374
7272
24738
24306
67624
75286
5391
77064
52469
89944
11227
20731
49286
38930
21613
86767
11974
8445
22194
44998
94269
46877
68330
75678
13661
55630
6866
72951
71481
53885
45081
83704
6709
93982
70252
17226
48430
4998
91513
94040
32606
90093
83474
30610
24106
89769
33427
63498
93703
53692
42438
91414
24017
47158
62843
84015
8149
26024
24089
87800
65101
90999
49350
22413
61854
55244
23719
9921
47286
13914
25503
90707
86609
37880
33085
58669
81165
81798
90563
9028
4893
58427
47575
26759
97039
37087
43441
81666
36952
18055
85624
46435
63044
78880
15309
90248
39385
68085
60366
57990
84942
24602
37545
47164
47515
25157
84396
37675
20508
88797
8781
88027
11800
50517
65500
3987
66291
59002
72350
43395
2715
56028
87962
81205
30613
79323
19304
54963
89486
65491
52397
87808
22209
87918
9254
19103
52645
91220
21667
19194
98390
7724
21440
85404
90837
76168
18959
82385
99241
53991
34297
87132
32007
46302
91017
16426
40790
14339
63144
57625
55520
78771
40346
57135
73850
20870
81885
27327
96283
37761
69341
78390
82632
87342
96602
60010
2995
56420
47143
29506
69474
82318
15116
37471
46622
1501
69971
89659
98236
27802
64444
44082
30068
50710
39966
86427
74840
27160
77994
19187
52851
87962
66267
7424
66733
55139
385
22773
10905
69068
51709
57126
62608
96121
57715
20333
42863
98602
9867
4949
16458
44974
73139
43576
95580
76588
81569
23299
59061
75837
96824
12086
68989
40525
20528
26631
63767
43794
26467
3736
12116
2414
77690
50675
87629
43797
40677
54644
97635
60974
44490
49494
77295
28420
96806
25377
84262
68074
39950
99325
67475
30722
15136
79891
45778
2896
90801
10095
51862
52164
59771
66836
65378
47013
69398
98188
44130
15976
62939
66320
86550
17932
30188
53829
22193
35641
75425
416
53794
39305
61421
45790
733
69884
93138
69291
2664
30919
55254
48770
98741
56718
95340
96108
40994
14324
4152
67654
10774
17573
95319
79964
66688
52747
84166
91153
8219
29584
84093
76233
27136
98072
49648
76064
85277
32434
88783
5699
56284
9210
70820
58743
24098
16583
61219
39121
41556
18300
56201
99484
2013
13009
957
5327
53152
35076
77683
81032
35635
45612
62148
63275
99107
64140
8824
17702
6577
7063
52355
73460
24638
25011
81688
45056
32182
99471
48051
80329
67464
60959
68444
4711
99536
21138
94548
4768
76342
8118
12283
48069
42227
86607
88622
39638
26584
59010
90275
23976
57877
10886
28518
11881
87983
93096
89585
10720
74718
91274
54920
26155
17390
70330
25991
26394
39754
64797
58800
6207
62381
27671
45677
7970
50675
68090
95438
66619
14025
12259
65789
3723
10821
8793
42836
74908
19755
13056
15172
72688
9576
95382
29864
61707
91408
7729
44334
7122
41847
34251
68367
33992
43175
98838
2540
44487
5704
93078
4885
45591
80951
21081
73765
86053
23058
67163
9124
18531
57578
91722
571
31214
96870
33629
53331
99051
59515
12460
84407
47225
37635
61323
98306
11942
96626
11110
26647
41810
73452
73548
37449
47059
89431
45655
15570
47346
13504
31200
10532
91489
5898
38685
33164
83457
80160
44139
34553
92217
6014
37074
49199
61567
57992
73281
37648
58500
41681
10068
91153
87818
93731
95768
41551
14525
67922
11983
20286
79378
28579
38471
55212
94762
87863
48429
80919
38687
36874
53997
77322
14253
69440
10622
39155
4330
27588
8419
97514
13993
99395
60297
94091
2609
72720
39145
63085
77193
7669
28037
2823
63302
98283
80941
12630
91875
60015
58298
27712
7791
47223
10752
10434
29481
88593
70938
39315
38839
10341
86849
41393
33152
54328
39421
65187
3830
50537
31423
31091
16621
48442
96793
33408
38933
54909
93631
37264
32227
8166
82017
39289
77370
4942
97861
23553
47394
72142
25247
12764
48650
32625
1248
61575
55502
57687
18370
2617
994
40551
85939
11526
55414
20384
87700
28201
909
67604
26477
99709
8940
64934
53627
81286
26068
18
21464
24223
24007
57193
57685
46534
82031
60699
18440
77130
76630
15880
24276
4497
1724
25231
60723
95798
36361
78894
38087
22927
26802
25893
6602
8549
46665
60497
27670
82782
5745
89622
96808
82835
57792
7741
80635
82294
88628
42035
40370
58087
84497
41504
54849
35288
35854
60915
53911
37252
25284
51361
84759
61850
59157
48697
11193
39791
2369
15793
82489
42121
44035
98886
22391
5279
42439
52918
86165
26894
51651
10527
34277
28432
60983
32179
49393
40595
71015
20620
2932
72300
91223
15417
63021
94509
59754
84880
30110
95442
64937
39244
49951
72212
22004
83006
36735
66021
16026
93527
60228
50507
67207
58303
21341
86674
27792
20968
24742
75341
14048
96508
23869
36735
78833
88138
69036
44039
78037
57033
69810
85566
67418
20277
60496
94107
57814
26143
77130
31657
16753
16699
49166
39266
62771
64175
84670
84289
55417
76561
65233
65858
41236
79002
78116
61784
16436
13253
59884
28782
97278
65594
26439
88035
35901
80208
31142
77654
60119
2748
11457
72507
49856
15714
18195
93598
20498
73665
27706
51239
31757
61637
87694
78964
97717
98926
34686
17072
76584
86990
50999
64400
37940
8739
80210
18967
34126
15556
515
59046
51581
92219
50897
86343
12094
63636
82196
95165
20499
64293
3188
21367
28120
59691
9004
73751
39678
38201
88557
14220
27136
49914
24556
84204
79027
59958
62744
89155
12862
80903
35727
53271
97494
1749
56941
93140
54385
36491
17888
73827
42598
97568
61567
74273
16830
54800
68218
81040
42799
36517
46111
59062
7989
85037
99633
70029
562
20984
34230
77619
15964
43162
33622
60866
20567
5281
80604
79074
89269
30488
19253
84641
99934
78305
27481
41549
60017
33176
48052
80545
39692
2186
19958
16580
38717
48478
99236
81125
2290
67127
95114
19398
95006
16702
86913
49409
37258
63328
83757
58953
89057
11301
6415
4250
64929
41204
37347
10426
77278
43301
72943
51911
30376
12113
78504
19354
79975
23458
76527
40318
65587
86619
863
67308
21407
17633
57503
53950
51373
901
48425
56552
86998
28269
45978
46749
87417
44571
85997
86522
72506
56171
59601
69430
58912
27085
79858
11375
38831
68714
47672
87419
48090
22589
79174
88780
69359
2473
13914
55799
48475
19012
50093
35442
5297
28286
23989
57731
9461
13176
14985
98944
2568
74585
28619
50274
23960
24478
89608
22478
17914
97978
19542
40042
33615
8958
33033
81458
70585
87781
42862
20102
51280
62026
24829
37481
24281
56248
3019
51348
52194
40510
74041
77066
77195
71586
39345
87405
23664
12695
77242
24902
2008
59369
883
49754
29589
97439
96673
28239
69410
58763
68440
97938
42014
3059
56408
28158
45513
18585
35624
79842
16148
91691
65988
1006
49649
27355
82121
32375
28358
45632
99649
36745
7794
6134
83448
61187
10824
14569
79849
38932
8856
65633
56337
52460
81583
51475
87482
50220
33770
4055
91726
64488
18163
1348
76376
13137
77240
84040
23526
51324
5454
56631
90214
13971
79503
83282
99261
5374
41455
58529
59217
92546
54919
33063
66683
50320
11573
75253
70837
44340
31994
20753
6675
95516
70642
58157
52063
60838
3818
37533
99799
62012
14957
29228
97870
29176
50970
23173
23140
10734
64703
84857
60981
23347
12766
5308
12378
23535
80166
43945
15538
12580
55961
72726
6733
5961
53690
31725
84033
29908
69067
20130
89658
33991
90072
93003
6825
64538
55028
10899
34495
35197
9217
30981
51062
40976
86566
67852
44800
78940
20047
51028
86833
45489
71061
65238
40785
92051
95129
95208
37909
51351
40531
94507
87065
58996
82894
69220
67234
16865
70614
35968
2993
24571
32345
33398
801
34650
9523
973
38160
29000
15845
55774
15578
49058
78082
18276
70776
31252
6738
68390
66163
55600
57946
32853
82091
56691
89308
28902
36222
39277
4419
40969
5806
34327
17540
8191
63056
50425
34310
89516
61252
40425
1861
93124
97420
61792
72959
60574
17182
52048
97914
27664
85812
87600
20892
55714
18446
91376
74741
5307
64784
39201
4455
3630
34129
86066
85389
27567
888
44438
35433
33003
83395
49736
42343
74077
12319
40286
61047
76626
1397
61349
73749
52055
50366
24372
80303
10778
28403
36369
84485
97503
93841
45195
79448
74031
27664
89538
85911
38719
59942
43247
62315
81109
72805
35993
83347
10765
64942
8939
71748
96022
10978
64710
62366
81694
8517
4528
12806
34286
35616
37071
46318
55213
58655
21943
22228
87110
66742
78536
51040
23528
20309
98942
99529
63700
40198
78075
92631
62893
1121
14346
84377
55691
35698
1874
34513
89530
57614
59158
45266
51311
52500
47486
47176
37351
31617
26550
42251
43539
81441
86141
89444
22381
72043
72479
41557
43005
28695
68196
92328
31476
40091
42446
24600
50278
87673
63284
90213
87297
10834
33525
94723
9657
73780
44555
42501
88759
60418
97288
77719
99074
97632
78955
46931
43130
23974
1364
22792
43852
59314
84932
41666
37756
45775
17085
14452
23258
99730
76664
8940
76907
13781
86054
31430
65481
90055
2995
43582
58934
39390
22030
87178
21100
11350
77170
52877
33775
99001
9536
92129
60203
38766
63895
47747
60843
2047
64756
37909
93846
68172
21249
98896
15850
78905
18249
78290
77162
64159
64797
49208
58130
76521
81516
68285
20863
81133
28768
75304
96416
74592
99726
97932
42330
65856
47800
78848
8005
16831
99347
30773
67717
3988
87052
47310
37323
88270
64154
57192
69479
19774
33113
54577
85548
76630
51534
49271
13233
19887
38013
1022
52668
66883
83000
27632
7431
25672
14155
17858
98357
51281
17710
66538
40815
19059
20641
2353
92990
69622
50821
3946
80843
54973
27775
23061
29518
45806
9546
96631
32148
46143
89962
34916
20991
61599
78734
34965
24006
7691
89112
78930
17509
43445
28328
46043
31568
86196
26654
24661
6953
77705
13221
43423
97651
97980
86015
90766
36684
8266
57094
67506
34669
48578
95210
53667
92846
93590
46440
41011
58196
22289
3790
25688
90483
64320
45427
44609
70317
84923
10201
67519
23625
63554
75485
35934
65901
20738
2941
42406
25272
81996
43086
27278
11138
20339
13145
4542
12662
90657
59208
33065
82953
24033
17222
36395
15225
78709
39570
10592
34353
57778
3108
44839
67612
78501
71391
9597
5049
88622
66283
57014
22683
34699
28732
86627
76507
5503
80643
23807
54581
49927
20186
61281
29753
79070
28827
10261
70047
95192
12221
28756
98989
15203
34886
40742
53532
15098
41691
61128
67280
18905
71794
62265
24412
92399
29450
22309
67663
24509
69953
11384
33889
32779
7192
28372
71128
22471
50283
76360
41077
35028
82089
37492
3876
73229
53880
89672
31874
92451
46024
90347
88511
63926
69650
74648
79726
67291
46918
18487
77535
43429
91533
77307
14376
58672
51952
64483
54922
66060
94841
23923
27570
77492
80635
40301
46246
80877
77732
22191
27101
91534
22710
22879
32931
60726
96589
72219
95257
72933
54101
34220
24915
12134
44400
45612
98452
10893
17188
21893
39023
66737
77867
48526
54012
82689
47151
62177
17145
95511
80679
24941
40352
39133
40792
37552
38656
38837
63657
74412
39777
18630
98974
85211
34354
62787
61646
15498
74886
55149
16507
26664
3107
7738
91705
22350
63719
41909
26555
39793
78992
8937
13951
74489
61355
5942
66457
56656
74019
36576
80585
94694
75217
66038
12269
29541
39930
76909
12040
453
69165
69891
68313
82612
69383
8913
4685
67129
96612
10102
42111
42096
33090
45181
35304
13945
80829
17002
62893
45116
12072
99839
48653
5665
98035
89081
41005
83772
11915
78180
40566
4438
3736
51079
57753
7588
89814
69287
44476
4302
84332
85614
6068
73735
11320
79514
58401
58053
93192
25694
56213
3043
53799
45069
51179
54795
19830
40530
34231
58148
62585
87791
89156
39034
11908
46078
72101
67329
41449
12883
90168
2631
58289
59195
2259
31207
34806
70052
92540
47514
98052
54136
65800
42863
78660
10640
51837
99523
52475
36973
80973
32748
61852
78606
89708
6614
77109
55436
4958
62682
78068
56309
71944
26905
40689
92936
68071
32518
4602
54172
45704
97115
21419
82465
6557
54305
45250
23543
62403
33791
50494
9538
47308
64656
56403
666
59113
13446
74464
82904
24065
3841
69947
10031
48857
5632
6371
57131
79890
92869
74457
14895
68897
28066
71151
65987
57252
53446
43169
6813
47391
30941
53586
20017
32839
17376
66273
5274
46256
41458
7243
19327
20601
4766
91433
39773
57256
89814
51030
38723
29033
49054
5078
69457
86549
89465
238
10675
32144
46281
69945
54570
88505
46179
96872
82518
86772
37944
59413
63524
61694
56268
35609
17478
86984
75737
95493
37207
20243
73044
39765
58375
88964
25865
78452
64788
85041
52335
90720
29163
10668
49758
46618
3911
60399
14573
33442
99190
25169
95699
90447
44534
34847
16770
92754
76500
46498
51610
2045
48656
3788
69922
67304
90273
11751
80539
46408
11851
96632
60438
97192
61175
35086
85720
90811
43659
52616
15263
10678
31231
1211
78591
24063
67054
68126
98840
53080
66714
89292
18346
13756
54750
32049
54103
44113
32529
39666
86663
52495
23058
69855
81793
13002
15148
19081
56082
4437
12460
33278
82208
5846
20900
61534
833
5823
53668
57480
18912
280
49978
37514
88971
50173
16996
69114
20477
34045
22246
77511
4759
56895
38687
17969
29798
34392
99888
22319
86219
76764
33626
64165
9545
20051
19538
96398
73419
79738
86838
44148
89755
89324
87828
16322
54699
31137
86851
32644
92164
88045
5186
60407
92314
25916
43266
39052
10351
72324
24649
96517
31272
56985
93133
54533
93020
1435
54797
87990
22175
74262
90679
50400
47403
49465
65928
70382
40535
4066
3958
79854
90669
93197
16964
55517
90673
10222
46182
55152
53314
17723
47133
87560
74150
9843
87063
55391
29556
17790
74356
51423
62840
5375
4090
1078
22221
29173
54145
12708
84538
91309
9152
35174
79999
69227
46204
39473
16022
7172
35152
62749
72332
18851
86214
51873
20232
64007
41853
66166
84622
3677
39348
39804
60739
16584
30889
52113
57639
52403
74616
24446
55020
81394
24722
28206
2703
23185
48274
69784
75859
11792
78499
99295
13397
2990
96914
45355
80107
37840
61125
95775
79007
82830
39456
59532
41906
36018
33554
88110
77894
81318
5004
51516
67275
867
32847
1421
9212
33556
91129
1505
89327
39500
24880
58213
37067
93574
98457
74649
56397
95058
33643
95065
45682
32108
61940
56970
74414
36062
46657
29407
25417
6068
63276
63700
30350
88492
84239
1874
51357
91031
56813
40348
91938
48835
2026
9430
31665
71703
61221
78759
1692
18728
8948
74631
68304
48404
68203
90308
53751
91574
11213
41872
70548
15060
39449
24322
99558
67752
2473
23403
93829
66465
98385
34940
33399
30346
11206
75364
23251
78431
20903
27758
5506
93431
91206
64376
52385
48726
47829
58503
86657
50541
47940
80806
13320
71149
8330
83415
61221
76079
18657
59464
73572
78241
39652
83993
10602
44735
1661
16333
50441
92821
30164
96072
51443
44566
96341
17457
94439
18699
85409
20607
27128
7701
75695
13654
12527
16131
45982
13482
961
48413
60950
22581
83333
20910
30745
23599
90198
77293
7383
90932
83895
29447
5368
17590
78237
47690
20577
25579
90679
33395
25973
35186
99369
66873
4381
12261
90253
25394
88071
59366
9012
32617
28879
67265
66324
7088
25316
15182
12485
49790
7606
40723
41589
21645
54979
37037
27359
54436
18913
4854
64084
90296
12501
27099
61779
23004
95836
61815
81959
25980
63047
68131
48150
49536
7971
15771
26932
25798
7447
36197
53047
98169
75056
42376
21503
49974
22950
85979
80693
61223
61555
17560
236
97624
65662
13201
36241
55831
5835
23859
97055
98887
19698
68716
57000
23730
14048
88417
55420
74262
63611
78675
4398
88149
89568
42691
31565
81747
86149
49198
33172
33308
23933
52312
72456
56395
53511
34133
17610
89529
41022
69634
81138
41157
44076
27118
90252
96188
66501
98114
56330
7860
45580
12421
38405
11309
48533
50256
69335
55150
91769
60062
95436
96162
96825
87533
47511
59725
19338
35336
25480
71823
52301
69507
87454
45520
84702
42580
33104
9945
50015
35218
64507
21552
69184
56286
96850
62762
18354
73144
8765
55287
61277
49675
57138
86506
6969
34236
71117
60426
23168
13241
11707
52291
90490
67422
62530
50564
95186
27224
31980
90430
33043
96872
64440
60838
14696
78064
23998
79730
77877
52782
70484
85711
35359
39502
94598
61830
43202
38629
77184
98416
5806
25589
67740
18093
11783
46320
80189
44860
72008
35103
579
80538
67423
24425
20460
73233
56538
29800
55651
25567
90423
59649
36166
49728
5469
77188
15882
78156
48735
7642
41126
67774
36613
11341
82469
73599
75848
11200
53809
20432
76288
3077
26860
83671
68781
86749
37900
41456
44788
7461
79387
90200
93942
48212
26369
10095
9741
70535
21800
72530
25385
91445
39517
39698
97597
53445
15762
52618
67107
93606
11156
39455
24861
75148
76244
68651
10687
87266
17180
44916
75295
78349
68671
58976
19081
11911
82634
35268
53518
40044
8
34643
97213
20594
98023
32126
66814
25173
60798
45192
70969
34515
39278
52189
8478
65741
21008
50850
8650
71194
61570
77930
97510
2641
23188
79441
81543
13062
70289
1298
30425
4364
29486
83573
94969
31566
1421
58387
46296
46891
11061
79775
36548
69865
91848
34545
69567
54714
50108
2962
51419
46933
60227
83306
2380
14008
22092
95637
65831
72613
48152
26839
78458
53479
11113
56405
15956
54584
22570
99749
73484
97771
4732
79900
25984
24267
99169
74992
58517
36501
46997
55930
8763
29522
91035
2804
77095
38544
68776
77988
2335
55843
25225
46484
25957
66895
68606
54837
64533
62834
13359
46015
24653
47385
755
71692
48096
19560
12779
19204
76272
20679
33515
2052
39436
6079
51018
96409
31639
43563
73845
18016
85226
87693
93402
57074
35787
32168
84137
56495
64670
5517
6682
9429
77118
89321
19492
2540
9010
48327
46728
30206
35912
50970
85296
99425
64382
42975
11017
29333
52514
14181
67660
50713
18023
12216
60591
14674
64941
51969
83134
23265
89275
53411
77509
14387
29506
89397
91175
23672
24491
61474
33641
33954
19423
1770
61981
19624
67417
29105
47744
23164
26092
20426
29643
3043
67886
79540
90294
68824
62210
7941
98671
38029
92674
36339
20664
77944
82559
73614
92620
1121
7465
32270
97634
21258
99734
84025
79024
53982
24439
85513
89961
28886
63446
83238
43149
39385
41215
85379
15071
69400
21681
40290
80525
69055
55460
29364
75341
28308
90634
85145
84012
27332
52600
39884
88604
92984
44298
89065
1898
66078
74217
71251
37980
70087
37541
30464
34590
22624
67291
62536
25474
8458
84980
42205
47705
61421
86202
8753
41744
46027
37718
84120
20790
86444
13855
35436
31130
65476
23703
64974
24071
26316
92096
64483
63407
88760
49073
23263
95179
37947
63572
44973
99144
79438
19236
47376
8361
24447
27179
92562
24027
88208
79907
57722
57286
60325
16622
66874
57163
19232
12553
80137
69495
46124
46990
88840
92693
52608
17215
11092
28575
50821
90026
5376
47345
95569
80214
18344
31124
27723
86535
93602
10490
72645
95846
68179
78092
24742
53623
81926
28014
71837
26100
56219
37222
1144
71852
18702
61160
3670
77915
29266
37483
13575
76122
76948
1626
73251
71750
10338
64164
27008
74807
89779
25187
9190
11507
85880
58656
40637
97136
49145
33409
57574
92001
16929
7046
21520
66427
41708
59977
72084
23816
41926
89935
64990
36177
42895
60046
58057
23668
86934
65431
11971
18537
46870
15895
1405
88626
41389
28344
98564
34536
46406
27789
80291
62353
47672
46785
19282
95436
90392
70659
38749
27525
41089
44771
20028
49991
55153
55810
96599
56105
58380
37838
12377
90846
24536
11819
37646
42857
96084
69333
86992
46344
24202
12454
61013
43110
14353
20158
25035
62466
28861
85201
79475
7506
80759
87261
63642
31626
8572
15094
51948
38479
4150
21087
32537
19474
62751
53475
8320
3429
59124
62663
73442
76736
629
46086
94785
23137
38570
22451
95364
59351
28148
17300
62370
45841
11295
85840
57694
25869
23164
17114
11710
37644
57155
90403
16518
86659
74952
20522
14796
1389
8629
99478
6415
22370
8402
24336
79656
47137
78422
77601
71884
13423
18436
58518
67242
61921
13712
69226
78158
40086
46208
88942
68892
64488
30788
51093
76218
614
75179
36040
49762
46032
62223
79228
46054
83617
56437
23501
99071
79153
60666
15671
5944
96652
26022
40434
38545
89192
16086
24952
35200
14429
27129
6299
88859
44641
848
2315
72567
52142
94600
83796
5187
69562
47503
27409
37335
88652
29248
59180
46137
40127
57127
7467
8503
569
17504
39798
13398
94290
73507
36253
72757
65983
8569
1022
71774
46069
49067
11424
44685
97491
77310
95798
23367
39238
63631
73483
50999
2360
71989
85195
52713
40110
87485
65834
77641
61174
23831
47011
68686
24647
34661
62226
47500
65365
17696
66999
50990
78776
75526
73077
50750
49393
55053
56032
82585
1327
26336
4512
86394
85283
51322
30036
87852
79555
75193
4415
54283
78515
31132
89866
87401
86216
79866
20465
74849
70701
21745
91297
95247
11412
93460
47251
48876
27104
57820
65823
67590
9178
42475
99417
79003
73310
8750
82958
74135
70006
38926
87020
1739
25244
50599
43695
61901
37365
26290
62975
75683
64651
39365
7549
78592
62737
14096
25144
53282
62978
69739
96084
60687
33922
54316
2832
16701
17151
24580
90703
80898
55910
72863
67829
41662
16998
81110
20502
24471
5758
36641
18314
54356
85665
45338
23909
79030
10017
63721
97732
73993
27079
58630
38955
88222
94196
78300
95977
29935
50802
32823
74043
71733
64063
11331
83872
22422
5474
22380
5320
99101
71911
66850
55885
69211
59227
70859
79189
42778
18440
87100
30114
88284
77518
59922
6346
57639
20895
25921
98246
81296
8202
57358
76461
22584
22964
46782
1819
12745
49729
52385
54895
78630
24477
6760
51154
27823
30085
56954
15442
78377
75533
98477
23679
53091
32653
63169
5335
62858
44276
17620
45408
94105
56001
75993
2148
7184
94720
8676
91500
79276
54162
87468
35025
2106
93531
58864
58215
56705
77935
93512
67924
34054
72319
72008
49293
46467
86248
8820
43861
37698
67900
72920
75428
85303
36323
64406
55059
38347
46994
12586
25463
48034
68909
95481
14738
53681
68138
61829
98514
93773
36618
24675
99219
43455
96376
55612
31907
9714
14945
91953
3488
31086
97087
29150
57589
68082
64862
46142
78717
37251
66488
83570
80152
54632
35969
17412
3212
64
2467
70645
81650
35610
83105
85639
28564
54358
15084
24599
62070
72688
44047
30527
45894
43631
20963
17519
88224
61224
66379
5853
68907
14066
85376
42685
33797
94421
32361
47824
73647
44936
15270
7201
53416
79312
81262
34336
8082
67566
19656
28742
66754
14827
26368
88201
81281
71244
30178
54319
37525
79622
43602
11888
65832
94018
52334
19914
70819
88569
55842
90943
68482
80985
92502
46835
62797
86296
91948
19495
89614
78174
78344
84509
29507
38492
60651
85446
11721
71349
72125
70949
70661
5425
30086
55407
29744
69718
49947
10066
56294
96995
88552
10746
42911
57007
40604
41516
16339
51997
32098
84987
27121
47881
8658
42105
67608
53951
55980
57713
12214
47231
32933
41243
4723
62360
66153
38097
63693
10342
71
68526
60085
30006
32066
94209
15341
59999
8828
25543
76409
34561
75137
63054
80407
69246
19946
45688
49795
18202
87302
81994
77948
84822
79801
93426
21691
96044
3184
66847
34113
84634
26236
51879
55655
55781
99204
14388
38306
60280
50248
26769
89770
39216
35682
77459
97087
60747
52853
55024
99729
54764
5387
66300
48901
4438
81621
1357
41400
29351
3134
40141
50077
17724
12234
89183
69350
2259
18032
82390
48940
54125
81128
19855
29683
5998
75748
84115
81752
39376
53279
80989
68839
40583
46786
66657
28185
2268
40966
28032
31336
83427
25100
6644
90406
94172
22157
46969
45129
3533
47566
32879
86065
4381
70030
36896
40219
80510
16319
34068
46027
26237
11693
21023
10442
90947
97305
89563
90948
38269
90435
24515
92902
35955
37612
2663
86629
6100
20306
49962
8402
72332
43786
1288
28822
97366
62899
39204
31718
46071
38827
27554
22501
55482
55719
92168
69649
24551
55574
66405
9741
6440
26427
44847
67624
52914
4262
74927
75999
25127
52865
79974
46200
98220
8688
50344
71831
98998
5738
83908
37312
37224
6131
87487
49813
8489
90002
55914
77163
91808
71928
16866
24343
51939
55902
36098
79885
42148
53112
96571
63151
22058
12341
50635
97657
92280
79888
36117
88297
35750
1645
56692
83940
82890
72199
54017
34659
67955
36668
63103
86137
74772
8354
6451
5471
25601
95474
94176
14159
14193
11267
48506
70568
55727
93197
50162
42723
78308
77346
70116
35451
50919
68657
41438
51387
73094
67860
39267
21222
41499
26781
86392
20207
39387
87977
66198
55377
16091
17806
22692
84946
426
45021
91465
87514
15203
12429
85892
12312
29928
32142
96394
25630
15928
76595
62658
2430
7962
84187
2005
96710
99536
11337
50767
98400
20044
57499
53882
70564
38586
46773
63965
39488
90194
4612
48244
57389
4218
92821
21309
99513
21985
44015
51521
34973
62571
59311
11608
55128
59931
76438
97853
15489
71660
95259
95207
46111
3818
40516
92745
97527
98272
14043
58707
59710
14464
45682
86757
5171
84376
5483
17696
74489
98409
78804
66773
85891
11056
49813
3506
29317
47324
62301
24013
34684
72945
41749
50093
94223
71310
65914
53279
89890
33161
56716
96173
8542
32172
55181
73857
37807
64272
20399
43062
636
3833
93321
5832
21956
68047
88397
85368
94329
97141
76750
68838
48486
37809
97140
36686
49316
83077
87166
28150
42640
12002
87076
54910
41875
11304
27193
53336
43198
68864
72875
62419
21592
34310
92450
88993
52785
97673
65162
5511
36946
99241
45116
37406
69790
15762
12467
34167
8078
33241
35379
17406
15270
1960
23433
2539
5287
49319
42109
86910
94938
79636
69054
59820
36239
47932
8663
88615
57615
3494
36501
40661
68736
38311
36840
35035
90304
46867
42631
89284
33773
79502
17889
2145
81429
32424
97515
98844
11672
49242
23239
11795
79241
21891
89316
52297
42353
89252
24430
26219
88779
29207
19934
32508
46652
26339
70688
85105
82929
14294
57988
6970
65425
93554
96288
52534
89717
42166
42645
12535
43243
47521
79862
89531
6368
1075
33900
7552
70009
82112
69559
1024
13988
42255
61530
69930
82234
26843
88406
79226
53927
9496
65946
32506
30234
36677
37217
74910
99844
9010
81425
54028
68346
99732
19077
67956
65732
92138
94166
61302
21716
98880
83020
49565
46264
55394
63571
29548
18153
78072
36671
48955
76416
67824
63405
32650
19738
81880
98993
15750
45786
46976
73591
82015
37473
78062
15639
60231
70786
74312
69514
75815
3082
33020
20793
21647
4814
7861
73175
98515
2796
72385
6019
59992
93922
8822
33681
22113
93187
45297
35738
57750
65282
92615
64356
29361
25623
94813
40476
96748
74647
84491
73162
71559
6984
55340
55705
12925
67185
74123
72211
63579
20645
12731
16766
69970
53402
6621
66338
1174
9048
25011
8192
84319
61935
44390
90349
79596
43164
27259
62544
5537
68957
33203
81221
60044
42599
88614
57163
31901
6805
60201
94573
79110
34468
97363
33959
89823
97970
29059
44116
75246
25414
43985
52618
8387
33751
37782
97492
57406
79905
97853
89633
72882
80335
62399
12392
257
13686
63088
22225
80908
44191
76754
24174
68198
86591
60363
33483
572
51994
91687
7852
61823
65526
22025
56264
77210
78198
64504
65619
94171
10392
33008
95787
74100
82131
31892
98257
92887
15369
10
9380
37605
89600
23299
30617
1708
39101
12882
75208
3541
45957
64215
47997
92692
2786
90425
48844
207
60399
76376
73716
7272
76558
66272
66780
38215
31357
53770
96339
89013
82146
50154
13584
77864
86359
4231
68262
53387
26672
22152
71429
8825
45905
81387
86661
52721
99484
847
18471
61461
39854
61830
23239
5662
80137
50431
89637
2281
32152
96079
27602
85237
71824
16292
55413
91565
87590
79920
28892
81131
46386
74188
67838
73519
85542
19327
4211
29668
31110
5556
67871
18906
17018
33575
33935
56509
37756
19557
97469
40177
3169
74254
46804
1570
13290
67970
91949
45137
90447
30742
81257
391
12109
33897
67061
44202
64870
91499
84048
88934
83252
4364
28295
94688
20442
60438
1872
1119
45676
73691
76510
76899
11229
22509
65536
5677
29394
20723
88319
29629
64600
87123
10029
53780
24005
90527
50455
81098
9032
41507
28393
50498
12436
74859
61282
15438
74330
69302
75602
36742
68034
24509
590
76072
53197
43478
63921
72537
13236
69698
44358
20579
54507
55759
2336
52377
53806
45311
73645
11517
43850
92070
74606
26318
58534
56589
2068
86703
1794
14360
87437
95722
34361
22059
63615
48862
67015
49317
95829
31670
59345
12026
20868
45977
48023
11063
33302
37433
81037
95657
47748
2655
42918
73199
8805
8037
82438
14754
38566
676
6097
36396
82341
34034
37022
14042
92666
31245
87105
64917
50741
59846
86340
35519
24200
32714
69283
2743
33247
72374
79732
66086
5284
81901
94495
85155
9486
54156
50395
81073
92863
95525
55903
43113
21890
64006
87808
52981
93582
17868
37317
42999
4789
8691
12947
77343
71829
10270
8866
44312
73109
81228
76838
59418
92984
25141
97679
6541
85156
28400
49818
44541
3006
8378
74966
49711
9500
69639
30356
98662
87920
818
92521
15147
17955
22852
50185
2962
60092
38236
47065
10312
42740
65634
72213
54597
63118
89617
17594
6093
48989
53281
38511
7214
41719
84173
17418
7434
42034
83110
11606
78742
22902
83238
35527
4821
35022
64128
9977
79410
25711
96610
2543
72180
6698
65990
83498
4318
73448
94862
20280
93503
131
86094
57671
98243
29160
11294
99338
9388
40389
13091
64175
56125
46560
54970
79672
91604
92799
27693
16716
28580
78294
33240
39056
87612
55591
13059
29337
77921
84398
41524
77040
73673
16718
77449
63706
45694
47701
44781
32226
43315
49260
52912
58438
97851
15379
15264
20122
17956
62879
68260
81936
95365
19862
84643
45178
71853
3716
15767
29960
85722
39881
36297
28724
26349
50218
278
80817
82986
47080
90659
44494
9436
32830
10510
11311
16853
96647
93193
72697
94402
46793
42344
82770
91370
84344
54728
46329
92322
17644
81961
20660
70847
53865
17824
63846
81674
8013
72978
222
30063
3506
2907
66881
16225
15687
12129
93089
57398
53686
8389
9741
66940
9860
93116
78195
29723
27524
89840
55864
10238
5181
94904
45322
15368
97262
51782
28631
41388
39609
2958
15693
71327
34338
31128
43531
33966
90169
96907
75000
28992
73026
68440
48500
16852
3456
90250
70847
94559
70344
42440
73705
83345
14248
55578
94584
50011
6101
67438
78276
75800
92091
72099
99487
24551
22338
92936
79420
81782
37836
50917
8588
5858
92317
34803
45836
57876
80566
56299
66481
71827
85794
92126
49099
59463
68574
86289
73226
79519
29861
5596
40829
84718
84033
82768
35359
3129
78532
25994
13792
98656
18565
53627
12324
12562
37234
11420
47211
7920
3087
74030
14773
81789
65197
32472
78689
16962
29666
43029
38121
6592
29048
59613
26331
87582
16129
60565
88748
74034
64407
40363
6607
48248
93778
5824
25531
68803
61738
35044
90995
86058
69516
82712
17728
85769
3607
71459
36700
87627
4619
96587
21725
42783
27896
64102
78236
45146
6657
20134
79317
76764
68289
55946
77103
64300
22515
7428
63322
20928
98133
43002
6728
90501
77082
53630
27165
84089
32931
95525
47942
64189
12182
87163
12085
7713
65011
30576
25926
15780
78240
87840
37879
48262
74664
14227
72515
97383
50199
5303
74704
76819
35980
4957
21954
49346
7597
83020
40746
17730
87974
25524
92037
6626
73689
43491
50744
12756
15052
2536
76728
12634
16859
65542
83596
26464
86317
27128
14614
29661
3498
76590
1089
76507
21098
12859
96401
84326
93369
34033
56627
43120
12417
39415
20839
50365
7901
95281
27681
50956
93965
19472
51636
3334
22380
64373
81125
70665
48474
20172
73893
95517
49656
77901
75972
87776
74394
66498
20125
68026
93244
37874
32676
2488
68453
67697
37655
19264
35318
98256
57776
89669
92649
59468
59152
24141
11171
19424
68062
30851
70183
40537
80171
35011
20488
34827
56595
76936
77888
90931
60683
38184
9674
39493
12254
43092
66185
66614
47741
10477
50995
31138
59537
63782
9768
99780
43875
58822
61308
16729
72809
38797
22788
83245
90167
64084
59544
84291
45982
45369
5554
33335
94620
66923
13922
8779
72983
72208
11161
26636
7203
52391
84119
13819
31948
4823
83984
83283
73322
81870
6179
27501
96026
98971
38744
15593
42303
86486
95478
49185
34087
55497
26754
94930
28751
42466
36592
76811
79205
15203
50589
52002
30026
10030
94456
55880
81347
59467
48503
96583
93621
97487
37112
98527
255
30653
9871
80929
71544
11929
52873
58576
86973
55066
51132
72199
34635
23750
88288
32801
9832
43896
18051
70633
48702
93074
68885
35650
42111
42062
4115
43955
76936
29513
4459
18447
88282
99373
72298
30131
20084
97861
30864
15305
1639
38620
28331
61192
87620
94535
93389
96282
87532
54598
72816
93889
66828
87495
87437
46173
75580
84603
85473
8288
32981
97583
72332
51882
82025
94003
25545
35402
4931
1058
78884
98465
33489
48082
67466
75363
19227
46617
54371
81929
19237
77305
19426
25958
14818
95284
76602
69920
31064
88263
1274
66347
4807
86658
87370
31879
42530
54215
32215
14502
25840
78547
95857
57682
45847
58114
74588
88601
62448
79864
62764
81851
70211
29144
39698
90923
36886
82711
86454
88222
69195
86571
55145
25044
43434
56647
37540
9088
43579
35703
72701
231
40447
28277
13406
2683
24562
93619
99624
42279
2119
27111
72793
58911
13868
59368
95177
89078
80867
67397
78789
88974
38655
97403
45286
78199
72048
58343
61464
64303
91186
45228
18410
7899
23511
8958
29293
80413
59814
42816
67260
99063
8159
60798
74597
98828
13233
92618
4924
99911
78921
49522
51599
73218
54527
330
28354
40034
28684
63380
55049
99405
58846
38682
39444
55948
99950
40268
35850
59824
46498
13575
56963
23590
20270
46408
71455
81943
39862
90959
80393
67344
74046
26766
31209
19439
70123
14445
89030
15083
52423
2847
34801
21588
42128
36845
19815
48181
1277
12948
4445
80465
82055
54252
83903
35935
54432
75476
15710
89487
68484
43092
47599
86300
50407
94651
87020
95730
22084
55290
98312
80690
55088
81984
46531
46032
92902
6181
21889
89448
94163
84199
56744
85199
82718
24977
16296
5038
26464
58603
62467
81644
912
30777
55158
55839
45404
88786
23841
2792
58857
44032
99626
84777
85755
1345
94686
23584
10905
40387
87
57020
94820
17166
56263
64546
98033
24027
56926
49452
61723
49941
38735
99408
53725
36901
72844
11645
44125
71566
70873
51656
54082
2469
74164
68161
87281
76332
42929
4528
54237
93013
70423
49427
36941
54438
7988
76333
66197
63331
22019
9876
6556
58881
25710
66804
45925
93347
59283
54264
21178
25035
57147
3734
10473
18276
71004
57623
62995
28418
80768
50357
73734
53442
90353
46319
62016
91311
13601
3161
70419
39694
11082
35477
45975
36978
27436
69185
37617
4919
90334
90351
40524
91188
14049
83484
18084
4419
7158
3623
63683
33968
75223
82581
52332
31
39160
35048
96854
47852
46520
60767
60040
89981
5476
45874
34752
75858
10304
41922
92507
69895
13468
82494
49092
81199
59979
81381
65243
54401
9267
54089
4638
14939
56009
26575
34732
17694
56672
22111
57777
18577
21006
45118
13242
84114
88436
36059
50217
60725
96951
78063
14456
17132
23501
77045
48577
5588
60197
85545
95688
42526
29552
63041
61285
4338
62655
12474
28660
62356
88777
54014
48859
37507
67783
90282
96020
95566
81989
8493
14869
34433
94346
79180
73897
38115
52710
8310
80396
96444
66926
12473
94781
53092
91798
54447
28383
83632
57192
14387
81635
24584
24289
66417
64408
3002
37848
8306
69225
1114
27180
54172
51041
88659
49383
28178
46395
10068
60199
64888
5354
61266
44925
77116
58640
91786
38650
8741
48504
9743
70326
10934
47528
76455
34090
11593
13426
91666
64649
27708
42237
20171
9497
77767
1278
58823
25135
87576
92180
72968
3107
69324
51961
85405
204
46679
62331
17088
24470
60673
7843
90232
51030
70374
49285
36038
62241
7781
98013
35804
94101
65617
54413
52836
4968
7052
36196
34257
91967
307
58145
6893
9245
60050
60589
57107
59435
6327
67961
57224
87931
13489
83151
36518
20759
63858
41217
90023
8513
31075
79324
98239
48611
98089
99712
6022
75164
87684
9455
11429
51701
73767
92370
57522
90349
38237
92841
18622
63185
1257
34831
39509
38237
13477
97789
14681
83496
51041
53388
96656
94857
41458
5768
31418
83936
76396
28303
41885
17973
78781
42990
79305
22130
53355
7754
91797
20632
80180
48881
20325
9914
92568
54720
84244
33911
28478
95732
3471
21780
38106
82541
11191
70056
11770
93968
44465
87099
79897
63557
26678
38962
77244
10598
99819
35778
6497
50290
99766
76793
25623
75140
87003
71213
81644
89006
22082
20636
58901
95667
81246
89411
79019
67435
56154
20503
40755
4853
80392
89625
76255
14296
26047
78594
54079
76538
47860
7272
37620
63853
42246
11927
78405
250
87894
18749
87757
21526
54451
85052
8816
35497
69266
98265
63408
81651
14297
88316
39403
62921
47939
59751
48782
82495
97086
74427
3851
12769
58461
56810
1749
84990
89478
59738
72419
30932
17317
61932
8337
67432
99228
52005
50035
35769
95447
44084
37234
13157
31478
459
64278
29240
81085
77132
46059
14889
47360
90914
33090
81964
66475
66719
96688
52416
425
81143
68104
29686
64380
3293
7564
81973
84776
42191
51832
11900
51453
74056
51086
90906
34165
91668
65010
27943
19737
88785
72862
75466
52024
63458
30840
30806
60911
92637
4262
69103
65418
27565
68631
69345
81723
7444
99964
87078
18287
56137
71086
16949
64529
83707
13152
66312
8318
70388
58167
80895
30510
45306
37361
69607
66404
53317
70210
56138
81900
68465
4236
86521
86822
53701
96213
90935
13344
41061
93308
42116
24087
32615
76042
5357
271
90584
30343
49094
75886
17572
68374
18996
58631
28630
27317
77976
90681
58769
48318
97427
34317
23104
44585
17178
44329
31297
95679
11252
15797
41699
14153
15777
66483
56941
55391
72237
89611
74533
60611
63626
66507
24681
18807
32266
47204
74391
62013
52661
20212
89668
79075
96857
77643
98782
47694
6688
85038
71857
83826
80695
27782
81681
46907
42981
8647
7759
10184
80072
96621
57529
10585
81710
31265
96430
41280
31174
72507
68653
92113
99615
97808
88289
92589
62777
85085
82284
33921
84995
72618
86818
40759
45191
95065
66876
96351
62031
72413
53777
57995
48146
64511
60501
53745
27208
5212
52070
15507
60811
36357
72045
93120
97697
71876
57723
56349
98557
99099
49586
9898
14136
35057
42572
83976
92151
14061
71861
61519
62192
86369
85500
99012
63130
71914
32566
57399
42893
80164
25201
54127
71406
12104
56671
56339
67039
71706
69605
84652
24689
27340
62633
39161
1216
78730
32035
25285
69493
16157
90422
78417
83407
15007
51791
52980
99779
71957
27974
21436
2132
70741
48015
28403
37352
42406
73268
49205
97600
7126
92833
18302
77831
43061
18304
29367
68882
21488
29548
22196
95978
36702
78050
73695
69597
64903
8182
47497
6226
85670
57658
92551
96812
39603
65722
44571
80908
16609
22736
65358
76359
23411
4505
57495
82140
44658
42776
94570
36838
22142
98083
39361
229
14799
94579
35628
14150
5575
18466
59498
26500
18969
6353
13667
72729
51691
57075
15928
5907
51412
42390
86059
48264
39406
34819
29305
8319
54334
29296
56146
97336
37440
64536
46762
80581
26111
5940
41351
3348
22894
59617
82742
88672
93922
27191
91184
26571
68094
52768
85481
50198
35348
77598
60747
76447
97946
96796
87552
93717
58526
99484
50960
60582
76591
90835
94851
10677
66092
51366
75152
12344
71231
3111
39275
98379
25
37566
41371
6484
12107
4327
43908
6655
12440
36369
97807
40632
88280
25925
14600
451
48496
44466
2036
23800
36042
38122
16740
1807
64283
98791
40041
42341
14100
29185
1327
68268
31630
71531
68662
56830
63950
50878
93620
17206
11023
82469
79074
43767
50367
23412
29418
42102
97539
28693
90804
83371
20822
90032
87051
17945
20514
26261
6866
64161
16188
91843
99403
65531
12425
45401
17314
72295
64245
21068
67686
87963
75669
74682
28707
31639
14059
22222
83068
29009
69754
66544
81313
47542
52105
46334
76084
9288
88527
54246
74159
99223
97726
8734
70827
16044
44904
67238
98232
77884
16462
97880
5465
94908
49160
32899
78349
55373
21161
80638
87260
43337
9241
94831
77151
78605
12083
46708
34918
51969
71375
99117
88795
32263
90895
52669
61818
10221
30997
42078
49336
9436
17868
75174
87702
23450
77885
36812
75886
59103
29118
80538
14568
99727
41314
22992
54859
4996
29458
39420
26904
77756
31136
72740
74183
58674
30559
37572
72693
6371
14183
22907
58720
9022
79092
7245
69092
67843
95756
20103
23779
85316
16698
95765
50730
8686
64602
72722
35943
13716
39634
39802
6495
7753
41322
54074
17991
33132
24499
69489
34025
69654
27339
92432
58982
8211
62996
89537
47538
45535
50382
92146
40536
79883
66958
26038
34835
56879
76775
37411
63570
41487
53389
44947
41031
49667
56524
24768
37165
92217
50295
9778
33263
32974
60068
49416
21963
92104
73155
80827
61743
59161
29280
22731
38579
94052
79124
86640
38903
94496
47647
2186
10792
8974
13711
78520
15851
84338
17421
29615
77718
85966
4326
74628
77090
31678
89018
26962
83110
78571
31142
83268
11433
47021
13018
95045
25188
24057
95893
31506
75440
83990
78367
11693
26816
63811
36929
51890
99349
15022
40259
11966
69086
65556
85995
20913
56069
10224
17622
58917
38484
59699
87264
55427
8675
51939
88867
29788
63689
65757
5212
19398
65037
91491
35511
98552
15599
39676
28849
46090
78303
88574
55036
6970
78352
76422
43612
82454
46703
97721
30020
21481
78492
23558
73622
14764
96510
23043
5938
14547
23813
69360
99055
59751
38103
34438
28921
90480
38094
9768
86448
59255
57707
17584
18259
44395
22122
88947
13937
2858
67187
72987
22055
99643
36564
97953
23532
71382
14747
18909
26586
99293
87084
20362
43547
57978
94201
36915
66795
55798
55409
4313
36378
38214
22244
86682
80073
77607
47573
97439
28623
97255
91955
18031
42367
44391
3908
71821
145
28018
73593
36132
90808
90297
40428
76891
40295
75880
85517
85575
7678
96206
62548
83824
98293
83221
3939
623
3764
33848
13392
98430
19769
12190
35239
41781
75295
81273
93396
54310
65659
67580
43127
25452
83880
22323
75266
33194
29477
52069
20477
84579
69656
57109
28495
85938
15130
31412
43567
88703
93390
67099
95638
2585
99416
35517
89471
27191
85241
86820
5322
14889
74011
95791
807
62685
14750
5120
64563
79409
75160
94219
8344
93859
86490
30680
89667
85313
57179
36811
12865
46629
56854
43573
2793
6721
53758
36557
95566
58604
52041
45423
65278
13036
57888
23562
66834
86641
27036
91547
86208
85441
71407
88001
73055
65151
63305
12643
45657
18473
13621
20332
71289
97071
28752
17228
87763
98370
60053
13243
85796
20360
53458
36720
87776
49757
84075
3458
2010
12475
17030
53989
67727
56968
84131
93684
50571
2664
71517
38355
23591
63021
26699
64822
12369
72615
17256
48869
22128
58603
88725
63207
76231
75044
26065
14928
81649
95783
19658
25261
65135
37697
35508
1229
42731
88517
90647
19652
12223
40980
75166
49903
83599
94713
16510
41442
17479
62024
12935
73764
48652
22077
64805
15738
98858
45803
68918
88810
6518
15684
60713
2866
67240
50047
85365
70076
78767
30996
85507
26510
5102
47813
29426
59821
3727
6256
77391
23342
34758
63417
44078
57638
71923
85923
10180
64878
86835
34056
28581
38931
40835
31598
86503
70533
34161
5954
4642
30305
37988
55228
24331
2485
61478
28318
60792
37509
98774
61645
60534
73859
28221
5486
968
52486
70996
40997
87307
85327
43863
33825
2068
37850
86681
58890
186
81138
2881
91218
47131
63564
3650
28782
58693
7173
3230
60570
87651
91197
60968
53933
22864
38760
48876
96242
19769
5433
38699
72386
7722
3777
48744
64321
95377
25606
40433
97364
64823
54738
33196
38459
76676
89589
99170
57079
64700
88038
70020
18506
47785
26890
6247
85914
82830
65994
93416
63446
65055
33468
72917
90758
85269
71632
86591
12472
86831
81196
23112
39171
58774
54080
60301
15548
17333
86523
20969
460
17466
57398
20676
89706
97379
81646
74101
8782
61364
59328
54148
3029
66708
38038
499
17709
26162
12523
7920
34876
76719
80420
16095
38088
16722
21082
61127
88982
65270
51261
12727
99376
30756
74766
41614
78659
40151
5307
88825
66596
2917
61309
92974
18275
89708
70121
74561
47039
23078
31990
43256
26216
63692
87560
452
49203
90541
74719
39946
41835
96305
88957
30073
48002
14936
6936
82787
61203
31451
13646
14264
23909
43077
82572
16198
28109
98858
19572
3408
96162
62512
97916
4323
3384
16773
87149
10151
7348
53299
22108
97673
47236
89055
96361
78852
33208
54641
62195
27300
53211
78805
96924
18037
49615
22325
67189
62845
61088
80097
38770
92009
16459
58085
47936
93263
27749
62816
1211
39818
23427
8140
25997
83943
59781
26590
88167
92661
77692
66553
51310
70842
79225
16029
34936
68615
9351
74459
99145
5028
30382
21435
13046
81178
64973
65068
70329
21556
83531
55362
69370
79796
48238
9343
27045
41235
77751
53016
58178
62962
97551
48623
17138
65824
62863
33693
75884
17540
2212
54642
90053
81982
85233
67726
68944
32132
10675
20960
91119
41423
50404
72642
7749
98590
5347
91161
9197
95456
12880
21956
77628
41826
18716
94600
28890
45540
41125
42961
59011
61053
51358
52200
6469
61244
87134
66126
54178
69300
51136
60591
69082
48577
2744
83678
40854
74986
27891
89981
95879
89823
75020
48398
61579
8675
60793
6037
6359
91998
7820
32762
7561
66453
18712
34402
39969
31182
71619
70277
77219
93686
66324
90511
61005
60427
66396
88023
9766
36025
2638
588
94607
46620
1209
25689
66038
822
73586
35804
51443
19629
75335
30855
90279
50861
47367
17490
87687
94767
33492
83360
84662
39454
16999
12789
79320
51774
13662
58704
52108
42678
71039
97024
79921
19551
35577
68385
28425
51159
30983
58082
97615
89312
43830
63331
39484
40320
10750
80672
39764
68271
11970
50016
92005
46214
76380
92447
60937
49502
1601
10864
46058
2772
20919
9630
30464
39878
15899
10668
50905
93813
18329
47665
90924
86335
21118
97050
21874
77239
40288
23167
41028
47705
83580
65465
16187
32748
27805
78012
19713
15982
24329
31521
29520
5912
79193
16661
69769
66883
74416
8082
53497
33606
83882
8959
39404
56305
42139
90905
34177
79852
28619
60685
23276
38797
59181
87955
4649
23961
95878
29718
55
65793
12907
83586
2767
22664
61773
87590
7
18572
60500
12040
59402
73431
56311
60011
1891
58636
82594
11363
17718
45325
9226
80587
85467
65335
86365
48081
19343
85471
46059
20764
5797
74900
20747
12311
97416
28572
31680
24241
12294
5353
75317
77375
95361
67738
20684
5704
35437
82937
19880
16484
65442
45524
84563
16472
6308
22015
12071
91417
49409
65137
51109
24122
12548
85402
51040
83741
26331
18421
79963
45062
1773
6452
57634
49999
69324
18592
40615
34164
1199
69174
534
61580
44683
62113
87915
78366
44058
19645
26091
67942
34801
52123
19769
6883
25095
90264
25162
76726
49304
58654
82746
8500
45519
25473
48496
81189
45829
51334
13533
19043
84516
17823
20671
76278
34862
37891
15162
74515
93057
22473
82657
90984
65616
18230
20872
79140
13940
78924
90836
809
93137
97742
92120
2188
77388
78718
84209
21114
29112
23392
16488
81597
17679
40850
73796
29447
1785
58719
56388
79528
91588
96844
82761
7109
74954
77077
34407
46191
41892
84502
6187
74723
28963
82405
64178
77359
85998
39450
12286
49996
65777
37901
69214
99528
39530
26838
41918
75231
24382
26095
85839
40814
28731
15291
29394
44759
23019
5598
75462
55968
22705
52353
44224
11687
99119
10531
87783
13353
95760
37455
21237
18250
5168
99260
13343
59017
98919
68057
77582
87012
29953
84657
9382
54121
32130
98684
6053
70399
15812
87931
29983
39727
51587
38973
96431
32515
46520
9693
3465
20959
67091
15453
84191
86806
10198
50723
86262
35548
92202
94603
29086
14054
72936
85677
44847
77990
84326
18356
93367
18481
5502
95658
84383
73083
16307
68572
56237
80970
49169
61369
62677
51781
1274
31870
12634
50660
72331
23697
98381
14662
2246
89912
80387
85381
56065
69921
79530
24880
77773
25080
56398
54055
26285
84554
44765
10704
16915
91290
89005
85031
5732
65013
84964
75337
11234
53704
95467
15433
68229
1249
31200
71350
99143
40177
33627
23704
83943
47003
33131
10899
33629
54456
12422
56592
9206
99816
94239
5825
25577
89783
19394
25968
62733
85775
96254
88394
28520
7245
33994
20667
76588
54891
37168
32072
51444
75480
40512
13682
72703
13311
26330
85338
21864
45205
92916
51040
31724
38940
79493
13116
90423
19783
91423
31777
89916
72774
40097
96946
61779
96101
19035
57147
53594
92025
3617
87408
70368
80314
47383
50149
72157
52264
56006
39541
24247
67988
90484
5690
47172
19969
10476
54981
99628
70566
58824
46195
24284
26764
93323
71659
52589
51858
95640
66606
8172
31764
70907
15598
16878
9947
50923
85607
55711
93643
19432
42241
42263
5976
8746
55943
12637
82680
52770
65803
7259
6110
36823
79284
86003
27256
41199
71015
75141
26749
85208
7593
24244
31370
95527
60143
33466
49918
67399
4215
12563
98070
24467
79163
58088
30375
39096
87164
44027
50748
96687
74809
77769
2911
1084
56582
86514
99245
67031
68044
76011
86692
86327
50430
29488
16512
59994
32005
49285
35390
89500
28079
1847
24163
91609
99455
81467
74268
8806
38237
73351
69907
76282
95846
84379
61611
383
90508
55906
71234
55197
2307
69155
52280
39671
75760
70121
29005
94767
99534
89861
92442
97826
62290
98889
45114
56731
90631
26322
26317
99235
54451
47810
14323
72358
26767
15219
90481
62891
59268
79706
9940
35799
20420
46225
57487
14820
84661
34473
11950
98922
97699
1461
93128
34438
34389
98174
7443
20241
2846
21925
10098
31084
76143
61808
49571
85855
35028
68064
3035
46599
35287
12205
93384
92657
60009
36697
95082
64883
11656
44462
7403
4488
69138
26957
50744
36813
82517
45213
14657
32679
24238
76835
26068
54441
41585
17792
84277
75594
83390
17520
79902
48047
98089
81403
82498
66270
18417
79676
36783
51921
74331
38854
2307
33331
12677
3608
66278
91247
26693
87960
77977
66265
37659
65560
55713
91600
95239
59160
43068
91236
50450
71786
29502
39488
14252
25672
18717
54918
86538
15471
90997
67970
4520
27215
45826
1076
34392
9619
80186
45323
40121
44651
1227
411
24504
85213
12189
17417
44711
85870
23527
34844
89474
57032
25578
62655
59398
25898
24912
34377
34630
38035
2958
52814
37309
36016
41048
57564
88565
90465
69078
96833
73506
3226
94737
27131
18070
41746
19050
13198
22393
81545
28624
56016
35971
52142
62698
7334
20372
20901
78005
24182
71590
97094
26251
23545
91682
2306
87506
87250
2397
91386
49970
84169
35406
95059
37237
9890
51625
59984
40843
89752
99263
27030
87612
39169
13499
82430
7286
7106
1841
8181
71384
12083
79118
37659
78056
39465
34363
34952
97217
7777
97401
55317
92065
12857
48785
11353
35377
72331
66996
93084
55184
26337
97194
15036
39408
97822
9646
58786
33293
51885
37895
86349
21826
41742
8183
23795
14857
23872
61136
62322
47348
19743
48359
57249
30952
85101
54067
63883
65025
37584
38261
3843
84354
23320
64725
64569
166
13056
32127
37419
9994
70472
13372
30441
18940
76028
48701
29069
480
65440
34045
48223
20875
83814
42378
42976
7499
36664
47348
64858
3095
58922
5221
10069
72256
42342
24763
81083
88590
21114
95210
12112
4076
73414
89033
43774
60055
37822
18503
92901
51858
54113
30581
40915
96497
92784
63978
11220
66599
6882
9387
92650
67882
17650
77949
6640
75551
91698
72565
58361
31669
84489
48767
78582
83487
67771
1695
52455
72586
95458
1122
79882
81969
38
54299
52480
80697
32507
46596
34730
54232
17145
22989
54002
56105
43229
16745
14359
85045
33009
78294
47591
79616
3018
16572
1863
46199
86983
73807
55739
84913
85529
89722
81270
45234
30210
22168
78849
78880
3797
56085
15305
48099
2806
78330
39753
60973
80777
21351
4882
13381
22568
77057
30117
52509
91618
1401
17685
44133
75868
73191
30956
7509
644
65871
40497
54266
7492
48121
16416
23190
29046
7484
13271
55578
10826
88630
62544
22268
86386
51157
68892
86206
4272
32672
48256
65283
23291
65730
6125
88961
11062
38902
78596
15149
50613
38763
18380
25361
26124
50865
6350
76051
78351
79229
25822
75728
74377
90794
43523
26333
46386
33612
16908
41691
23520
69848
28094
30869
92546
77319
41800
39483
97107
38903
82135
50336
31794
83391
16700
47878
22214
81878
78728
32747
49709
79757
34960
45956
88329
45410
14500
52119
60978
48419
80715
82510
91350
50220
21096
73043
22432
91343
81552
17230
6515
80002
30556
23620
93357
66165
91565
21490
51825
59959
74194
64552
72023
5076
14196
6578
46917
96351
31111
46451
69698
6765
23652
81667
12877
63803
9743
68734
83971
38477
89179
49830
43700
70296
13246
85290
46553
31593
91515
79803
87244
45429
84812
3666
90033
7412
11595
72954
8883
72268
17023
59376
56210
23378
53417
36732
35648
13461
4893
85206
64043
43808
7864
13585
16966
53038
53013
14545
80672
45884
20982
20117
19745
94834
27169
42026
77113
13923
42075
20830
71726
26627
24498
98598
42359
26927
69661
41708
48989
74277
39560
43316
45132
66670
2854
99879
4386
17680
165
38532
63982
12626
47299
73985
11742
83360
27406
56926
19718
63098
99773
67872
58473
46773
6438
3931
71150
61913
59733
28649
97086
95055
70021
44590
87707
19767
62455
15134
39504
53855
55330
24619
63046
78542
82219
43472
99890
46491
82260
7370
19301
29882
55936
5836
64726
69747
32487
90625
41248
88163
43059
834
20071
89406
77971
42802
41847
58967
12755
24619
88246
76587
23511
58310
8996
91988
816
62581
96753
48143
76600
73408
98115
57288
3405
94040
36375
71004
53392
20511
70865
36555
44859
96078
79205
75847
71052
6281
92080
27947
33920
69394
73539
39915
69320
89500
79600
69893
26759
62475
69212
98020
67315
93839
81997
49220
10871
45895
26049
32178
30848
65990
74940
31284
5184
79230
92583
23618
89641
35488
67089
29023
52604
98649
67570
24486
99031
7627
81780
68003
39380
50528
89976
84337
29621
3118
1968
43229
9666
24323
22281
16522
20903
34751
75966
18435
41461
12957
45366
97894
14880
60104
96843
4610
29979
49272
12230
86537
2239
96255
50644
21847
38152
24075
6591
33964
46454
29328
14138
17307
3186
84561
79682
54601
90527
58394
16829
53068
21313
50644
52230
51392
61616
74262
62659
7895
90860
57782
92625
40567
98749
15208
93645
90944
49703
44097
10449
86938
90915
20486
86826
37409
77623
37991
78715
12480
15310
93353
6139
43446
30360
63758
84421
50828
83536
68940
47637
6378
40130
5426
97970
37976
51852
13552
43318
56743
66530
99317
84309
98084
33005
86933
64108
14595
42843
43949
7981
71472
46250
81454
49608
39475
30654
75048
91541
15096
11336
259
482
56426
83109
63145
8751
3074
17753
71825
70164
82455
60137
87097
76157
52732
72217
63001
60965
78056
9728
77534
84761
68842
45363
17624
40468
11973
44909
32566
57314
81354
12127
93017
78629
52020
68662
83082
27425
89785
76561
18744
50620
93822
2717
13230
58692
90510
62397
51799
4278
88583
2300
45600
49216
95374
2909
1760
77418
52741
96558
9355
79181
20426
31837
59851
23623
55037
84490
84630
70593
76758
15558
7034
87580
23928
43335
44536
35877
47690
67965
55332
38556
46289
74280
21638
50575
22570
70090
56628
66259
76401
59327
32460
67407
63547
14322
81749
63276
74061
28388
10934
14986
94987
45992
46128
96977
81509
20025
42757
84012
83887
63302
11321
38077
55239
48571
31236
59656
85945
7189
70381
27143
94692
83102
55798
56427
29874
52446
55798
93785
26911
18529
92818
17070
88762
55237
38666
4515
91398
20912
61309
72716
89369
92352
43550
31572
28463
52222
32383
58056
38178
27182
36370
4036
50258
41515
53537
36411
93667
90114
75852
47548
65212
86040
75046
60366
13648
18540
15845
82600
80199
13292
10564
52877
3206
69243
34698
87247
74865
46161
93261
96829
41789
17799
47892
50517
32393
32586
39069
8858
91623
30762
72908
58668
27356
14837
62519
22556
40836
12465
55479
7353
56808
25745
56098
30161
39475
24630
9292
29460
54325
24509
32092
17851
79267
36832
47433
25942
87962
99982
3914
19093
51205
36726
21460
43965
89981
50264
24137
70678
27694
74734
77874
32930
31748
76431
48618
79856
8884
31285
62842
82914
62341
21255
56663
90760
50026
14919
31262
2486
34781
71840
58113
48945
56332
48686
89717
1914
86666
5744
63555
65387
55416
92092
95420
5683
45627
51429
6572
93606
53657
82865
82796
98239
29271
68012
15183
23368
17510
44611
62848
55774
8539
64680
57630
53893
30661
71516
81600
68280
18344
12688
53475
44936
84175
325
50926
9331
12759
63845
80522
29473
74005
51230
99918
90362
35640
77988
5250
38903
48252
48505
87920
92380
93086
6202
5067
22400
95878
77407
81275
31728
66891
45281
14359
18270
59215
68810
66545
21258
72248
12424
29514
7572
94175
22545
47773
26848
50419
70474
12244
32729
37654
15748
79117
34886
85132
62807
88686
26553
58008
77437
65515
21529
99926
56042
95218
86229
19828
85390
51087
98033
80548
54994
61591
51842
35375
16598
24005
27026
95962
99232
3655
66455
35862
27932
17372
21591
34303
61044
59464
61745
42378
82614
83054
74780
30028
26788
45366
53531
44000
85471
46458
67239
8563
10986
53179
88593
34907
30698
8716
51194
91476
456
59502
72084
6305
20998
91442
89095
85189
95334
64850
21800
68952
42707
737
24080
44672
18217
22755
64283
17633
98762
53320
51732
93565
14063
80257
14564
76462
46971
78127
6190
70712
42978
95533
46916
77777
93602
37262
37892
40503
94032
15590
14196
37442
48528
59567
11338
36737
40553
94967
16705
19913
76069
8560
8259
18718
44750
8886
92110
23533
98052
47911
27661
38890
87020
64334
88014
23592
31706
34671
54419
39083
38268
34062
22074
65273
35640
2109
30995
7473
90555
58569
24901
77392
93016
14921
18496
97766
64407
89135
38938
72512
27173
56251
99870
28142
12228
1237
17183
80659
66888
85492
91174
29809
50282
23542
75062
25617
30164
3595
97109
62971
2809
9453
2565
6058
76021
41163
61941
38768
14787
14043
29417
62425
44514
88012
87065
57584
30782
72004
83211
83388
7375
6692
60109
44364
85903
9569
70299
95380
57991
28090
17701
39737
92182
22438
37814
76834
96925
55617
87718
19648
84212
41458
6575
81910
38131
83926
37043
37667
90849
46705
42275
20810
72985
86036
87170
86528
61600
55526
86307
47276
53629
12017
38345
51182
52252
8207
83677
69408
56230
49343
6501
66492
68441
40099
40868
9299
62518
64543
90395
86042
75478
22457
8961
95372
52929
63047
70134
58104
61423
46575
3314
98775
43428
11707
92840
21601
58632
52033
19373
36181
90458
80684
5181
90145
80037
54948
35491
33307
80132
18573
21678
32760
95004
97482
58859
67201
98577
30422
51825
41361
11069
44851
68165
46542
65703
158
34857
21579
71135
60743
72713
87133
12947
33221
10082
40410
92092
66835
16199
23445
4312
15787
15468
36039
88638
32211
54260
54731
75089
54022
15626
80686
78777
9233
97026
64748
7253
37851
9295
45705
8781
53860
69888
1203
12941
4673
91129
74833
66049
53348
92216
64570
96255
51501
50819
89803
10534
95176
33216
50330
11957
69529
69817
73346
89615
55543
33493
41907
54576
37117
24086
50232
92082
23164
15981
84830
63685
57408
76333
64767
31181
69097
15224
15740
37427
36296
38921
17286
19304
78626
61219
86657
96336
51549
11159
99424
3811
70213
86969
29353
20397
20126
45302
69931
95653
95912
86817
95639
37481
40486
30127
5832
77355
96448
48053
44094
25594
15817
16552
81957
8987
46464
47242
57879
20014
73635
87714
14071
23037
14251
34206
22169
92377
11604
4870
7198
65070
5109
47897
31156
32758
14320
5489
64986
36196
3892
11985
24486
85393
75329
64825
20020
32730
90245
28850
92478
25945
83826
4169
63135
24271
5160
29331
41470
67965
70230
61858
41417
68699
79374
43358
84608
8083
9890
97231
7618
19858
78138
53170
53678
98987
30061
96644
26368
14119
92705
72184
30712
21799
7209
22061
35830
83478
34857
95355
67703
50681
94124
36950
9274
74950
57198
4503
99269
41503
96985
15970
32157
19664
87041
57779
18680
83744
54681
2861
38838
28239
67089
54420
45520
56810
94641
826
72865
5303
42734
53035
13502
69758
75877
70704
46864
9598
40323
80115
19619
36074
25423
23921
18494
11797
23774
33536
99014
46339
9631
92912
2302
17327
92291
19979
53287
17709
67460
55094
64324
48119
95936
25290
72059
79900
33709
17942
65811
8405
61016
81521
60874
81945
76947
31335
47097
29420
78007
98789
21429
68605
18000
6796
1025
25056
99310
12889
31486
21909
17633
66742
51458
86620
61113
59478
72584
42493
3
72787
29447
37278
8450
44280
57102
20109
18859
69043
6621
5052
77049
63145
81720
98929
82012
90738
11460
63665
37133
54338
60649
53302
33695
91325
11067
58258
94806
35436
3253
59807
64832
91188
45154
19803
59822
77459
82259
7977
16083
45301
60381
26545
41389
29697
38812
68101
58190
18012
1677
6103
54543
12044
75055
38040
98653
44045
55401
48148
81049
75765
6556
47762
65797
23504
10613
93236
39362
42889
17176
41394
47
43298
64846
6431
44821
78103
24042
21309
47416
62043
36871
21005
13698
16452
69659
77128
99924
37543
35958
42745
57728
22440
8878
84660
23636
12400
40596
29463
2449
80039
41524
33534
8155
19448
90777
77686
13779
15435
97703
4481
77987
57839
49200
17203
17710
60844
99421
9947
63570
12624
13872
22831
89961
74785
69497
99173
76279
16355
32135
4003
83866
27247
18932
54830
32797
96257
55374
39328
25988
85615
38950
41072
40416
33396
31135
32978
47876
21848
88213
37209
48571
79465
32310
22055
27362
30879
29618
44145
85129
58414
80955
64640
78926
91750
16531
26355
3510
54037
16523
26981
23628
35506
74562
94622
72435
14994
64400
44642
