23436
58712
62925
26265
66798
60045
23117
65637
51477
74788
37580
22623
44104
66058
91359
63913
73299
35412
91602
88952
33262
51097
67212
35278
41315
4106
45006
21856
92040
66008
27108
25085
12575
17383
80438
56908
60945
13189
4464
61312
68714
23613
19899
64870
15689
54363
11394
26092
17701
81460
95733
94224
30144
51387
20658
18347
96168
71912
50625
61849
70786
53652
97229
96539
91158
77590
68763
19576
71422
94253
83736
25984
52163
39656
20261
69113
27108
91727
35391
47079
97428
67501
10226
13270
81737
51627
34490
84854
66731
3733
68706
40921
82125
56201
39995
22166
70772
45197
81572
10576
71830
88961
98458
44909
46463
26346
20335
69516
63008
60697
26249
74619
38052
78328
29517
46283
59456
76098
39589
64513
61756
53560
56176
6736
86452
96236
11661
66977
11824
15355
89733
94654
21527
43754
1465
85661
85938
77216
80128
80951
43297
31164
41823
83102
91213
905
68621
41820
738
61695
16397
29409
19366
49577
54588
36655
13826
57380
61437
17291
89871
58493
73707
23140
9990
37778
48271
68935
43900
15827
28731
17311
72875
38016
70848
10296
23452
78868
30116
83902
2803
89869
85527
85968
38212
77654
99175
78737
49531
91962
39068
81099
26517
94729
30432
82242
81408
37197
96866
75524
99053
15426
54518
73701
31898
63009
98789
10045
72895
90114
67720
99177
83329
64184
42048
60210
74755
35135
90111
35523
74224
72873
98444
87997
60355
52231
41451
59349
79036
98826
58655
12389
82941
42761
46873
74399
77434
89778
26686
40217
27210
52205
58944
6381
26887
79186
23226
89285
34708
65250
75341
69426
62413
67689
38931
74110
67805
88845
49731
23798
22422
49581
85247
14000
91967
74898
8913
17620
21580
18307
41873
96470
87694
89005
68030
18493
63281
89791
53175
98405
16171
57061
79974
74903
29652
69555
80093
69390
49297
90026
18974
63180
61353
21041
36808
66841
29500
2554
42584
4094
62667
56033
18137
14680
22531
70583
57912
61927
40896
2095
99892
56181
13696
89253
93847
15486
26300
89414
44462
83098
60924
97538
45783
91001
75998
44101
1332
5603
91285
55720
45053
73736
39779
95609
18848
61822
61545
96565
5610
24415
56232
50281
96896
23247
10303
52677
23911
21466
7158
42076
81156
16549
96750
53999
44977
91673
89332
70697
61994
75115
19502
88834
91206
24729
43534
24013
65819
83193
44888
67829
28069
52086
55863
39271
52125
95503
44547
2676
42101
60699
91602
99589
14663
42453
35241
74246
25551
48045
58517
72590
11469
38786
45419
28199
73050
68137
90665
97892
53670
16171
10281
84850
51939
94255
32152
35416
3501
34877
1689
10965
53154
96388
17241
37571
19881
89303
96239
3585
79505
77383
96920
39494
33449
14828
10369
87620
30995
33593
91005
57098
81954
61494
29561
2221
94223
27746
73017
37938
28825
68930
97390
45249
32374
70633
42962
24359
78623
2588
30971
10336
80737
7139
45434
12070
4316
98425
21363
74529
2639
13087
95751
40247
59332
37737
57173
47790
17429
56112
84968
40339
75605
64231
83043
19961
12556
47743
6184
53499
46001
18528
81879
39186
15325
97980
54079
82182
52451
2462
41410
64088
97911
95395
21391
39551
52843
97721
7483
31594
10416
50507
34119
66445
35960
58930
99664
30456
41348
76925
14891
22362
5274
73085
69713
2485
64474
95154
46456
46813
81812
52178
66835
78851
39198
9586
82033
40155
48217
45996
46669
45524
12962
82071
88847
9284
97119
16298
27763
6327
35471
24739
5137
89928
16498
81064
90801
14998
91374
99068
32065
83262
88122
81771
58694
70224
74865
92272
95488
32780
51511
71645
96731
97678
91938
37954
7363
14178
75734
33506
865
961
35797
45084
31845
55318
15302
78598
13132
95622
92347
6087
48315
55499
13554
18515
33494
50338
13410
23266
75403
35964
73123
53649
48753
4025
43221
59414
40508
67310
91709
95031
89619
39580
1173
58522
14681
26075
4873
82893
75608
83708
19373
73633
90327
44130
64023
83693
89802
20953
26532
4346
688
33582
2418
8067
14344
43639
24144
2463
90085
24121
3191
47670
40976
34434
67396
74400
25389
20709
91369
43325
31915
20882
81427
63950
17063
27133
32861
53365
80251
58812
52103
44046
18124
42880
24574
99669
44860
86726
43339
62983
89870
26811
41202
75995
70476
6575
55461
83335
17970
2526
63146
12307
6192
21757
7547
41680
5847
42213
8922
81158
33177
69246
10153
97273
22511
35570
48447
53938
21530
92115
44795
63245
83146
60293
36763
8144
710
3572
13639
87983
75026
30451
89458
15448
9028
45459
51394
31759
67780
41491
34302
60097
37324
3673
75383
46723
90899
65430
24143
54675
97033
94313
40983
1699
1772
26482
53164
41688
62641
42076
18078
55092
63573
81354
32673
37577
51644
64932
50258
97513
20299
25226
46571
68526
70446
70516
7709
80126
66852
38174
54370
4724
16407
57565
37564
10145
55050
21691
52313
21350
31372
41028
24060
97182
6768
29018
29149
2277
67549
60032
19972
86125
46223
28832
50325
62657
91513
9960
17812
29645
1925
53642
8269
4124
95377
49855
81672
17570
93389
53324
29517
25774
83512
13785
70254
46701
19719
86911
38567
9627
97173
88326
68606
32803
58101
5238
62162
2168
94015
43314
99243
32618
46953
2240
30368
29494
93910
14224
82057
45680
97787
28825
4161
40001
46890
88090
42005
92995
68589
59194
38993
3179
14027
28656
77441
42783
13472
52912
97472
66252
93980
39447
92137
72340
63053
70617
6788
4456
1229
73883
17402
93034
13280
66889
34370
50347
36936
3411
21199
88708
67701
31554
55010
32728
58807
7543
5416
45185
28695
57480
564
47368
9256
38715
81655
23171
32289
19183
93195
70874
37306
57606
61905
41042
47457
77677
68381
28135
60060
66041
82296
36476
16622
10483
25349
29457
60986
63325
26534
33514
90063
84378
9003
64603
9561
78597
49909
18511
75264
86510
89382
95635
92503
26488
11593
86195
3589
17053
91863
18563
45839
18704
78886
2953
81378
14464
83715
47023
52157
26037
66075
41990
18330
23688
75206
33374
35253
53089
22162
68327
90145
56246
11435
14923
43927
7078
11791
34205
51494
44664
50124
6194
25543
8917
16104
84129
47853
52419
88774
28818
50380
88238
66309
72838
37628
37116
49755
35656
67409
30673
13498
76032
49086
31700
9526
84541
67361
60183
60216
29565
90627
88630
81156
67790
60924
10586
27948
9597
91837
24343
52035
5960
62442
64118
44364
65226
94236
18422
42145
4167
96473
84937
49165
37816
38427
65945
90049
9524
82028
33991
26657
59273
86169
26821
16344
72472
63927
26763
13953
4134
20156
37026
99026
9700
85128
25049
23214
7286
98294
83044
57077
79826
64494
46629
61380
45890
949
77853
26231
26563
68274
35356
53151
28375
65443
43888
93716
34517
47854
31628
83396
51255
55785
12892
84177
62255
97125
91981
91081
38284
99678
64177
24212
61890
76067
83596
95207
17298
43586
5486
71947
97483
64646
10698
33462
23645
41105
27440
84282
78359
1072
69477
617
92853
93928
18548
52989
68244
43457
69953
12256
12712
89804
28506
59324
344
17599
81413
72620
85872
58469
90487
13053
70646
1580
73440
70218
61306
57164
66279
62409
1756
40870
98648
34444
20790
56991
22366
97808
84387
83985
51472
8910
46220
74976
7191
81015
22602
27130
17665
16005
5758
59242
80129
87447
23739
32524
78945
24899
20220
88188
73739
28499
54258
32320
45884
83557
34833
49390
95445
79558
36030
75246
28901
85527
31823
48915
4134
824
89887
88806
82017
44203
59649
16383
186
18335
94806
87545
37021
83818
52009
17271
66709
8136
32761
80574
16628
50852
26055
93021
71265
97264
52888
50389
27835
2673
74291
61741
11292
45283
23333
5400
30440
83811
30673
62846
79523
92949
42801
67662
50267
79501
86772
57335
7193
38477
95407
41037
96009
35566
69697
53377
95206
60204
49045
73026
9222
28672
3940
49308
23876
11560
95725
95995
18432
82701
37153
49216
57190
89536
52567
28452
17911
48248
75764
35293
80341
56146
60192
88778
33658
39099
18629
13539
14157
16426
81822
27474
64674
13541
91200
1350
49891
83233
99110
47912
93286
41485
68887
96299
45515
10538
65791
40042
17250
93607
32494
37996
7594
81979
54856
63343
28369
96646
47223
3252
7072
92105
17247
35373
24657
94074
85467
8861
22869
16233
84520
83080
92522
83186
94232
34196
52379
3561
83645
77359
86489
92023
85639
32673
39879
38810
87138
20553
46259
67087
87366
83853
51703
59229
70590
22766
41010
7402
69376
92288
35661
29372
74690
96224
6618
67108
77069
24863
20324
55710
91848
84360
89543
53653
10073
29735
70321
2764
77533
15251
35955
24627
41248
86797
42052
1594
30556
715
29983
20737
12614
7975
39510
40765
75365
9292
98143
26307
54989
98803
22122
82128
61516
30002
12713
69494
14463
95566
62726
62291
87969
48987
37856
73962
86092
93665
23910
20630
56981
34634
45617
71476
31382
49697
41620
32680
27900
32904
31031
48632
58661
59081
19900
4563
45530
39184
77626
11016
55220
75890
39035
20213
71321
604
29056
64872
4359
22840
15385
36526
63117
5197
83832
28245
6644
99546
86389
68642
78147
87043
67953
1508
37994
5318
50283
89208
90979
89968
9888
80141
97896
72498
46609
77491
81648
6167
62024
43392
41429
93902
51681
12377
86547
57336
93816
92233
63675
92407
86687
3497
8797
76799
80242
55814
8855
4786
4138
51148
38632
44957
50151
44617
30342
72794
6993
32627
66071
57627
44793
61275
97065
90956
77230
55998
25993
63187
9275
33629
22094
10100
45799
13372
37015
64706
29482
4649
58559
49632
1998
89546
76315
38400
34220
4661
68984
18197
39591
53929
10470
93684
23641
98118
9161
89756
7123
19499
93025
3706
3445
93645
49640
38695
56838
58299
4948
80908
45419
83243
13251
56366
99829
80393
56516
87363
69760
52394
65099
77011
14707
14749
9056
96263
25888
29844
51867
45916
45092
52360
118
87311
76213
86115
42081
1857
53806
58751
48364
85404
43038
35507
75379
65951
38678
94319
26522
20016
95570
41716
299
70824
65135
1999
88109
24843
83713
2488
44041
86306
86923
39035
24577
70229
61586
50139
75628
24627
28971
42801
48715
76938
13433
11113
49619
52584
74674
81871
32202
93036
31963
92560
94285
88611
33246
38496
85603
37553
80934
33221
44040
96048
14427
63288
22320
98245
55898
21498
72490
67062
74460
22210
17950
75438
59719
32862
48394
70035
21847
71597
83420
59144
12302
24571
39357
22290
89484
74227
9551
75296
53157
59448
99545
70426
52031
11682
76794
86172
20229
23665
64194
59567
53618
57632
79010
59058
24889
90150
25348
93420
89008
70762
84770
83423
83793
92872
70706
30469
16740
37322
62027
23400
9431
72705
7939
2611
26258
32933
85280
4942
32867
11510
2515
18716
64134
90938
8191
15145
66838
10559
29580
56242
18912
91342
98062
41506
26845
10164
82212
68000
15861
25092
4294
60442
49528
43373
12406
25077
46547
39492
37287
89346
33427
92932
51514
56945
83383
44765
19505
96103
96833
35966
21070
59552
44488
73563
83215
36481
4766
62014
58928
47586
64224
65
70531
79313
35089
98278
51258
89964
33961
39657
3352
54627
13081
56309
78185
59150
24212
94221
39180
43847
51996
83421
60914
76279
34621
75696
58550
12411
65968
69399
27414
61030
66930
20907
3135
21100
9113
32665
5091
22460
51281
43964
96426
27057
37308
74403
84887
75035
78233
67358
78769
87042
12838
91853
94162
26559
78038
7395
66955
81591
63448
5975
85788
24191
45870
85043
88621
21709
34764
22490
13874
90440
54782
92925
58729
18217
18778
55995
55073
75004
86379
18974
60022
47952
65589
36836
61449
42322
12961
83587
15115
14760
59430
58772
72600
30774
6747
70775
13174
91681
62739
16699
73660
34326
80640
48836
34973
87195
95982
65266
35629
38345
2221
21677
37806
79246
23147
46145
70277
34055
62479
17555
70811
23653
81493
36347
76031
98890
88952
68396
28035
34491
58784
27421
30160
76787
59464
7654
86814
8044
71185
81150
95136
60026
40083
59770
31846
88637
5488
52512
7029
20761
2681
58015
17479
44915
72385
36084
81458
68641
46606
89801
65383
90948
26914
21969
23382
76139
22286
63995
76234
85515
63790
51352
94322
49424
37937
63345
40842
51158
98662
70578
16122
10661
48044
62561
22201
37245
50339
69702
5774
20808
78455
57773
61224
7642
9980
88008
70358
88390
41661
44237
86595
21761
12440
83899
41298
81623
62213
13219
23889
77223
72829
47653
96681
39172
12005
99320
41850
69939
45053
96235
79437
84363
1291
88316
73979
86910
40773
72313
80923
99756
38551
99178
7747
55616
87675
5039
97884
17456
185
15848
50058
64580
90190
84019
32942
73234
25099
24503
27962
14048
2747
61917
42850
74472
9055
6935
26162
85999
39661
57041
54771
20382
73548
7302
50998
8382
58843
37768
94594
52790
62663
34693
21893
49460
97535
62518
47637
24372
61186
11909
92094
64708
70859
61327
340
88275
185
80256
53956
60626
76977
24522
37318
92608
83401
99474
49228
46492
29352
41241
2695
59692
38749
88553
60202
65405
64999
15359
62815
72458
12552
9422
98516
7689
97545
51190
42056
5382
65259
32854
75155
48938
25365
31123
23637
21373
29100
83358
60884
57133
81198
72536
90805
77637
54671
93397
76912
50070
70806
51203
47046
77742
63901
20072
55918
12804
47628
29938
42217
17572
36318
78066
11289
7548
76910
93475
78472
36727
85852
67967
39584
48895
1398
27807
13289
52600
25283
61447
31459
76611
33250
30157
5427
95626
75074
70608
26513
49503
28911
18297
8913
82039
26340
87280
91962
38264
11716
18762
71243
51702
10823
9305
27418
22397
30589
23688
83951
27600
87234
98405
50366
89096
20779
56464
77125
50396
80844
65475
31223
47934
15622
14725
11830
8267
79511
21492
42968
9945
36782
74522
21842
44761
90760
87389
95063
91541
74121
44056
20982
45574
27486
85697
88503
25421
46806
66429
29144
69389
878
10352
574
70047
38599
46118
16064
55163
85654
98497
46403
15122
43661
4613
42525
36629
54875
65963
6752
62480
93588
40935
22341
44677
22636
6594
19327
78176
80633
53180
9714
51052
32195
81596
46569
27479
28831
76037
27154
60847
94878
24337
29450
82062
14901
58890
81931
69443
63858
52457
3043
63358
7874
79895
7300
68174
96696
68871
16449
74878
47034
74512
74854
88999
22744
28638
63954
73983
14112
62867
34915
25190
66778
81978
12319
848
51238
54459
39406
44300
68755
80845
1492
15852
61707
34868
46985
58931
95650
59908
81526
6684
97508
4302
92513
67963
55598
48201
21516
10442
25159
28098
46716
81281
96825
37730
72892
52811
55474
89068
15417
39027
56114
23703
58059
73965
23603
29141
61149
69788
9850
18456
25643
61592
10825
41159
32927
84015
25677
84873
80142
95487
44598
76229
46003
65637
13207
71170
33551
65000
60128
71381
74108
60335
89069
34208
79798
37605
60303
70472
64637
49478
85417
84340
70011
16613
62539
7994
25594
57677
46857
94863
16601
83112
83888
16924
43576
93157
23486
45783
27032
48593
35893
84798
75750
84559
77830
37709
28785
26215
38068
20460
7381
4831
4021
97488
87707
91074
34993
7541
16280
78993
93176
73578
27080
26500
39227
32518
20883
27246
94775
59246
47586
8738
48295
52108
41351
8286
45976
2988
80387
31760
51210
31346
67668
3005
56917
45206
90629
61207
44292
76668
73038
86104
52661
62404
3315
28749
22437
82790
68600
63994
39672
3043
41248
2975
26185
64708
24785
95855
19096
61132
32464
61001
24178
20057
25698
42747
30916
60220
87889
62449
70058
98343
21658
7200
68437
40227
91496
21827
62073
38863
37638
37450
82557
41596
94561
17886
21643
69340
98936
42670
71724
59201
55482
78189
98252
96963
69705
22848
35235
62183
25069
63616
86396
96407
28553
29205
25944
70293
56065
11960
40175
45469
41868
97152
98370
12617
37043
83192
20304
51508
39693
27285
50338
66717
58582
49195
90479
85751
30324
42349
27706
20944
26483
79262
38963
67197
81988
38592
79065
93270
17276
83975
72801
10831
5706
47486
69762
53517
40146
76544
52883
32589
76208
52921
98659
48003
59367
15994
78441
72782
75788
33989
33578
59933
12925
77654
70761
19133
53646
46053
67786
12471
21735
75270
50394
50900
78701
18877
91617
16250
11582
96301
19954
25756
16983
33534
2058
26945
43274
23633
81167
89780
41590
39111
11403
71913
28107
82292
90461
67212
23096
66892
7260
69560
96900
34248
71731
82143
15768
86283
95442
60491
70918
88328
27352
2518
90560
83803
38211
4937
68524
13873
14030
9131
44174
4881
23535
48235
56532
91230
283
27994
35550
84025
20487
18652
72316
879
51797
75686
66161
85697
80355
59819
39806
74767
40791
20906
96842
99566
19876
45654
58
24979
31282
79400
58813
79359
43989
41327
20406
13398
8814
40929
37189
15979
61026
64502
47766
50911
76807
68881
94940
64534
50950
33329
73801
63002
23510
68697
45953
25284
76122
55751
89550
17391
7921
31639
55157
28878
89060
50814
54369
83499
43955
17270
37959
34962
79383
79244
39210
75600
86496
74246
88773
13515
10576
78403
97117
55592
79331
29411
76565
9864
91391
74135
601
71203
36289
38291
82317
53927
20594
37287
72563
97702
31723
82439
83553
27090
66552
5414
80765
26508
85294
49185
36488
27864
5526
73490
52684
22795
31479
60992
81854
2119
71979
80582
44155
57804
66074
28972
67017
62245
26490
82966
41949
52395
78687
35664
68773
76304
94340
47691
41668
14404
11699
94251
83882
61026
81588
76251
65807
82118
16069
23017
91225
53050
28998
67485
319
67520
91221
89178
42935
50062
84894
97936
52055
77634
5350
70245
75140
9591
51419
63472
56904
78620
61870
15802
6441
49403
64253
64472
41864
36392
99747
62697
44126
99457
7921
32732
82374
89609
48953
10852
79481
21293
43761
4665
5686
69335
21352
77920
11807
19775
28981
5489
76713
31443
32725
31269
30599
78721
23442
28865
28285
32507
56754
54914
44760
43345
59710
76775
18453
20264
42046
86789
17626
5799
35782
90924
36844
57586
26082
23364
13583
216
69020
43333
45924
32742
56687
17954
38598
25969
12515
78311
84358
4107
5358
30305
67154
10975
57932
80215
65616
80195
39428
23784
78353
78100
8755
10775
56750
2472
13417
90903
94149
36413
34431
55896
96693
56602
75951
16611
3878
43366
96771
19441
26515
59075
78392
94491
21735
69400
93267
29914
22253
60620
74903
31596
27421
9613
10926
86607
53510
70473
85713
28601
58810
12152
78752
39426
3173
30331
57073
97268
37468
4356
97066
68606
69568
89859
17761
17887
94564
98249
64523
87312
64721
5442
54165
55786
21230
15957
44917
77132
58348
23869
78464
19084
5091
4741
30672
51879
163
35709
43526
38367
30478
52033
44581
38646
67525
69635
51762
7079
50665
29522
58321
75438
7102
47598
44375
33990
84121
4285
91187
29030
33858
32446
73319
11196
23493
36130
31820
23517
46637
19855
94026
80929
61736
3031
73065
68784
10280
63264
10755
82505
80748
93306
13974
45369
78593
71716
41533
22115
19067
47669
69296
71696
12129
56293
69624
221
85995
66502
33757
68367
89625
21325
83306
47694
55149
73367
23930
80054
86019
75247
44017
28435
77502
5770
82893
34150
10487
69744
27849
4300
95355
26059
31733
33258
3066
2801
43442
46012
14356
68244
71635
98186
48946
67213
8762
86614
70745
11651
26830
11393
64164
13672
46293
67987
7286
23206
95684
32587
90049
87801
74268
40382
90445
81101
66786
29283
14792
51507
98706
97487
71339
79828
76985
55219
16606
10654
34750
95553
47687
29105
986
59048
37198
6989
35062
21956
29362
65473
55786
50935
45865
48493
49362
67441
3550
77918
68283
24553
12516
74245
73730
31627
65106
44187
42163
57983
96814
18481
25053
9065
84029
8049
93617
28295
62518
95825
37541
50455
83891
73629
48319
55888
65776
66543
39453
88849
98144
4874
81634
85218
87644
53764
9328
60934
75721
79756
1248
7669
92691
49556
45091
35145
69867
4351
16138
97403
9251
57791
82160
1357
69738
31691
92888
18186
52937
23906
50345
79103
51829
60166
28828
64503
10053
32754
4580
67222
36506
25190
37369
92658
22455
98617
27913
31598
77906
60522
47699
62012
76389
2885
55017
65771
80994
32925
20120
78263
36954
58273
11735
80581
36070
2090
15781
67586
13956
22898
81317
87584
1128
86085
9768
51970
11353
10413
25842
34150
85071
11147
47446
47721
79585
12972
38017
8673
33278
79375
49726
85088
9264
20733
8811
48619
10291
29894
8674
30702
49935
21715
52961
41657
81686
25309
73110
22254
3911
98505
15891
94915
77933
24989
41217
18387
10448
15483
16237
7704
68111
97405
53622
44470
83661
29061
57314
55039
14939
94288
80466
82114
48024
3912
93458
48812
22824
64818
10572
58907
84267
79848
69784
17286
80345
81137
10419
66369
40574
69217
38875
38137
91703
98455
4140
27727
42058
36069
23718
56663
55813
61568
80654
67631
64818
7134
61902
56109
97173
96028
81459
48305
22072
52991
67484
11349
97048
84230
64290
46651
93496
47950
21350
89156
97733
43047
33154
53289
85876
74802
42375
77878
12266
77306
47522
20993
17208
13863
57347
90717
84179
84959
9372
80182
64382
9298
84332
33541
52579
85086
36803
24684
54022
59403
39704
85343
20354
72061
53981
69372
3405
61392
73669
101
12536
47168
53588
67061
96394
89021
13053
23051
20781
52485
4462
64937
75418
65458
24042
76313
66028
45058
24221
22338
4794
78502
97403
92120
64967
26711
65795
83576
23968
31709
37978
65908
87833
25761
23095
19704
44872
61011
32333
84009
98250
85361
36147
60284
28732
44071
9517
58306
73243
84770
890
85555
22921
14893
71754
49248
79743
2682
52133
77292
57844
43192
21862
23644
23825
89983
709
63094
50617
48032
9012
98000
61901
96087
17759
82044
71092
15530
43160
76805
9374
96008
82781
64932
9373
63538
47851
18156
24223
78539
42512
89575
79289
18847
98040
53233
95608
99704
63192
60509
64229
6490
131
72895
93367
12361
6828
56630
17875
20629
5992
93025
92053
39441
25349
54308
57289
90123
13010
49505
49807
18836
54860
98964
92165
55937
78818
65303
97209
41087
68552
32186
49619
94136
19511
15504
59537
59453
58987
33817
88774
39446
98938
44671
90634
92640
35269
67602
77290
9915
89936
63586
55270
86382
80414
85649
54791
51533
42113
42374
88062
71950
66714
61200
6952
85345
11404
91968
21123
20739
90745
60146
31803
85839
87873
34924
92218
30653
245
48007
84936
56297
39917
71452
50514
75983
70413
95300
78479
26095
58860
40884
4026
35923
67345
88268
46743
10407
12244
1856
87144
79698
14679
55537
35915
31328
95492
62840
24264
26182
64107
80661
95559
80717
42278
31023
45560
94942
72862
10803
54551
54572
59224
28103
77477
49959
73937
90940
40649
6447
86241
34147
23502
91070
75113
98704
92767
27448
94549
72750
56511
42535
35088
4273
85636
38239
85039
61654
55655
47197
14895
6080
10126
30519
64092
65370
31973
31943
87024
30022
35971
12062
29684
72827
16066
46690
89384
60943
5530
43774
14979
55170
33080
51191
29659
9609
45747
84452
36667
36600
31816
46254
17694
92505
89504
17531
45477
6135
87793
23365
31959
91917
49920
29815
3853
9283
8527
14147
76032
22164
81761
45933
56962
90706
47288
63610
36135
9072
97086
36880
57509
4769
69215
68480
53954
19992
30160
17739
28264
59255
30429
51647
97494
63925
54269
57771
97261
50563
49702
87438
27921
30210
55876
97263
57209
58741
97004
10439
89855
9064
59344
58045
31567
6634
94351
6139
14125
93126
31280
72221
57349
82857
99781
85635
5681
17542
53467
34686
39275
30016
55800
28804
90559
36544
46702
47755
91871
43968
81201
56833
34419
69471
95654
71802
9194
81168
5832
56205
40012
27921
34720
51959
79235
87678
25613
25255
30434
61919
67383
64437
44015
91518
33196
33251
29521
10359
43157
97019
54146
96009
42036
53585
44091
18918
22515
51882
42868
77864
16653
93175
53797
97895
194
5977
61796
60722
2771
68177
58281
94622
73513
4895
67971
72642
53870
1068
25881
38281
45821
37561
6176
76849
99033
51732
45830
86029
10925
19443
91840
43946
85862
6054
49304
17592
99357
1119
1670
40173
68249
16638
27266
70497
35382
59942
91194
34188
10164
84316
86959
21745
73766
66380
17302
41508
59892
69720
32063
97499
99566
93633
13994
84394
53501
59801
98899
95955
6660
47002
24670
92335
65282
6589
15036
10924
54830
24115
87521
84829
28002
19533
88140
58268
8612
88244
66384
87454
90694
42598
31581
30285
12426
29337
63110
611
21903
46464
61335
29561
10032
25201
36617
13787
5916
85964
68595
55727
65348
10584
67597
30076
3176
53484
98124
20796
35668
4811
70277
6023
1826
75849
11065
44009
29895
55190
2570
51192
53645
26034
34866
85044
62546
60432
96180
75005
29063
11873
2464
825
71744
36345
52266
96168
65743
57602
97997
86508
25816
86619
81282
31235
86089
74081
63398
85494
98757
14120
85653
76663
23345
57078
33513
70026
54545
9546
10051
56641
55540
53632
30929
19851
52252
67652
71810
69437
8593
51252
53430
8060
67231
72748
20111
90429
30657
16500
13298
36067
96788
9810
68625
87952
38334
67931
57520
74745
98534
77230
37643
83042
55944
25178
1368
58033
57831
21246
89097
20138
40598
63067
417
54239
79402
12390
3329
31933
54848
22365
75470
78915
37227
72802
55630
96669
32083
1947
18808
70779
91121
32586
15523
34695
54927
49280
41659
62981
31152
47934
40916
37566
44552
86495
24682
59969
11839
98507
50538
55616
47498
33411
75692
96374
17646
42904
5168
99942
1690
62709
59774
4307
77931
30394
94238
46308
47772
16547
64078
93772
13897
67174
5741
1484
77172
53909
49010
15555
10156
28296
45240
14880
97325
67654
23505
63313
97470
19318
44637
84998
56683
54330
77716
25228
62256
63817
31590
19529
56331
23063
60573
74993
51773
7522
76768
26860
28667
49465
90765
76223
26946
97466
11404
46847
31748
28295
67403
2285
48865
16937
55856
58893
88004
38303
72063
14556
44505
44588
47380
34024
18952
68844
39471
73119
11621
32207
67969
12154
16343
57336
76936
56299
8148
27429
51368
48001
49996
19567
65829
59779
93462
18381
36107
86891
58621
54128
46961
7581
14810
21901
44777
67448
90206
41285
37106
61975
93164
16398
95293
19787
99282
54661
85331
88360
43832
41270
55640
11811
95449
48093
74083
68364
66641
69699
11728
18177
13463
52892
59257
96690
45340
52132
44645
38579
27357
40097
78471
83707
28930
63032
90403
9609
84866
1432
41743
5755
18255
80688
48328
5143
74697
87032
8473
97429
77331
55113
60614
82372
27184
6507
86034
97081
39821
47373
83293
31109
22047
46758
38312
65097
52816
30472
89247
67029
37899
64879
69315
7025
81807
74758
84546
16727
18460
59331
92981
9246
66793
6196
42598
29606
50612
12263
90895
90205
30020
34162
1262
40227
41309
58001
38986
93520
32193
48002
58082
21074
66855
61838
28089
6487
45521
10040
54013
30803
20988
42510
59223
44873
11380
49368
87326
13010
59667
70805
85127
22431
18062
2547
59953
4637
44479
83503
10467
19574
26136
29493
41843
98836
73707
34996
66795
44867
99025
50598
40104
77129
55971
82996
77141
79257
13557
87681
72557
61398
11323
31199
31184
46107
26889
41826
5605
15348
72424
63302
30044
27397
89966
78569
6970
23260
54329
24617
75446
88166
58599
47443
10372
71290
99703
8315
43932
46165
85621
35736
15021
99427
52270
5729
41808
97952
31123
69533
34175
79026
18740
53010
14712
97511
83975
98093
35668
90789
61717
41602
34525
51552
24669
5976
13833
72999
13703
55106
27311
20028
95056
39554
82453
50055
91147
77311
84193
83380
36588
81542
17126
3556
60070
81206
51701
16632
8563
7276
56327
89915
94525
79224
10262
90225
28353
97583
1143
63040
20383
7601
93407
38904
97672
53751
83409
53964
83317
20600
62861
94243
60819
43346
21489
87693
30069
89960
78601
31006
35708
76383
91110
48903
72572
30997
7280
64875
18681
33437
97959
38891
3490
56003
99665
34575
51460
16140
83451
22824
36366
21490
7251
71529
3346
59693
54458
56771
31052
3007
8692
17906
88457
40710
77434
13681
17889
68617
81742
49743
59581
91212
43359
2206
72412
88101
55365
34938
79914
55334
28508
83079
9393
84702
67263
73817
42170
47510
52206
92896
8145
18849
93875
19419
30680
31775
63659
64261
12386
65578
39829
43755
25595
40404
18062
9765
87936
49466
34539
85764
99513
63887
46143
67743
91632
56726
89725
63416
13657
34342
84988
11750
66296
90096
40511
96748
42911
61964
92009
27095
69744
71649
11542
29923
81184
9269
34553
82138
12704
84489
74747
96680
60926
55933
12289
77121
19238
6323
47800
60900
87504
62452
50672
60394
22274
6791
98475
42334
38671
77257
95522
6913
58453
21072
90171
85254
28201
94324
49461
8475
70568
78657
38978
12050
28621
85242
55562
76560
32070
6955
9565
11174
92178
64585
88505
95239
69507
382
79194
55856
32292
88188
33905
32712
50453
98303
417
30595
50002
4239
31464
27556
36222
51458
73680
36325
17113
99995
22307
47657
38278
90071
67872
91065
92282
82317
4582
24936
16200
20717
50360
7783
34464
49999
21436
68486
21980
87655
27028
47359
13815
73713
48583
7127
33758
93897
41393
73224
19131
23936
92748
84078
86164
9111
60371
62771
82224
49791
21355
76736
26042
70856
59630
87369
53686
84352
30313
75507
44525
52852
71157
55243
10759
73078
39734
65682
83854
19751
17210
30287
22576
78535
78174
99131
8820
6347
53187
58325
69377
10971
82602
67706
38740
54398
92171
26523
34573
41593
64990
95179
74696
32080
75698
41837
6604
34779
51506
62856
34104
41406
95859
87681
21705
45731
99949
32636
51920
69274
58361
2387
93077
18059
1520
90496
25203
87478
10565
83281
27128
90147
54940
41288
69467
42193
98367
18870
77029
48026
56114
52416
31760
48075
29092
38828
89001
35615
15405
9456
64881
59397
67484
34042
2016
51908
15098
41901
46222
69785
5893
90540
57273
39075
55505
90988
20705
77444
31521
77115
26229
25398
10788
89715
21674
81957
83973
10494
70415
12103
29986
901
75179
32495
77986
26780
27709
98460
42783
55318
38678
42709
2878
14736
49534
49795
37366
76687
25137
75483
78973
95875
93304
73380
93055
69740
45192
95893
83293
5808
68355
51494
12224
99519
35794
11586
91983
4793
68578
88073
5243
41301
92409
60470
42929
35144
9720
79101
72658
59267
59270
75403
51065
89710
98645
80342
62566
46186
71612
85996
936
92744
27333
61483
9420
25902
78951
15697
12354
91785
34565
63750
60501
22040
8859
12727
91681
44880
37628
72432
78207
6318
47562
57104
53978
81114
11158
95271
68031
44657
37308
49105
7557
10320
17000
72301
77308
66564
78749
97919
25159
48043
15263
87904
86476
51303
59869
31223
78507
36300
23253
89648
88646
9700
35642
67160
85073
25331
71259
96287
49828
19500
68186
36240
47552
42707
14783
25738
98637
46225
9513
47163
93632
2402
37327
85991
87755
75285
80815
92502
36155
33294
65299
79935
968
87051
46828
5231
87431
19507
38228
76388
86689
96584
69078
15035
20120
69070
58024
99274
8045
53454
92993
91121
76294
66060
45470
63915
70625
76526
61914
58642
6538
49098
2542
79872
71487
92300
6157
35631
67034
11282
28784
31570
18184
12645
72921
35921
77890
78378
40750
2316
74141
21078
51068
99583
55968
78954
69149
30529
59963
9833
19416
68324
19587
70463
58809
81851
86893
99689
12493
30578
19437
99504
98487
69614
17753
4427
69374
53863
24556
39898
88250
7907
25273
60265
85746
15170
90017
85405
63902
71072
54320
7129
75397
40445
6626
19270
56185
54140
96197
5486
88197
44382
68742
92687
84375
45555
85927
92329
33720
38718
22037
28603
9794
88647
37912
76930
44818
47418
61167
36998
94200
80295
90098
7377
72213
34154
29577
77205
75609
52899
73329
74164
56290
57220
79875
43034
29174
367
63893
10648
86081
17156
85015
44124
49587
171
78164
27727
29297
47678
93894
80159
92169
6766
77944
29757
13706
44843
97603
99043
91161
12077
26906
51171
56234
1700
22497
3134
84158
56435
64481
63962
13999
47365
45951
27925
14897
28471
28979
35559
67697
65616
63565
64924
7727
82609
51691
63036
99167
48184
20461
32084
40924
4607
14767
12
32344
93977
54087
97665
80310
1016
60105
15630
34347
70159
72167
92013
82423
89188
83644
57326
15156
52879
87073
10365
16035
78722
30494
5403
81563
4513
89014
80693
58642
11114
88808
97624
9433
84715
89876
72915
5106
61886
18192
41838
37796
42089
57007
72697
87717
52726
48323
14567
60855
54937
90868
53330
79881
41048
38329
63344
27399
39320
89082
46916
19857
84046
44655
40800
47685
87336
85423
78522
53956
9435
40122
18840
25800
86960
87752
87358
30049
43579
53800
81567
33803
71464
40006
63056
66726
81282
14413
37944
79065
17958
79497
93971
93235
98103
76650
88021
27705
86337
35300
86658
22485
86611
74668
80431
72839
90639
63850
63512
76534
53079
81483
78049
13565
78302
95716
71798
85928
85040
286
81089
93454
69901
64983
6504
77096
71594
16424
37676
2580
55756
24011
31468
52744
6263
18446
57181
18745
85098
73272
56209
27156
95211
79483
24216
50955
65705
28117
83900
78978
84273
74056
38326
68842
6610
64240
36366
88001
17436
45105
25507
21281
22343
17283
75137
45991
21071
3014
72827
48334
20109
49731
56497
20570
77678
99724
47721
63785
85297
69073
84184
46073
76299
28356
35556
72825
32639
49872
10526
45601
89500
38966
25694
8130
67004
57401
52284
14473
87504
62068
64929
81552
36865
91304
74946
18042
97883
74230
27171
30834
74193
77812
48259
35427
11998
45245
66192
84353
84989
96578
84446
75270
96112
85378
24513
42400
1732
12171
57018
40670
823
37865
88375
23042
19069
99981
9532
50537
79709
35830
26230
39603
90249
30293
9912
78822
22684
49391
88466
86461
70157
85183
23308
67601
32369
81707
55220
59316
1365
22408
89551
30989
80907
76946
43773
98814
57767
41932
77743
69070
40740
22906
51870
39563
5538
31816
11243
76411
35289
20627
63201
38242
27145
88554
29949
6032
34332
97047
54781
38890
39520
63573
5157
18640
59839
8908
15119
66229
55825
30329
40339
15095
93112
93529
1964
4624
56616
29280
35646
63997
81088
71458
29191
68703
35090
65267
52947
75419
35534
52506
80462
34113
40489
49875
23943
20982
46586
5791
48008
86819
29618
15178
47307
93350
53646
31735
60489
12426
8435
49179
80671
72353
10061
30236
11997
29447
80644
14463
86890
64470
21522
89715
25605
74625
13508
94151
73280
75381
68641
79221
42447
33858
15291
21347
29317
4566
45511
27310
51840
90603
16259
12916
26495
86204
93329
42411
65378
85989
38484
34932
29203
8221
60896
65578
23913
66463
37213
32540
34987
84056
35186
11036
58377
52756
88881
68185
3500
62144
20523
89646
57282
13094
66373
28433
9081
11506
2061
9857
56531
56840
36265
85922
97964
25726
61444
27960
32194
13677
71257
12871
14021
80030
78049
42199
91329
61093
37680
11911
54767
77136
93712
5106
90404
96721
35963
39330
2047
67729
67274
2361
30863
91205
90103
4698
56176
74706
39512
82790
37542
48338
59403
56720
44264
68409
73336
52290
98863
66077
41362
14607
19805
80822
37088
64577
69928
98996
17681
88292
49478
46140
80410
51443
73576
14087
67242
19218
71184
64032
51519
73567
83138
50201
10445
67967
36152
93846
88771
88933
28876
99746
10679
90576
32563
25833
6502
19201
72953
70536
75692
99707
82349
25652
20695
96280
69379
416
51836
50482
18920
70032
48525
16712
34386
37867
36458
82858
70504
94042
24157
82682
50560
35278
88425
14564
87607
16447
82945
78076
26677
284
79289
10113
1042
5662
37062
38916
51686
41025
88428
72776
85775
48434
84323
75291
64332
20937
44584
94098
17843
2380
95702
76024
33151
47347
89294
11172
58331
5920
95610
2412
98043
5519
62367
95226
51122
34822
3812
12803
64584
74045
63376
86898
95512
67240
29778
36718
68083
55542
85262
92715
95805
84295
7444
91498
93659
12716
71238
65917
90229
76840
85243
78582
40806
10958
23012
19644
50013
2615
7890
47680
68598
50098
93937
39812
46185
67918
68237
69454
6814
56571
9765
13356
52453
99300
84848
43537
25511
29385
4037
19154
74941
46269
12150
7939
46121
35905
69229
88995
69829
29018
58732
25279
18626
7118
82283
30641
15375
76689
56137
55214
5499
9076
23640
22916
86251
66887
1743
84958
75023
36432
61404
51823
91426
72652
49972
86133
15211
15639
46898
58146
84852
962
62267
96777
55175
62746
61359
20195
49085
10164
28576
71981
84339
35858
54442
43068
38218
14252
97223
26218
94465
44072
38383
4194
48380
74218
42129
67355
12222
44555
20623
9143
24128
99765
9025
54864
65072
36638
40248
45629
4228
35985
1371
8056
18077
46706
54329
5394
62120
58947
85769
2564
10818
90728
8738
42354
16735
82876
75888
91096
45953
97413
64230
25816
74758
15917
84104
84834
74249
91861
99483
74241
92101
51860
49284
16733
18211
57166
62568
41116
74828
83459
38098
72290
60253
38442
84758
4495
87285
67354
47680
11615
57034
64456
89620
58724
94672
18324
69960
46361
82724
71559
7944
97078
51056
48632
28910
42192
23503
35764
26708
32803
38272
18187
71295
10073
48012
66251
54320
2388
55906
27314
10647
40819
72533
65637
68782
89271
74878
1014
88224
49636
30716
76069
74622
88993
17900
71766
98266
16159
54919
37935
19097
77680
46204
93546
97662
88483
7722
59261
40444
92681
65251
54248
59146
37490
54594
76886
47088
43540
19144
13963
42836
72187
24080
32259
5122
2815
81462
68810
47064
77722
85534
31838
70752
37016
81122
58508
76410
11802
38843
8408
69275
4150
42160
69334
7892
47972
92657
31524
15660
767
48325
42588
38140
93496
5096
48345
4927
8918
28907
6321
84355
81985
76812
57384
78612
14023
68162
33343
48841
54325
46375
74960
47103
35663
93566
61919
48903
58645
63147
58387
74582
40531
62955
37777
74139
26731
3518
14125
81727
50974
40257
68367
57688
41045
35776
4549
32877
59146
35706
3054
59393
24994
18996
34227
44784
54929
16557
39917
94145
26045
15999
73230
66955
24880
39507
22177
8895
48581
889
58742
85965
10100
92546
16904
34141
32734
28722
18390
67629
77984
85175
79806
91216
27755
55670
42259
70303
34396
39216
34962
94283
42557
47347
17354
51131
53322
86202
96009
68130
39071
67097
78560
15003
62433
24357
48153
4401
26076
13029
41998
78304
95256
31917
56570
17791
35419
87847
80612
67764
6640
26424
41045
9678
36697
24797
20432
54044
4933
28826
74496
18637
73396
63627
7440
9541
79216
72587
6566
93949
65022
99303
3373
64686
56745
55491
30297
18133
47876
24982
97632
66455
33167
6521
37096
96575
11373
28729
3714
73105
20291
67940
47778
80215
18831
72537
78838
35285
42968
89808
7955
82410
74195
84340
38922
29987
73839
7112
80691
12553
60076
10854
56418
20319
34248
93365
26274
35122
99330
38520
90007
59339
36322
56241
20938
82935
15061
59497
94706
63410
27326
86198
848
50072
43995
1391
91269
84933
65147
32863
63504
92210
13913
22507
39873
37997
88470
98756
70040
99357
12067
36757
79876
91517
7755
9420
7129
48209
75516
47930
13811
919
80667
82298
35151
93182
18257
92634
13817
73328
27715
20532
86685
71281
53411
2339
9801
18598
69638
60494
9636
73852
8191
6517
74526
66147
57550
76398
69507
70923
67676
32512
40608
56338
87571
52634
96966
43418
89026
99959
54431
27141
49156
62826
81293
32975
37032
51235
6204
52120
67726
45146
68208
3507
88817
34046
74332
84199
50931
57804
63888
22245
39080
18250
31488
95171
53935
90026
50387
6848
69641
66084
97511
53929
4373
91323
74365
38385
58984
80046
65599
16632
50430
54986
80310
92183
55636
11345
84047
38168
15047
53168
77655
61662
49114
87863
51807
57955
58565
24037
56947
82514
39640
84987
38551
87742
59793
21116
97912
52831
92188
2461
74309
78839
34582
70636
49604
68241
86597
80999
87707
53308
76938
47586
46491
24336
5101
65830
75167
1697
5273
17406
32938
57323
46124
71619
83540
88574
87976
14357
65226
82797
35209
34466
81727
78895
72214
2992
64540
93519
12872
45115
77379
26276
52827
29281
69495
124
57524
55416
28932
79813
86790
42864
35763
10031
95778
97069
96432
43270
8967
98964
27117
84368
42918
59009
64675
44073
84322
76600
33177
55312
65176
15434
63111
58410
70038
98947
95346
20265
33479
10533
7126
78753
78945
34702
40466
17958
56848
42021
10169
90458
76288
23085
36196
45045
37228
22681
69144
87997
20880
53434
17632
9937
17548
3152
79829
91433
7437
7791
39974
78476
12387
3774
25126
28165
55034
4633
67457
6872
45992
9391
15055
75464
42953
18755
31965
90381
32495
25865
2354
26687
91927
84948
20027
40285
39127
19795
46912
66149
89444
1198
99998
51338
11262
62939
19587
7986
83751
80848
33621
36392
2588
56074
79796
78035
63509
81559
72733
35051
61711
91683
59578
53151
71872
35543
6292
96803
92711
14728
48484
95249
79282
64843
11927
6023
74572
3295
46856
60395
70564
95330
16655
76456
14980
75839
6475
840
21111
6580
92632
46555
95832
64898
89571
8539
40231
85101
12468
30732
5027
79541
73204
4641
34689
57693
32099
39109
58037
15843
58205
78332
93566
47468
12568
30892
57729
4820
95397
85435
56600
74979
31216
39399
88302
6669
95949
67693
80776
34114
76051
33351
2026
11102
15395
47585
16195
50024
21053
89760
71685
75970
20981
39155
97774
21371
53466
63168
29112
15956
63110
14530
5674
66368
78259
12284
26804
23738
69026
31096
60949
76455
77688
47212
72359
54806
4648
71217
61317
8285
19458
44665
93920
67810
61002
5615
94304
75498
24848
23230
41274
64569
363
84194
81636
47401
35380
40205
29690
30347
86417
88429
9028
10488
34665
59498
69882
99276
42296
2739
32431
59242
60800
67410
88942
50170
47118
74196
13802
50501
17726
19723
19502
82968
20879
1443
13895
99738
41104
48847
57234
60581
24561
60977
75596
52540
86622
83153
71429
12399
27453
17529
29975
7887
12526
94987
90547
6470
48373
54391
59911
43622
66566
66893
94058
6081
62283
99102
96258
64542
98047
47578
75382
55667
75921
97137
4148
62678
52850
44362
46701
85432
91587
13284
53194
82716
8225
82827
28413
44099
55444
33746
55285
15595
92448
84747
1826
88030
11919
6932
28804
999
79857
50677
46698
67853
53200
82257
27796
13550
22518
44901
85538
3356
60842
48732
68335
42386
4547
86184
24046
33088
56491
30900
85426
81486
4064
39435
20733
8045
32444
59703
91612
36310
2673
53498
39860
70303
76129
91127
47918
59241
60266
60038
17129
81731
70588
57450
5658
7895
56124
97213
93324
89321
48761
74340
39188
71354
33862
5340
16357
25847
7851
72342
45968
94017
50601
64827
3098
80320
91492
68312
57550
34428
18243
28219
8085
16266
84388
95092
44921
23614
12996
3880
86518
92192
99099
23876
91917
99719
82697
54070
27330
68420
4216
78205
68970
72666
59862
48394
73968
84645
11353
87844
84563
3902
701
48038
79630
68180
2797
44402
94730
30902
47350
77580
51226
46416
55011
74810
29481
44796
3048
28919
52027
99659
62985
42286
14326
57358
96425
26428
97811
59854
88848
15466
92690
31804
46587
95694
73311
46718
74587
57021
10438
55590
75582
37942
93146
665
10669
8759
88245
95077
69186
25390
85025
78515
3870
90071
10178
68245
85329
39222
36642
7194
43072
63713
2845
61239
98824
55196
2346
63210
94196
96211
34625
60892
72709
32316
27716
59463
5222
30572
24981
84254
27054
67325
2765
66300
36730
48003
54887
39926
70134
78847
31695
84378
15532
87303
29836
92038
92309
3166
15089
74523
36906
40423
26237
15047
4784
49018
3754
662
5404
49061
34979
57078
15247
73765
81374
3371
61313
28408
69177
3038
43927
4069
98478
38391
42423
30791
91941
90929
61880
39051
1726
20445
17432
22319
944
48076
28640
85854
11208
16480
54318
99128
77362
88302
68865
16507
60612
2923
25214
975
1953
61548
55297
94241
87381
26160
92896
66221
92863
98944
87491
13252
23184
20277
58978
31216
24993
12765
44379
74498
2061
35434
29809
59776
52759
13405
10403
40090
48430
63075
53357
48476
8112
44998
62282
98422
57055
14849
22300
99602
24092
7279
86335
36338
64768
3208
13278
53702
96878
64442
36470
87031
14493
42279
19360
147
54597
28635
50703
32638
298
49016
46209
65112
52873
31816
55699
88597
39812
51527
61420
78726
14894
56708
86128
66605
41048
5401
79918
47006
96908
83700
40993
13450
82457
25222
65395
78919
74513
51427
51782
95037
92253
11340
75355
27295
63297
23653
73234
82834
70966
13439
73182
39496
10163
30207
47116
44747
71740
36699
94729
27128
2326
40039
92137
41576
48866
84395
38418
9858
94567
33974
24525
28704
50588
15690
62013
74185
38318
53735
13024
35204
14487
83815
80463
37893
80743
3754
49530
67552
224
42471
6092
67972
28598
66938
66280
15895
53067
31198
72424
45264
69544
45491
53909
11915
89595
96616
25828
57258
22172
59704
89395
5774
9914
69949
36314
80053
33690
55430
94323
64253
49797
24444
90791
26490
58067
77467
4570
10625
41120
40575
34310
19312
22855
35359
24064
94827
73568
84663
62669
83752
290
47355
9732
31665
50329
75576
9860
93265
63644
22441
61494
95068
12074
65163
54209
10919
9977
7715
48300
71203
18850
2414
83822
70420
1289
9225
46336
40650
75830
38558
34892
24097
34666
93779
38135
71741
79631
15473
85664
90755
17544
86716
71478
93972
63571
16296
39871
64292
22499
53821
91331
90304
21
46793
23384
13063
5134
26319
83428
51515
49481
84648
86323
95714
21266
3856
59523
60728
25482
36853
12278
70232
72545
74602
71048
63819
79706
43362
79546
83634
25270
2164
54255
12609
84268
19511
84853
44126
15423
46329
24858
76129
41087
54795
810
81830
8383
14887
10549
8851
48003
85363
86021
28868
22459
12225
1730
49005
21636
59851
27972
79223
47694
52745
65898
20534
22146
44857
98215
82583
38361
89021
4461
97716
14663
83380
29744
20469
43135
71769
50423
5611
70102
75141
73578
98518
81553
26693
6761
56727
19030
80446
85411
48251
8210
58807
21957
40755
10828
87434
98858
81854
96322
20180
29506
48844
88060
52294
64879
38262
75767
80579
97646
26256
81316
85780
31607
91501
82136
2111
76582
69127
8639
63131
71223
92270
73711
89963
13621
78678
57418
79304
9546
99819
62675
25676
63140
90413
87089
10510
73444
17884
79510
98018
27910
37154
3373
31139
1574
59340
50657
41468
24074
41357
11747
28170
79995
81013
68162
12527
34643
24804
99810
25414
12942
68053
780
28101
28554
10202
56089
2695
77628
9288
98323
48788
46641
21912
15411
32511
20943
89691
17610
84956
39588
8485
2238
28150
36396
7442
72276
63242
5316
52361
77974
68041
64989
31471
88137
71024
5852
7958
19192
68559
50697
93085
49660
99732
34308
20824
4086
96520
49646
62578
52788
11270
36751
64669
41416
66788
82876
35315
70145
25292
15017
87882
69129
71525
30040
6243
95836
25792
72935
69246
71368
17066
75793
62866
92474
13793
37479
15359
49911
50972
8834
82769
43062
24299
84134
21747
58823
64009
13244
42858
86918
19389
34439
20811
35872
11740
65995
91527
76128
47037
77004
54172
73774
55210
42760
53683
97706
98217
24930
79309
46379
49380
79109
77513
33080
42900
66902
87120
40936
89317
86300
45490
60029
66704
43377
71557
53841
75835
46860
78327
98648
69263
75782
39296
24478
36124
86493
82571
15806
94630
72117
97052
8172
26834
25676
8384
97983
93422
95638
22565
58716
81109
46868
95024
3998
43062
59120
1829
96570
94728
67243
90992
73703
45277
57092
28279
43036
21573
61521
30714
18023
52809
44745
77821
24842
29585
29991
80835
78465
80969
53956
93166
80204
47941
41553
24717
80356
63714
60698
80491
14710
18526
74371
57919
63318
79707
41816
85933
98698
97951
10715
1868
42120
63662
72167
88428
72194
22801
79561
11059
3203
77483
53095
77567
85912
89036
86353
3517
74008
31100
71336
31048
12425
74394
23231
34439
6680
38415
98879
79955
20541
3439
43044
26237
91164
62386
3512
31493
99190
61085
71007
8193
15646
53905
74646
66150
90719
27201
95135
22644
29728
54278
62863
72391
62357
29611
49064
12138
3414
73305
22495
56583
58059
32143
71558
80605
94647
98803
91621
74372
13282
82691
8893
1214
68092
22973
74471
32309
9140
22858
250
66125
59413
25876
62911
22538
85104
1703
84555
24869
10512
33664
35768
94479
64677
68240
87530
31352
19366
36806
94613
7061
95974
22557
85010
28997
42795
32236
67964
52506
19998
58795
93514
26443
54372
73819
64100
71570
12647
22659
77033
67721
74986
46853
41709
44220
73392
36991
61975
19157
38818
799
78215
37774
92280
73402
5319
15771
9094
70104
95666
50808
32255
80303
94096
68304
96028
65527
69716
57613
99742
1277
83696
7648
4826
88119
67496
94882
77743
65126
47782
38280
70122
88505
21963
40751
78600
36987
57614
28083
85167
64790
50117
77509
68986
78690
41651
81669
94291
47857
55412
88888
90176
31530
80861
84158
84312
52359
72557
95291
9861
58588
96766
76177
61634
12596
2433
24523
7361
9210
5498
52013
13532
97775
52767
20621
16951
32226
48305
43985
89439
80888
96698
94940
26251
75801
44352
38395
86421
77348
292
38600
63628
91391
92064
70380
29311
76898
47821
8195
5873
70336
46032
74690
18068
70019
53513
86055
36465
88192
40637
64194
79504
21925
43530
8120
86365
58388
66359
49332
39914
76855
1591
9507
5732
41938
51248
40168
629
15055
44798
34399
2224
71690
29528
98579
62524
6190
8996
76834
8110
32709
38898
39081
86301
90722
3843
16206
16855
46051
91520
46926
15566
61289
24159
1810
84363
21623
38291
98572
85934
77526
12162
20502
75556
21072
59544
83337
86938
59579
24432
66791
86361
53891
98320
61622
16147
13544
64876
3802
58302
70918
16756
99164
13776
43413
43187
63035
11668
12160
81930
72852
80909
3842
53137
38861
77808
23777
65796
30860
63916
16418
40939
35169
9891
31547
87245
93263
62609
41836
73951
26079
59131
7688
36128
55967
85453
32911
9824
37510
28142
44834
36985
10260
96344
29157
53640
46866
43316
86757
17304
50120
51594
93355
14280
20064
30781
13941
30071
64648
16229
89455
50495
89815
18286
42555
11017
33932
25898
13414
3307
56131
7953
47162
40115
96391
99889
35268
49278
74556
38621
10405
12568
70981
83666
25551
57254
35625
57976
12892
90592
22456
98388
38185
43848
44212
59942
43882
32366
23177
72067
58151
79972
23176
51652
6433
36302
285
39086
63927
22661
45352
71090
7986
65076
14460
86936
15616
2758
41433
33695
80501
17959
66377
708
10422
23545
79146
609
56416
25882
76648
11920
98108
43743
50401
66741
76166
41779
35693
97899
75632
96523
2074
46565
82901
89234
38391
26221
43850
79262
63306
96834
64518
89857
50810
38878
23401
44413
59536
29071
69482
20668
69432
3972
59943
702
88562
88499
49017
72575
85945
37886
86713
98013
39170
74925
37165
59439
5443
33027
16148
27314
86259
15017
58404
2387
38278
59181
31176
62989
93786
44657
60619
17293
84822
24621
69297
20321
33171
5643
46052
56635
42109
67561
75970
8208
87533
24028
4292
49616
79124
63282
81625
98203
74617
46155
23586
89695
65848
2546
40409
800
64596
54827
47333
17092
6179
16285
90086
66243
51917
31238
15019
62530
67252
25014
45363
61462
79619
3731
99922
36194
98438
71459
93626
3082
75101
15597
37634
15040
59928
53214
41646
44899
28751
31117
87075
93598
22970
87847
55818
71405
42355
67102
65745
61776
82760
61089
2378
67488
54438
93323
63971
90841
31168
20552
20672
81446
80133
39862
2484
86063
50043
83499
84222
35885
53330
79346
85516
40678
80951
96634
60930
73511
52248
1391
94068
85271
48194
53482
6157
64851
80930
26357
59604
38666
36991
64179
80998
64081
48286
13877
92110
40430
83659
56036
64300
86903
60807
80208
46219
85003
70919
41136
17209
77192
51512
99349
70216
88164
86042
9525
83812
47141
13589
43849
40531
41006
19889
70099
43037
72777
38043
94162
72981
11196
89770
67988
71707
23029
34076
31637
45234
15791
88713
32946
27829
83476
99645
80619
35151
26966
85762
29161
48361
54462
5741
62374
56786
20292
51857
62466
65602
70230
96910
97653
11573
35047
68098
34906
76932
3050
99742
28558
91776
19159
6186
92532
15374
39182
45909
4669
9624
90444
58233
75578
70105
91605
747
79095
63293
49650
23005
58556
11702
91507
34630
15832
42671
978
27866
96795
98439
15400
57839
64383
88637
8228
53140
82297
56791
41568
34175
82958
12180
32572
47121
35207
84312
75564
91996
78161
44431
92918
93191
85053
51117
44797
82575
22669
82900
70241
70108
23437
88518
92989
85907
26356
50932
95193
63309
97713
43840
24034
28299
48176
60290
78140
48352
52170
77552
64216
34148
4700
61594
29347
48605
7322
57034
17215
1259
58578
3412
36067
18074
40605
89354
64659
67451
56701
54293
43524
74931
29709
16964
64721
22024
86773
43880
86128
75413
11327
13225
91410
17663
61746
35100
85137
87624
48649
71162
62139
43837
76596
88995
24388
42932
92405
17415
18963
88352
70989
14029
59852
72630
52002
71379
55633
87045
90140
85045
83557
16860
99871
38032
89303
95160
7766
74737
14440
783
24337
95720
76119
13430
10331
56272
69994
77514
18782
25610
32267
14157
83807
77354
97110
92778
46387
12116
19921
30654
18321
68390
11209
56553
18365
89105
58255
43180
95388
32802
16849
84168
85930
53499
68369
6932
94830
35729
61181
67973
8274
94274
31871
83180
30797
3796
60738
81752
2309
32860
17999
70267
50824
87768
26843
98274
74224
92281
11833
91425
96294
69333
7820
2828
75041
92781
67606
47821
35174
24139
63828
88070
86555
2060
79531
75553
89360
94115
50763
57056
51504
36867
60975
62165
54526
91122
65236
21641
49183
95798
60559
50037
959
16126
77738
77231
52280
78528
32309
88105
95284
90075
583
45993
84127
65613
92876
30785
84897
64048
15762
88621
75252
17069
26239
22439
22614
3405
19086
87467
27374
91120
24738
30779
47107
53652
50142
17348
26575
43767
36655
50841
43316
57486
66182
72690
86536
25913
45593
28216
73482
77906
11726
58843
80190
181
41005
45343
89225
51738
11480
49524
37661
16248
5766
33338
99101
25711
97363
48740
84624
70349
78873
83967
23018
3265
77505
81514
32662
35911
49193
97668
62039
35878
80594
84793
11965
77734
3407
9115
87810
42028
68123
33147
18195
55648
54225
76907
76260
16633
53589
78650
38395
99522
23506
34507
50842
81406
77661
48460
77809
76186
30646
44762
21375
72431
26810
12343
86501
52828
44493
63109
95682
91790
82463
30109
8764
37480
43132
75226
66490
8074
37308
1756
94408
83044
95256
71836
62834
23543
22323
99251
44507
60219
25891
28018
22682
7251
33009
50243
74914
58274
65056
33759
38793
4439
32497
33155
26608
47565
56719
46746
66913
82213
38509
92771
26006
97266
30583
10891
61257
98628
15188
35182
55122
58748
85204
77995
63509
93246
40299
87886
72366
6440
75615
16451
24184
33299
78983
52839
14173
22840
58903
63116
13884
26410
43213
48480
84146
20837
93043
28633
84164
80381
18085
97000
53466
30697
93070
18
73612
242
2953
75294
84617
69384
18277
1478
86788
40449
67194
90254
89789
19890
88693
23394
69723
80903
29693
20290
8124
36713
70650
69089
33770
99099
62796
96134
68112
57321
67699
61660
43365
19149
50744
82541
6305
39765
97500
67221
28964
72686
71442
4498
34723
30257
70714
80123
28252
53208
67197
26808
82332
94215
45523
66209
72996
99291
3019
3419
22400
24013
75934
68771
38350
50956
11786
65172
85064
51153
84385
689
95791
55372
11165
39255
58530
43099
48969
50859
92167
9919
75615
75999
36527
92904
62997
36738
34517
83050
43593
67113
49923
72686
86137
93400
84401
22879
7906
37556
71406
36329
8962
61410
37781
73211
75003
67214
86745
28409
58290
77345
60946
14934
58715
26711
30161
60470
99395
47366
89902
67361
16762
78345
77890
62299
5462
69394
74367
82638
55057
99133
95809
27170
30254
38370
13814
3637
15476
23988
56439
81817
87564
61029
44346
77418
7124
74293
19824
55432
95898
17232
71479
73351
21544
92019
7693
59466
28496
61467
62796
28911
71285
6173
82395
43942
8908
61723
79636
39588
87190
14697
36764
46722
65058
21589
97849
46030
14450
15416
52124
57013
98264
80640
99681
55437
14598
51624
52820
38880
28212
81441
19354
38253
45146
81169
701
10353
15254
49676
10736
27215
92544
62633
77266
57214
46331
34622
72760
2101
97021
77551
4711
64969
43208
34702
3249
8840
6942
39121
77025
49296
89088
35729
90798
47664
14024
92582
95456
31529
14351
65340
73470
23103
77583
93989
40812
81749
67857
83282
93923
44717
42194
30034
21249
42792
88880
67218
55509
71170
49796
344
90908
86713
80515
98162
37760
13543
80755
79167
82883
39030
55532
82343
35904
21436
76506
24871
10182
97912
51446
42813
1461
14028
98950
11072
53726
42678
5562
55746
5806
16323
83254
56540
91549
35663
57856
71546
2066
43954
10649
38900
80822
26305
88446
47699
39614
89473
27269
68602
21757
17037
41470
4360
49646
6910
10531
13447
80017
15206
30381
27478
66860
69401
53100
92194
77939
64728
25530
79749
19790
39148
74494
76704
47874
12622
50273
34583
50866
45759
53254
5206
20609
18965
62498
11040
3572
76059
47913
67847
12666
49549
27500
26032
11385
19285
53713
61292
25484
59635
68685
88823
38
73685
25824
25802
35661
94664
79480
69779
27383
47255
82249
5726
21388
52838
89703
7485
84654
95622
30064
20835
56069
33511
95226
14600
67273
45287
88104
88961
80448
29629
86805
3429
62667
41294
23003
89351
1486
50317
35084
65613
97234
57451
58917
9120
56657
96404
8162
44561
92376
28615
1725
52473
30457
80154
40740
58669
83171
1262
76408
48123
64550
381
15804
86999
61906
10225
28960
73198
61500
85689
84493
15485
96618
17811
54016
97849
56084
10029
22998
63819
88152
47682
53645
82524
9185
59202
5649
1504
47087
6447
84974
92742
85274
64165
92250
47442
64209
12973
48581
10946
42723
75510
84319
42853
76799
21400
24455
97212
90251
46585
45284
92746
72058
57514
1445
85686
43682
67626
26452
12457
65295
27100
21736
51315
62665
85349
66140
6636
88879
33071
66645
69342
58778
34705
81852
112
95658
40146
48403
46247
61694
32829
73590
937
20975
34845
91661
96945
50380
71180
11458
73814
59902
26534
1361
20196
793
97912
54229
17791
54567
90225
57998
52508
33931
92190
37099
85708
32434
90590
36364
84992
75322
55100
22317
99261
69809
37789
41887
92668
45090
33020
77092
4486
46396
65288
79521
17371
32647
40061
5709
37004
18146
45655
30962
31267
23469
62183
860
47804
89288
94403
29542
54722
17413
80088
13156
66505
8175
43729
3755
19203
96071
73799
93647
22511
56455
41004
65074
61068
66551
47970
82472
70902
54472
97488
98099
16191
36973
79431
4132
3443
96830
57617
37182
32732
37317
94600
15862
44838
7564
48189
13777
84846
71103
70657
37653
38189
87308
59405
98572
20095
84583
18619
32362
31072
59751
57554
67803
38129
32996
85949
8818
91883
91605
64111
68256
18446
51763
43947
1035
22319
86587
39863
99292
41521
71854
17522
24249
93141
69170
95821
53865
57021
87870
92619
37244
72463
37631
44607
2397
94296
37146
68629
4659
80297
81391
91821
81495
57671
24383
90277
61534
6340
56748
26279
28449
52949
56532
72995
33376
76945
80322
42724
58359
93110
50307
71
1283
45149
6946
26215
88268
46497
7101
29013
41766
49629
2279
84551
97440
5505
50688
14760
32582
84073
87732
43846
2879
61090
54603
47962
53367
33458
59667
57588
89262
57913
11186
3561
43027
47789
56529
1599
1500
17046
65655
12420
35764
38571
31968
61549
54274
42244
11899
59494
1369
26167
22104
79258
18362
3348
25241
78087
33835
50409
80223
10299
49171
53430
92748
33755
18577
61208
81264
24764
15410
88277
57897
32473
19612
95053
20030
98447
6226
90342
80633
56267
66528
35402
32427
48501
85214
81257
31080
14434
48507
75660
7587
45063
96740
57909
36843
34565
15398
64302
71322
79732
73450
32654
86537
52611
84754
80841
60331
70227
68795
4342
49126
99955
12717
12594
65821
9314
75957
17091
23997
41937
90957
7884
49051
59964
84093
10204
2268
32817
59828
99153
30251
92350
37408
31282
90454
2770
32783
65010
87588
70110
89817
68060
90477
57029
94336
97782
23244
54491
27748
90513
48137
20856
58638
30164
58114
82875
47591
16362
1879
61105
83484
75077
74989
93197
84291
69432
18754
57864
42868
97374
15933
91172
14335
25534
87634
40921
62308
63423
21538
40421
79699
93513
74106
92028
89863
78008
12021
70251
56736
43506
84351
31135
11212
76691
66504
73408
65944
42641
15679
82570
53517
45882
17163
17291
51806
23465
60070
59695
51585
88896
59589
38956
87234
25433
98506
60099
21530
96002
84880
52390
74681
75384
73740
64163
48272
24599
91694
70790
36030
33710
67932
97121
37039
78716
83384
86599
13969
87175
7359
11842
65610
45686
29148
40126
74096
33004
8417
35913
27055
30305
75389
95574
17858
1139
66094
36165
2456
54247
38161
98813
5270
51139
60580
36675
67156
57922
65388
46128
57278
85615
55905
99419
58286
12055
28798
61795
50029
78740
65283
5178
61926
31430
83171
95296
6403
99650
49650
18136
64536
9880
33344
49865
48467
30616
27487
23809
79381
30777
85376
68380
83113
18556
29463
92000
77344
9148
41709
93703
84541
74175
30582
16117
44822
8772
56957
86889
79488
73997
23245
41580
85935
93982
11467
30812
78395
59803
10216
42912
70920
28478
69812
33948
53165
94792
80811
69383
2671
49417
10442
33317
85948
18970
88684
99825
80856
83056
89560
83260
93441
2767
93106
43086
56262
6721
78915
44992
11886
83207
84440
82396
15305
35715
81627
36864
29537
54992
45397
24181
54822
50581
12616
82710
43314
58491
62451
37714
45168
92515
14234
89327
49645
87599
76741
76435
43534
90377
8188
67097
26850
34152
31364
54228
22992
40702
74235
90309
63427
64594
74641
50766
63208
91547
1935
50292
83092
99688
73746
4350
13582
62192
61692
17106
45232
25459
5612
12162
56254
21284
83190
98984
39157
34381
17170
4947
1140
11250
5387
34531
18953
62887
3389
52705
9905
68086
14863
89297
78163
10166
70596
42822
28761
4264
24927
19855
98004
66926
31415
28310
79805
13972
32244
91631
73837
50289
22077
48842
74549
30953
64769
6148
22029
99679
22863
99906
44541
23295
57343
46078
83843
30696
59218
50468
88551
66649
48936
37276
7553
92598
2515
18706
42969
6379
31383
13793
91628
11900
72238
93363
71943
95943
39587
7157
79562
38505
92985
24733
4025
90373
49032
57897
48873
65268
77435
90686
42154
46580
57474
35693
93399
36308
49721
50065
29995
38923
38204
75278
68917
29093
59221
82117
37929
76692
27812
63559
97612
89112
93512
63501
10334
14122
10459
11126
60755
35340
12043
97498
42624
96450
79401
91699
93088
57144
81003
68262
69215
26294
77672
14285
13152
79412
50474
15072
63772
55416
10396
84751
85066
89620
91392
15123
65517
9377
34243
59526
61837
52375
53823
37480
66172
73016
62269
92302
11219
44582
42919
23182
31829
74559
98357
67413
92367
79770
95268
1076
72188
25443
57148
71465
20917
99684
60368
34125
34218
16526
8834
77735
25364
54670
44475
81663
42856
6200
72020
31974
53885
93969
47611
36938
6138
32786
37243
5561
5738
62312
95520
88583
8350
43056
79095
30619
46905
5010
95545
12386
90612
53726
91827
63890
49487
82809
84971
15896
51164
77668
17887
72584
96209
74381
14414
2106
82225
96477
91844
38812
52322
44597
82514
15636
46361
2953
65892
84947
33256
57111
34685
41174
65700
61962
70386
45206
16939
38083
94322
93813
91226
3879
78483
99019
73796
78366
56071
64561
38165
34707
3060
79436
69392
71610
45664
46630
329
94893
90603
56320
48399
19853
73509
99590
62805
68310
11974
28598
95637
66839
95201
20439
25046
58855
65334
81412
48059
87959
24729
99378
6497
21094
2534
35015
12616
65867
10816
50152
49172
65873
73118
97017
50462
87716
315
99102
14664
77360
1125
82508
98240
50318
53570
82558
36007
25476
18807
44247
46573
78704
23011
95667
23636
9588
18915
41978
81793
36970
77034
62571
68624
22620
99762
21282
82367
16710
74868
34277
56552
