66463
37309
73730
82866
71645
35929
68028
35603
61525
19594
7980
341
75495
32699
40386
6036
79808
22742
31073
73213
13250
55877
69708
2036
29516
3271
85051
5699
2888
12843
64842
77124
11088
22375
16735
27983
52347
67331
31954
28679
58372
21890
65230
75075
11977
13386
9501
33346
1414
78495
22797
43491
89636
91884
91231
70076
38004
16698
73104
59756
35479
74823
65609
30095
54674
81950
16744
58476
59650
9650
47401
43194
67766
83348
9515
50615
91415
20814
42658
61133
61647
9456
85160
82268
34536
34391
82117
7044
56409
39697
44028
45843
98166
7545
27526
35059
56788
3562
88946
72233
2665
80189
84408
62904
11159
77631
34894
52818
32931
21974
13112
9850
13322
73067
58340
54812
13478
91121
72166
9661
67100
27752
5724
99044
3778
45855
86166
73989
88335
39625
79067
40000
93321
79287
79004
81413
71268
71446
93057
52980
67915
67392
70070
73356
45909
63883
3779
86769
95310
33872
84728
42197
74190
72029
66665
30974
35486
75679
71057
65407
18055
98216
44342
8376
51312
43293
60789
80833
85125
86493
51079
96503
80132
57950
66176
47138
60439
3718
7351
59442
24149
71825
70535
99432
27141
64747
84255
29333
50799
40890
23524
17993
60843
60500
10479
69786
43727
81039
52157
24737
16133
44282
23081
92612
64956
54814
80243
10645
2332
31219
36786
16603
19602
19011
67651
93946
36892
95845
41908
32261
95930
16940
86384
12234
70692
94042
48141
52915
20598
55415
14492
52815
58657
25323
33429
69028
96317
91330
8869
42424
72513
12606
4730
11101
95193
75868
20557
86351
20496
4896
30250
55999
84201
72272
24268
93269
15946
19056
53000
47042
36615
53062
79602
17426
79084
79426
46615
93194
58338
17864
49693
90138
62843
89263
80079
94097
78911
70672
30337
5012
98175
61822
22564
28147
85586
36313
93712
11109
55950
70761
78851
91686
81174
92433
84737
41197
60844
15354
16045
46590
75342
75297
403
72540
4159
71316
71433
40761
85843
51653
95805
59522
58534
14057
74487
7387
65973
22665
8510
72339
72132
42989
71241
63643
18065
13241
88145
89783
76003
21210
89479
97945
68788
82324
40832
36843
90362
86511
1037
17926
19714
3750
64157
46698
12539
2767
67167
46650
35227
38830
20222
40006
69343
6043
78335
95584
39453
21173
19348
35022
81969
73242
66209
68207
96436
88041
91469
44859
79761
10519
93264
38500
60335
60809
40349
27305
11317
62752
5500
61048
85773
13692
50661
329
68603
75348
26774
30391
17635
89584
45589
99808
1033
87105
64181
85055
54222
2279
47522
31434
59199
38223
5651
28880
32694
22622
83148
93504
22746
89287
77264
68311
36079
85074
54236
94732
9802
25460
73020
65131
66504
8423
2902
48467
11920
8653
3079
94321
86744
61491
53920
11375
68956
33097
70736
7490
2143
89927
11180
59181
72407
91641
70257
11521
25662
67365
38668
25240
42261
40914
53410
94659
4246
97209
99210
59623
24474
71911
62889
32674
53430
85643
61128
87964
45337
93850
23028
20912
52701
89937
23957
19483
36681
60576
20683
16864
22969
4394
36955
10549
6820
81849
14570
95116
88511
85965
69195
66998
96733
16514
40660
90898
82413
28275
36568
75265
61650
33280
29321
35268
22939
3270
60884
4172
92122
41361
21418
99481
58134
92335
44486
46158
43294
70750
74510
72186
14146
31443
81817
62710
63459
98575
3153
64235
69118
59779
79873
47088
94128
15907
47896
50024
74113
28676
19118
45395
47543
86610
26106
92807
19014
64596
83876
44067
94548
38385
37860
51883
28679
2728
54855
73437
27886
24245
820
78676
58216
25062
54109
94088
35805
46061
22861
3459
6972
67325
62218
29243
20302
43199
36032
498
16601
1532
16046
99074
12179
58312
62524
86411
73537
15653
4082
50949
19759
59308
16301
9743
2861
81760
93373
96861
2880
67025
21083
80493
16535
41047
52284
36003
91988
95297
62176
71460
42481
62529
47540
68719
84496
43087
5996
39998
82666
6195
25875
25897
28082
79488
83846
74210
29903
53257
30472
21388
71425
55881
28054
84667
79282
93307
23598
54481
89676
33227
94423
10474
71923
58942
8427
34369
86316
6692
62601
27930
67798
2951
32805
93228
85533
56036
81287
53544
78215
55982
51802
17949
57759
7671
81703
84844
83955
41669
22574
91726
59899
88495
47142
65301
32935
12054
4686
53751
10111
19726
23461
31926
3461
7265
83631
61277
64889
97415
63025
45945
39344
36418
4403
28889
89334
64255
21094
53002
74438
54980
33817
45810
94879
35456
74554
41003
3720
93350
38237
41679
86942
27311
56780
76442
53483
39356
38068
4109
81029
53388
43690
93962
11252
11900
34665
74867
89954
87662
12885
60648
18230
40516
16972
63763
45483
1716
50555
98253
56022
85216
16230
99140
97549
75723
44561
60918
80738
22681
93573
88795
40384
19083
24554
10868
85699
63257
42370
9264
99529
34185
89385
2451
5922
32836
89766
88045
33936
47697
3897
11703
27634
54075
78937
81041
60561
25062
75927
50322
83382
30880
22252
57066
39650
72278
39714
60158
34466
62482
13411
66384
62437
57930
37601
12814
22839
74304
27547
67276
27218
71863
8037
89696
31264
44488
55704
2871
81407
86609
58293
94771
57201
32702
71280
9811
72382
16959
39024
66725
39872
40604
80109
61229
75523
82827
67502
544
16107
38260
21738
78707
49786
4156
17418
42650
48789
5747
65780
62236
22422
43830
54523
78246
69740
1135
80161
21294
29452
85120
50281
33322
79456
7670
58997
48645
80922
31250
40324
60416
80664
29306
23453
43
1464
22673
87907
43978
85215
87924
89792
6447
79942
91009
13664
24433
18620
12090
20411
2724
99799
52556
86142
76046
81720
21795
24570
72676
32158
48595
54873
24286
61626
21260
56666
95530
11338
74734
47915
16200
40939
71346
96713
13200
70376
38677
53141
92812
11647
50925
5187
45801
87766
6613
48148
96921
31476
31717
78055
29446
22961
86013
22779
21028
61106
66221
38443
24276
39358
80041
62721
39132
15812
14633
88201
6179
75420
22318
41962
25357
24484
9918
35662
29514
78226
72594
46860
68942
65779
36202
17521
142
89860
33497
74420
75811
93475
90055
31989
71184
60767
15612
63189
78682
37940
72207
22166
2092
94391
31659
18893
87079
7947
19628
86471
80554
38970
5232
17241
59276
15754
32705
82859
22584
54670
48800
33128
50629
81523
73917
1040
83398
73887
19153
96289
45845
83686
68786
65195
98677
31121
78180
60585
29695
22182
52608
77845
24290
86859
25775
94742
24497
39216
20911
29455
92663
63517
38242
15970
65623
76703
4140
26162
43106
7838
69647
98829
96775
13376
70379
89720
4274
84754
13747
7519
98251
49957
3032
72395
43523
27634
89584
81225
72449
81729
38449
48452
34955
25237
32286
84285
85065
40040
60706
41203
39886
84305
36076
59393
58943
40414
97140
36261
86031
48770
84506
4541
38504
95311
10803
45430
88461
28123
47491
83215
336
28824
44021
52471
74810
72227
49160
50803
24513
98113
87860
70706
75398
89269
64861
88866
714
89608
19806
94513
48612
5352
23862
45657
84524
57483
99919
98845
16905
13407
33975
17706
59032
55138
54168
95741
60580
40956
28844
61288
74222
76113
95602
2314
28752
16405
32218
62113
29022
24646
16294
55844
19488
57009
49971
72287
38146
95535
92813
54774
1749
73558
1261
96554
85899
86021
35130
68092
64201
17339
76412
23888
58195
11295
71427
59488
70681
97659
27063
24035
56178
64456
46603
71175
33584
73853
4118
2215
58575
63407
14800
86811
55240
16589
11391
68686
16887
22520
85624
45971
61284
80398
74049
59612
99375
30186
66824
66745
97074
12989
21082
53299
98863
96867
47554
63699
88723
92618
68594
83204
85519
19249
59296
9858
53692
4622
15138
36381
15476
73337
35645
83391
71033
15298
15739
75649
65289
92242
82031
25024
18101
54923
15000
19271
34759
35161
29632
18148
45362
68800
96436
40916
76471
50046
70929
79854
34338
25673
64316
7240
25988
88804
12105
85133
9356
52082
47895
42746
50483
93862
30654
95264
50525
20046
67751
35153
64415
83405
53125
42843
10545
60628
68618
32414
64908
96308
24584
82527
8508
50291
50469
32238
44378
93803
12154
67633
98420
83420
15529
21148
76223
49395
27966
98339
35702
5374
75862
26695
12418
74073
25822
82708
54845
67828
35326
85872
38045
96627
3500
92651
63381
64297
8790
27904
66778
23065
71125
8339
15193
90953
57236
95129
42628
23290
90351
26755
78140
91751
63966
94578
56871
24456
99406
87743
96907
52643
10737
91132
41491
13684
7616
31565
80016
23529
15862
62562
96952
88471
69773
68114
82746
32073
69293
59133
7331
4429
99138
73622
84320
57834
66446
25760
78028
35860
92669
23566
50822
72171
37711
44216
65656
62770
37328
7498
24556
53005
1338
61858
58758
46748
17525
6942
4756
36667
35902
89231
86488
72462
21342
29876
1413
6655
10705
12169
99762
90596
44195
9092
18220
42214
81068
54705
45902
44144
60269
38405
96024
11931
94273
94781
95099
79269
87557
99595
16441
36300
95946
79610
27324
10157
945
46708
443
95858
56474
99590
50172
64126
60503
94804
66096
57088
7018
51502
97078
30927
32891
80144
54676
74964
7415
72106
52438
96550
15317
96874
32971
7628
53109
234
20455
56794
51242
53570
36404
98899
41180
57250
83286
61213
39283
3053
58054
21031
62092
88982
3776
93744
51539
68363
72779
5693
34415
49143
12405
18595
6234
99854
37375
21946
28758
76295
32149
73467
16924
26601
93482
51526
31149
4702
18005
93123
57426
33193
98087
89795
25931
37066
11192
15982
55989
22053
41182
8463
70931
36471
66578
77568
95222
90947
38629
29395
97605
90840
31003
57951
9607
26071
53615
59289
2779
61046
96037
92356
74291
47980
48599
86008
90573
59927
23658
9494
68447
4506
97121
12761
51846
84487
38143
58292
76478
7521
28609
72150
23550
63747
94070
22166
4940
19016
20497
548
69150
58747
1868
81736
28942
74566
82444
77000
45359
18159
31133
53755
62534
37330
72650
83129
44787
22599
36665
39972
59238
10236
61286
64867
83247
47998
7862
85783
6109
23203
44952
70741
63585
97849
21467
35453
26245
22071
47547
79789
85009
49822
55528
78613
9840
62887
83100
86797
62976
32310
72237
89769
42620
2027
41622
9079
19938
24252
65946
46588
44407
99014
60842
22028
6807
84439
53911
47299
9023
34388
99525
28690
78638
37105
70098
57358
26875
53534
59917
82392
55716
25926
47784
37869
16959
73662
1171
97637
96943
91151
64554
90991
22141
81409
49853
19239
38133
66619
73365
80633
62479
88951
31469
41383
58130
35551
52380
70027
8190
49209
28972
59311
98291
70051
41817
18110
58844
3004
23677
71304
43778
82312
8630
27859
91625
59280
5589
60582
47489
31691
64168
22768
85515
56904
58226
36306
70100
18958
7577
16846
5683
23790
78977
57278
46729
14095
2318
64981
92240
2756
98096
91123
30334
12392
25779
68720
65700
85487
46003
9713
23659
61491
30934
92826
73085
98358
69940
69433
30960
80979
65205
80473
4099
34412
11914
72680
67141
54101
384
28687
83467
98793
69262
25681
20699
86155
95164
56358
50903
9372
45773
30774
81716
56009
84465
35370
78769
94681
9967
20305
48868
78573
45771
79293
98463
45954
4709
33304
63873
74497
11736
18260
10922
95871
13849
19421
59465
44842
7815
14604
23350
86056
42562
63584
55695
4008
46462
38650
23814
47819
27611
50958
65821
83768
70293
73480
68672
30747
51423
35958
8745
74340
40139
29063
64211
3564
66100
30799
98612
88483
23951
32722
88371
14624
89473
43877
26555
24043
40568
50072
13066
47367
51000
6100
42300
54050
25119
10195
92793
69583
26055
64127
38596
68166
5188
57458
68665
88192
67365
1096
62522
36153
72819
57408
99219
82825
21888
36744
65240
96101
59273
27715
93726
82395
40363
97563
4976
20058
1999
49193
93109
69193
82728
33231
47893
45952
12697
21870
86428
18426
63906
37817
1187
90647
43796
2344
69002
9783
13130
571
77058
54582
51510
28249
83014
13540
42018
60111
57199
43920
66508
68361
68259
23486
57971
40506
67274
89628
91222
48266
58245
17032
71135
34146
47270
3634
93468
59277
94125
42558
42263
8338
12601
73757
77061
10227
71069
29518
95443
35082
68482
61842
75808
57770
24623
58860
41367
95873
35720
61335
30907
23644
59522
57880
31691
67298
63911
89077
96095
25700
36129
41587
83088
76972
29475
87849
84930
84532
5598
23085
90516
26833
11205
59943
8673
41107
61953
74818
53676
69431
48787
87839
57150
31775
54818
91960
78436
2661
7281
6644
22858
88841
88606
98971
19577
12002
45085
52507
89168
37898
32387
23624
40913
52308
90322
61286
83454
99199
64510
34925
50492
80723
70599
97528
18668
93900
43480
57067
19360
50600
15031
19676
1044
16997
36724
69683
69988
43184
35170
59984
36462
43732
75365
41905
51510
26288
26865
74621
25048
63793
74676
29469
64470
64861
16469
10478
13990
13855
44868
77288
8606
77370
84921
85875
39194
88790
20319
48537
28378
37203
20764
16656
41572
74897
6272
50330
82514
35339
45751
32321
90730
47139
66527
51997
3191
73675
14647
72393
41035
65326
26785
65800
25333
48772
45248
95249
97372
82502
34136
68011
24857
84172
5486
62037
38289
38074
69440
831
51125
27242
42540
68187
72908
23105
8138
32017
51033
2841
11871
14566
4477
19296
91949
93447
50895
72541
57648
23832
51957
59897
21109
47640
60159
86087
15825
16279
99536
6483
49992
42457
83916
98716
73396
48318
52471
5875
52168
31966
80842
8495
99298
56277
62163
58204
82279
78822
58807
66129
17393
28064
99359
99126
50775
60872
90447
18391
12725
45050
67014
28509
58878
96507
77478
41421
86522
45810
91353
28912
6891
91429
69427
92111
47658
10261
12153
74079
83725
98173
41248
96729
87236
11317
92145
18606
36829
70845
33367
65431
21274
46766
7260
83850
65100
89271
71956
38306
49324
35349
39042
83159
26804
61643
4673
83593
55839
41648
2598
32899
97908
90558
33954
89244
19324
52337
66410
5797
49151
55848
89985
64364
14069
45430
77985
73128
96644
11841
13528
53268
3499
19902
255
63057
2884
77910
72670
46760
92039
16162
31504
48316
64179
75199
40875
30549
70026
65303
5799
25250
85631
67934
69762
60807
51134
49678
22540
67238
76670
70533
29677
79091
46144
57446
67627
96920
98841
73611
59302
81376
71481
37705
11880
94537
31571
6767
88743
78475
78375
81334
7191
86636
48803
94157
91151
34949
53019
69846
7407
92240
33578
33075
37359
18306
32650
83805
13687
62594
68589
18279
19070
73576
52342
54154
71234
73119
9210
76327
40498
83903
92513
51036
44360
53486
67008
99980
23386
99271
23997
72374
25339
39606
66143
94137
93954
18192
80702
2924
72149
42405
56911
18783
31581
82276
60745
12783
88364
57565
16246
68875
69683
3474
26456
2889
68176
52300
29869
66652
24477
62731
55503
2812
39285
56253
76547
36762
72915
88557
29092
38840
27031
6565
80064
37091
73072
30891
71636
78643
64370
85786
33062
49103
56024
55768
1856
77713
72051
97525
58372
63681
53010
82726
68723
36743
11215
24793
42597
33807
89380
10669
80755
9372
66465
58644
80673
13919
36053
64108
59084
70584
3677
59439
66265
28453
65322
96033
41991
33104
38364
73878
88782
19408
24123
97218
23359
37269
6270
7202
72520
27567
62532
1069
12077
88465
91314
76937
92646
58335
78882
57450
47862
79305
17516
132
12908
73623
86561
73902
45428
38038
54179
23571
2933
607
89850
39023
79890
89763
76965
28649
68598
8440
35363
55923
50164
21465
32927
35070
54331
15807
30413
4445
92682
68014
58313
60382
48665
47835
80250
71720
2649
70675
3775
48094
1876
51826
77623
5708
96719
11725
43315
7642
14627
15652
9143
8810
65688
68553
91932
37380
99856
8668
16965
49652
27532
74179
75185
70679
56430
92862
49514
73701
87939
1265
9841
38444
24498
60337
87315
77120
60873
88532
78478
19074
6811
51529
98393
34996
59707
69132
44980
93623
85837
82317
63916
17239
77771
97318
42191
8828
98677
7948
65016
56775
35896
35700
1834
39467
69056
83157
93483
95131
4177
95460
36443
50276
35188
6851
50220
57847
27220
15194
9897
56117
3522
51535
37588
28097
37519
82113
11541
71973
6895
99890
63603
96933
78540
38845
51351
1604
49920
33507
9180
83474
48154
6119
53705
66033
22844
27161
52656
89009
67989
68203
90516
73826
33988
99847
57786
22414
55791
95353
95687
23578
52256
16640
36196
9429
61923
78330
96968
35686
76121
83182
82330
32067
68423
65071
3345
88466
48894
95899
78969
50566
57853
1010
70656
70837
79561
84576
86565
61528
4890
92823
80755
60538
64261
18433
43245
86491
38774
85022
3904
39514
84813
69961
50549
85475
49548
29088
49248
77478
43336
4879
65725
10265
78302
30554
60147
20422
21607
45342
93351
99729
48565
52759
13515
51687
56781
63472
45841
75619
84584
13218
13339
58966
65256
71505
36638
11641
84747
61636
12726
16694
18829
28720
20238
8660
31056
96207
64022
10178
36801
97306
17218
24876
99869
80125
36048
18782
23716
83568
52349
50903
77450
26848
50705
13793
63702
72825
63206
69280
81340
74273
23005
31896
73939
94510
83237
20424
85988
88389
68661
66533
50910
17805
95847
68059
63640
29769
61883
80384
2650
56595
32952
57608
43038
54435
96394
9369
85111
59724
45443
7147
31148
92225
70930
99589
46311
21598
83202
49906
30883
5865
54537
99883
7664
67606
3959
87868
58706
15570
30684
85243
69959
67614
86783
12722
72161
43572
37267
77958
38058
49330
43803
37257
347
99730
42085
12280
92403
70650
61889
55223
11492
59518
79929
55742
13413
35383
50015
89222
51246
4123
38267
64226
43966
8233
35519
76046
6254
53830
21267
62109
77154
95966
99037
80735
3388
69920
46767
1278
66759
90439
95019
22024
54626
97714
76797
88942
11255
16299
25310
11632
44665
58818
35324
10297
15001
35595
76594
75373
54651
41434
86689
32062
61155
15377
34118
42332
44591
51794
14547
41052
72595
40723
3181
69884
77676
86103
70866
43700
59050
85381
11180
50668
81721
98672
78182
18032
35656
27532
90006
64957
83709
55323
52612
29786
4832
52836
45865
22074
56273
46879
46470
15301
75866
88490
93228
13593
6940
60942
79942
34023
59490
31208
77622
48415
52698
34255
88738
20040
2204
48218
81646
11624
1648
12260
75520
66600
96306
20792
18118
43722
11027
19530
48693
35122
99861
5448
94175
65677
11155
69870
6828
63224
21426
4236
27770
42228
56008
12428
24250
82713
87780
41638
7105
23424
77303
63026
88153
71922
38619
53615
49098
56541
15468
74525
32730
4640
55956
61738
31450
29051
61100
4256
99914
43119
98714
7425
30129
26626
45127
80150
98296
84554
1596
14883
26213
52242
91469
21466
4023
5328
92686
41433
16210
67140
3715
62703
18070
28191
99961
78355
60322
83387
42455
74696
24898
21379
55113
85132
19626
52128
28808
84414
8919
58047
96208
73745
16115
70929
19256
66612
16403
23530
25295
90642
50241
32208
23560
82346
87454
18923
48385
38117
43358
74944
92982
41701
57573
99737
45546
81872
926
94516
14380
92743
93139
96905
30007
20507
95013
9111
96145
21492
58293
88242
38434
64132
16544
76008
41091
23834
99419
24419
92555
98609
15495
6509
6980
4842
914
29214
87756
10713
40569
47599
74916
43813
29574
43540
55146
54615
59430
70101
62836
39671
94847
72621
41108
10813
95141
23311
65867
53389
93668
85376
63363
16415
40939
37898
38582
79217
65737
87621
74829
65781
96217
31579
4271
60597
55183
93505
9994
87501
18733
86911
42129
79619
64222
43347
22730
76708
558
66244
83570
2220
41423
82914
94597
79132
35306
73743
92827
25878
28207
54081
45542
29915
2790
45058
15082
73084
16069
80265
50718
42075
19314
83895
19301
6102
39666
22507
34023
31657
46199
33060
77743
8729
10972
50972
62595
23579
703
62727
37400
84384
22824
28046
1145
62856
16081
71642
38440
84605
89823
15780
61530
61810
76142
87298
93549
6074
22884
8360
5344
51665
74404
79945
87390
26603
99699
25393
94157
70952
14011
64477
2087
11911
94724
45217
78086
79697
37443
8986
93163
21495
78064
65465
22807
87372
3417
97540
18284
21644
57357
42633
21568
17827
91353
53896
91936
77807
4856
90346
85097
12030
33551
49773
79161
74287
91485
23405
87366
12806
25878
85733
95300
3552
88461
99590
26872
54897
34380
6860
11966
98645
96094
88768
81643
64543
6367
49228
82844
87393
24567
81814
77876
33696
55875
10876
53333
62295
90367
29861
4582
8539
34810
51545
63299
24106
42476
73460
97344
13301
66096
86748
93262
97745
59168
68929
2272
98228
71237
71294
72265
48390
58243
25208
69603
42192
47449
25027
49073
41785
57102
99068
3133
30618
14044
69852
21961
92477
93796
92017
3677
93049
40088
30743
60555
87927
55656
77197
98358
1211
78881
42681
61617
83026
68183
54041
31109
78838
24851
54651
58570
60180
78341
28582
88460
54145
33365
27304
32706
49005
2681
6656
42942
40597
26787
60664
82714
42195
37461
87383
61594
97211
38512
93107
26105
19899
91818
11706
3581
41378
26548
56139
13080
25837
82154
24099
61584
63293
48303
81581
34318
96982
10142
9793
89527
35914
36524
97967
74666
54586
2379
31232
16579
58551
85007
48460
60773
10401
2737
90485
12987
17835
15431
12831
58576
23953
31475
64760
41215
61717
113
60474
6626
24017
86602
64733
47192
6600
92402
57526
16740
27954
87028
41127
33524
15485
8187
52625
87276
57792
85786
53237
46961
53527
99860
97221
85878
9356
29799
77511
476
87002
19777
40261
29691
95537
32338
18543
99979
27844
86429
43006
54332
65742
5990
24938
75266
61871
86676
18702
78314
39516
82068
85003
47238
1019
93471
18782
68515
81335
74922
629
16216
21180
51512
87468
38752
53813
83003
88389
80632
86098
31234
28184
25423
44454
31573
58854
7117
8102
31078
84524
37690
98409
95380
1006
65321
25089
88687
56066
36806
64719
34273
271
2209
93645
62929
71207
76810
60272
46797
13094
25036
61622
63682
38468
67722
57891
2199
84935
7287
4724
28812
84272
78933
98095
92695
30317
63801
34833
73652
97806
21235
58889
3109
34062
60625
681
47074
35114
73084
70956
11199
98633
69267
37397
6260
99724
36820
18731
41946
40547
1119
39990
30311
98688
66231
40889
51044
73070
79297
61156
37524
96296
2397
82215
88894
70844
86800
76239
43407
3293
23421
15902
39176
14157
83457
13343
21427
23361
33152
62311
71878
15056
55678
73276
54804
22929
10951
70056
76852
48659
43197
97332
49845
62165
62982
10109
47539
70834
3155
65118
96161
49749
73267
39150
45382
3920
44106
69790
41525
41649
44715
44632
88705
25980
33276
37703
40916
94616
60087
18288
63794
97356
54201
8252
94081
59673
2154
48818
43694
16361
68077
59700
87932
94407
84560
42366
1401
7514
57310
57171
1303
76354
26239
47822
4159
58498
37295
46302
86186
44441
37391
97106
21478
46122
1857
68958
98817
93797
49528
96489
8121
45647
30120
93728
68037
51613
64482
45357
87130
60076
79577
92793
18759
33258
80685
24908
41776
31617
53448
56813
15117
69193
29323
50206
54391
82660
17784
43848
37405
5827
77646
62373
64334
43936
27418
68244
57053
9876
36499
10054
4294
32322
75818
85369
20801
40576
22268
32403
53050
36248
23472
18510
32124
24336
52946
61708
61070
37055
33857
29052
54203
83998
94499
51877
2511
286
75772
65970
26013
86959
28822
62648
63652
14917
25067
73819
62617
32825
31473
80265
54338
96765
8447
94555
24462
15007
99817
72860
39844
59267
26380
81274
79553
48828
19230
86991
23883
99633
80114
86421
57427
10511
71299
14617
33075
39719
88077
81108
45961
49599
31666
77835
4415
63840
16589
70098
61289
20360
18624
41351
7157
6666
47325
30239
64486
65635
42504
60860
65053
71560
67713
11221
45048
69537
13810
67029
32487
42204
29008
55853
9251
21646
86200
24665
3758
49686
76949
12181
23508
9816
84681
75896
15562
99722
56364
98274
97095
58101
52411
98975
34877
91604
49054
71759
32622
65144
7490
47736
84046
72012
58267
29298
11845
81923
87392
57028
28076
68146
25035
82468
92235
94008
92619
19295
92132
62153
49957
34714
16565
79475
15806
72381
84503
65726
50060
30676
9949
9244
34974
54593
99830
59809
62958
78967
76194
26379
67999
25595
98182
16990
80881
27465
82523
60952
29817
64513
38113
86880
52371
74526
78140
40564
30024
72454
52582
41229
95595
23507
48614
353
10294
61756
25692
48252
35959
23063
44190
95352
20814
45820
49186
5418
35381
42844
93694
19992
76812
89406
42120
80354
57550
11978
44458
14588
37447
88935
5994
12748
73072
89290
71556
35538
48136
65600
42483
84911
58044
76024
32874
29441
43256
49874
32277
38826
34706
15181
3210
56809
34415
18738
27847
45117
82238
57499
51433
90725
74503
43713
98884
71592
57853
60517
40456
38011
21989
56075
679
24628
81159
24122
58746
48285
7823
34975
27817
47817
40413
1549
92989
547
64151
77410
62110
64968
94922
67243
10072
92446
19754
7675
33059
53563
69919
81994
26836
34207
72341
33520
36343
55008
91960
8887
19825
10560
35495
90298
99753
976
39844
37483
73629
44367
2238
80615
38099
444
75566
58064
46946
55311
85614
92976
33545
48102
99961
74686
56930
29077
71331
99848
41842
64554
92806
55076
40747
81110
81755
19625
99052
41175
56505
65401
98454
11302
58579
26528
14414
51539
29703
80850
1170
98708
16345
91066
5965
86124
73654
1478
93004
28604
73300
13726
56919
84293
66876
49764
40017
43385
10280
6602
43203
76383
64601
42393
46083
34800
34129
87771
68672
69771
59206
65133
9687
68936
34593
77649
35874
2735
75092
33014
29235
30399
23433
33479
62299
72167
67053
52049
43432
53868
38851
78777
30666
63271
53087
9667
11570
86505
96066
60541
46351
16203
63802
67951
15745
97889
52050
67688
22894
97186
97971
78229
97863
88668
20221
52295
6544
80334
65170
14538
35981
17025
18159
52520
98010
5377
87283
50715
63618
62620
97493
14889
13316
35527
30573
72092
14836
59163
62669
58349
52407
96769
44869
82883
35347
94384
64201
7334
36728
45803
849
50841
98400
97373
7788
71391
65002
45449
37855
38566
94683
60710
85098
54884
15614
90540
11835
61140
93171
23281
6469
19768
58626
10948
85272
86270
38190
78201
49812
22283
30878
62317
55973
65325
27604
76883
82737
76623
55154
71922
25852
2541
53915
40562
19956
44521
27605
33219
89058
3656
24790
14359
11058
87996
2777
69180
69225
50853
25315
72283
38033
60478
41790
9476
51587
14656
64753
89895
29768
88015
17354
41705
29138
81022
94861
27969
52194
2686
7840
32527
39536
76925
79074
45772
56396
3333
7546
96224
83034
25673
55531
2650
4150
41336
83265
55612
71732
99835
38671
36832
87034
94286
47900
16681
42624
6208
99527
65131
8150
88232
29825
1358
97522
67523
91854
73424
71727
45379
54008
26886
9077
12626
9953
5844
16529
53750
75904
58301
23054
15024
54128
31203
43738
48518
90625
6851
75906
71826
73689
68162
56652
21597
15406
21094
52868
31635
51096
50900
2028
23169
66858
59934
39359
18867
41766
60284
33641
18476
9036
6865
69777
4778
51664
67793
96862
20314
97622
41761
16125
49795
92816
43657
81246
98260
25940
21
32961
31521
41439
52575
47118
90787
39177
40194
36020
48388
94640
29240
2096
10393
75568
70089
8050
6164
43851
30582
59401
8324
81857
44215
75538
33074
16800
40910
28503
3376
75366
76939
24264
32415
62855
36616
54331
78525
65071
54438
95883
6858
13653
29290
76108
54712
5926
99903
69263
16880
36425
83933
45015
41717
65307
13842
44688
9447
38637
62769
36456
66843
27432
21340
34678
83678
51871
15152
173
87721
71400
84926
29815
85829
18188
71099
86592
94453
23757
48301
51851
7047
96043
62165
46218
88657
79733
76891
70289
85012
4785
61158
24078
96862
99209
67237
18553
74299
25014
80873
59440
92140
32278
62001
92877
66710
24750
77371
93678
89772
44017
53239
6466
7464
98269
55149
19476
30534
56112
11511
71721
41755
2568
92513
55171
5891
73902
58464
29667
51533
77101
4674
20334
1429
66623
30410
21126
96794
74840
82326
20303
62513
37874
51140
24595
24598
61950
38417
69851
13240
3057
17726
42664
14845
23502
62811
46488
33398
59784
79755
35133
14809
67856
11041
93509
72238
51874
99118
66895
45622
20474
17783
67438
12648
23746
9107
60599
2774
12179
80679
95354
55348
90346
55738
955
93054
54646
60926
78263
88288
65678
26365
48786
28202
45520
45487
19418
5133
98889
45154
15438
79495
2561
48122
30724
46070
56756
70860
85472
25563
97593
63894
34101
45807
11945
89464
46639
42976
4528
17052
56530
42400
52847
74852
14933
98479
14771
54548
40718
53317
21833
32699
77729
22129
413
50504
80536
94740
62018
23948
36435
11670
19094
61676
45597
60294
27373
31356
69777
52435
85361
61244
97873
74026
85906
2069
6987
82040
83031
52032
91238
26168
28609
65866
4514
11912
10682
65821
88793
81473
77828
88460
68618
66759
46386
67341
36428
20463
65336
31486
47771
59179
53504
48828
56063
78592
56753
386
76126
37645
1320
45896
65376
51410
90943
39763
98035
16416
35641
20201
20923
26660
50640
47574
61991
36932
39380
41523
95288
5886
65821
8058
49287
49535
71750
43789
46065
99135
19199
53060
68113
41457
36517
17698
84284
16249
4754
97308
48674
76425
84824
47047
91773
68136
80729
43179
86988
31890
51894
67577
70836
57724
87406
61122
25365
20356
48725
40242
18874
25338
99703
8496
38733
9967
99178
85060
92925
61485
25392
81140
90337
28497
53203
95355
23215
95411
28255
80405
18980
94708
26127
36446
82884
48832
10273
80190
89217
68841
88828
9233
8151
49166
22388
99735
70712
92226
74600
28505
40620
61040
51221
34810
85
20547
85310
90535
58915
67961
86089
30159
68474
82878
68074
74865
78028
90241
58824
34296
22464
9682
35045
68100
11517
45174
42603
5276
17076
79408
24093
26078
70099
14162
95402
69540
48719
69497
62009
29378
79361
53703
17077
12072
62693
46819
30957
26830
50756
79565
83939
544
61228
76364
62200
85658
24959
62329
63243
95676
87539
81340
94727
78428
53387
66898
1417
56289
41946
33111
26181
40456
33376
86726
94308
11397
85026
5812
18693
68701
78608
44681
81266
52378
75538
44448
63193
82267
99446
86756
23803
67120
34949
284
22016
61382
73688
53514
1963
37881
12278
29438
10540
30675
50812
78365
91968
26575
2289
696
32633
74871
91901
9390
33558
91929
15506
1264
81553
93742
95412
19498
98016
43053
99523
5809
75825
78699
28846
71680
48428
55278
29013
44473
36405
44473
91095
90082
82704
23277
96205
17591
27098
48615
6411
87776
55245
14179
39554
96429
14619
18948
43357
54632
86901
78700
28021
23896
57644
52029
19955
87795
76585
34201
19312
99534
39193
90793
91883
5460
67542
89468
95447
42183
66745
71447
4209
83767
63113
81446
98974
94637
43969
40690
42856
63846
86056
19966
44992
2577
65588
95021
52430
27475
63748
83641
57546
17810
10215
83804
89342
22300
62438
78898
14360
90679
17083
23736
17044
87861
10093
29903
4461
89160
94618
67277
23264
92505
98617
36413
42291
61511
73983
2613
90402
61416
22387
32267
8891
43161
6481
89622
79792
37815
76446
10021
81557
67702
37764
60826
23097
39263
41918
70154
65417
59913
35965
72204
63979
95497
13618
5647
56789
72942
96307
2301
56183
55318
86191
12799
66226
23146
6899
86043
71411
23488
95613
6177
64701
94940
32281
4834
54235
28835
61107
13514
97162
55183
91375
42256
1363
57862
52103
92024
88329
80913
38459
39442
14745
7821
47431
70191
98095
68873
74850
98719
80885
99583
76393
75172
93731
19749
5804
54489
37139
536
57374
37751
54336
5725
29970
72326
86319
36058
80301
57426
88780
20628
36786
43769
88807
76866
66325
50559
23537
33830
28755
50011
33518
35656
84275
88258
21484
90308
96355
50428
27256
42906
48787
42105
22286
11003
79599
2456
74853
47356
75972
76847
19078
87433
7931
98509
31209
34879
16953
25613
3273
63090
43409
63373
89466
64027
98212
56254
69539
30708
37687
60626
4412
6288
52942
36316
10717
66879
30149
70031
51777
44052
2664
92269
58264
62933
62953
76414
33869
12506
51211
24969
56140
78063
68887
13182
75450
26950
34401
80728
117
3108
44010
72494
66418
64545
11199
43482
88470
84208
9922
96246
60911
26280
73801
10106
78163
90625
96761
20521
50516
87313
41901
46576
13582
31217
88041
40188
73407
65534
91096
31881
45392
62624
84403
68230
16102
88026
13847
84857
29137
140
93150
29640
38834
34379
99382
73030
24124
71145
77224
51639
27826
51953
9576
62478
69728
81455
9913
38577
88631
68558
44781
85649
68848
8665
96693
95936
75322
23444
46200
45549
46157
72991
53102
29067
18437
69686
60503
55434
12941
62296
66748
61963
16873
24283
80521
12446
92482
89384
8414
34381
78270
23935
92833
35841
58413
43374
32649
90661
34972
86193
37972
53394
38005
1024
18687
67748
49146
58550
92095
65171
12371
10269
11038
76899
11226
48559
23596
25957
81923
85901
46303
63025
58118
42796
96780
40376
50452
74354
6930
80372
60146
29755
53965
44671
77424
96444
43435
71619
21366
2645
46214
19334
36092
90633
53489
20197
12226
98494
24702
35915
40885
36743
34750
13689
95573
89043
67936
58608
965
68518
45117
12457
79656
61086
82911
89628
97994
9255
68033
19501
305
39155
17379
4441
19514
3744
42501
72129
45676
73556
30789
94909
35117
244
85539
62864
33749
3907
78261
90690
69382
455
40130
53070
33435
26284
19
52912
26326
54706
4898
85111
97625
80987
75934
66633
83509
19570
8132
98865
77145
89501
10550
50753
632
21440
83407
99366
11504
3525
98473
50802
85727
75395
99171
29163
74109
72270
14274
22549
41794
91796
6866
6760
28852
1730
29216
65108
37460
80996
87146
84145
16815
25523
6264
10822
44154
27485
35073
94073
33879
31585
11160
47996
24672
70748
42924
26275
19474
89786
30638
7670
83440
90541
35476
3223
79215
53602
98886
2982
88803
86733
54382
50644
6746
15043
54219
81067
74125
18941
40746
28811
52516
58566
94975
14783
47182
39057
23386
5326
70268
10134
3580
88882
63636
68763
71593
85983
45721
42811
26252
83917
90439
95569
70132
61812
19590
45183
55210
31638
60755
92981
61091
26371
48823
10143
46039
24719
3084
93709
66174
93473
76155
27523
1893
19016
41833
90243
50619
60036
99618
21323
91849
28823
39298
83229
94921
91681
80531
37251
91401
3655
7378
72828
87038
68825
67540
85379
42937
26837
25959
86474
39140
86560
38791
29739
41012
32817
38770
1871
23932
45820
49389
77829
56290
111
73157
11580
69300
97068
98721
95243
34005
69456
7001
27736
43618
38118
47468
56077
12709
3163
77597
43044
71499
90098
20315
55664
7850
42546
29115
14247
62807
29437
55310
7472
23902
25763
98114
54476
44255
84475
42827
25254
69406
86520
12633
40176
46884
57183
70999
4417
89786
30998
84783
90285
86255
15537
99633
75102
68556
20812
94237
48984
10713
28572
98913
20436
66806
22834
21346
45850
62592
33534
90630
7074
52486
99826
72454
17760
28491
9148
14807
51031
77486
4484
83289
71342
41834
90374
50559
31006
32083
7827
18699
49341
99942
9435
1421
73361
82776
49738
8634
88517
99668
45354
32692
68598
21775
87543
2567
18562
98082
77038
3503
64495
35564
46721
35895
23843
28991
70255
73713
39119
33355
56833
23874
85680
34959
87975
78612
84512
39289
82805
10242
99752
65796
60957
24655
91326
94068
30621
33711
47288
77173
91578
97091
12774
46381
15028
32748
53623
99117
60534
98724
23517
74097
9100
83777
7556
54754
19559
63329
79273
52182
83707
71729
75600
39535
74382
8094
8884
40858
10927
20006
74523
63149
30746
83750
97003
43006
3331
62884
36918
16504
26374
10318
94918
31506
46364
27796
63768
93680
71511
67143
42890
58906
398
57821
38157
4913
82611
71124
84004
38974
50065
66869
49522
47121
46984
89226
8166
67753
98744
94492
43249
50012
50070
18818
59265
46845
62492
66666
961
51866
18714
84319
16661
94110
61179
50898
14260
39377
37229
27017
8962
39325
49083
88790
988
57001
35240
18826
22730
92718
34240
8785
97757
4092
92361
11371
53961
94114
38625
47829
22548
4357
5622
49505
26799
47319
4730
41723
93753
44766
76599
3223
46433
25750
20903
55430
99413
44543
23503
9699
40899
58267
15025
98848
61437
77394
72083
11899
11390
95876
8489
98046
76104
93556
15739
54916
6099
63565
24154
22496
7825
84717
80435
5257
86451
50154
34224
47381
9065
15245
41800
43031
86235
27986
55650
60482
34969
80973
76120
26082
36287
36662
33560
9792
67449
66421
76467
30100
99
96874
75573
29010
58283
38189
84346
4865
47506
81862
54173
46589
63034
42851
58962
96266
4695
48910
33657
92967
92235
48501
36896
86862
97662
68057
18711
60276
55565
73635
83945
28493
10383
65816
22963
73680
8226
77451
15107
33580
52124
33970
58091
5718
68871
64501
77318
25437
31529
15693
57920
74159
64882
63302
56211
83594
54227
61546
25184
59669
82469
8335
42331
30312
81356
21697
98738
9673
44977
67288
30198
92596
40882
53398
33291
77354
67629
98513
95537
52655
95076
68586
35844
57153
75291
75815
29420
98599
71291
22453
92053
44591
79253
42833
91874
33709
57553
19575
29714
61998
14580
20970
63936
22532
96861
32341
46731
9613
48403
3690
49590
14308
54926
94702
74889
47856
350
8691
48864
57523
87595
26211
87464
18091
47243
7007
29502
74961
49646
32005
41535
77891
63405
29847
38271
42476
56849
66571
91787
23157
40977
56640
10137
15400
52246
37296
19442
59842
10436
51402
31089
53677
13409
67070
40179
22051
40210
55431
77666
45727
94456
66076
37578
82587
64440
24760
19157
62780
59155
82234
79688
29827
38721
7595
8653
52351
92639
73143
1360
75189
34556
47750
78944
46141
812
65174
58911
42122
52277
75710
92193
51611
86776
77708
87358
84548
17281
93139
94255
21428
50175
40719
44743
23776
79804
90502
46570
25619
30476
73062
62102
62237
30416
30265
67854
3229
64809
59192
92079
43700
55386
17016
31885
39129
71044
414
83821
43937
41528
83605
20364
31012
82969
24485
54634
18375
87734
36521
45579
10649
57368
34418
71045
67433
51249
56250
60565
18040
19849
92316
19278
26653
55761
56654
87467
9816
86133
88638
39222
6886
92653
73699
53460
82247
96897
69403
43207
52340
29792
75220
95105
58319
2101
90476
66419
51114
45791
4581
21102
94934
5249
65480
332
12465
10591
38647
82409
91942
44030
82187
26834
27707
52398
94747
77477
55577
49781
15423
62325
50114
74237
50623
94990
22574
6866
19033
62320
91004
96370
68300
11950
58666
51915
22986
94638
57090
5120
32946
942
4571
65986
38961
20635
97252
68506
4768
61708
34086
89850
24815
16501
57215
79882
18685
51889
60761
14957
18298
84637
30878
84671
71469
11536
2999
290
61706
50239
31912
7
89761
53547
41863
79150
38252
74740
7550
97941
76971
82820
89896
36931
60095
6295
34440
4613
71286
49769
9872
60772
119
80548
96169
3700
54172
82494
36193
43701
86060
76891
38430
83300
20589
48816
43616
88584
16867
94911
29519
5405
18033
80031
48333
14541
58629
35586
32726
53755
53385
76580
74866
46811
10340
1224
93024
74651
11021
14194
66434
73723
21411
8043
13307
47494
67779
85019
41565
17955
79721
7252
55207
26287
54660
22971
66544
40259
38544
94953
82191
5658
58172
23001
28199
52998
99978
29632
71222
78263
6051
58977
7146
89171
96381
78701
64058
43722
35169
65639
1262
96563
84796
20420
95295
96070
48728
56175
76918
42690
40424
61642
37532
7272
66742
88133
59063
28643
91246
98011
1793
72894
48775
3214
80575
85196
62664
64375
3098
27248
67280
28455
31286
26930
94006
20923
42801
30
49540
97162
78526
52899
46550
22929
34264
4187
18310
15067
468
52676
2636
9777
13879
20567
22039
38106
72487
64381
65615
88688
82660
44534
13844
53116
41749
12248
91086
7476
7926
81855
65093
69894
85169
70461
73898
74197
29853
98721
7787
73271
37176
38201
76863
66543
56136
80240
32850
87423
77173
59503
51102
25889
29990
73948
61592
12656
17437
36064
41986
17217
97652
57356
38135
40581
51779
60772
70396
61150
56296
45288
2079
29607
51809
83263
78715
50748
27712
56231
43125
7515
14676
71684
44032
25901
13611
45690
40931
76962
57882
36832
20682
29483
81294
62578
1269
29422
71123
34417
95246
4183
65829
65074
90581
98658
62256
7454
23887
80640
3148
66380
37727
67274
33483
76625
50548
75676
99522
8983
55995
5697
59423
32373
45455
14417
21153
85578
75127
66281
96509
70774
80410
83098
4421
59373
38992
67753
75480
16868
97364
64930
5931
93816
47835
30801
92615
81956
62220
47582
26259
67208
27251
15680
13004
8071
46840
68467
43213
31316
82503
89993
29368
73175
77075
5951
5686
39527
94303
92131
52852
58668
94795
72314
45208
40163
971
53309
58049
67795
55113
95424
91655
5914
29021
39483
763
68988
36900
98016
35487
12314
42374
81132
18370
97380
22750
38206
49651
95912
59136
42617
70747
23299
40854
38199
5652
79424
25631
35363
33289
66088
39934
20999
55351
63016
3042
25475
20206
34489
20152
59145
89710
49797
65542
66374
71769
8851
71048
43671
41142
97966
94064
79696
67657
76218
82590
15661
58873
75195
13265
53293
13292
16287
29010
17459
60546
33225
65162
35455
54118
84966
38413
49853
84241
55666
90217
98742
51310
48952
92188
53685
57624
19610
32065
14427
34673
57261
61526
44841
82031
40955
69626
18292
77700
57456
1643
45115
55838
66701
659
48978
58602
44340
11400
43887
14848
88075
8285
40388
82744
24426
52977
40842
72504
50849
91184
6480
65437
34426
69087
28930
88955
68650
60567
33706
57750
96834
43558
56627
96388
96255
49546
5633
76996
22841
47297
21968
15175
79744
65213
82779
54190
97231
88444
48743
93786
16113
44700
86747
37643
11307
16807
70974
58651
32431
74303
10965
9782
7029
11003
11159
38590
79488
32905
24028
97985
45862
44623
95831
21170
75397
30880
42644
66841
16589
22528
68049
81748
4338
48813
48338
92539
87118
6927
52584
49144
23135
9794
29240
66905
20996
54813
9997
74532
15007
95779
19905
44014
68699
82665
31769
85658
56589
20957
49737
88396
90199
97178
60790
14462
46023
41987
42556
3484
7147
8284
3986
3086
57023
30275
20833
28733
77742
58524
1007
89016
6929
48253
74703
96954
997
77785
36675
20481
81647
95758
81813
71346
97279
91025
57609
500
44869
10389
85828
85574
24910
22712
31070
82580
41438
49338
86524
21090
6152
43620
59156
82111
80083
44301
44679
73930
48435
41957
19749
93630
46653
90441
51292
43374
33380
97352
85917
99586
16924
31349
80873
82926
69666
47656
38179
29973
54809
17657
20566
39524
13757
22356
97315
33186
84276
69169
39898
53038
25285
13575
48001
23184
59562
1648
53806
21164
3019
52278
47989
42787
78664
53815
51233
58246
61339
44019
46945
77300
47213
90701
77137
31693
51637
19953
35483
9287
69393
72269
75245
9543
69902
31476
88843
47632
40822
62309
63026
89933
9017
29684
19200
91392
12308
18405
46514
64243
43924
90333
77860
11986
62663
73428
64436
65147
32680
11582
27239
19068
87551
5108
78662
65711
82922
17191
99741
55565
48898
83530
2575
17730
66984
99350
53546
95865
35432
702
72208
93201
44881
81992
31560
4755
73902
29586
54439
68471
92100
80005
16444
32309
4059
80208
97441
19857
39848
50952
13246
9710
81597
11146
1535
87652
29655
28395
92880
11471
63391
46650
35826
57828
57775
4879
76474
40313
26729
98507
20183
24005
96399
50826
1470
58094
99113
41105
58718
79926
21843
34556
78047
62871
75943
50271
62539
29363
23437
32367
83290
11882
25713
67656
11512
24713
28417
95727
6247
5006
46294
59811
74407
61686
19238
29982
30781
44025
84726
40753
48108
34624
84958
43776
89808
62942
66665
4651
95897
39063
89832
97190
76847
67872
82823
95178
65248
95997
76365
98017
71084
69163
72243
81090
98482
5658
55372
66957
29398
48086
49044
75115
67861
92567
40397
34678
36603
24781
81704
29008
88399
42379
22889
57479
25365
19377
90252
74244
46164
44946
53377
728
16514
83325
72600
50623
16158
57806
75360
82882
37578
81468
78780
82723
52111
92874
13932
39973
88195
98531
47466
5288
3769
57954
11400
95708
45758
60542
97015
45609
26242
40198
72820
70003
91197
73346
31507
68269
96427
58133
18375
48306
13829
86988
2185
75743
60626
40751
60342
21469
71419
80706
13108
65002
68529
85342
91937
68852
33491
92412
76300
59697
26733
59556
15782
66078
89182
60150
32872
7678
19086
30920
36840
39720
46472
88671
39656
49351
32582
22609
73044
91348
51845
65802
80790
58741
1180
57085
56608
28407
83583
1645
93749
74105
95468
64551
29088
9745
85547
23075
64076
22287
84198
85064
40012
38435
93260
72657
95518
32883
57603
55772
65793
89737
35315
85616
36452
77859
48337
16317
10769
66772
65522
66519
93380
20282
82843
16537
89895
91211
25512
30083
15620
85708
80311
5751
35207
34920
4732
10924
72026
57724
42066
16151
8975
14572
21806
65438
70553
23669
92138
2936
53327
83914
81515
6688
2840
40014
93906
78203
12363
16565
12630
69585
26208
15223
95646
13314
72586
82207
17912
23125
39790
86747
4750
54381
64474
47789
88909
71696
45060
62378
52655
50108
41370
42862
33629
82518
26440
37695
89288
25809
14557
18239
84142
61352
19021
12091
2233
55962
43257
60707
22913
91477
66682
77608
58188
16303
82451
90088
15242
50196
62912
2505
6930
11525
80996
95703
76042
98768
91158
2153
23262
29967
92547
9679
67658
68307
50357
64404
15780
19924
41556
92382
44570
12763
19907
56440
6113
70503
36158
78303
13956
98959
43097
58611
66805
74858
14462
9921
92609
66967
81695
20781
59989
99833
10430
72083
54687
67724
18534
10033
56530
11623
39536
84969
50864
66464
77090
14980
16045
97866
52226
53125
58543
52465
92905
48752
41157
67651
98200
99342
76937
370
67719
39015
64220
65819
1426
47503
49388
40748
97792
40967
66398
48373
93643
90780
28908
5216
9336
18598
50803
47517
57596
44282
78725
9964
6543
17567
94870
20104
95315
50549
1769
41601
79076
35614
48899
51358
64218
54077
10614
93119
28986
40232
97950
51214
3309
82773
64414
71520
62568
30960
88438
52016
16182
41852
10727
97462
74020
26656
74004
6712
70796
25751
55631
59459
123
74649
2298
8903
88040
81263
80492
52939
60848
94741
94130
43465
22695
37968
31649
14978
22429
7381
35756
11702
82185
88433
1947
46674
53934
3932
43297
63398
85007
27841
62024
37516
7651
82335
3700
57653
75501
75388
81388
21971
95136
49175
13359
69743
87559
94057
13410
67230
5958
75546
90477
86372
45426
5790
55073
6178
98956
128
57616
68106
50613
70503
38197
82932
2109
18700
24012
30759
51195
65443
22972
75932
6000
67989
6928
84283
84389
12126
88048
52919
4470
26154
28412
12971
61957
68615
6052
32021
70328
38108
45400
8495
56377
36516
65825
30958
74822
65047
76148
59686
6893
19956
86836
59265
5471
40288
33198
33950
71075
49505
25950
4
89261
86704
80977
99055
61205
87166
51770
47812
40628
88354
50953
16570
91288
96871
5136
45095
66231
66210
218
70141
10731
53576
83706
52493
5375
97296
41959
54331
90302
98638
82385
11852
70154
66158
68855
80001
33399
47579
30799
27931
30696
97807
79676
22685
53034
36995
71235
44667
45114
7141
32427
23612
6783
27441
33067
53011
27924
94034
63280
90970
21640
75229
49639
15780
12960
12640
78991
70171
16734
29743
72289
74401
8081
41226
8246
21988
87552
18061
87280
42924
18742
52916
49389
53804
35708
40962
97567
47141
69163
22442
35686
86926
87035
67225
63216
57861
61240
55158
5842
57228
71457
29079
83313
12036
48501
14094
22385
52982
90850
38019
32141
79390
45976
63374
75731
47088
90797
94722
39156
55959
8883
20282
93326
52125
98219
88984
26804
93560
2594
61512
44725
9779
6535
66852
47355
73740
88448
43562
94028
6224
62452
50552
27636
21606
14804
40946
35721
94356
12442
92769
11695
46628
54120
78521
26780
77346
88856
57744
22516
40992
6147
81319
66504
1854
73686
50019
55252
10352
15596
86020
2037
23921
71656
58888
36314
53128
77151
81765
76275
56433
99450
5175
18616
98623
97054
83799
22323
88191
77144
66776
34870
33662
32080
11587
5888
77172
62797
82862
743
51998
76313
65889
57447
29936
11266
18794
216
20331
87506
1356
24165
22218
94974
65104
61990
68820
21668
29407
71620
67939
31321
6687
28694
91666
82123
36599
99287
17110
63254
21265
25719
98369
49945
74749
2963
97967
61835
5168
22223
43271
1396
16311
52913
91513
82313
94325
47231
44394
73084
74334
7494
4299
82446
59704
49414
47086
99199
33727
44800
75356
66519
56632
92588
34411
17143
75880
1414
16138
67827
10566
36682
27714
90622
83241
26080
63488
12985
71665
64068
71288
51072
42928
93727
18588
72203
61967
7438
99974
6462
6407
49906
52225
96906
43885
95012
98305
34064
34211
75636
88545
82501
79672
28892
69900
20991
76593
50232
50591
65399
56812
34099
46703
45803
31948
1229
20965
18244
57550
14512
24304
35625
78173
37476
7096
93380
99606
50071
44470
55205
67480
20980
12848
27438
2457
4427
95896
9938
78154
86262
44147
64184
9324
58234
60290
20745
73008
39850
36411
20711
59673
67432
3098
4388
75448
75107
9756
33571
49103
38746
43391
3789
80623
7352
71758
54568
5245
79358
23728
97150
10301
37893
15969
9896
23435
62347
68777
48361
43109
5675
20661
66408
57057
3462
51309
71301
17094
25115
33843
44453
61148
19892
43249
14490
29503
56435
24175
35146
92853
7243
58714
93695
28540
35239
55804
62612
85669
49505
40111
41074
54624
75135
38703
95110
93721
73587
45745
78519
46445
11894
60031
92556
32997
75628
65236
64430
91983
76290
61407
44057
94851
38122
63719
55688
79329
94216
98519
38780
77889
50013
93298
34710
89555
90357
64400
74435
2783
14854
62391
12123
15009
77134
74880
9390
86383
90537
35820
61733
76112
57703
13779
59903
65199
91881
1594
36863
49740
44399
56108
20434
65426
86035
7353
30327
63394
33666
2019
79391
89463
55401
18753
10390
75943
86598
39047
15858
5703
56986
29699
46108
29212
28181
63726
82495
26796
47286
39178
67583
45810
48556
84334
6596
56368
89057
32549
7646
41488
59988
65461
13443
19338
17768
48235
13307
65421
75241
98797
9394
28762
37798
43706
22321
38860
49467
85760
54867
31886
7397
69792
84509
91079
73578
10470
69528
74233
70875
90215
59454
88417
13295
35511
38826
17299
83307
7629
44878
77647
79550
76758
99715
78604
78357
400
24357
79167
62703
33923
90626
53767
90974
91695
974
48374
6466
72696
22483
24710
38748
237
44916
72336
69614
73080
57482
43139
88031
14765
84085
66770
65021
46974
71373
31923
96290
31618
29771
51962
75049
82194
62687
53649
88036
18462
40710
61275
85249
92368
56758
51325
54834
97642
57473
59483
93207
25993
57250
97593
75859
97506
76552
85753
49647
22664
86427
39830
60458
71650
49408
59459
33198
76438
71986
14239
29955
81591
95378
71554
64156
90198
76942
78473
47445
92805
15582
84886
98771
81491
23908
21737
11704
84903
1435
86873
47377
66270
95132
882
20603
49376
43198
39007
11524
19290
38164
38474
46674
97088
12879
62920
48476
10392
32870
37348
67591
84108
40801
85457
3729
61241
46684
47777
42200
45486
56500
63198
30669
9224
89173
30781
60066
96768
72278
88750
34517
55708
32105
31960
45121
4861
91333
38472
78622
2639
68644
61738
66977
42402
49360
53422
6340
47800
3668
21158
43002
39474
63502
25987
89802
27329
78843
44370
65489
76477
39382
24646
25446
91135
76890
59167
26472
65217
44833
59675
35473
19600
20591
36595
9859
11989
2238
25483
43118
1946
73117
88121
41572
3131
57297
43076
95234
29556
79932
13119
16738
4270
23857
4295
27868
46707
58392
24641
56710
89984
83421
25443
79851
4142
19503
51896
41403
20811
32287
84391
97916
21537
55908
66559
37753
78890
26856
40978
83493
40053
60947
5487
53030
32297
96964
34077
53481
571
30746
958
97946
35032
62655
66246
10311
60521
55246
37635
86725
84889
94247
5065
96880
93940
66266
93126
64460
31218
3437
7271
31721
51119
63146
59525
745
49363
22617
63298
75864
94930
49812
2230
74131
12707
52539
61071
20432
28241
8583
74531
79823
37459
69207
61362
79160
21536
3039
77691
76094
37298
61025
58726
78930
67570
20192
87598
26513
92691
20082
29598
11527
58407
28348
51758
85413
91844
68401
57961
56135
65160
15543
94343
85207
43198
51188
26571
18438
72491
59272
61800
76739
59800
11291
77965
77171
37929
60126
65999
51101
11807
54890
81270
73944
1489
55913
94902
29356
85942
32976
8304
20404
45408
8082
23504
6751
54355
29542
16769
80725
46103
68719
80450
50888
94078
29288
79777
85010
77283
37855
22377
39472
64890
76882
15157
60122
65167
10704
59492
79479
64307
82766
35739
66816
57605
2946
54131
86179
69315
69948
64686
91946
48298
95933
24381
31836
66477
77094
85536
15693
20939
33199
10657
30250
13956
8150
31072
70307
31725
27277
16220
3691
85882
21066
58580
60848
39306
27934
57937
9653
11432
25772
32418
4034
79434
18216
98373
34972
48019
33639
40841
5104
89545
35103
35908
84294
3334
15267
49703
4536
14592
55812
7502
26853
78600
24841
42537
43837
13008
73092
70168
40847
79383
96878
2417
30075
81836
28015
83850
83703
98339
7057
75530
50226
49536
74879
13148
30855
24738
32454
24794
61070
91751
63746
92413
32365
49131
59347
91165
21504
27313
50966
75139
37803
26909
66756
80700
11718
14308
38511
8538
83132
82123
14459
66671
35331
18391
99251
60624
31518
1450
95080
70703
22138
44211
89432
88131
86861
16561
26097
94634
58738
62975
56358
57576
12685
6545
64658
43023
41085
55437
12443
14863
12430
15651
20966
52674
10600
61803
24527
70723
59310
45815
101
16140
16044
18310
96213
59589
76646
82211
51694
49701
92397
2140
93359
43892
97522
55428
72981
82207
36753
43805
95513
32333
98966
35304
25158
3635
8953
9891
37140
53641
87240
93444
87036
5707
10380
21440
27913
512
63494
68352
4833
23788
29541
44944
19159
42103
893
22912
56531
65634
73532
51733
88108
47365
56306
78098
71895
34714
2321
12143
81344
85159
64870
95034
35352
7651
11731
25876
14781
90892
46246
33150
89519
72496
3404
13005
1902
74121
68158
87703
82033
56557
82972
83221
31558
78429
27432
24628
79543
43753
56929
76403
50449
86780
19853
72065
68170
761
47522
68940
48689
78021
69833
17546
20216
41596
90001
96435
75707
3113
73894
26669
19233
37799
75589
9960
68482
12127
22083
84148
43934
31506
50043
82629
79314
66442
55091
71459
77286
93527
2559
85921
31252
52070
88482
6836
53902
47108
66571
65582
90057
30701
44483
14408
33089
49657
18867
37446
37946
27034
28983
98830
89237
98619
90058
69619
85708
34123
8201
87331
51972
2233
11189
11248
5872
9025
60696
59287
18094
14890
90756
40889
93522
13877
67837
33962
49757
41062
63777
42192
58729
3128
88800
97283
36842
44911
20612
47613
12374
70930
53378
40083
67794
41579
9731
22648
31143
32341
25727
29834
9135
1227
16746
32918
69403
81169
22746
78289
70874
16364
46434
69401
60793
13422
80611
57563
63698
43472
28809
37650
47977
52979
3636
51692
92829
57878
23602
59078
87874
52124
47587
91263
57358
50762
16314
43358
41723
56396
67766
81901
1388
53569
24616
77428
68088
96273
90716
40147
85909
66071
57460
52754
33448
17161
42339
26080
36391
83725
98586
20880
4732
49639
22323
88919
61226
31024
31264
1691
35222
30460
15983
69461
28664
62004
9790
77462
36467
88175
34528
78231
60785
74597
48425
19046
41405
31316
51989
94381
18580
90799
12764
37218
74189
30000
76813
93169
95630
25371
24563
72627
53592
59456
59361
19558
40048
71864
87384
40312
80687
62997
11442
81572
27276
14723
12202
10095
1801
54263
47387
63295
22977
72785
98082
2208
11564
18397
56275
40304
38802
25011
35168
38381
3143
84045
16084
71715
93113
80591
73393
43444
68398
32156
75992
70809
26392
41687
85006
9027
24573
77329
70981
15377
95955
90265
45388
10462
69041
788
61440
16281
25733
88757
55028
43007
71936
39533
53843
98234
97884
94070
61661
94993
98266
87252
6121
93198
110
92897
47841
80483
69916
1886
25801
21882
6239
78724
29855
11427
36513
83564
47094
10279
53085
75049
36644
37469
32774
75028
37360
83096
28274
28268
90431
51771
34908
17525
84364
78984
80377
80838
85672
63668
34859
9572
45091
81621
81613
65071
59226
71465
99258
63976
93224
23628
93767
99375
54536
36976
79895
52015
94716
16839
11547
365
60446
11832
62896
68731
95750
27544
4505
93676
98739
13981
57909
42095
54645
28918
9384
88346
28624
81660
93565
17719
690
94987
17687
89333
16569
26391
38212
67623
9538
87439
54797
40770
75649
90399
40366
36885
40701
64329
11743
78035
68335
78451
76140
68652
91131
88098
35398
99928
37648
74588
79156
80120
57195
66336
45967
13071
23413
95206
69920
1917
35358
57010
27069
14745
58639
503
6538
61916
9237
30176
993
43243
81277
69918
84276
86365
20876
9263
14355
11969
94967
26099
69806
33603
15492
98237
73692
12584
77688
50009
16798
15844
91406
55872
834
1204
26427
47625
6135
44703
45162
70694
72464
64261
87634
48646
64201
85081
22757
93813
92931
81261
58856
51591
13843
41260
66910
23310
24698
93601
32050
603
60618
72650
58971
68477
66749
12355
91063
61789
87577
75594
93222
22092
37965
84186
28636
69738
35631
49965
35672
51660
55913
88574
81028
51527
77439
61885
62493
16670
69059
58187
73448
45654
54819
76012
13975
28003
29724
90412
9287
63952
98721
39984
62431
81379
65284
16835
86716
95842
95514
92120
34045
40447
13214
15055
61785
39618
70016
85983
24600
45848
77689
91898
77790
72572
26401
66023
29172
62882
51900
92891
8792
1448
56529
85953
88831
92593
52990
13206
39347
14014
58785
46415
37187
40668
39141
96413
3297
59263
12818
22915
44361
42161
39651
13110
50292
21904
99880
63483
75677
40412
55173
14851
49581
42322
90178
35556
71857
82167
86933
90418
29270
22813
81282
34885
5460
75299
55961
80170
20997
70586
70292
56335
90693
48867
65659
67163
17036
12227
23691
85182
43837
56405
2397
6867
33210
46080
9050
74452
79150
59002
85675
74029
66953
20485
65777
87426
84622
76660
48942
37458
65529
55599
3200
90977
28856
18512
20777
19108
91611
3277
32289
22952
9710
11396
82702
68996
60989
10536
62105
19396
78868
61642
99898
488
63812
91029
81857
98207
19962
9375
96825
49454
60139
27101
16390
3992
93604
30170
57417
81881
96117
90640
57617
84194
2162
32566
67547
12798
95476
39889
12935
37131
63541
29245
3484
91910
64599
78683
52876
87506
85042
51592
23355
96731
9058
66665
72440
77772
68204
16042
78567
36561
57428
4512
52462
72745
7396
56459
28375
80577
54678
32408
94667
77613
19207
98780
11554
19305
94497
80545
1227
3943
57446
56693
99768
93711
36465
10923
80735
33461
82819
1959
92915
14339
3160
89123
55983
42806
83708
52703
88026
93911
96116
41635
42645
26151
98428
80256
86285
1477
84738
95761
85564
43556
60690
831
32365
90840
22269
19000
69689
44116
86960
94736
54362
45040
52195
33515
1523
32278
2876
75245
26655
86373
43657
61516
67666
14257
42083
12304
29384
43243
55235
61524
28043
34998
19002
87490
59292
62559
7568
9462
54119
71575
863
15832
98915
59789
64283
58141
76405
64981
30661
71713
77192
35526
6135
78003
95796
63199
49025
50724
47575
80859
28094
84342
41566
95044
9205
14146
61380
66897
40339
16124
18826
2397
97986
49845
90193
65789
89997
4657
10981
21375
82294
82793
41325
11943
46281
45625
10806
54545
26108
29313
58035
50553
36709
55743
3826
71562
9996
14987
60205
3213
58575
34998
1799
70654
73149
31392
67172
13403
15458
70790
49661
57826
89564
55102
36783
36864
24625
5472
19843
74873
35176
249
4243
24031
26363
12482
93716
70858
72271
25387
37650
5111
61320
98216
88944
78197
6962
95319
26449
29666
90340
30310
67687
80484
66217
10030
23054
80093
71149
98451
52470
6051
50859
32464
95376
31249
34578
20412
81097
15430
68982
15620
49444
88342
6709
28382
63316
15361
60986
71205
41405
18914
27953
89341
12751
50841
61305
40788
12900
64707
95525
37854
11024
31026
80991
55621
40146
80495
67933
71773
29296
36375
59156
32511
58701
52544
25204
23003
74566
30781
23161
54688
21993
27236
4281
54967
56971
72698
98503
31049
2194
7539
98072
76722
36782
89678
987
75920
41131
60792
80704
38782
93196
76568
68215
61180
78262
60417
49720
10745
77281
10394
57234
8162
8896
63471
36389
72352
96049
65889
30574
53633
20459
58053
28267
35447
72738
5634
10964
77316
64108
60049
3173
65315
37695
95293
58984
16685
75905
88198
95047
85084
963
31059
4281
67389
96717
77510
53712
40939
21254
95727
20279
10786
58251
47252
77544
38525
83738
45805
23321
10402
64530
26178
28420
68543
31253
76162
93857
71920
2682
95457
84599
13193
52813
79773
69676
66955
80365
88385
69333
9797
55674
60396
15682
79941
18679
42296
21577
9988
42638
16831
78530
25181
44339
44438
55153
21674
99179
24281
49894
21189
41627
45509
30416
86663
98823
8011
17534
33243
61105
15232
52497
9159
54433
18609
25954
83988
19641
21157
62309
85394
67016
98467
74732
37954
27391
37624
38258
85077
31476
83175
44189
18789
36688
65902
71555
50274
91495
54209
26401
67247
93030
65128
67470
86533
31602
35845
24012
82343
68333
50779
79321
17858
69205
18856
25287
13041
35135
64373
36149
88680
46195
99278
49295
93499
43929
22793
45576
80306
1347
2811
46375
91604
78078
41255
50014
49394
29354
73689
1780
58565
99406
7975
87441
6884
18281
6582
82324
23285
64780
51099
19258
91364
61585
80137
92022
5497
59105
76967
69780
72573
66712
50471
17515
40780
58032
6460
71532
95251
10548
93332
5987
44932
36453
1923
51659
46440
66592
4266
85620
66414
53498
13007
94783
31691
90768
46706
62418
80320
7360
75073
74079
61908
18674
55975
71873
40180
3242
16759
69107
94683
96156
29101
71232
96390
64412
69794
38857
25482
66168
85388
30864
16506
59905
25059
38378
83990
37639
28037
86609
97868
13956
2558
57362
90485
88322
40217
76103
25620
82886
81115
59798
23702
60523
45024
86278
568
99294
12219
33532
35328
82732
37742
91779
64354
60765
86245
50842
18794
686
96429
69027
92501
57464
70994
1411
1432
63961
33603
60834
91222
99280
37289
90910
62381
33026
20032
71880
76884
70886
46205
25685
28950
34491
10932
87667
60593
12248
44569
17276
17287
1923
42921
52614
85366
75130
75012
87459
37617
55688
12915
87783
53674
81173
73058
55688
78141
68849
82003
93756
5974
76161
60326
5063
52663
53214
51693
82460
81820
45711
15986
82705
25368
40365
14841
70205
88721
99158
20816
91645
98578
65915
40785
81448
84357
42078
70388
76809
44008
29157
83861
59540
58937
90628
2017
85366
68151
82288
33807
12029
33066
781
31306
25980
46447
53233
58321
39745
28539
28208
79928
17974
12382
50080
18786
56934
30177
67380
80674
55660
86227
13400
38651
96878
31920
95931
84460
71326
31575
97552
2771
39330
68953
94394
69401
22787
83541
43396
47957
86096
48372
12594
47659
11289
16929
28841
81945
90448
33543
81386
38471
93626
62200
39771
85013
29408
78040
97909
33553
65785
23099
67683
17901
37188
87132
85479
2943
29766
22638
83432
41730
58810
94265
87642
31212
64743
18058
73362
76469
51756
19842
69864
5861
65520
81763
54797
32524
82389
57176
20778
79991
16020
4018
10089
36220
3628
51956
38784
79261
77195
597
70644
35525
51909
73631
55360
81931
42410
38275
87384
31858
3544
35137
69871
26682
59779
66837
19032
61205
70316
18375
53996
81131
88393
35880
50111
26807
91284
20216
43714
65774
40605
83815
14315
66489
23856
75024
20473
41066
61660
49520
26943
7431
28184
1844
47575
89023
99503
63624
14796
72135
17188
51569
1764
63305
51325
11096
73691
41401
18383
6023
29528
70485
38788
29720
65834
51222
66767
18905
38516
56320
78507
10033
60183
21431
99553
44235
7387
47032
57432
65777
2337
83124
71019
39993
28018
82429
