91032
19481
94141
82396
20612
6306
78264
74302
36656
25579
93519
850
17685
55127
59303
93342
65296
87397
15958
98136
82619
93471
59159
12272
51995
18514
86475
92387
73705
46046
13090
37311
32681
56353
52501
63692
52894
58204
9948
86606
84413
57057
89085
61908
97492
49677
38217
33473
21505
23959
95568
64953
39265
77343
85601
34178
1751
32981
14307
42689
93094
77774
56371
11868
97670
7645
63426
27536
6420
37724
21700
49732
12876
63557
27741
91990
66203
2003
37364
24737
85382
50078
73871
55615
69558
47338
25257
50913
87757
55395
89980
99732
92774
39138
17837
29438
25702
47124
2473
84398
65341
8425
60090
66631
58063
79830
45706
92228
32026
12564
67054
44221
57205
7421
56996
68997
75278
34004
81010
1558
41170
76569
78410
97214
76996
40994
11845
30424
64255
64102
63302
47683
24203
70045
78235
67237
93571
40994
53608
15624
47678
39303
94151
55334
9707
4245
73557
30915
14877
18577
56859
79681
35206
34275
61601
78162
16781
53450
3330
67738
26279
76174
2753
96974
90423
22033
40618
92461
71776
19825
2592
7634
18449
65626
28385
83941
39892
40515
37956
32980
86881
9818
80363
30676
98811
93054
52881
74690
5124
15846
34743
36242
72833
2595
17875
50963
8400
56902
51083
77270
13784
72239
72511
39555
30513
92861
81761
8557
55465
12654
11781
49604
64448
22421
8193
28702
52670
47589
81342
68868
6466
47964
487
76679
53173
58384
88492
54059
45741
2134
78349
72989
73348
59098
95331
58357
81849
84579
99370
25552
51376
83990
75544
15088
70735
90777
40973
39216
162
94941
90595
56433
18383
5685
74551
38712
76508
1402
80066
5132
62283
42376
54889
22871
86952
58459
55453
64941
48756
37919
92639
60254
87759
45665
66586
95836
53482
55412
30062
62199
27088
67794
11465
87706
21162
61155
5595
91900
36790
67566
97070
25587
81872
39629
61175
77350
38047
74245
39574
94954
3074
83957
21143
9640
61518
67085
25906
7095
33130
47516
17161
8224
78164
4656
11584
36576
64306
72767
57708
74757
45340
38101
53353
59486
57207
97949
53626
84010
79617
16541
76344
99467
36458
60949
59235
84380
47302
63144
5977
97696
2542
49220
99658
98446
58607
85857
93316
74262
54534
15784
77255
81615
8957
49357
83862
23722
18981
35161
37824
59789
66045
61507
48560
12901
91103
6334
614
5288
14942
25653
42854
97502
74922
31142
3313
86117
40436
36604
61760
40303
86362
54224
50741
43519
74239
48396
40044
26102
64354
99927
92111
30271
9895
45360
19056
77824
83374
52548
11755
73032
4798
85004
5740
59728
7286
25058
12877
71283
25649
29082
77334
64564
33796
10554
87252
73814
7633
47090
26407
88449
72980
88565
18696
89347
84366
14592
84408
48037
27843
41500
67508
15112
43770
55379
37783
39451
1165
59814
59121
75249
91554
25745
1150
75877
43816
77565
54412
27407
3431
67982
63786
75778
61935
9381
75774
62449
67651
28602
99820
74270
90259
27463
85319
62403
165
2315
33052
57766
82471
33411
916
23597
30415
73124
14113
80132
82193
23373
5532
4909
87379
38108
14467
37038
80859
99061
79673
90263
74342
35921
45028
19050
19795
45905
51354
92301
23625
65522
23476
66538
24427
761
61986
58132
12536
48563
19589
57331
3379
62428
5468
21439
74487
44035
54633
55031
99587
984
56278
76542
14113
77787
61767
63069
41909
54846
42868
50257
60424
80822
46814
80536
40686
70808
13312
12606
12801
56000
8908
3273
3766
86365
32039
81723
32914
17338
68714
45444
80253
20228
42501
78999
60235
64339
95475
72148
41905
18258
86747
11100
45511
26682
42161
66802
9972
23029
47655
59814
41974
37245
83524
13542
90093
74916
3008
14946
24749
86930
11350
75397
47936
80017
61674
27663
4931
74416
66362
54349
74420
87547
93401
98158
21464
456
10930
75632
92320
25745
81890
23669
94276
75416
84476
82565
7947
58660
20397
24982
82178
87978
55587
60852
29835
68828
25675
2151
29963
24486
66868
17918
24340
85133
87051
38100
14570
57666
62658
98180
5356
73574
53491
32088
65067
54605
1799
16072
74352
39990
18343
24493
79205
4344
40354
79865
95602
13924
59566
64054
73147
21883
26262
43212
17315
22318
13714
4662
2032
16772
39939
79911
24897
94044
74173
34923
92519
75353
36347
63383
85388
8602
92442
32196
65529
38163
29617
43791
48440
57253
36377
39691
83268
33180
14817
19544
97376
16012
66849
92866
42341
35553
5717
46065
20109
60854
83175
27349
66880
84489
93751
77962
44306
42195
94040
12531
48991
9470
47874
11153
10766
29919
23099
87551
67698
83957
87962
50101
8282
18258
21004
44613
78555
46756
14107
67658
17764
2138
1931
10993
51415
48197
27177
23664
13778
31272
54117
50755
9631
44922
68083
9026
35957
48909
94535
15553
2807
96686
47106
49303
43845
90878
83454
19524
22761
99243
24975
38872
73780
56784
17746
150
5012
26888
70307
79900
61411
54051
93882
42720
66561
23604
46193
30941
75354
65231
86358
59682
78825
18256
17823
92462
72463
23987
43401
20333
30470
25745
80302
13800
5460
21674
65579
15724
28684
52851
81001
26917
22452
58897
52385
27723
96135
40592
69645
11253
74798
54489
32142
84608
39300
81032
70585
6963
3483
62137
27161
34987
3996
68411
16710
8385
21826
15051
49983
6759
54082
37215
59919
63543
87273
34067
13510
12036
3511
91518
86962
31107
36901
55522
95714
89504
29691
70516
25168
71666
98341
2392
57990
1540
22551
32279
65446
95320
65912
45706
21162
11613
42825
57185
59865
57563
60373
24979
98796
79628
71743
45647
92990
69944
32717
8632
2407
78656
3956
61448
82823
44615
48059
27824
85225
44906
71682
48668
87921
49302
36469
66009
74958
75784
8007
85727
22880
11161
49369
99596
38707
67844
10706
41267
98173
84579
99629
30021
95975
3964
11336
94842
25698
22142
68219
30919
21356
46314
30942
96496
79525
93622
37973
32410
7074
38804
7264
62732
56769
72062
86569
59681
8522
53162
38913
41167
47190
77931
7274
34213
72770
65049
39633
96992
2297
23609
46138
59555
29653
34014
51874
86187
83929
82201
38604
70942
62359
71306
88413
46231
99557
4445
1502
37806
76747
59120
89245
58901
69667
30848
83085
33030
39419
606
67791
17862
89046
46575
19710
83502
41531
27660
36742
269
76571
78276
7512
19413
54996
85030
74759
43503
11695
48459
28267
91002
39826
2059
75908
94280
7242
19635
17745
92508
54975
3617
81777
51182
5823
83929
74149
67169
42322
37626
29049
14981
43135
57434
27090
22641
58347
15064
86925
64502
67842
37344
68642
9141
51110
83756
75096
56298
67152
85347
57322
56082
39256
61575
74089
28640
91806
62400
55034
15349
35777
55396
44599
15876
24725
93249
17548
14035
3606
8488
17814
19901
69692
30364
71735
52332
91181
57502
79611
28506
33714
71596
48419
72945
74418
55964
56407
5786
40583
72788
83841
96118
97866
19012
48429
75274
58225
10327
74218
65382
2678
3302
79987
77788
61019
61846
68894
1021
74723
66174
28461
94127
19557
43385
93421
55201
6509
72395
87280
63968
37211
72252
61438
82500
54131
79926
74600
69305
6919
49412
66674
33013
16904
93457
54849
43800
57242
90335
60109
57323
61948
95412
59634
33986
89340
78009
76438
30641
15104
17469
32251
99343
30193
35141
33393
47475
18574
74002
41076
72645
4906
33983
12560
9973
93215
20392
59249
93293
84677
15022
88297
67358
98853
35130
60474
15631
48607
22607
74848
53781
6526
75812
56602
67693
53625
38134
27533
74412
30607
10488
31290
78856
35010
74265
46348
4060
97860
44399
16141
10282
10222
29670
11649
22220
95005
79420
8984
50616
74350
48135
67499
56740
10186
70259
80507
61595
47512
20342
15041
13314
19709
87444
99446
56530
9164
41625
36404
64310
35229
26689
71176
83079
41644
16169
5642
39968
67617
6856
1865
85158
63195
46256
1903
58714
74988
87465
52355
61504
86869
39235
99145
25221
33568
236
67415
96760
46450
58445
80691
84872
96777
81817
66917
85628
25969
86542
13907
58284
31941
82700
18629
90227
44537
42652
82495
96059
94202
8019
88230
6648
42423
96137
45175
89023
71589
24351
58726
57105
53178
68130
78647
2682
27512
18799
75277
82187
8291
56351
589
37903
58733
67634
56476
80505
95950
24748
60661
94420
52570
24675
21051
46012
80480
26007
56119
49636
71007
45803
86766
50954
83467
61601
59913
8681
65465
48104
15882
3435
55432
98675
40724
15320
2513
83105
4227
88492
72298
60305
68751
86741
10405
38201
75753
18000
72306
3106
35278
36627
29783
36744
92983
73428
53118
3249
67692
63447
74352
66921
16348
16401
89
41724
10123
45211
57099
56245
66561
79731
39836
68894
33557
93263
40146
53150
29721
26052
43130
59367
67139
99407
4894
59623
50999
45164
48727
85792
96381
3055
80635
82328
4501
8256
46201
8588
86368
39524
63961
77452
76020
67332
40487
69847
66005
67880
40558
65907
93198
96948
21609
65093
57448
98566
28802
95208
17104
13369
78218
78990
47381
56330
70424
67822
35602
24142
28920
40338
12552
24995
62078
80788
10089
14486
91530
81535
27714
87102
94460
89958
42219
39981
10149
98418
84989
61920
16441
51163
49798
9024
62817
28835
42478
60150
30726
63649
24366
92844
10544
73899
98285
62291
58750
66580
64241
83741
50347
3193
37731
56663
92788
26407
34477
89195
49715
91459
69916
10186
16526
13151
75269
73019
78036
58592
12017
93163
78201
53116
7769
80021
25560
34998
75843
74337
48812
78416
1349
58486
31079
87653
39270
68257
81300
99169
5794
75501
82661
78179
32512
74173
71951
53908
46232
78392
52608
63935
19494
62812
23467
45247
71885
46489
98876
89896
91822
2538
6398
76044
92646
32603
24765
84693
77162
49437
20557
23485
54110
56638
76656
58847
55136
32272
57896
57193
10919
25250
22331
59088
51320
21158
27773
31761
43286
5195
55515
21005
5572
39090
22589
71970
13974
27510
33565
61129
75834
5091
1644
69675
80970
60935
28259
41059
98762
3100
60712
39962
80193
40765
31745
56838
18281
79497
53427
44295
91833
66774
34755
42414
7797
97759
58517
71473
87003
4440
37856
95853
35894
92607
72129
99241
74739
92574
6974
96067
3685
86475
33227
23357
83739
53201
1905
20590
5383
41744
14538
99537
93544
17464
88118
59820
16931
99804
10439
78132
44057
14037
99381
17109
4920
85473
91601
63971
12865
32405
44887
86832
66642
58808
2226
81585
17900
66842
18847
55306
80171
35382
75774
9624
8491
12559
17356
33902
11880
40660
40771
77717
83491
90158
20412
57934
20126
71180
80750
74882
41988
84041
93762
1430
76272
40169
30280
39124
67430
49158
93191
5825
75819
19528
746
95757
18212
81322
58543
1082
75152
46505
59009
62842
98355
87138
4075
28873
6786
92132
27864
50047
55007
42702
66638
96333
10936
22590
84120
37417
23951
31266
43035
73276
5957
47300
73569
74085
37184
27442
21075
33500
7706
64995
17189
1581
87787
61559
44011
5229
57487
19189
74471
88785
82920
5005
24593
84137
14782
3561
80592
40557
64493
42450
85240
45838
18601
66853
22814
46939
11586
20905
4826
4019
96755
3900
6559
63
22407
88613
53884
9934
1467
90518
59471
64252
36041
14142
83820
56342
46196
93908
97756
80039
63650
72036
33839
17664
65714
45400
40110
8049
91568
60409
72924
44822
23913
4899
88899
35672
14904
95298
94457
87606
14029
79931
60839
31017
24929
68445
72921
87671
76099
75303
19068
71279
46501
72786
82632
37424
68426
41869
50838
32750
14427
64719
47576
2366
8193
37175
65575
32588
89669
3743
15895
76110
39863
34022
48465
66935
49919
53861
79750
29123
70798
678
45925
58570
52111
64362
17356
18391
16678
27335
49827
21680
20903
93630
28053
19120
13153
7634
33593
40084
59374
91172
40036
34601
83481
64886
68711
61639
22381
93656
54681
7213
66088
46069
82194
14864
82816
97867
66092
43661
6633
83574
13011
27299
89895
99100
75762
36428
17742
31350
62519
66120
87435
7600
82462
37139
27167
39825
31899
40117
54
2606
81726
43579
89344
86956
18202
21642
6877
38009
55267
95505
15785
37421
6972
90007
14876
66869
44966
93172
48223
75468
89615
22099
94257
53018
73197
62478
65081
10572
34710
12235
49143
16542
63615
23213
9153
77847
10286
15277
39061
94449
51034
61772
59634
32100
32599
49027
56134
48473
29127
70596
11723
26441
98465
97788
19495
98310
74361
69075
95484
82291
5554
60351
33869
76641
84745
69668
88707
74586
14092
17289
12865
8162
70468
61573
91843
21746
75218
48828
9438
46334
79999
62565
94806
34999
74417
95008
99628
15243
94308
56369
94571
79872
42896
63024
50020
54804
42385
85671
23454
64948
31658
77031
30522
29637
74567
46448
42454
17977
50551
7179
47934
84639
31432
93180
15840
23153
29275
68990
75618
46962
13362
60638
53969
44220
76160
49615
39727
23269
94351
661
9976
96346
83893
90827
7665
18972
92258
89951
45512
32536
53216
14576
31338
21772
91152
30314
43082
37105
69396
49253
78890
21832
6928
13551
68148
2314
99802
7426
27050
59958
782
48820
30821
95890
10762
96594
58386
47830
73164
77805
96906
49270
79891
6422
57463
49078
46796
58945
95856
51592
56178
63230
18891
16937
29670
32927
31092
48787
18559
631
36717
6720
72930
67338
26026
65631
6495
86342
80176
32501
45944
48061
93682
9909
20443
89541
19565
35789
50853
72569
42574
58059
57361
52190
83315
20098
23487
26569
43525
25093
17517
79364
3883
29189
62981
33888
50727
77384
93593
19650
96531
52501
62262
18742
78942
74944
29562
2845
84904
67566
10979
89107
12583
52302
97547
22229
52438
14424
76826
56583
18356
27556
94794
99150
81137
67032
36008
79837
78102
38865
84443
39267
10480
38996
31231
37659
87384
21554
50621
53238
67727
37359
52827
48446
70525
89636
19053
64572
25757
13415
80046
9570
79778
77255
72978
61307
30649
75560
94082
91411
43436
91783
94636
92379
2123
18453
75212
64323
61057
17795
28824
83293
37593
66267
1616
51265
57137
4558
56043
25601
66510
53821
24112
68284
39273
51542
52294
97541
29165
79016
19659
18644
40101
80578
34481
65431
18346
82682
64457
33546
529
7585
58369
56070
27401
98956
95565
45866
26822
97379
12075
65967
57729
24422
8354
77184
47257
19436
48395
62227
65973
70133
82027
52587
40369
16229
16334
93787
94714
27593
24239
80844
28054
40486
83314
1754
64007
9447
73948
50049
66483
26930
14081
5303
1071
64132
59448
3661
37818
924
56429
81065
47747
73068
66847
6050
96125
47265
53846
53660
41670
83857
49627
53755
11451
98656
16676
10676
22215
65404
2072
11752
17121
49626
76413
67220
29108
67351
5200
21781
71680
86217
19405
30701
25445
51603
41197
69213
57209
27535
30826
52804
79243
70663
52682
72388
17578
12622
22523
35448
52631
46936
82167
10301
6195
81555
62514
71440
12524
19427
65774
51577
4366
34433
83619
15348
31190
25821
71457
85658
42981
60694
81653
78159
63410
15564
68381
41713
45326
34546
46440
57946
58226
48954
44982
55641
50748
34338
31215
98795
81065
17126
15655
88934
33424
37586
78312
59350
64583
77239
82712
54355
61546
6396
13874
36115
39334
8101
97227
58095
10559
29515
57538
86516
99012
57640
15468
25324
13718
88484
58465
52425
33195
4989
34045
32970
29458
2125
33769
43946
82519
30607
45749
80576
6307
16786
91085
61951
397
17376
29708
41297
30689
1551
71910
81399
71351
23533
6567
91909
23969
58638
57573
57766
9236
34824
4364
15302
58306
88220
97640
25423
3834
86722
62250
2680
48001
54251
76271
22738
62329
22342
41795
31411
44628
18086
57476
73107
75347
47444
25373
43911
33942
7571
5988
82575
49421
29793
29435
68620
23022
51973
19408
6149
62757
30475
85624
54208
83132
57020
85967
66640
55847
33300
2744
71219
27826
10294
62069
99885
47467
89922
24525
30545
52102
93793
53838
78712
63869
83045
81337
72502
53416
75887
6277
2234
87105
60506
5871
5692
30721
50585
71938
3948
76245
562
6558
50786
13187
14580
77342
13682
28538
73565
93334
2294
75315
90371
82624
96043
761
71941
44854
97127
56306
88840
86747
54655
23351
7776
66388
25117
39861
89615
48103
75327
15480
87216
59254
34170
91607
64305
92613
22318
36702
41809
49360
31784
69869
75545
27404
23372
55321
58906
87912
80849
34917
8367
56513
30362
86956
6472
80941
59747
7614
61694
39730
93785
96373
56314
69660
66625
76365
76818
56182
97407
34604
58922
74536
78259
37670
84231
77547
31738
70023
57765
26302
92824
72770
88762
36926
81941
17349
54992
66447
83132
78583
17990
65268
3831
7918
99474
58436
93823
66143
94087
41043
83556
51610
84409
27131
64564
4353
30177
87158
94679
54814
33158
75984
79158
36635
84790
96065
81375
44275
45452
55313
7673
53959
39395
18668
34614
64021
61013
50967
84613
81956
51044
37761
45396
3044
83668
41894
66
16709
26631
86425
78567
23889
28270
79364
83065
64523
12745
81381
491
86183
56665
77142
16334
83340
71510
24423
49835
63571
47349
38257
68182
19315
65873
48178
11788
662
9983
42216
86727
73233
82123
91873
58453
57950
83718
82330
43832
76589
40779
28170
8560
34318
62420
58092
99687
3771
4338
1337
65098
96813
98228
19684
51645
79952
10238
83778
65546
89119
58151
98854
10238
62987
67124
83193
3017
58006
82984
89151
60048
49092
5300
36117
21734
54197
27443
71149
65522
69255
89290
12734
22111
96642
89788
41472
2672
43550
99821
67420
24524
49679
64379
8804
21880
45912
73900
77063
69959
77006
61819
92207
94619
13051
26392
97199
53543
8811
9061
56462
13087
1601
46865
36059
13116
62974
55736
24136
3636
22700
40179
33229
36615
60216
29647
72183
63208
80739
24743
59765
73212
7181
4338
40546
70741
74183
39424
85266
36832
13219
51555
35130
4234
13893
84761
11997
982
126
77974
57056
27412
61413
67826
45136
2018
77973
63908
91560
95758
74257
44944
5000
85973
34326
48991
761
39230
69952
55572
64670
77599
53683
52779
18219
46132
55446
44520
25439
56260
26004
54495
16359
28038
4389
43490
51771
91959
30994
48276
84708
56552
38969
82306
30827
10840
14635
89883
63680
70781
27462
67035
10057
34037
79896
56105
56958
46692
65574
10629
93027
86602
21486
76407
92445
2868
21983
44006
94442
11771
96218
71225
80502
73957
22835
76487
7222
53343
72585
40377
29747
80349
29142
78951
96412
59387
13697
4884
34688
51949
70427
80179
51980
70909
74630
37955
53337
80032
77365
16863
44093
54409
95133
68445
81023
15328
77099
42568
95739
92567
10143
42522
54604
95822
44914
81308
54269
80858
45454
12392
91377
65703
79437
90254
72076
68958
21837
86718
54075
87629
41458
89738
86951
47591
32029
4280
76365
75838
51343
23311
75084
70221
50496
30042
94792
83175
4763
54111
90797
77678
3708
75993
71591
93812
81645
4428
64445
35407
18032
63268
31544
96992
48376
78916
80958
27336
76997
10894
34332
33101
30134
66449
59327
68520
15081
73497
22319
73267
46398
84533
38647
48939
45531
58790
77501
54562
90990
80616
22530
89343
61563
90125
77631
76554
45421
7217
40089
2023
98332
41253
36189
54324
29620
89062
80767
3751
34185
74131
33733
28957
10275
32353
87004
74899
56519
26557
63785
5952
62030
11979
32673
56845
7853
11448
71582
19398
89186
48759
63758
81808
82220
72189
60636
11389
11166
54701
90349
16513
25686
33374
67674
15304
27962
602
62067
96551
44457
98581
30251
37818
61747
20868
59656
3203
29750
93343
53434
28488
30932
8653
40946
78792
76500
29772
78935
11190
56859
54894
74102
23013
96606
62544
48649
50930
57185
42667
45185
22162
86242
27307
45776
34157
84869
30675
33394
60692
2164
37939
20603
95337
21907
41736
1089
42187
86719
91497
39535
6374
31276
56367
18534
626
30170
45079
74922
9402
86833
2060
85404
29004
37469
58760
36349
42077
30245
73920
55163
6165
13405
19884
69768
23624
43759
52018
76036
28619
79036
84054
52663
50610
76762
4189
87879
46407
17974
46980
65829
60693
75420
59490
73237
38545
47495
87339
94257
17232
63103
33436
17959
33980
7362
40573
9215
89902
39138
99482
83852
52249
96384
37327
52199
42178
62756
72474
1172
29111
51345
90624
64121
10347
81548
80468
15261
73479
43743
10930
5889
32752
59922
29358
37298
93341
57698
82817
63708
62
97294
13631
46472
14909
45926
9449
15284
42416
64365
73811
11528
26076
47659
64455
88441
68317
67153
2716
20343
37680
5461
82038
94364
60629
16118
83497
55606
35628
40773
86220
6992
85983
19313
77527
78303
68088
15670
77036
97047
6496
92935
38040
59584
77892
39698
27529
66135
16129
10569
32477
82392
76275
80896
10331
25888
13666
36804
62027
23880
68427
61849
57485
3407
40990
85181
12273
58524
61286
8479
92731
52455
67371
58380
31476
63028
14131
92271
78189
8598
73365
33499
8776
64978
91439
85389
16475
49484
56559
19525
9594
35694
96202
29933
40351
6120
24805
90190
7271
800
30089
58850
96816
21212
48468
17811
5589
40666
16517
81807
63377
75803
49581
7702
55852
14839
14886
50999
77044
66308
69591
77611
4232
52776
6422
48864
62772
47382
75995
27488
68108
27583
94636
27955
76782
25248
39310
80874
3343
86970
48966
31653
4611
67644
12973
10534
70647
771
58343
5161
16595
12464
17439
92422
53894
41875
62851
59329
74727
51541
90758
30729
40055
7197
33870
37765
43132
93323
75125
59591
21809
24182
55011
56318
99389
14598
55318
85974
13067
16615
54674
6275
19139
94050
80807
95122
71779
56986
75967
14950
61574
96648
63671
15220
93950
81100
39661
48554
82524
36431
18685
33506
7725
99326
23745
82404
70442
34277
85853
64943
98010
95570
87521
38759
7020
47860
35641
95944
19553
98716
16976
46270
97013
5937
73730
51486
17109
82038
86813
99398
31055
13245
50767
49590
3357
72810
16131
72601
17244
58426
25777
89910
36568
78532
64219
89353
73960
41483
16360
4621
94133
64454
80460
70501
83938
70510
84463
90005
52321
38971
36184
56695
78396
19276
99032
15838
84109
52759
82648
94831
10152
94646
42318
42001
2576
45198
15750
66584
98339
36160
29577
30585
70036
13567
77488
9747
97332
13422
736
29508
4117
12136
36085
36258
87684
4914
40370
69451
15867
96969
90698
86181
68362
6829
81805
45402
67007
59157
50908
4213
45072
26780
9486
21063
25496
21941
94324
12573
19638
10142
74592
46229
42940
32449
80106
47344
66615
86368
57488
97538
8398
79331
10895
4373
65261
53443
4575
61049
44149
94813
59544
28738
32203
6534
24353
93923
76214
17260
53317
88556
15075
42670
56892
27326
44991
72036
40095
60770
11694
68406
51996
59411
51634
11495
74111
75566
42151
26543
81081
63367
74918
11555
72822
75213
16216
20690
40905
26349
7449
83228
54748
6237
77258
97651
57575
47500
71103
4926
91163
34364
11363
43537
29442
34124
79488
52522
34158
17206
80496
3934
87556
85075
84093
70647
59835
9467
95521
6317
10812
51389
71832
63308
46612
19077
13337
60370
43493
23954
16296
17725
75069
42637
59057
6893
43285
23367
50053
45182
98678
24908
49264
46997
35814
33362
51032
965
8059
35175
16230
99616
59234
58186
68767
39839
57185
33248
51062
93933
55875
37670
65918
86027
54774
24536
6045
95710
50683
84045
11147
91790
39148
49705
63809
39376
70489
27956
77567
4735
12310
42661
78565
70732
23017
88910
88911
7551
73671
18829
1338
17495
5190
67591
57259
52511
1746
65908
43219
35326
26177
63989
77322
16736
67848
70397
70443
41878
4108
32426
37078
71879
85683
56064
47457
1399
53497
42604
69758
18753
33507
16473
59233
30674
29647
88742
88123
12166
42129
98223
26832
14399
72964
43356
69374
34007
87717
10064
8255
67912
46793
6150
68313
97833
57521
35930
68141
67065
18558
4354
77140
89877
41446
77570
80865
40084
34726
22215
99069
64947
86641
44017
23588
87346
78692
77334
37328
9769
24016
73802
81790
14899
55054
62556
28862
68272
35546
21351
82278
57266
8628
28450
6543
93782
7762
50229
45316
57866
34894
26789
85481
26609
89472
10267
4405
63621
33224
23045
94276
27411
52387
25531
76097
84995
70880
25420
18330
23125
7997
53287
92352
5157
96881
78695
55092
64045
33335
66718
39517
74536
79958
13438
39043
73947
16366
62618
87554
64860
41677
71808
7326
29953
34544
26036
37417
24396
2489
46916
68914
15698
23025
22578
5132
91089
5174
58774
95387
6369
65046
98456
64105
85312
87659
31010
19206
8916
95730
16523
61135
22319
45968
83620
92879
575
94358
94893
53634
18850
27657
54317
48952
75680
32868
3759
22158
99806
18614
47258
51725
76670
47702
93295
21154
21417
46501
54472
68566
66368
43543
23813
17131
20462
88839
45713
53589
76631
18858
86898
79804
94926
17883
44975
76399
70323
9058
38136
48207
23090
81044
5052
68728
44935
46373
64619
34603
78975
19300
88848
56572
80974
97985
39710
33365
31335
26262
50660
32816
45541
21101
99782
93187
38799
33282
39560
4697
30295
14059
47930
32469
40036
23353
74152
62003
89229
90482
79243
30431
10079
44587
42791
95938
2396
38238
29665
55820
72205
8199
80462
18037
6122
45433
28105
16983
13191
34290
9933
19781
15999
86202
82065
15412
30977
56887
3386
39975
5865
35655
67086
4232
79511
4191
6840
29877
32358
60042
16401
4424
8270
50171
3143
7641
50108
56925
55687
74929
51987
78657
69676
65382
58500
54596
56474
63725
25679
79327
44342
12761
35816
73428
30348
53365
97314
64933
75971
62433
87076
26356
36942
68152
61680
19459
74945
7868
10629
45091
32673
75073
50579
89625
6677
74584
72720
294
60793
10176
23676
37720
45947
96924
35999
69002
94051
58480
57535
2903
84437
8441
91640
56541
90996
71540
80375
23425
10311
82013
33186
71768
73184
35433
1464
72391
68428
48001
16845
23998
75800
42536
58715
28957
53470
17811
16028
62183
49634
27542
24883
56012
14288
80856
16190
7754
95349
53361
82763
85077
64852
99492
76283
83668
63692
67510
59799
86225
67899
50673
79446
80113
79447
959
70389
39578
91868
54524
24226
88263
83005
5641
21597
29776
8498
50387
92470
1220
37296
99674
42873
82210
72721
16060
27030
33179
25969
52327
25935
94791
48627
18456
42302
77240
306
17035
70563
80050
8860
49579
61911
68822
40061
73126
42692
73452
41852
83504
98050
71155
79092
2113
58832
42582
99058
33658
13074
93748
89939
18392
96277
45873
83319
27443
87358
81128
41985
66213
18036
58916
30195
86237
21898
30297
44872
78401
12375
91002
29941
19974
97151
45439
45186
79500
16320
59361
83581
59415
69850
79897
25128
12999
42583
96349
83422
45423
41853
90917
25610
96359
45959
77610
63450
61828
31784
9194
90996
78650
79913
72167
81961
71370
47479
54813
79016
66134
6333
75132
52732
17162
43178
12217
56439
45579
5709
1640
96428
89992
25004
75422
44117
50794
70270
43700
48715
8081
31315
32808
52576
35840
56254
37397
58526
15600
37086
2529
4552
15643
76624
50143
56792
83445
70119
67840
85216
98962
9212
66448
51485
48734
13586
26741
5643
50944
38970
29258
64846
17366
47223
42637
14710
37389
64259
64135
32050
49762
59788
16156
6355
96996
72342
84079
81210
31511
32017
48627
56816
94276
10759
28661
89954
48468
27781
44817
81318
34040
58282
6911
51430
32987
76805
14867
20178
86405
81026
83355
47187
11678
47800
34590
61438
20779
4352
53382
71837
66256
90205
18941
57979
79665
94314
96165
54628
35349
87741
29338
91314
82656
97549
96213
47117
74110
48457
21987
96005
4374
29870
49732
73258
68811
92119
98979
78502
60882
48642
95969
69767
83919
39997
97839
36712
6016
84311
38289
47248
3677
88302
21575
43502
68091
14879
18972
66507
23247
91267
65081
75535
99962
19177
54046
67620
59647
53783
28737
29895
32238
24351
91917
29253
43644
16327
71552
62880
45920
47574
99745
78576
18768
96650
58272
26220
75904
10772
14742
86523
88496
8667
18589
64677
46210
95985
29595
35653
84723
88315
8641
9859
18803
1909
26370
26714
46928
59911
83958
80164
17726
5333
42609
57007
61657
47963
81592
41988
27625
78776
87286
13171
50315
8585
81138
5812
59706
17720
99855
78925
85794
93213
26132
39855
86563
75159
52035
71230
8991
25506
65420
98557
36218
41203
55164
27189
14770
37819
20430
61610
99603
64714
79450
24721
41973
57226
33704
32819
26625
36127
93141
10715
449
38194
84747
24487
1676
3172
82122
42624
4298
8831
78099
1510
35714
60702
91713
89746
69102
24965
18931
23200
97505
15279
33725
74597
40480
89516
18024
44079
53198
6645
41524
94212
17432
4813
27190
73583
49638
9745
66076
27398
77768
59538
15571
26428
43904
99776
55203
23141
82262
27317
99500
12759
30471
71945
55143
18527
61392
63362
91363
37636
22379
38564
29717
77662
74421
44582
54481
66003
30242
75608
51811
23689
46910
11150
87096
50066
60413
38674
50005
28242
40027
67837
37106
58380
38657
39049
12544
56022
2014
21660
30194
32721
1775
3891
4815
8669
13727
39901
51643
26909
28058
17582
39715
62081
41153
87024
58482
4298
5985
45164
53736
30167
6639
15703
39913
32871
84345
87349
40422
76141
68665
22000
60648
32251
85076
9271
84105
99554
50130
20946
38276
13108
63565
42940
59467
88537
34273
99386
36154
14855
84941
18785
82743
65461
61989
23569
81387
20523
63288
63187
23648
98686
81594
98870
10741
62437
13929
75078
30601
31699
59464
13762
36278
767
67634
8984
5573
54662
58979
47324
62001
16606
84188
76516
85202
5378
53177
54610
38114
48043
89997
56628
52174
17061
86347
58382
36304
66491
59031
52014
71592
1633
88453
78647
81140
22743
34640
27207
69156
89068
9216
46715
80252
3422
1958
5706
91137
11990
26180
52983
177
57751
96993
52006
46228
62830
63200
17841
47903
57731
32438
68866
2834
17037
57611
56731
68556
37691
27119
57929
26211
79311
8786
92042
11136
62470
97121
68557
52655
82314
21085
98453
76832
36575
60860
16949
75911
21957
41360
52520
15111
89571
47203
91613
5685
66282
42748
44133
2173
29751
76329
62572
17027
99809
40285
72348
66684
7391
23599
92261
41163
20570
55629
22813
4376
13719
1922
20285
69782
37687
81395
94602
34596
66331
47557
22395
34399
59283
23522
49765
45968
64840
73634
42082
64720
8203
52183
89335
14555
31554
31333
60349
45289
74598
33016
16498
11584
2281
78432
32387
51472
32867
94963
61554
67694
55453
77570
8775
254
39028
39755
46759
22192
11728
48971
7546
67898
72546
6231
52975
45482
14801
87014
2335
55124
1846
4892
86256
6596
59138
21972
98979
38677
96370
44667
64758
69301
93663
98011
98832
45632
62376
27082
29439
9203
46093
43935
90440
21961
98646
37390
61781
915
96834
8448
57673
10944
55240
88323
71418
38713
80415
38078
91338
9402
49649
58644
59829
31703
88826
39888
39968
34016
4325
37504
91536
32809
22655
26094
35639
94483
58471
91851
71527
79209
63751
42153
94776
16940
60492
3859
17266
30387
90945
72975
86523
35759
97726
43277
56745
93478
87192
41907
80832
40682
31301
45140
18341
17811
80197
17843
19120
27701
81465
6076
5357
3743
78512
33758
62620
10565
79742
75102
31628
36971
18957
38014
52326
55592
299
18135
7858
50384
70618
62363
47626
96195
29006
76462
21404
73564
60833
30532
70928
22436
99687
47891
40550
75212
74356
88631
39042
11465
10220
28945
24885
91258
97692
51355
26391
41512
37267
98794
97593
85896
17834
72724
19966
22167
43010
60544
77
63243
16590
34136
3661
77503
77093
49265
73242
79824
44492
37277
978
93181
13128
73444
6823
35025
43859
62464
53199
49499
14939
70486
31862
69892
36986
1414
61526
28657
56503
99397
89794
31437
39840
7500
78868
33557
88811
42975
49918
79288
80858
58600
40608
40197
89911
57779
37224
8241
15239
50476
90977
78498
73196
15094
18646
64318
50272
27342
47170
36393
6933
38554
52990
62652
8563
69472
33045
92997
18958
3579
58601
78019
61477
65313
11599
38239
36894
19201
45111
64288
70325
9810
19872
60504
22545
53389
71346
32540
24725
7711
2021
7920
82734
60433
652
82479
4174
40066
46754
72571
55953
28591
78135
87089
43999
36507
27398
9369
27094
42677
74855
78661
8054
23296
75849
60831
86859
38057
49301
64669
15362
17228
74672
55430
31996
12537
31538
68128
96215
23507
621
6024
81492
37314
95132
90555
98125
51379
71243
45425
29801
8680
93093
51481
24823
39840
15375
2151
5963
64277
40472
60696
1022
10614
3082
95625
96570
55770
5027
9236
57261
13507
73601
16185
57204
94274
26989
97845
47105
66324
12465
16381
95405
93419
30484
53451
5824
71176
83349
94551
74968
83089
26571
29452
93893
13667
54958
14958
26569
91385
85180
38324
75254
37075
8727
82743
55079
42645
14993
25161
45527
49742
9620
90369
54023
45848
81732
83910
99048
19475
57637
1768
46474
93858
28075
51936
91424
21739
77538
20835
22456
1184
40678
81958
26140
18858
29225
95470
60604
50422
31979
43532
9843
20053
84009
71084
59428
25079
58662
71024
95285
58024
78934
26513
61845
35167
50319
13995
97760
47301
7574
7324
72065
10956
57325
60430
89887
47490
44278
88634
28522
27472
67938
66630
72177
58315
8682
60960
83920
11536
43972
80938
83462
48424
63338
80969
30165
47103
3217
54248
68309
74833
398
65897
85596
10419
7018
87991
93742
9800
77877
5931
58815
70955
32171
94524
59816
5741
46003
28689
25061
30440
47136
68663
6526
79657
37532
41654
69312
44741
63687
82091
81954
96154
19819
23870
35335
1500
64382
31664
86951
3099
70765
60457
59684
46121
6511
51364
1526
35986
35608
45621
77565
82819
60011
98172
68228
57794
51590
67442
76291
98266
81654
12455
13926
70413
35734
21009
4884
60060
20003
97732
55515
59744
90783
8804
77039
4840
28338
5244
99028
88715
89896
69529
4469
65258
96470
47521
24447
64875
59722
47351
55851
33747
40218
15731
55845
9084
85274
14696
42705
98269
96646
99782
94466
40522
47213
5941
11367
90559
27834
67562
84481
8408
54529
28585
1763
15979
57086
91121
80079
22540
1046
32271
28704
31058
58833
97316
10168
90523
69072
13942
31192
28268
67643
55500
65970
55330
16093
40584
89960
68911
32730
18351
82245
60889
28932
68750
1867
45243
71984
76726
34784
65667
26429
23781
13119
20657
30328
41223
35946
92801
65690
45303
39771
40512
79853
56795
84547
2522
44312
39477
39121
24833
73093
36350
81354
43715
57729
87854
27053
90563
18688
52924
39295
91540
33326
49359
16382
48363
70841
28248
41488
15673
25580
36985
3238
42198
7337
65250
53826
41885
63246
19582
54008
66172
92525
27323
77171
54394
63773
89519
49673
56023
44255
82582
38494
3219
1833
87454
17191
98497
28473
17127
481
80583
76561
13268
98942
91025
40830
2289
83938
80882
17837
57357
70735
17325
52186
71978
34969
51224
9766
21258
23407
96998
50342
99735
27863
43557
58185
37288
51491
1513
20846
52895
8427
39494
16475
30642
30852
4140
81750
69240
89812
67625
5196
54794
69936
4817
97395
67605
46834
56415
97939
35452
44810
78152
13613
12357
75188
34900
81594
92391
18835
71852
53254
9087
23323
35848
76331
32110
19349
64152
82518
54993
39451
74017
22713
51665
83911
76662
62330
25420
47567
68803
71793
97207
11793
61790
98280
9317
18051
22684
14525
52287
85488
27002
10597
46200
73457
63560
22766
2580
28453
79578
5618
92083
87459
72150
427
65497
4904
5963
6255
8516
37110
52191
59893
26871
73341
28834
28761
59911
91995
38976
35484
63961
76319
67331
64168
50044
27402
66556
32313
66760
43058
29500
39778
97209
92031
34254
80720
71223
31424
58248
72389
48201
16143
2361
16380
16345
54246
40647
22264
57958
32902
19235
76930
74599
1949
17318
43652
81298
87499
97029
12045
46612
51057
10020
26152
92289
73363
63214
78417
2292
31693
38116
43004
49989
80149
28369
39615
68675
65596
27305
5194
31962
5071
57715
29485
86804
76282
73144
7117
29494
25680
88338
82971
96394
83060
29678
44845
22940
92091
42067
54126
54516
90902
60856
45340
1382
69054
71570
90016
12006
56365
62097
95053
43117
10977
49883
45832
89225
7341
73827
1167
49592
64221
89352
72295
65122
61733
58939
41089
41338
81713
59996
73389
69395
37874
84253
21192
23855
10752
37370
54980
51967
25453
6095
22500
78581
9007
2067
90822
54552
77535
47021
98749
72385
97068
57087
79592
72694
90870
26171
35273
83799
61417
38433
67721
47296
27633
27771
83513
13118
96582
57730
79997
65588
25813
22256
39781
26936
61598
99632
75756
6810
78627
10317
77138
98641
7391
67087
43270
27000
76305
90842
6517
55675
33233
72050
19767
17795
98716
2783
29217
2576
2071
39129
76519
31083
45384
22760
99243
94926
13349
21910
82402
17315
40158
90923
87158
21863
42257
74119
40350
38127
16391
87192
92651
45532
85373
66615
23424
67269
29186
89556
44431
21086
55854
87582
52521
90980
2596
22752
21462
23695
48378
72451
66992
925
20887
96070
72734
4562
18801
40002
66945
1384
52040
98158
47874
8402
15213
64524
93451
45525
26238
97229
48164
25487
16327
45468
17229
32407
82015
88380
75487
93484
23680
15213
45818
34689
99530
22607
24189
96086
10364
11732
16448
47558
95582
45259
94457
2813
45746
97249
50473
70554
10518
38498
15663
24087
72601
98522
4419
30408
97478
83028
80879
58532
14412
37098
43871
48266
45535
10873
96961
44138
86481
48230
42218
72721
23787
11772
22518
27360
24130
42973
23872
75705
58250
44993
26239
38684
25682
10086
60207
6474
61258
35758
18134
79353
18961
27349
67904
34272
91019
69539
24355
84955
25901
40970
25371
58125
87885
36527
14196
85742
54411
30719
15967
77978
28919
10404
56729
84396
41055
54478
96048
60308
33733
54893
95048
56978
37693
83370
44202
71413
73675
19234
83260
67554
84068
45827
87814
87825
82681
13374
44415
74160
99524
53810
62255
25062
45965
40603
45291
58263
74500
23480
26184
84763
50266
92140
18236
56761
45203
63370
77070
29518
69914
97438
48308
48846
32826
23179
21308
61970
33263
76050
64869
39652
2802
6534
42445
7745
26382
24865
69448
523
19894
41459
94494
19191
80183
84987
20613
29481
20831
86449
55495
99068
27176
38845
19421
52432
22129
97504
74518
61407
29988
95924
3173
80817
79813
42693
81501
55839
85608
98802
39412
57381
96935
13121
53384
75580
95259
97192
43038
45260
32504
24470
75902
69174
54283
24281
99444
63249
31519
88156
14460
60372
34374
90333
4250
13332
14999
34915
65248
27825
57059
79674
34370
69064
21558
21848
29325
38437
14210
93183
52678
57127
20630
60999
53166
70866
76093
16283
96643
75567
96793
51252
96620
18340
70646
98927
61801
29270
14871
53640
56775
22509
42418
37048
49049
76447
88105
25076
64633
56687
21877
79808
46288
50722
3939
50818
85387
71548
31750
55814
57393
95706
24713
74269
68060
56375
5453
11873
73248
28796
71851
41673
15606
53714
51082
55034
8022
5237
36881
47546
90599
1519
24534
7009
62830
85016
87375
56126
60896
29847
20205
65337
58810
29452
58716
78997
15161
14523
45758
64033
67285
26383
79288
51239
43086
17243
24072
17001
54897
74580
54078
95462
99222
7068
53534
97713
59083
26583
92981
98543
63985
35428
13331
80150
20581
27665
41748
19174
76064
12123
70302
13973
72755
36534
85567
87015
54714
22661
37019
58563
93556
44063
6126
95658
29578
83021
25312
61519
37901
83081
82372
69234
12652
54258
12349
92081
51869
72090
36147
17096
31866
79809
77596
81562
88859
25334
79483
86042
47283
63447
51071
86319
5288
43022
15433
76441
5265
35861
5168
14891
64286
26755
83272
78960
3395
67605
73179
14434
46394
66617
816
27063
4194
93084
50220
2046
94647
75249
22201
70823
14082
80312
78564
28851
65940
28642
42525
72713
3570
34139
58356
98566
92460
62124
61846
43858
68086
71309
36034
42242
76127
630
30922
88732
55340
82321
18301
39141
90891
14711
18408
26070
83422
52852
83404
91479
50875
30857
56133
22627
84871
5734
97571
73459
80806
75825
21271
98042
69531
1794
36006
29195
7400
19318
62169
92663
64171
55175
54466
14929
30831
55601
21821
70358
96879
25456
44539
46717
96592
41016
96323
5634
49809
35251
82764
1021
15578
53514
68752
78466
20193
35349
30736
87773
37878
8263
35532
36609
83327
71887
25204
34299
5324
86244
17544
77445
47067
34081
52423
56888
26025
76539
21330
79107
18702
42206
83189
86318
83312
31532
20413
95363
12333
86545
55940
85857
87695
80525
69643
94217
10249
17541
60662
40507
58544
55649
24672
32043
80360
99162
18487
82554
98894
891
83036
25842
26297
56556
15631
76368
48169
859
86560
69347
35977
60013
46090
84502
53918
68579
48055
39661
52897
98003
66416
64394
53818
17620
76938
64363
62
18130
52442
28732
25077
23100
53022
3294
24443
15682
93867
11302
59217
1268
29589
50059
80971
62794
91019
75924
79993
55146
63722
97485
56686
70620
59840
69003
97753
31996
19523
80818
6431
46493
83035
32218
24234
45160
64799
23183
98773
91829
13842
93987
86797
86423
12332
14433
19422
75430
67274
56718
33606
88388
12974
46429
59489
92552
31415
54363
53933
69274
34694
83
44042
3746
54641
40341
92428
71700
34153
93284
10884
68822
40420
77465
15681
72592
35471
58738
45154
92536
93535
14817
47265
69021
60065
16622
66947
31818
84304
77608
47348
67214
98426
77785
48459
74587
54501
12933
33010
8956
79366
2199
9773
19306
20391
94489
52423
36708
10210
97891
45593
14418
63863
93483
36100
60171
73965
95962
15031
15319
26153
167
81941
63251
76985
75160
43088
36125
76590
23375
50779
60840
32756
30305
2988
30572
64814
28921
42573
11282
42335
32147
78593
12981
71089
71280
53701
23576
86642
41726
62845
40735
61272
55525
70087
27647
87304
48718
58426
29379
18387
38194
4017
66705
12461
99211
84122
63509
16800
49547
19573
71963
20913
89953
5251
58709
14942
68609
61200
56175
12505
32955
98980
39404
16913
43936
37563
95436
44725
39463
6737
80920
30113
34300
69873
75397
74692
75748
43505
94169
67389
64983
39270
85884
20127
25447
40292
35127
10023
24561
79332
34407
20010
74897
92622
17158
54245
26004
44278
9780
78335
89615
65396
36258
92285
25841
42123
8443
35602
96609
83016
92505
89587
52770
73841
77708
93557
13487
76427
93453
63320
69829
74975
81300
62008
50938
367
82879
31832
26369
78676
20908
44888
83597
40094
61719
89951
99845
1533
8758
89971
65607
26031
93824
15950
86346
87167
15765
96797
20153
49904
72897
1745
1953
46014
68270
30472
49262
2892
8786
84029
36939
87759
75802
89097
7439
18973
19351
26887
61410
88733
16232
40070
64731
5767
78527
48622
34583
60855
96611
91437
8380
65145
62085
35408
32015
69516
46355
95207
26936
45572
55311
44216
5126
9351
17993
7783
38036
19069
43383
31315
59213
18982
51250
27387
26517
49661
62245
24607
46130
72823
23638
43484
53271
77086
73016
69217
21662
65837
20300
31358
51156
33548
18127
44696
64588
7986
55680
33442
68946
69256
3686
17788
59319
72366
27522
32650
86672
88999
53268
38444
52352
3313
31669
50923
70615
76983
29530
86450
35466
62360
4825
67519
84885
51463
20384
59641
34812
110
35572
88108
54208
86425
52771
3652
89438
68140
15434
653
83618
62324
73973
97750
71387
32497
81911
48418
59895
54686
68882
99588
54129
8873
46206
35525
13073
35570
16481
73112
81527
7476
23917
75016
3760
40932
98033
99005
51920
43511
75003
98218
35748
43418
47739
92522
83391
2932
48564
67911
92120
64256
13716
67396
99107
7138
2836
10646
5220
53807
18221
74476
77997
5851
67989
62960
94966
60264
1149
55208
17993
13155
28371
4519
26533
1505
89672
56125
41148
53175
68667
39996
45731
78690
36191
59539
98939
2823
29588
94775
96654
73475
50646
27897
58782
79422
81449
7472
2650
59307
66881
5349
38631
37696
28709
13709
48445
66484
83157
14894
89598
41835
98030
38463
76410
58661
14103
10144
51091
62630
84975
79691
30345
63693
18955
89093
27502
9137
37130
50610
37463
49747
45524
30584
29029
84316
49010
68836
30949
46987
26350
53407
33335
69040
25058
46251
48002
98478
14946
23898
98093
63785
2282
44699
34586
54101
15475
54414
21239
60396
92156
64079
873
6226
32439
5434
15844
83660
69917
97789
18978
22808
24811
30556
58416
42340
93503
68955
52672
41729
22999
39285
29461
58958
62442
45503
50509
15737
84577
95606
18406
21459
18749
793
10022
89757
3983
91131
522
59509
4143
40053
85750
40333
11454
63012
66662
61786
61952
81758
70818
68509
24232
24646
37381
39538
43561
70608
70831
32918
41863
3619
18807
6009
37393
49512
8306
88725
30618
35045
96220
82708
78606
1763
56477
13706
57404
30999
33756
48558
9499
64376
42707
18268
91261
59117
80228
40310
6817
39996
41360
44302
37498
74061
72560
48233
62967
22069
1863
64812
30749
34169
39399
72310
23626
4692
31921
94117
27080
70636
13470
29584
69920
9999
38104
95245
98232
81288
55237
69659
47004
75284
36691
77195
28353
62482
69778
6479
8924
35235
87335
50293
59408
15069
39670
80411
42683
55183
87705
28827
40438
13032
38146
31069
8093
98676
73094
73924
89083
73666
76079
31810
1675
12918
17813
40551
28709
90178
30887
88461
84709
71077
96256
43699
97684
98664
20917
2360
66522
24759
57934
3279
51556
89426
35851
8848
82475
86039
96931
47349
16450
7415
26899
98427
71384
85708
85241
37218
98071
63042
25729
87985
79992
69782
55169
83942
43239
76769
23552
25461
35926
36885
38650
15422
80852
84906
4648
83862
65586
71935
99340
95775
16966
24976
66917
82233
23395
79703
56056
59597
98775
39371
98009
28394
19948
18134
41549
23030
63179
72503
12343
6430
56908
42577
43595
55889
30578
42073
71131
63614
84979
8922
64069
409
6400
82780
49385
35536
30817
17550
27944
50711
22874
74186
96150
6623
25269
94726
24835
69717
29571
5756
36088
17751
29532
77836
24909
23277
57676
87463
80139
27821
3065
5152
25795
15902
24449
37228
17808
2547
95999
78396
31086
43071
83031
80777
72203
43983
23396
79846
6493
11800
36876
24750
90306
75686
63201
55949
56324
4292
1721
42248
58493
47964
98299
29099
31454
60259
48164
59645
56856
52989
50844
73081
51210
9330
19475
30391
45243
63016
13293
9423
3805
2975
759
42620
33166
7262
65327
99249
84566
29459
35072
86652
53082
2216
75044
61160
91895
7526
10159
93050
93744
33234
35183
71833
39441
1513
59645
75096
27978
67602
27592
44932
36045
2280
39273
49554
4981
25667
98226
12683
71512
1453
139
95509
14045
68358
43316
69958
91151
15489
55331
52710
24078
38754
94143
77203
38060
69719
77732
13201
18567
77324
96978
90858
76560
95976
75097
68943
93627
16391
80574
8537
57567
57599
2789
93871
48509
75461
30700
93603
76060
31588
37206
3422
91521
9966
27563
14817
54403
14491
29051
27388
30577
23726
41568
10175
68047
57209
64082
94621
35919
76347
7495
8221
23055
90908
63559
44304
17226
87386
25922
65424
72922
30003
5483
41530
67109
47964
87315
14383
28447
76080
79777
31272
78171
14780
27171
11673
15140
44995
71698
73456
63517
79916
50038
63602
82506
39242
92387
58247
28125
28133
15738
75216
66905
48706
72490
41713
41506
74413
31074
92658
17794
82355
25058
83897
54464
28057
29121
90269
22767
71725
44175
21657
87339
45671
24619
69925
72280
7871
58422
99104
41496
73766
38847
96300
45773
74350
23410
26116
90770
12334
36106
23022
32168
27948
2638
45042
54706
1976
64842
98025
5733
25877
91052
53607
49061
73965
6226
10321
80519
45496
25010
31998
55165
94557
55022
7672
20155
53634
45780
22545
33200
40058
29200
57777
21110
4372
87472
85067
84658
66085
2044
49015
63953
99114
18717
61508
44027
89882
68384
49472
11578
75338
74214
43140
59668
18626
87956
662
15775
42730
1475
82948
4612
7956
66572
98458
16412
60092
40110
16760
85528
19555
4488
79482
30790
40919
93641
87817
90986
90928
69649
42515
45817
97791
21668
48272
32609
26983
34640
35168
22947
38357
91366
72613
51558
9266
92411
60252
46121
6845
63238
90834
66228
87399
74928
43850
77158
77310
67811
31083
87287
11373
99182
58355
18323
7165
36061
77516
94211
18688
67736
21459
20242
15101
64909
95998
81611
36324
98005
6033
59450
10400
38108
34584
66144
91932
17085
98915
98820
73030
76813
6946
36445
80511
84940
15658
84546
91281
63583
3015
94543
46241
88366
19579
93888
52480
39846
59397
66057
33572
96630
70324
81269
17139
92019
74668
10161
73094
8344
15296
48348
87885
49308
86625
13344
28257
79761
86951
40003
16849
27837
42490
39047
78215
2654
52787
28849
69297
3591
36425
73484
76239
31884
19190
37836
1419
75538
73690
65738
46759
44326
99820
78017
22790
26986
3453
40735
24949
38981
93586
4790
98072
41299
55848
81979
42908
32734
7603
31953
1318
46128
72256
80213
61591
1343
76102
36263
524
26702
28639
9245
83853
71281
93564
71986
59062
58958
92247
30742
20528
80364
76195
14361
98915
14527
9490
26886
55262
96246
23788
7148
28694
56065
37285
62106
79353
73938
93720
23458
36464
72955
89288
64063
44875
97508
99663
24853
86669
21058
86019
54369
40808
21377
24300
39560
25698
34699
497
28486
39483
27460
99275
45694
73908
2576
89861
16637
38591
84878
80994
57538
20478
41478
73242
32862
95091
28135
57199
22430
80436
11860
96114
63359
47828
65447
39258
8030
75150
2374
2475
70840
18971
71337
24199
97765
25399
96361
46772
22745
24195
87608
50457
68556
58980
45090
98042
88146
29447
68991
47972
37308
76553
5731
15611
42994
38473
20651
46453
72483
21562
94892
87213
74774
73406
54100
62912
53857
50595
53745
7714
59615
15096
27840
91291
76755
70155
50968
92970
3841
40268
20856
98259
62750
46455
34728
40454
49027
40219
26580
2561
75497
84243
8256
67761
5233
80884
91283
90603
35898
72155
35718
3208
97478
3213
11896
95610
36583
32006
34237
83287
676
17468
69008
23250
22376
82634
64464
30540
29218
94273
86414
79083
32377
9697
19735
87210
57047
80641
22547
68672
67605
22382
49758
33285
68566
87441
81602
31632
56779
15219
46086
44353
15488
19774
37407
70638
1097
35329
65283
40465
6626
16223
45754
94519
5113
93195
78918
99024
64194
66144
70155
46215
10983
92574
55637
59225
95513
51608
83181
51409
32600
75632
44099
78226
70628
15867
69641
50116
39295
21801
5164
70464
61005
18155
30769
28109
68251
46864
37769
93853
79901
75708
12942
67517
47754
29223
84258
60145
75738
60567
84838
10536
22543
57035
2830
7892
10744
58944
87004
14716
79246
14462
22151
69678
67346
92063
64339
46523
6398
80494
28452
60572
65456
43241
72770
30200
61839
87687
21874
96879
49084
93587
39818
75887
22965
53894
18258
45965
65709
61059
81692
40161
35096
17072
3495
99118
48968
84508
83982
58464
39215
51070
12095
12405
69658
69744
85268
87129
32502
45027
11111
40576
93537
44252
997
27509
92717
46160
71278
39227
9504
66782
41694
44479
55302
92628
11834
36017
7052
49038
42419
39341
68081
51053
59454
61105
11803
46156
81950
97029
34277
63140
74505
83167
49513
55087
49800
32847
95927
27179
13582
3917
86204
73604
65023
87423
56847
9329
63739
46193
37825
77397
77013
89280
23234
18818
27742
71320
76444
61752
46131
52844
94323
87123
49434
26408
2445
41951
33411
88859
44146
35164
16572
88053
67265
68193
79387
63057
41721
33428
88190
19766
30826
29124
83427
3118
92862
40647
95889
91889
55372
83319
40741
18973
45778
68961
59532
87011
3194
26300
65041
48391
70654
73254
8899
11242
5899
25234
98365
3272
92940
64941
70352
7522
24630
98859
53285
23523
88407
78626
38747
70455
34596
88528
72738
80662
29777
8329
4514
98669
91837
98659
5416
21320
86128
14288
53678
32709
77060
45353
8809
40358
55296
75899
4323
8898
21856
76784
78017
19099
17975
3123
77613
3623
25769
46892
4881
2343
41258
12796
87559
2844
25056
41488
7376
63375
74063
92074
53776
77675
50635
3943
94169
98036
38418
99806
49189
48940
87082
94201
75751
2324
57490
47981
92416
99131
30164
31391
11602
60729
20195
60020
59551
69959
11174
88298
83147
6780
21280
46673
18100
15523
36070
67888
54660
65416
97431
70412
69619
28211
83126
65551
41188
8678
59644
79240
81896
20103
45705
10392
85041
67389
15685
92305
74205
92298
48232
87946
55878
29123
17907
79479
89719
82625
26165
63133
70388
63912
53910
14783
88767
29715
32
97902
46991
55752
3648
88216
45157
55609
71595
63184
68107
88500
83567
44762
17763
72607
55145
71643
18041
77687
30083
58369
65594
24370
60047
67249
99661
98240
46815
57690
97929
61452
61737
93345
32179
98610
47636
67911
75545
74551
40948
32788
62927
83865
21571
27887
15764
444
90458
50856
90801
14180
40535
72886
56130
36404
14273
59166
89275
20095
58179
59176
51760
46428
8312
7419
11086
18610
7087
50678
26428
5760
94625
4799
42688
90142
47786
3692
13806
56355
49851
94716
48441
44188
13825
95269
31477
36894
43991
73380
23396
43427
2132
40180
7025
26191
75472
41221
47885
70148
63838
24315
99532
74694
69118
12862
10445
63563
87439
30451
85446
75774
56300
5146
42134
18861
91092
91950
4530
94436
53484
93488
80395
49280
83336
8461
45931
1263
27071
25602
41112
6132
13265
36695
2787
32133
35283
3143
44780
64039
71787
31076
84281
32244
93162
92045
85415
22839
37194
21714
21348
22377
4346
28781
60690
8641
31221
2538
29040
39842
10829
55160
72980
26628
63612
14887
40559
11317
83902
81157
27420
24931
72052
47595
7833
94183
36491
33860
41484
11269
35267
48043
74475
10786
79468
39235
75531
16932
69132
7041
89831
83577
19962
49467
92531
79341
91830
88715
2625
56593
44953
53813
35096
23215
28862
6978
27746
29477
73812
48177
81413
25260
3828
12301
62708
39068
22127
80491
47860
99492
89781
9583
9574
85957
73347
36128
40196
22621
36595
91257
5172
13682
43414
16550
43047
43960
75112
58433
72292
54965
4952
21354
24210
4283
34592
99279
63087
69564
45927
9831
95049
22747
66541
22152
80078
86304
76292
3513
76565
16409
63570
76919
6470
23395
54683
79614
62923
23870
85124
33804
61279
20879
11462
53432
91880
56558
12442
89609
25871
65016
12705
51394
48938
78306
8496
81175
91325
86163
35748
26147
91200
28271
85943
3109
57084
51203
25918
95488
28922
42349
13868
70808
12425
70444
3662
32662
89537
66521
68548
61678
74624
47741
51660
696
63495
71148
88334
82492
18922
63560
72527
63527
61109
43098
36397
76552
16093
52798
77997
6705
53823
19938
8305
92375
49789
6518
80892
39635
66339
55859
3131
16974
52190
93499
1414
66655
24620
98363
69391
7610
4690
52273
80446
37460
46676
99850
80603
14413
92806
40122
87401
25651
53448
52970
73601
71318
40872
45711
96221
22104
44012
13437
17904
9773
46675
26621
82683
72678
77419
46649
94946
62681
3280
68583
29437
60072
32937
14207
46453
29842
76638
94710
48113
31950
44967
84508
96502
83115
8250
6523
71509
10829
31984
36431
24200
72653
69236
53421
44502
79796
35862
50768
54444
12651
86696
48765
13314
33741
32489
6433
22263
8239
23705
14112
97804
93379
21880
26310
85052
48687
23719
93432
23307
72739
43171
49960
3280
30019
39768
76819
6565
28837
96147
54711
35071
33238
42325
47775
52966
24261
86014
52608
14110
51221
9386
67092
74564
79221
24403
93316
81977
429
43665
63035
12441
88610
58771
5190
49912
80744
82648
61187
27377
43009
27068
23251
76920
46251
30223
20702
10237
13699
73806
89946
9892
54050
37152
14171
60356
60312
51547
69684
17946
66514
88929
54608
72057
29643
34877
45120
27377
43657
22384
1594
39703
26800
96537
80024
88723
93729
49310
79299
25286
69386
31599
33221
32250
1289
65338
20480
55167
65515
90796
54616
49201
20854
44321
43258
79737
87797
22546
55930
12064
60067
56714
4779
44883
14791
9935
32661
21335
92060
52961
43528
33303
9340
59227
10111
83626
78332
52410
30736
85041
5697
78728
21056
75903
43921
56313
48996
86332
65283
52251
31555
70613
2254
34074
6127
5634
87882
73670
16860
23950
59193
20643
5328
24670
1301
57210
23742
49022
3369
65991
68324
58810
80962
6125
59871
35895
25409
58160
30114
27063
49735
3674
66804
55009
12295
60123
25915
37373
74762
99364
31909
42326
98969
2645
43672
96989
61
37798
66588
34376
68683
61739
2419
52094
32258
42838
20974
54135
68258
93158
78349
55283
42248
18446
61128
45256
81426
52150
98710
45121
46849
53794
22888
18924
26549
6401
38562
8202
19684
45301
2920
18038
44275
78372
26608
94476
15607
74345
44012
43680
31664
34493
72619
13428
40527
83711
2993
35789
48629
6373
27524
44683
75774
78663
19227
12148
11140
68759
2169
23226
92855
80372
53724
26519
84288
56309
55374
44215
68929
26753
79446
54625
40299
96754
23899
47617
36130
1561
44355
48249
45170
55989
15639
50947
7483
7315
96024
91114
87100
33618
65417
55442
93421
54659
54775
65838
44540
53362
20533
3920
91378
53965
62069
79631
48994
83296
80298
67178
94871
50529
53326
45582
52633
41047
77708
18863
62621
63540
76040
79108
59021
93836
24061
59408
51364
46993
66435
50192
58561
84300
14428
6150
43596
24024
79833
53595
97353
39102
90340
32037
65743
31752
52793
70498
2048
83038
18985
61217
77384
29376
68651
98966
26011
37567
47107
42940
96587
6992
9180
12862
50506
21938
15931
26286
23869
19432
53971
14328
18803
43205
25235
30064
93220
15121
17288
37571
14967
97256
89439
46595
58827
26995
76115
43055
54977
68648
87939
89362
4849
18181
41606
28887
22362
27500
31829
23697
9214
94387
58557
65956
38993
58981
64641
68829
74939
66155
65915
77820
8873
86074
13838
23327
6599
45960
21816
11092
26782
17042
14853
35443
65289
88424
69605
30659
93759
61682
83031
67881
15931
48517
57784
79641
48543
5679
11257
62528
65856
3119
41552
23821
84524
8623
9042
25647
25104
59457
20646
44776
71138
23821
19065
76406
22215
27098
4706
59333
55962
91290
95218
26873
51975
38439
8745
84033
65337
9070
9972
39280
4757
91091
24587
41688
19171
23483
57981
59686
98445
94466
67389
81477
1588
73835
20644
39435
35344
27412
94961
65902
92913
11064
58971
39436
20169
56793
16527
43218
30539
7184
13496
36396
3085
18528
20164
49655
34577
71947
89972
99077
42164
81644
33284
28419
88551
20563
73627
73424
35342
31041
34663
49118
5480
61828
97147
56474
89938
75155
48084
82852
93618
60630
92747
5025
57842
13065
61300
46125
75090
14270
36789
24923
74612
82368
19132
52507
44807
7466
61370
18895
42178
14796
35518
23418
33375
82004
92470
69942
55328
14476
31763
20634
67308
97903
87010
88284
91624
31097
76858
76168
57665
94946
43071
82564
69177
17092
14915
19720
46900
75285
20401
25672
13740
83299
76892
82806
46316
99621
49548
76191
35331
22376
24901
91493
58659
65410
29563
9921
5143
59049
13805
63232
92905
75949
27061
26720
2810
93048
44418
28834
11005
17364
50834
61741
71159
80657
26469
47924
14461
1211
26674
79516
98816
65913
8623
42972
51359
69820
50604
93230
79448
50842
52468
59590
67365
79711
647
77576
18062
723
49784
76043
94675
91451
87069
62933
14092
36486
65191
76729
39999
47341
40746
25846
62853
20387
66975
72603
79919
98683
7930
33719
17078
12001
6011
78066
56810
44378
2212
84997
76532
68279
83659
88210
71366
95719
66126
42415
87156
51622
25121
74856
64473
22661
12779
88548
93055
72027
69722
76091
24205
88052
32976
21185
69418
62584
47365
68297
339
25596
14687
72778
56207
2051
53271
91598
79341
10961
54358
62788
37257
78637
71959
62687
39800
60258
63606
62130
42611
77875
17147
99918
82194
58745
59200
49641
88737
69596
8401
75270
20954
25902
56053
63150
26166
68563
52721
63042
35572
89925
91556
42841
47412
44932
84916
29218
37147
60831
18813
66350
92038
50796
86442
33854
32028
12506
50054
51838
52267
91721
75302
26457
41291
26029
42635
57803
59881
2630
69676
86801
11605
43994
93467
76931
86740
76667
51954
46834
65830
84217
94639
50633
84538
43008
48823
47876
73009
10202
88663
30544
80815
73821
25245
82893
18050
11871
45559
72003
2727
43921
7253
56857
31421
12587
44549
5046
25203
39247
16187
68163
94205
37628
35130
47057
79952
10556
68994
43660
94978
23656
61324
51253
49307
18052
77867
45343
50456
80363
71610
18954
67773
44274
2379
39459
7829
85405
740
58777
1030
63291
51972
35158
80608
83447
49437
74968
19465
63060
18298
47132
89110
51363
69271
1316
35326
12559
16179
35869
20731
1426
43390
70697
91444
45195
79969
65641
17075
35346
62718
80215
19303
49941
43955
41285
63575
54055
42323
12693
34402
11137
22570
19343
50035
77572
2187
6083
67609
65368
69959
65091
6846
24108
19228
66191
95552
85598
80258
83344
74436
43946
53107
30700
56066
7551
53657
54150
30386
52199
7023
34911
62513
62910
72033
29108
52255
34406
68549
77254
19330
43589
24007
89639
35678
71851
57747
95363
35343
64710
24265
98973
33287
10138
15413
18173
76436
67390
27348
48593
91854
89241
43938
75980
65229
6235
13725
10597
47064
34587
24183
72167
68644
99029
14390
38237
73259
18163
72017
76927
80019
11582
17884
69818
43278
26161
44774
95197
16635
46192
78353
90835
87040
94522
82627
32880
38778
78304
388
54892
30612
87800
85739
59689
90924
9873
5773
35754
53620
76417
93668
42517
17185
55110
26672
38156
24399
20985
79689
3929
17367
34046
26170
73356
12931
99366
167
43433
18214
59953
97485
7900
75028
79139
69986
1616
63088
37666
49392
22355
8419
2117
3838
52363
94921
90871
37286
17241
19461
28541
83656
87782
92071
2584
82544
4491
64587
77471
84363
3984
49154
85677
38232
51790
75441
14299
13840
99223
62490
59344
65132
5174
5982
46677
22553
49545
9609
82262
86432
17380
30054
78090
20139
70771
7292
31228
4326
1029
5824
62514
38809
58595
76339
33668
2795
61329
89692
47995
72872
47619
90541
13220
68195
62281
19702
84667
23516
41656
77005
75742
61094
92112
1720
65429
82081
6038
81682
23439
40662
12196
72508
49928
10919
82065
69576
18555
90287
49680
90104
13961
49386
98179
58034
35680
35151
88292
38952
85170
84802
52861
93164
55014
85017
92175
55435
37075
79585
65402
61646
32251
22884
91218
52769
81647
23389
91857
7057
9275
88261
31027
15157
15773
15421
20233
60852
36048
58774
76345
12300
17520
53024
19063
71845
24424
72877
19852
58400
51457
10997
98707
69118
4037
12792
26851
3460
41458
92158
68245
27247
19146
45094
29822
62205
63453
16241
78958
85862
87496
32742
8387
75210
9362
50940
95132
3878
17321
76925
24721
98687
78495
96423
69953
74366
83154
62595
89246
73165
41628
62627
27631
93533
74053
78199
44453
36249
70028
14782
74499
27066
33127
18968
64121
32198
16932
74839
20845
13234
49381
69908
86208
33814
70637
10772
24708
4177
67765
47173
88438
29060
81892
63706
88996
13239
79578
45795
72535
69543
36549
56639
69073
81195
37772
63070
61873
55478
19248
14164
62276
4672
14838
7568
97172
10464
66258
38543
79665
9413
73599
36033
11931
98884
99831
60540
29996
62443
30860
59967
89489
89894
88531
60197
8556
82878
49671
34003
67908
84706
12553
74815
80221
25906
33209
85875
84818
14812
70908
9467
51969
50242
60323
9403
52810
41120
95028
85895
38674
93380
36018
73213
18952
23213
92404
89097
11067
16622
75547
10531
37135
547
97556
81898
59339
82083
52675
90057
40018
66152
62729
74572
70009
57006
96164
16060
72114
18927
61969
58429
78584
81696
61074
85656
77935
55993
99241
12934
18939
25806
96325
54338
19717
79361
54289
654
74376
62101
56638
8998
37732
12456
62238
26813
16719
93209
63083
54633
90045
94545
96096
95972
49355
6099
16374
60180
60728
93986
62420
96419
1021
48602
5752
73048
28718
54558
4437
39168
81183
97402
73923
83463
5237
21474
10425
73660
84733
87762
84250
96752
56046
15714
72826
24772
94951
28788
68348
59088
7763
34103
30106
46643
73976
45495
98446
30895
18153
84931
85035
25000
68068
25863
34012
83167
13926
94581
30924
27342
94869
9047
45631
59164
55021
77414
94155
215
19230
42921
81309
99979
77522
46897
55007
96722
17616
8199
75071
