69446
5426
42237
8737
11547
33495
55177
49099
29142
36647
33452
20129
11362
53564
99533
36122
91720
21216
31085
22652
57403
92614
10464
30538
5619
17021
79421
65042
14576
64756
71165
37709
56710
68642
73874
29492
69383
83187
77966
933
45129
51390
41889
8337
53617
65084
46300
42111
52954
46734
51324
9220
82920
94584
1878
88747
36228
22971
60530
48729
8459
1510
23270
52656
8055
79408
46526
66186
59669
54400
96140
17656
64820
50941
356
93605
94656
85410
94396
27200
78351
48785
18016
11603
27353
66489
61466
13754
98677
42836
8456
90579
15148
90368
95812
42405
53925
42692
49501
11530
55561
92906
54068
42241
48169
33376
53056
20692
92973
86590
1950
62155
48944
32412
93617
16152
92277
24852
96415
13170
11455
37811
30063
66034
78359
13760
63636
8173
39593
33181
15575
99452
57790
88218
61625
90115
44640
32308
45742
45140
69101
67843
42393
69870
78754
36401
908
22348
36471
34073
47260
74097
534
28257
87623
20245
58714
48549
90485
86108
76493
67414
42366
42349
15828
36629
41532
60877
77022
98538
13363
98210
8872
25469
95114
19856
70390
66457
99804
7373
45626
34870
44994
24254
48377
78043
52940
95829
84824
65112
96416
56950
42624
94306
38542
26324
55972
94326
62511
21279
81834
78694
74156
69823
86159
45136
26498
45520
16201
23765
73587
72828
17839
9763
69848
58004
69897
82120
21053
33191
75090
50051
69705
86787
70078
73328
74785
23227
50476
63242
89372
70871
27153
76768
10660
48668
98163
48045
11519
79860
62993
53001
26433
28550
51500
41047
49576
71500
9295
52468
16854
21038
86497
32819
32442
41543
80617
57709
28030
80449
28779
15012
30122
27753
7543
4431
26406
53919
38603
272
38563
66265
29226
16119
35625
96205
49669
53930
3636
56828
35135
81827
2430
52838
82390
38819
32740
92188
28068
29531
97500
53367
83791
89841
49667
69035
39048
3305
91776
48426
78451
84291
48779
20850
93109
46863
51509
35825
98301
12963
87714
63727
19845
39086
81234
69323
38648
9917
10926
78399
55250
11915
50419
34116
42973
66887
51963
71881
30846
71031
99285
18502
47522
64247
18171
6943
97902
50736
89452
15094
60505
31940
91900
8630
45658
5494
17374
41236
23698
33896
84270
1645
38160
90938
86408
11525
29165
51175
10034
77270
16261
68164
94197
88001
36340
27725
5758
16651
78474
83929
83190
80441
2719
90827
43230
38108
55188
17592
95181
63078
14049
36016
70404
39145
11335
5693
85173
31322
44429
37682
37702
70870
42233
41498
8171
99197
85384
4011
50591
52780
52902
74895
32358
56540
28859
94585
17788
35410
53633
2997
16501
93978
63472
86755
27393
92949
22584
55922
62659
44055
76343
47171
21079
25683
75221
12589
29377
46088
15300
16425
53555
34102
98952
5763
37280
55447
11530
90868
62272
59383
15384
98891
74286
62493
68514
92763
63838
72061
65102
26427
21403
13115
70209
35984
19399
53693
75204
63545
37645
80728
7141
92709
60988
37437
28962
51039
8651
78477
13861
38093
81667
88431
63975
85496
48567
21451
65674
54050
46954
11182
97903
60060
92593
11046
66326
55851
15104
46728
6041
17284
67706
40198
29639
53566
35560
16479
53282
66490
43904
83568
5806
8271
35359
13344
11790
43945
87567
95724
66534
15843
21535
56053
97411
66376
56496
42974
45234
88266
445
98048
49614
99820
81943
2986
47047
51657
65111
91864
40233
35361
39656
34019
87705
2053
83787
9564
56671
38665
70228
85648
24109
62335
90941
78838
12431
61020
56939
67408
45401
87992
55641
7495
32390
88937
5449
51271
92300
27342
43082
29020
25118
9448
40944
57151
27698
35717
98952
46414
55970
98262
3690
1306
22614
84211
69452
30327
79072
50438
52676
4958
77438
60571
9962
30318
46613
90287
73456
50812
48612
14637
47482
70360
65622
91506
50777
95735
60579
77185
5932
12453
11274
60921
38376
36833
32600
51370
19866
22477
72147
5992
49919
8813
84171
96068
68254
31605
13278
63437
48444
37651
46624
89492
59712
16850
90355
99638
44229
66254
56611
883
60285
83952
10338
36007
79620
89129
93373
58194
55027
96308
94644
56930
3418
90781
17814
7808
1427
76992
19522
29597
8179
18372
55796
56369
49025
8068
79905
56586
46592
77283
19900
83569
45181
54890
95665
90731
44529
145
74895
77220
66726
99441
62797
76570
53499
69010
35772
65371
80675
72692
26878
80950
36131
93852
11029
41349
61907
47330
19294
78455
57171
37935
53026
79035
9050
60834
86544
35131
46050
70665
77643
61177
22967
26612
99100
89932
43003
40631
89529
50264
8001
33782
42037
6795
84274
37417
92693
91225
55091
83344
55717
46557
12588
18448
92529
77794
23737
13915
27010
67392
91684
31391
45711
8759
35325
76962
41250
95919
12143
82320
46610
9770
11610
89943
12495
90566
45838
38553
90282
98383
93085
28233
78053
48839
74237
80779
45657
92932
69639
54293
61000
68078
92387
61419
22414
83015
33046
60454
71233
57437
89004
87036
51507
86200
16369
18170
69534
25646
34437
22263
58123
54668
803
24310
17874
28204
55314
6592
12133
26274
14355
57247
13275
48873
76907
99884
55813
34761
71856
90369
88675
41394
85838
7399
53474
8082
23534
63624
58218
2157
59358
88991
39586
57298
26938
7091
56093
72778
25541
95888
66650
44986
86056
42645
63509
61311
27409
55261
47882
72321
49453
73809
99487
43547
55121
93008
17012
33122
38
44180
75714
95386
96950
41261
78044
48236
44811
79054
59336
6398
51761
54128
76120
88346
44150
27058
52489
13755
7117
60836
22121
7064
37208
70694
39150
52784
86639
24891
80625
30774
82658
23347
18491
91566
27524
45640
50044
42711
91601
18405
9624
55405
31405
42760
55421
49839
57372
82369
72972
7354
96150
57539
56930
56977
97324
27469
50393
42036
38117
11507
21004
64756
92542
28379
97040
78659
58022
53650
86835
74217
43667
19401
33250
46378
53872
32550
24760
94943
6835
14366
24207
81411
40819
69185
26921
61348
765
8612
31181
32997
20102
92635
74585
18252
22808
61862
85524
60500
82815
64414
56417
43848
53980
92596
41424
76447
86953
94965
70292
23145
61983
72499
9156
73647
25527
45861
73914
3815
39693
69601
19107
52253
13697
36100
94686
10600
67866
65254
46615
53112
42332
43344
18756
62021
12390
21286
94813
66737
81227
61352
78728
98324
1343
64148
64688
20123
91041
28669
46974
63772
73425
28904
14197
72494
74807
18922
8697
6039
65258
96442
93101
10520
91197
39248
83649
97126
20765
68674
75026
38420
8002
91868
56618
86994
1973
71633
13355
61976
38408
35842
8968
37608
46738
43462
44208
1108
38136
70824
64621
43750
53772
68372
79685
648
61685
84695
20522
3500
41782
34214
96225
19637
14577
83020
53291
9907
58112
13194
71435
85377
60484
86864
45248
80786
5223
32345
95931
44779
42476
83141
52914
52671
17097
95501
65690
69613
51827
57888
31240
56763
50486
62349
73266
95007
90247
80175
51565
8294
34173
57956
72316
73654
72165
44773
92404
2756
77882
5921
99737
67909
86722
37385
36556
37652
97081
54534
16676
85990
83887
64452
43267
61517
29573
2002
2870
22178
31222
21044
9388
30720
7021
19033
77677
81583
20314
47897
75666
67150
14517
16768
74687
53924
33113
39468
55646
52491
35816
63261
50389
38554
56210
80355
33584
38589
82240
90199
37827
93210
8116
97538
68391
62000
69988
86111
27407
99035
10461
7413
88028
26339
64340
56043
47428
79581
99986
58300
1458
35760
80504
60303
61590
22462
42834
46908
74589
64427
57987
41190
2539
16100
50106
57655
42934
13348
54240
53398
55575
54248
74101
84061
25614
73898
32466
82434
43890
4328
27971
66403
42167
15646
52486
49773
71417
55314
39791
6306
48649
9559
32993
92524
1732
91997
65117
625
89078
7462
71609
92495
58403
411
47085
35904
12967
35826
15242
73558
95369
77067
80626
31374
139
30477
17984
12658
48453
13295
70344
57415
95306
26570
35958
89872
28721
1543
63780
35653
34282
36631
21815
50916
43475
22350
4774
46799
35715
48693
37107
33112
15498
15701
74836
55804
82904
29023
5809
9480
91353
47901
78378
69531
23791
98761
72849
18654
86209
73449
25011
27083
44051
17653
75394
44658
97275
77677
18740
92078
80478
40155
81934
28358
71817
2897
47120
47870
30151
19277
47665
42819
68248
32920
10805
7179
90170
80312
29065
6493
47238
26047
81002
12654
6602
79832
20584
61690
96483
90711
32410
84893
29258
66826
88049
89576
15035
31378
96000
69835
54462
11013
30384
29779
60759
45648
11798
42576
1101
46412
60857
24193
8828
6696
27556
27739
20233
63006
97667
626
19061
56905
34004
71788
3525
56065
1773
29861
2153
25042
9985
6655
13892
8248
7833
94456
20090
74076
53736
77372
80204
67828
72523
84956
99525
71257
72056
2727
47774
37268
75096
14752
14748
86807
69657
64435
37276
18809
90456
70333
87395
83185
1290
71543
84778
9554
64201
15014
95490
99773
40315
50671
15094
33847
59483
50598
94068
86500
80494
47345
6825
95917
10564
99591
60130
93951
75721
84618
5240
68043
25217
50195
66842
17306
82862
45131
44617
24603
95405
11476
13386
18408
51294
47645
99594
98967
51038
18071
51654
69663
6661
72842
86352
23326
931
8332
11175
25758
78541
72280
24437
40304
71359
32571
58338
46432
67111
13472
41683
17092
1353
27067
28345
79386
17487
45414
46993
28744
21416
6286
85116
531
61133
66636
81260
43236
78043
2854
21665
73063
362
3221
26219
8296
72595
83621
44571
45975
45148
54398
22167
35391
6767
24207
43698
66593
4010
50316
81815
92132
64141
12833
18963
90084
26981
27149
42423
28152
16920
92665
44957
12162
56598
37036
7129
93325
75411
41424
84857
17285
9505
11828
67537
97332
88473
82979
84199
33337
21235
47826
62961
3079
58138
18685
86169
54317
24059
63476
27896
89913
60803
27403
56888
14150
16273
96753
67070
27403
35780
35986
11566
59474
61204
82712
12119
10652
66985
75775
88268
27362
76668
96597
59268
99797
2381
91021
87883
70663
18021
55637
44888
46545
17809
34384
38154
65263
93517
50752
70778
52745
23412
6165
95139
38372
25322
93690
6728
11134
24385
58033
90458
10258
30176
9241
53303
34905
17151
44499
44431
95436
88034
40990
60387
61094
20464
10242
22602
59191
88025
37439
15385
27734
31943
77296
39907
38809
85702
69830
84934
20249
67526
48035
10034
36261
64154
50987
59777
70726
15101
58011
37242
95841
62635
53899
8352
29693
62997
49623
13285
96374
52508
71863
45503
69507
47748
71449
7583
59890
64376
98242
669
2282
97073
57563
97976
73516
70817
34795
56080
99920
57584
56726
10081
30733
95946
68501
47380
74123
93627
45393
85939
29426
55821
20623
5312
31614
93892
389
3616
99991
28091
70323
98445
94687
707
73052
42445
9460
58764
36381
77234
89073
64038
12889
51343
87352
75429
78619
59603
67861
70240
75598
88334
92867
38655
70563
26176
526
73765
19411
74324
73056
82475
68231
83764
98424
38678
40219
87249
8297
8619
23265
56113
81071
76687
65141
67461
10431
29167
6007
73788
76538
97631
87939
76505
86799
8297
77939
92445
58424
890
38389
38209
11441
82292
60175
8643
68977
75627
6150
39920
11917
25530
31674
55564
14671
89385
25848
84108
56739
74022
64081
74402
785
20718
63694
9785
47752
34553
26831
39883
18418
17105
30509
27960
6881
49135
86419
7512
63564
29189
65525
20826
4450
19786
21675
64812
10971
22905
43903
74572
52603
11526
62673
6275
91478
43186
53508
79844
67983
96594
8677
54053
31042
939
21706
62430
83442
19301
57483
54256
21968
59750
98538
7111
22605
46194
77020
64514
99417
74475
46159
8902
21591
15241
17874
7626
17412
40369
16227
32156
35905
92090
98802
65108
84986
82968
61850
40796
92801
72605
27605
1986
57932
12449
63844
1000
26460
60207
35415
18917
77006
2708
98569
75603
5673
42331
89961
32408
15954
1851
85271
22412
6802
20897
36084
91418
90478
48047
59090
68017
93355
74347
27669
4749
5738
66378
72425
32879
25944
88851
18559
65382
14542
91731
76904
61606
66788
1558
43380
19517
72001
38717
12950
48703
69217
65836
97044
7622
80633
81153
50221
22416
24479
53201
59998
58766
41121
32316
24169
27377
83687
73361
97240
53325
54160
93647
87817
42241
34099
57192
50645
60019
68625
8069
62567
84587
3080
87395
64554
85238
68798
88053
73516
25682
22461
67496
71961
17163
34972
65102
39228
23825
63981
81418
89820
13137
37491
93496
44826
4301
74440
60457
52191
13707
57979
77048
18977
35821
80544
40665
15788
41736
245
19500
13167
65904
54715
68279
32856
12802
99521
65307
26577
15798
89795
71126
76555
34531
63465
98030
53585
14650
93843
60004
85310
83502
24400
2634
70888
48939
66313
3533
79852
30791
67612
94096
43788
71401
92537
29073
34954
27354
49559
67409
53225
68526
44812
51269
49046
11569
19425
89313
99217
8270
55449
82277
237
51228
57358
89611
22729
24588
70515
90266
69759
82254
89758
31014
986
18257
64833
4294
36103
99019
1318
31293
99024
90671
1499
53306
29976
99125
9709
37380
70474
93635
45144
77781
76581
46661
89732
11637
91196
51793
96147
31864
82265
91845
37928
85925
63033
4966
40826
90126
89892
72152
11497
65878
11804
79484
85759
20909
76890
1378
52519
40489
68382
22853
14766
91145
56725
87897
35319
38213
93426
96916
9512
16731
50318
93872
39494
91233
7785
84045
73956
92874
7435
47436
89722
25537
54211
13181
47929
74833
43244
24320
1033
27089
58934
12692
97377
43943
38636
79250
71510
16882
51580
95206
9112
864
31733
51726
45259
60680
67998
92690
26971
78165
37826
2498
62200
43175
47763
59677
52176
19661
41669
22307
25387
31790
95739
20988
40571
44623
24144
80963
34054
27909
90143
77435
97310
35188
20763
13103
41732
42486
91319
64253
58875
49974
23569
18702
5389
58211
69674
64938
48867
67867
88130
84029
12776
71672
85022
65804
34415
51495
1374
94285
42739
68445
65094
85475
68189
66009
78287
33205
31502
17713
3163
7145
49888
40863
26004
86159
86374
52149
71047
38343
37573
35825
20073
97924
70709
2577
37494
37370
71074
52523
41033
69587
96455
29833
52783
80453
4111
45447
90919
35256
80974
81307
11635
10200
66127
43490
26868
15395
1416
78101
9421
292
70119
74107
67523
39312
50165
84397
11441
8092
92428
4334
75208
63461
20428
77514
84924
47126
84604
93991
73971
8891
43392
72829
47808
25274
78593
12059
22249
55333
11420
91073
21129
82685
95748
73003
70844
12554
43951
59325
35065
68417
82670
45066
5135
28638
36202
91871
37815
37871
12790
67204
92167
54204
10274
33442
76594
31181
95848
36264
2940
72656
67821
13725
60105
16161
1361
7799
6567
48443
19896
51058
39923
20505
82698
6864
4118
56107
59768
82623
98502
15018
56482
68408
39258
24558
43834
19942
90088
24282
87978
82748
6962
43279
4232
77208
40943
90104
34133
30617
64369
36193
31158
83658
8281
80989
74184
28727
40178
19486
95535
24503
51306
10733
32337
28817
23934
40007
69470
81751
17357
63888
17829
73846
86694
46747
20476
70815
49747
69757
99149
83867
88478
36020
20364
50230
41864
36951
75102
31471
15579
69049
66245
79157
70238
53518
24709
45516
74586
8744
96167
82926
99472
97261
54275
8642
16171
45501
13895
88530
93889
22773
68651
87603
74220
10184
76294
60160
57027
52946
39218
2446
63791
56287
54446
70804
50471
29530
59815
2222
11684
22426
66278
11774
17440
25
72461
27118
21325
64989
98942
28390
49462
13541
70486
61536
92259
36194
91841
99345
48599
5254
15771
60037
45346
83695
14831
39562
98494
65776
76441
11981
45084
33420
26219
43344
79229
17853
33653
98819
63079
46429
15135
54384
16724
46134
37932
35567
9540
12001
4283
41942
7059
55144
97927
28764
37375
5384
57508
22074
55013
42724
65275
99129
74084
14729
84604
42761
81255
54340
34001
15959
21151
16427
50758
22080
39078
33609
78693
54511
30293
6087
49918
52236
76146
56834
19998
72970
70518
71446
66979
84095
53008
55690
72225
74254
36782
18838
98219
68645
44666
30136
50218
51028
82661
54136
14534
28014
91948
41359
16024
83342
92747
23109
49832
18124
22928
74144
87215
46009
53491
82520
72905
71188
49340
45278
28783
66575
25633
37523
26266
1766
55885
36187
89112
80565
58096
26876
39566
21454
36482
60113
30164
23686
23146
95680
87002
75470
91477
57843
92941
44379
74657
81038
73876
31054
52240
68005
46850
26440
32587
95660
56852
65072
18501
83488
58493
46957
67322
72215
1096
88696
65382
58906
22993
73965
96047
74467
11984
4202
49130
78358
72146
93631
34968
99932
72320
11564
83306
1949
69585
10152
52609
38089
18727
8184
32026
80216
31345
17003
73495
72309
8517
20591
21482
40925
96357
20444
81954
12034
54841
40650
33864
64430
90307
42514
12696
82388
99136
39358
27066
74092
63804
84974
83984
12735
55117
13279
90940
94580
35236
27799
26348
15699
11392
34448
98721
62446
56492
65288
58148
98271
21952
22201
33744
94244
44911
13258
1647
85821
55065
3566
56807
52831
86066
22717
46537
41492
6119
34391
78923
33260
60106
71679
36362
23096
32122
77004
40774
83483
59797
39521
32165
25557
16521
67421
37691
20164
60063
17787
87376
72383
75381
70625
49739
51225
38729
32115
23759
80416
47794
13623
5103
87216
58137
44005
31389
74313
42587
30880
89632
64069
98872
57381
672
40161
98076
5144
70175
56216
11479
9972
8798
5489
7566
48685
10925
15058
4049
79046
35948
20771
21456
14869
83649
85432
45845
76588
17259
44578
97069
33411
67068
54050
53830
16358
45372
97418
50140
96873
38379
45178
81291
59292
17242
12444
64297
46882
40146
34533
31023
20127
65051
32150
47258
9588
46871
20653
21479
39156
45049
76331
71033
39614
9342
47223
99704
83624
85228
35007
58841
42683
79294
66341
75060
47534
53149
11541
41051
88251
34449
33181
49504
68227
4553
90484
90165
88620
57645
26812
92317
93958
51209
41558
94363
97891
61576
71892
12842
58854
61801
62952
60333
79457
53970
68562
45119
961
48983
87641
7374
27582
54602
96691
57809
75156
43439
95301
51780
9468
35307
45346
98289
33487
5476
18946
60506
90030
89154
90157
72883
96560
92159
55826
5127
41079
74127
73086
36555
45315
71725
9843
82560
68931
54508
93138
25292
8302
5481
42682
71097
71028
55210
23681
8426
95398
82589
49321
74337
50324
37155
53693
72468
97229
41089
10168
58446
92010
25062
24902
61820
97189
36912
42941
97651
65141
1429
17134
27794
71425
98281
22790
80884
65250
54691
26961
4577
37387
55603
94692
77779
39680
24733
49794
76299
34455
46150
78051
91269
20228
69876
55179
55535
91582
16960
64236
8652
17461
4240
34234
93061
28876
27184
54234
76207
96422
28770
36431
23903
94568
16145
67742
93590
69769
74602
74271
18120
59203
66393
69594
78372
77185
62933
35719
6129
70630
27799
61689
18837
53347
80743
32831
59186
2283
45216
52122
85374
32749
7091
79197
96153
92961
31021
4446
41611
18683
97331
14887
51070
55637
3622
4600
43297
28571
12829
75283
93818
21084
88886
5655
7800
52403
8664
44071
27458
52659
13409
22122
63043
91706
4947
60208
64382
23616
71182
67836
12968
5285
3891
31749
14628
89857
91066
58354
36195
46071
62700
88637
80262
9451
86011
49576
462
6395
12713
74207
92177
88691
9566
33048
12724
82494
6742
2932
7357
36305
69076
70036
78944
63342
7828
61535
4067
7169
28250
82683
86720
90881
88479
75097
69654
63546
21391
99205
88996
52425
24760
8261
98808
80963
15132
9757
89423
57999
31653
19508
15108
77216
92511
22096
65168
69301
82498
29126
98491
75872
98393
3382
47076
91055
19622
65594
15882
22329
50305
65124
33146
98673
29883
42264
60184
68551
44065
27186
97313
48258
2053
13908
43039
56335
11327
25926
72585
35701
55715
27317
96920
25500
51501
56919
20134
15640
79325
11860
28240
16447
20601
78724
24965
63272
83291
29653
87011
86075
71423
58738
83385
20438
48284
93785
30047
73933
58561
24697
6143
45644
56883
94531
22389
172
24780
53771
86058
77238
83159
43779
61349
77211
52311
84067
65536
64319
22493
41039
8804
28609
50314
21183
1135
6856
9027
14108
14669
9230
26957
10281
30447
89367
48271
88605
41986
33992
97636
71204
48772
70210
45716
11623
45881
49556
49412
23466
76353
98920
91707
45126
28244
79272
6154
71948
42670
82521
13528
28172
38414
2697
91004
7689
8736
66292
38865
66292
38579
76292
79012
6011
75506
884
20281
15396
50630
41016
97910
31300
10862
97389
1160
44411
64766
3059
37997
81014
11635
78402
93459
10265
63256
99313
65672
90440
92900
59407
79942
26860
82816
49251
8478
10953
81931
6533
195
95432
59409
64742
29488
20695
16498
795
4783
94162
38204
57921
50828
48971
78058
34500
57726
33678
55432
95556
55269
74585
49672
79052
83967
97984
18102
20081
42812
67302
58835
61750
72130
9776
33078
92111
62522
24196
80346
59094
12993
50121
3960
73531
14549
17027
98181
59457
2035
8688
12504
22434
22616
39735
48867
4351
92714
30236
15229
61242
90908
98669
70456
16300
22153
71731
32763
1141
88824
28697
49791
70586
26931
96358
54016
38886
94875
76013
36618
54646
20800
52752
38171
68600
68313
75898
91290
57088
59705
69823
97452
43955
37527
50902
76597
26275
42383
59658
10891
17380
18400
77339
42794
65507
18677
56879
1123
61360
44027
39595
93677
76914
60619
74368
73673
83801
53673
11003
73988
58874
87733
63837
22153
40095
54847
64286
95863
60102
10802
58703
40666
93191
28836
24582
77734
90151
3400
39729
76428
61093
6682
29788
9513
58362
33645
20988
84953
43340
41627
7516
70505
23220
45803
22107
83091
55548
56932
69157
27355
55996
55620
79813
41869
18426
22275
72688
9786
60569
61894
2738
44665
73302
49458
17213
14187
85590
4610
88150
38799
42447
80366
31619
42462
46806
21820
6935
84368
61637
93233
7275
46093
81546
41280
75405
18175
89316
52257
31078
42242
88928
22611
39018
19474
79510
2307
80637
55456
46276
59784
10886
16447
82654
91404
12280
45853
90194
49474
8096
98352
62705
54092
1268
9113
23497
32533
44062
611
21426
54421
82021
39201
2668
23153
40548
40781
96012
51017
53088
93346
21236
62425
85890
7109
81616
79413
71902
17590
17303
30574
33078
30760
36167
49139
94775
40131
55468
17494
41659
76218
35697
9394
15880
74037
83782
49379
82715
67176
21702
94489
57970
78849
69851
23198
28487
27024
97115
12416
20256
72913
64440
73833
92663
34060
18727
16899
56846
13558
48033
54257
37118
33754
62996
7495
75352
72356
11207
24703
66404
58501
91714
51507
8643
64186
42885
59889
1193
10329
23695
13699
18875
95820
48715
12599
50656
13915
75074
50534
58591
58944
92309
52197
76376
42126
47676
49295
48225
13536
70680
44806
72390
56841
86482
54600
7851
50718
37517
59842
42548
92419
46782
78214
59550
24689
54194
42106
15813
56003
31737
26674
80649
25193
75324
96918
85356
50399
88608
66823
8408
78043
26774
43829
64994
58296
23852
37737
5215
42405
68678
86877
96995
2203
43662
16270
12282
65879
24267
41310
5029
32125
71936
20390
78642
25293
91147
25490
42727
30982
96344
33439
71614
49797
41707
9897
84014
33996
41011
54189
20595
22660
3623
65342
83854
65740
69268
79156
20560
21880
27322
36943
47835
62017
94242
67465
70084
16567
99243
16125
30386
79746
73179
47607
53674
83278
82344
60370
85147
47159
22712
12529
1001
94874
58101
58466
85861
11592
6053
33574
35963
1414
36022
80308
9512
83847
38417
84291
39904
42232
51207
36491
33427
5619
30101
90204
8334
25421
79458
48416
23137
17631
70645
45799
42780
46734
34757
72801
49767
22557
91709
4130
91049
27688
7531
13199
7721
52830
35093
29317
48307
59006
34389
34432
23422
30055
61931
87391
33419
5452
4010
92032
87855
22010
84735
9649
38024
53833
66897
26230
25770
11848
30771
62910
56058
64346
4354
12309
71486
58061
78110
93000
87259
16818
58842
80387
63955
17573
33818
15243
83460
38417
30995
47081
66321
66906
81784
1294
28022
17223
84666
5549
74838
95189
41613
93035
75550
97237
5583
62758
19707
47290
45331
64032
52222
5056
74026
85734
16272
11061
51746
43796
10871
26439
41232
16258
16781
53340
55890
1175
47833
51181
18879
40739
81852
10141
3178
52137
12103
29355
85885
43952
42774
87672
6243
81838
89926
30147
88841
72465
2576
44067
78875
34517
96340
97293
61245
72009
99922
36623
29595
96100
74093
87937
25460
58074
60885
38521
98795
53561
23238
81894
47157
11098
5189
35576
51642
99725
66875
33111
93071
7384
4023
40099
17231
41231
75872
15167
76072
52506
13921
65030
90338
93809
44474
18507
95381
42472
50172
48330
31463
55466
90039
95451
38976
64441
90056
20064
81757
19481
83850
40332
43333
57236
67877
40237
81962
49657
89799
38838
64092
98291
39220
19299
31152
89165
84698
61828
28783
34857
65111
89680
24219
27842
41655
58776
73168
79335
45768
740
55318
36914
25551
58358
37285
20051
25306
74685
5852
16097
58934
43614
51307
51981
43978
38325
55004
22469
22159
71928
60241
30562
19024
33669
34069
9524
83208
51059
80489
50295
8726
47724
26423
15035
67185
79584
2197
32843
41033
56560
17747
26353
69479
76858
23393
87277
56672
17410
95998
11080
3672
69512
94907
74212
95801
85331
66321
36074
46301
12553
56728
22518
92285
31085
72947
15389
47639
27856
21583
69118
34741
38644
53533
95253
87551
12790
32310
93625
62208
80296
16484
58889
25309
37650
9044
55693
90118
54181
6830
40141
62270
45625
46442
88097
26381
15552
21550
49570
40984
61290
4254
82090
58735
16729
23554
47173
98704
12653
65397
72245
10046
56750
97755
88319
72240
47206
54826
63288
27438
39160
54584
13619
40227
25391
14697
52629
70159
12809
81856
25082
41102
70917
17649
44217
58816
77143
15618
1878
91199
4631
58725
88026
6220
78497
16671
82373
49437
88199
98231
86401
12180
73793
57568
77266
61984
26137
48243
36189
487
62653
55633
99409
9506
38736
6478
8767
68826
3058
79876
11513
82363
3835
43398
84820
60747
35432
88927
43340
57562
27433
1376
38937
27347
24711
24054
5966
58128
92590
9509
46732
55839
5698
35018
12286
12114
91778
99402
16916
59381
16187
64917
24055
14494
64800
82969
46015
17395
40470
87784
47393
31578
67103
15096
84190
95024
45808
4789
79808
97416
23380
10369
31166
60012
53159
27469
8556
46943
97492
99803
29121
38899
49235
60644
19531
48503
38061
85198
64730
7194
51111
10304
93533
79288
94753
25345
35204
71319
48753
73814
67117
4533
36298
81554
30078
71641
74668
30265
44804
45736
47367
18265
33918
32976
24121
62026
2238
91236
52835
56893
20698
80142
22891
19155
15967
68644
83119
80522
58514
29451
37694
24021
22264
85183
10779
67435
99046
39255
56799
9038
98703
12370
84749
89437
68161
36178
99279
89645
92570
35364
44859
79285
51166
39909
3954
77669
83085
9353
67749
84147
22545
591
17924
8686
71494
19696
44102
27742
51766
48543
76906
40172
75724
50105
7547
15660
36152
25597
64992
13497
88803
79531
22203
20733
74754
84812
94990
38442
48521
20376
49100
60945
10097
96108
72668
81990
52393
62198
4047
15584
59128
24875
403
85068
51326
22987
99191
89600
53685
34769
84786
51579
20649
51901
86406
61105
65335
63905
19677
81713
32910
9066
74069
96962
65697
43475
12972
95821
41702
92231
90715
62387
81673
86524
92068
45861
18302
76873
91821
21816
29488
41392
91169
7304
21395
70888
8068
91431
68327
99964
13032
71947
96991
69126
98359
91611
98021
33523
70779
31851
92868
24103
44734
77211
65921
87192
98633
71488
93439
51116
22463
50961
90855
46807
73652
13827
13323
30941
30827
27628
16526
22042
79429
8791
91897
74113
98109
54863
78654
9502
49345
25748
87388
81415
71155
31949
77103
76412
43708
8313
40089
49499
19879
4898
2580
99735
46917
27598
71341
32121
3639
96817
78583
70351
56195
13712
53752
9562
3500
84477
27448
63143
96523
56732
510
4347
40767
44680
78381
95084
81537
66538
6617
33831
86625
52469
89941
25683
68895
93901
38984
19625
45554
69070
69940
85320
38465
27325
55549
91233
22140
45090
86328
2393
16868
56873
31372
46389
78181
13621
54992
61350
85205
61248
80683
95041
56360
98020
71747
90427
1712
6877
83884
82218
64964
88166
82184
38837
56242
13154
1992
31572
56741
5032
47965
52851
20108
494
47894
98380
26038
42228
80555
24318
92882
66237
31782
52355
68082
36736
90384
8616
91250
9355
42777
24927
69677
77211
61675
77458
48008
86843
50287
53363
14597
90549
86151
76119
90814
89593
95893
24525
27487
51538
43005
96219
921
16159
22871
23051
5001
73697
16839
25682
10533
84916
6619
9848
67503
68355
97027
45217
45747
63309
58377
95071
73987
2320
17145
56900
96952
65038
38380
89255
26388
40262
8869
18669
51553
2832
60448
14070
52622
73602
76316
50096
58620
31186
41503
31104
18172
68106
15299
36667
57900
33126
13895
20934
95593
36413
37142
97758
2543
987
11047
15925
65120
57224
31182
22131
79892
53814
21171
74034
637
9314
20911
89863
57972
21954
49652
64756
6973
96515
17317
98509
98948
47826
20493
94220
48925
76163
74725
83163
99202
9202
41597
94379
69502
44574
40776
40019
12348
92673
43126
95623
27126
45627
85233
53524
88540
82475
4534
22791
89255
48333
89227
67451
4117
49795
53921
90836
40509
21280
82205
42806
98954
8130
94458
98091
30860
97368
94811
65915
31463
96153
63000
82549
26538
64873
28953
91598
72001
10040
87427
76302
67975
25523
83454
41398
43916
65803
65298
54234
96371
30140
43367
6092
15722
35705
92295
67348
44273
43805
8459
25741
34905
7582
15047
66303
94611
81043
95039
1250
56112
86306
34055
38022
13277
5943
92907
28114
1391
44894
50595
21722
57402
37385
32910
89383
41581
78753
27493
21481
24116
68285
12148
43316
17842
24009
22311
10271
79521
53747
76660
27068
90484
17520
93637
66765
45018
63039
53907
90726
75887
4849
62761
2545
69508
14455
4557
85365
49190
3837
68001
80108
82739
87143
15443
69465
75481
80371
71383
37466
28517
98415
41287
99505
60227
44856
46752
80956
56599
60135
83661
79241
83101
45863
76217
64948
64031
29252
33945
24149
64454
67866
95181
65151
73396
52290
91966
10447
41878
77308
37027
72518
46319
7239
78165
79966
14877
11464
72325
61775
82380
98816
66246
35740
54176
32411
28364
42750
92104
84658
38609
55390
16986
11567
35680
46597
95696
64701
69832
56106
93809
66270
16408
6854
60928
12431
87517
74237
84667
4467
57477
42039
87536
14340
48049
48750
9055
70356
20964
28091
16795
37453
72826
69330
32062
894
38986
24970
19956
63353
93872
24434
44734
60750
26708
24945
77975
54822
30702
14571
81076
87989
71362
24009
42339
92169
67759
86424
51481
9413
71313
65164
96433
44690
13042
82426
28601
21681
86493
19140
27997
53409
74665
20875
5762
37451
95679
18051
56791
2641
13640
75416
36541
32669
11069
37074
90212
60764
13692
52257
93154
3612
63969
62922
67628
50711
3052
35092
39592
35463
84942
86318
77972
81609
98079
73481
5462
93960
55242
61085
6233
25921
68910
50428
22775
782
28598
24417
37857
82464
45035
79802
95078
55120
46300
59891
560
6305
72379
50396
86825
13653
96901
37940
68607
72384
41662
66501
74034
6285
58355
19260
78297
21918
74400
3807
97434
8544
47127
67981
22544
14102
44564
20980
86581
20058
40482
53251
62324
8810
7063
84205
31646
43725
92920
70619
36061
35257
42152
83761
26239
77922
47768
96536
99292
85645
5923
4926
88541
91629
55117
92036
66832
37772
69632
9388
75712
62927
40286
97935
98792
62404
19224
73303
53118
28419
55044
76282
31368
73412
24274
10493
68863
30056
39
6081
89073
64691
95445
29548
61071
23800
84421
95140
67593
19536
95217
66111
16127
34832
53116
31697
92634
50249
37840
18953
5651
27843
12148
16202
75290
74933
42941
72237
10907
75270
6594
52771
34347
19267
27364
40822
66671
16414
40997
402
79977
19774
69705
2753
66188
61840
5844
51857
52416
7131
98827
21872
30936
84949
80474
31953
13443
17859
20572
68456
42570
40389
13405
43629
66029
77005
81905
48263
5454
15442
23152
6478
88433
33620
23513
15936
26849
73847
60681
76918
42318
28556
22458
51313
715
3481
96616
38326
74893
63381
29336
27817
86698
2634
51292
3020
14108
30522
73664
48972
55494
8016
63055
12320
10331
57136
68960
29799
66589
9247
22450
43139
93480
54964
98753
37885
52655
84038
6304
79892
32309
20202
40242
5666
96342
8560
89726
66598
83709
66408
70853
78780
41543
4164
48554
91229
13570
70981
50204
96334
71872
59315
70381
9815
9141
80023
47519
57713
57635
14949
30986
54401
52472
77771
20831
65577
94647
35061
87613
80732
40502
86999
85445
60594
23956
53439
1602
99042
69333
4450
37797
702
18868
20887
18493
97994
31452
74138
6728
29871
55568
99725
19807
33442
38727
60662
75098
8119
15967
42445
43936
15967
37258
72088
67542
14611
86269
95729
78882
35532
95821
79684
28994
79847
64828
88599
9571
66361
70908
24632
58928
95736
38372
87600
37761
22348
71936
4790
62025
38583
85881
61440
19991
91488
28301
25707
23515
84207
34510
19711
12382
45445
30109
54018
38056
79006
17251
51799
64159
26767
90869
80094
93421
43150
17835
31106
1123
64567
78992
10275
32633
94719
76647
8420
46950
58895
62435
70076
265
17211
66527
1784
1700
45834
70880
99089
24019
51401
53030
11088
53891
44018
22256
76442
90831
98731
25950
79033
77732
94327
41982
67918
57370
76367
90715
59144
95652
49802
44982
97606
96083
36931
8083
53632
70222
95272
76400
88082
42892
31791
91738
70761
91152
35596
64600
66915
18415
23147
6680
32212
18607
46354
8943
9438
77314
86725
91603
57260
45988
38473
89630
40256
32525
77610
12593
3812
67896
26430
31036
30247
68968
33215
9539
29526
7236
10026
75664
57811
22856
21929
67321
81908
31545
76399
78644
25550
71159
8246
62416
93585
23414
54778
5666
52771
59498
73114
38193
70917
14064
88762
5129
32190
5075
37494
17713
23535
46803
31851
27097
37033
87401
42960
67672
32588
90005
24811
86159
65523
14732
98266
49593
62935
2085
99968
40025
69136
50171
65375
35214
88699
39330
26183
33166
92560
77507
4198
47541
41151
36161
23014
24144
57329
68104
50200
94989
8205
55771
16163
42415
83084
61136
30813
97197
6497
63998
39985
91932
99454
47727
5826
94588
30000
36728
68676
9885
21732
79749
76052
99676
59366
29889
40799
64230
1088
27292
70886
51631
78482
28435
2855
96296
38710
81362
83735
28260
9912
63682
53147
88090
40391
16874
36947
92434
53694
23829
63253
19499
31898
34947
13489
4616
71272
6707
16714
80650
4601
32048
17941
24461
81538
86654
64822
96937
16332
92032
87770
60992
65811
78249
32875
24612
55718
48736
53982
49780
43670
55446
46204
52175
3202
10724
33595
84048
32078
35875
33003
11140
1173
78873
4714
77628
9421
29766
22752
21490
27211
76282
81516
98521
30377
30220
24059
65128
74974
22894
68744
69221
443
59151
70456
86317
60696
37669
21694
95475
63469
28075
94006
63726
93936
10309
2878
58118
38387
87926
56027
96234
95069
84799
84451
29724
80214
32051
82192
97499
36476
57187
68593
18701
29322
65251
71787
45649
37432
55479
83421
40597
71699
61989
60375
26920
76786
28643
72035
82855
94079
76888
12179
47501
11087
5426
19089
19635
46486
63394
43908
83188
94056
4867
73045
10383
60281
78364
50144
72634
90377
57772
23541
42770
74060
26216
2879
7957
96548
45750
72724
1615
96444
50436
43607
52723
28005
74875
14998
35798
90125
31109
75991
49685
88578
73439
95766
58025
46315
33894
57046
38110
85472
17299
61928
63148
86680
85029
26881
99652
190
99510
90546
91640
86765
60436
40534
88335
96504
87021
67724
17092
60250
59805
89515
83070
89737
97634
59220
68805
58493
11962
7073
60052
24986
94158
4719
59626
52655
91195
56926
62986
10539
44155
27152
35092
26612
56871
76946
19631
29431
88646
82577
60196
88778
5124
90074
74534
82105
24321
80567
26045
15378
90212
82797
93951
80310
82517
23787
33328
70245
22943
53799
31730
58640
1674
75276
3004
92717
4712
25995
96379
94843
98184
87601
42835
86876
80922
70897
7199
98800
42951
32325
3985
68921
50938
43144
17743
77533
88331
44603
25390
78823
62495
82966
71954
48163
87825
54329
15078
58147
89854
33448
24485
62074
17642
99379
6246
93880
48685
57339
2298
77094
20767
39313
76956
12025
7857
95766
69352
49402
68774
55650
642
68544
21471
73919
9574
95468
58635
66650
40919
28142
85138
24703
97387
21770
28341
5596
11738
97830
23398
95647
66729
85715
78930
73047
1055
28727
98626
36424
6039
66669
65806
7268
89592
45866
2076
71210
63874
46684
77972
76910
11036
33872
45409
27841
7146
69458
33742
59701
31555
32335
54951
42604
11412
55693
33771
69567
78306
58028
81845
93416
70028
53774
79117
39453
43319
87461
86660
56914
29171
5281
34681
40998
63127
72607
72072
39186
94528
37596
27448
31718
98768
31207
39513
35183
24689
8906
47465
78756
87069
43400
45002
37325
73588
19100
1249
36600
74569
4939
88296
16889
10194
5969
76395
6479
58222
4286
44069
65664
39975
98234
39748
61484
10079
28950
38158
58859
9211
1572
52946
78517
50285
51354
59673
17573
58852
35838
57989
48245
45759
11380
15383
60551
30609
65292
35062
84244
1570
37360
57915
52973
90913
75795
96861
32075
226
6669
44097
32729
31253
26626
31307
78630
4941
26033
81670
25645
92945
96914
89180
1652
83057
75622
98697
85039
28636
68534
7632
81669
18366
45686
72550
94587
84963
42605
37515
29773
30039
92760
62588
52651
30595
36727
76535
73704
90736
58215
39528
44319
14916
73940
5289
75013
39801
51120
14224
67995
58525
71462
59159
62720
75574
9877
57382
43602
12776
49348
57409
38410
70873
16240
59692
86714
38863
10168
55708
53757
29044
2456
99040
18927
99620
69246
87942
58094
20880
46525
50325
3835
87734
36330
99317
46980
57758
66662
7108
40956
6997
23123
45601
46747
37938
12449
79472
8459
67273
10794
95078
94192
17689
41915
26082
36798
80106
32924
12688
5119
42769
38022
48447
62036
79907
4675
29649
80442
5104
95959
71540
83973
41852
13924
34141
60760
89948
55468
11441
78790
45975
3164
71850
28807
82011
44016
68042
21062
85307
55926
44885
53138
37454
61784
12310
98111
80218
13688
12348
33093
28303
30632
73816
20541
71948
73162
63389
86283
75490
11821
44616
57437
74960
46415
36065
33198
65431
74407
21465
61704
49212
92702
40207
90874
50003
73367
71340
88387
66440
91420
33989
85233
64657
12358
31098
71837
73369
79535
78597
27408
22991
17246
61815
15294
27053
91724
27611
88332
58416
47028
17030
23394
36317
97283
42679
13242
15545
78924
1058
39490
97532
70852
84825
48306
95
82991
68754
31643
98270
90272
74380
1979
33374
39023
28123
46997
22293
58618
30052
69190
35680
98016
48899
10345
85823
22714
61905
46877
95407
89607
65121
90943
89081
60928
98738
96088
60223
82920
78495
53890
99252
31612
61608
56081
43071
27324
30741
82500
28244
15436
77312
20828
87156
98954
45249
83918
11903
64462
83775
94664
408
61527
66624
94207
25726
89756
83116
26007
12047
46181
96550
65916
28018
90704
120
93381
12070
57091
57158
69030
51117
70993
65275
9472
52986
85322
54316
27468
27741
62818
23532
21091
54910
1777
11005
28184
98440
52968
20254
55716
5618
85688
64957
21391
2357
6978
43417
43594
59423
41508
25539
16882
19839
90791
1713
23236
97848
42842
26627
38632
47713
65272
46310
80877
59611
10685
83283
41309
42421
62664
28563
42336
58477
35194
6947
34439
30993
42092
67771
91681
61654
35337
78380
77450
63421
98582
15296
1114
61023
69605
1742
82066
29475
50007
34551
15814
99740
19578
10795
44023
81867
51891
12970
3797
83695
60379
23060
96585
34130
84228
54119
20934
17981
30726
78963
58422
44418
28160
48843
64085
96123
10386
34781
26570
97822
73022
2948
94416
96773
69884
76402
92887
21760
33420
7002
15877
5608
18699
6169
71202
46504
47609
68472
30181
49186
20350
68216
47743
54223
64179
77188
56948
10389
20534
27823
23445
52958
55449
18437
35313
36942
33405
51750
44931
97891
45189
21746
63498
15789
94426
69363
51570
61549
32329
89887
47879
54731
88056
81256
28768
57868
52674
12022
27442
99356
71779
53654
71923
37412
70117
67791
28036
60416
43099
14794
45251
5006
29740
6537
39663
35978
98195
73147
28631
78251
30879
87617
76228
21005
38327
58918
5572
15198
78329
70617
29579
30580
43690
2451
719
26030
39461
50256
51250
99638
48728
4178
15230
76272
42903
95452
37294
97336
68407
35334
18472
11441
63302
58716
20103
54268
92147
46500
98124
32285
45081
56640
11060
94590
90905
61726
40194
30759
93267
54245
9953
62317
29661
90420
17329
67634
74686
59686
27566
11051
87383
78982
48160
50909
96867
94592
97081
66540
38485
94247
2795
4770
7759
88556
63882
54933
77630
7413
93400
85282
59891
14525
207
32386
14406
86835
29283
42466
74663
3578
82389
23228
59342
85638
67899
6135
68339
31007
61068
79633
98271
18326
79404
19719
12882
10200
40813
62283
76172
46874
23323
2790
28240
74478
7467
89990
13947
10498
28058
95681
75189
75789
71838
58442
15247
75436
85243
82536
23613
20429
95667
32633
66658
24624
91980
27611
2702
49524
89203
29641
91432
5405
72899
14241
89916
95475
53562
5676
67629
21900
89701
61510
46932
92695
63534
39322
18531
56031
33673
43892
65948
49557
17717
17776
3830
58208
66242
92465
38967
73337
3445
78001
70809
19729
76751
73093
84547
43523
72298
76422
89950
83576
3903
21397
44803
68788
40182
32122
70569
50702
90652
94321
43253
59375
92216
917
96294
79916
20891
93664
33867
20358
91637
16297
71503
67539
24109
46474
43173
83063
53280
79192
78623
25013
2220
62056
81804
98158
83387
60578
34220
495
5160
3378
13386
32780
99768
39148
58161
9233
59774
9844
5917
31327
3677
71645
14966
56606
54980
81838
28256
29807
55341
16708
13176
88298
80092
3024
2188
11320
7555
50786
37035
30355
18114
6653
42876
19932
72002
84801
11127
99045
73533
9018
72859
39694
32972
81670
53485
55653
8739
20258
3631
52343
57205
32650
8165
33081
11453
82601
36869
21519
52010
68646
99374
42862
61697
87647
25100
61581
11623
37625
48207
59936
77311
39901
40467
77597
18952
63606
24484
65014
62824
15638
40654
8051
43610
3639
49709
58648
11105
68973
2155
99769
72995
99286
22846
47179
98874
83607
5266
80209
74298
63489
10459
1020
5957
20311
77220
56730
48500
60610
12785
66369
43731
26006
25059
34346
78607
82456
17029
37585
3498
62369
95611
32823
61433
55955
94594
70646
79281
86930
31679
20236
2822
29845
65049
44529
43134
1056
46403
56110
39983
99875
8777
75114
44843
61483
62057
86653
61904
50303
13605
52743
87472
25872
36639
52360
81582
531
34357
1314
71038
68510
3749
74236
28183
3507
54871
10772
59285
76733
16588
15259
7692
48478
83970
65689
44281
92156
35761
42238
73223
75806
64490
19521
27343
79062
9149
48697
88797
46447
74481
75568
17858
40153
31721
63898
11780
98415
24651
55704
23488
8400
61415
1945
65290
36874
29384
37282
72736
10139
33509
20533
2107
49768
59495
64640
63150
44598
14835
42642
54563
15417
78636
50835
31063
45333
11957
25477
27131
35702
99964
88296
24818
98221
38060
11820
74430
86431
51168
6327
82803
48725
47160
32127
6164
23407
65668
99077
90706
57375
60557
13437
62079
70637
53127
21300
51958
3725
11433
26648
13108
92703
55682
79515
22501
41665
59934
32363
89491
76142
45762
25765
5745
61696
68419
61350
45652
32274
7249
92341
54119
7099
57292
67981
5586
52184
61658
8309
77199
88869
80410
40257
11428
72155
40997
12307
66354
9007
73746
64577
4749
15658
97104
229
26915
26037
54474
48055
9605
76024
58038
51233
25350
10399
68775
20981
34220
59747
88764
33175
25175
24616
1409
50150
59591
4162
63906
90497
73206
35106
10042
98668
87128
78188
89893
86404
57926
41631
81938
36004
60664
61909
16003
49897
1197
23927
28779
58381
51162
14367
72398
19749
72076
98983
23996
12806
47542
79612
44027
32969
82759
38755
77067
84123
40224
96876
14628
6971
87154
27276
10884
51073
38826
99734
71742
33621
95889
3638
41468
32
11313
54688
66420
11795
9987
50418
28016
34924
62648
97277
34448
69098
49933
97990
87326
20964
49796
91563
49019
53331
92790
27734
68607
32221
94206
69053
19817
63401
42212
47866
87534
71647
12057
11416
65965
45564
70358
19277
3681
11606
1503
39821
4518
92009
93440
74316
82818
92352
82207
1095
74234
92011
57758
45141
45380
69401
11472
51507
25686
81474
56335
36535
12749
4908
13333
76046
9135
35781
42601
64670
55230
79081
51092
10175
66703
32430
8623
28917
5093
39956
92097
64946
17102
55246
63624
10206
31466
62939
70344
67348
319
96774
17157
59421
62350
74342
98461
20906
53345
25351
37745
67987
39625
76329
69582
24261
26570
59117
34691
13878
73795
33273
28963
82005
86527
90066
88165
50128
60394
4224
59278
64306
83828
47332
43798
66014
12536
12597
27020
21300
93168
71321
45235
61221
60782
89118
34177
54059
21326
89804
80948
57612
37462
74277
80084
28310
82455
13446
83388
5519
66127
78103
26914
15309
44588
39453
73757
89166
57659
72783
29348
14670
37994
84634
28075
52750
11525
80321
93149
59521
67221
52705
3751
70106
94327
40262
76102
31196
62947
69555
18705
10907
47172
80523
78755
23136
54207
10611
29074
49461
70187
46348
64171
3880
3431
14313
70065
32221
80476
10787
71214
53794
8740
82990
93109
54143
35688
7011
75459
47745
88384
94477
22860
93901
33863
12531
22153
872
50522
8213
36245
23061
62446
35909
89726
47779
57666
5557
76139
53468
46367
56515
18359
93472
50996
53674
63351
65039
86445
91037
61625
98563
49906
63433
72053
42531
33802
12135
85775
92136
66288
37088
36188
59845
12771
97669
17084
38096
63451
96731
69242
93552
95463
89085
31755
14925
4154
78778
21111
98502
5884
1121
2015
58429
84350
46322
94963
11636
85073
3886
21246
36823
22382
21437
82230
59870
16587
47244
5873
13319
14227
57927
46394
75326
86353
26504
41208
91108
58087
16562
64760
48169
72571
49051
23441
72070
31694
73902
21638
68105
55363
59460
22666
3931
14262
96570
8769
82431
54428
63724
59090
88860
71803
1125
16871
25359
69596
5771
11342
49886
59109
97102
14584
35196
51034
64239
41963
98808
73574
131
99430
11680
82183
38066
3784
81606
15151
39580
70307
10079
52281
7726
73993
36176
96483
4944
2283
34971
57730
27527
55461
902
12011
16555
41197
61989
48218
31710
89814
40137
59659
17102
34051
79449
16726
26457
84597
38907
58425
86352
29286
77193
64101
42016
59554
9985
75116
47751
59487
63177
40658
2081
93201
83662
76975
57811
95349
60919
40855
46430
83550
70200
4103
53871
92326
93647
92082
26770
49009
19729
50952
59007
67035
17204
96876
56357
59399
19907
57082
27628
57777
93071
86216
42275
18634
12509
90581
96994
94162
84406
22261
45953
9403
72544
70898
10906
89729
22379
48122
82248
5523
48655
96892
36828
61790
21447
85373
16150
46564
65248
90694
97944
58838
73593
57012
56822
29756
57833
93068
91627
77866
70726
32612
99220
4750
89516
33841
1608
46012
24425
22968
1564
20102
88770
94907
84620
6436
14602
31251
65928
76927
82386
30003
29421
68625
48130
84683
6871
35297
90772
46327
74649
67910
47693
5935
1583
75236
40231
37705
73430
82531
57826
75029
17392
94257
85002
7139
63963
87118
30292
83590
4472
40941
64332
27223
28055
35654
3286
37739
73946
68001
74596
99223
63565
5599
64488
63030
72406
11871
43340
60000
15693
41918
18707
88423
18239
62735
1938
68980
40117
98680
41349
47879
67912
80243
52476
96645
38906
94076
69529
308
10912
96737
75265
63368
58569
27775
42346
67286
62408
54030
28207
29578
4218
34008
45144
68336
80913
46641
86026
73169
11628
69261
42901
87180
23033
88305
64347
28770
59246
61868
76840
3047
30646
23991
55716
84175
26475
40031
38754
828
30338
8551
45930
69680
99496
89883
39862
79630
3686
99556
42373
10609
42825
1351
90564
89778
90
83937
54953
97013
50303
63388
11570
28247
82536
23938
12244
16067
20583
75353
40463
64850
78554
42018
48815
32772
7335
43583
15557
93336
47439
37335
19703
80485
21376
52363
67750
86391
94791
25407
7973
78047
25655
80956
39884
66629
47236
33284
20322
34188
62452
13468
52043
62782
54761
32621
67343
94152
75845
82289
84312
83307
73602
92597
3600
30117
39046
55659
40638
19565
92818
26100
35691
30513
3288
41220
84589
68610
64521
9088
18174
79096
52326
77945
67726
51450
5005
32263
65245
44838
13683
91849
67343
35458
48873
97317
83618
73821
77975
40898
98107
450
87578
68952
61105
27311
4333
70389
20910
18653
26679
72029
88412
51622
1931
49861
85226
74861
50072
50261
91453
16802
63787
71524
675
58809
6950
20034
37836
1787
16321
64618
91738
5809
4852
45518
93013
18811
67502
96312
68409
7293
63988
84270
92272
9214
63694
97543
19810
25728
60481
32538
88902
46730
63218
23662
52947
42071
9044
4525
57453
54101
72644
75875
81787
21582
24163
41392
90984
61946
28808
65006
61254
72098
98506
71671
18045
65944
16017
17100
6642
13942
27230
3283
40689
37488
4110
15695
57825
76469
88271
31999
38170
39888
49757
74426
72052
39297
99486
99870
84857
35577
33937
2376
7275
14994
84531
98776
86399
19271
64137
27350
75551
9194
23051
13109
54787
75385
76112
97055
89498
77631
96144
93342
93299
15139
95255
63385
83940
78709
76021
68199
30847
51214
80272
65224
45705
47427
30830
2819
16880
49174
39839
71266
49862
51672
8182
41747
58940
44652
90187
77306
65582
20491
36402
25895
9364
80679
84987
77232
53488
86141
37423
50178
83783
6542
33102
41664
57608
6489
68012
68858
66105
84767
12433
29012
50364
37067
10613
94050
73596
67070
25972
80480
36807
46984
45795
2360
96483
22207
33668
37688
38225
11024
19866
64026
99403
65795
77029
28172
24127
23505
74278
92574
58360
64580
14365
66042
47994
64949
54593
27098
98715
94582
26495
11230
30019
54036
85038
55734
38158
13531
47789
74086
75256
17470
69069
3835
48704
47591
772
23241
10017
6494
5059
28902
2119
99593
87159
86230
91514
37220
9615
33272
54242
7525
11827
70846
12829
72832
50992
98431
62631
67271
33070
16441
66314
42266
87713
46171
15223
14975
62058
3552
31605
98984
95647
3225
34105
26627
33311
8261
86274
54958
76511
73143
10102
75178
92275
48866
60924
62480
79300
77372
97565
98546
84640
3370
46501
96866
46677
14070
69184
3615
40477
64277
71826
6255
56376
11130
8264
99653
2864
47048
83880
39635
71348
90898
35719
96875
61815
36973
45584
59388
12432
19052
88725
91304
10692
54228
95673
17822
53997
116
9926
12399
54702
91552
16907
41416
86065
87424
24663
63667
25974
85687
76695
62148
96706
50400
53271
61582
66594
72733
99143
15387
6067
13803
74509
44657
97657
19856
42121
45045
84423
43498
38251
53544
51211
44387
82433
89732
26828
79950
16802
77292
59641
27308
43065
97663
55461
8034
18210
46648
72993
98905
76241
4233
45846
64046
65283
77768
59775
87527
52904
61060
808
63752
80997
36999
46045
97044
2799
53512
20975
68125
50818
97590
95631
78283
26099
43229
86651
74620
45008
99923
54436
55551
45642
79732
88531
15526
55004
89313
13057
75858
23548
64160
59954
87223
42735
38188
44869
41703
65093
53790
20858
84470
92708
90346
24902
86920
83010
76689
15863
27033
27744
20072
56956
24974
4827
61440
33120
13927
79404
74453
740
90155
76755
69543
60048
45101
50038
97988
91504
39102
78412
75386
43814
81222
99794
49437
24336
59133
59445
61089
37583
30334
56697
78147
3527
72447
26322
84187
16451
97773
52247
9655
93595
1157
70921
69452
29087
62467
9398
93394
59196
99740
25978
50790
52861
2183
43422
78814
52398
4892
4405
53443
80189
1456
36968
66819
68965
63092
4069
44636
49468
37941
33043
2539
69530
49680
75024
50390
66604
49735
21521
47890
30388
73364
81695
55939
47554
20047
24709
13784
64032
39199
72060
39789
27609
27198
77725
95748
98674
62272
80964
3506
71976
95115
5839
82324
42406
16148
64812
499
64120
37297
44341
31858
44959
4923
4988
12835
63518
35320
30508
20226
51505
49750
19318
43957
80714
44371
11366
1112
22838
60587
81803
28265
50899
72765
82278
8848
30182
4616
23681
82531
44875
77070
56137
97177
68239
15779
57982
9146
85213
10657
26926
73415
48890
75999
61231
2519
57363
62924
7071
85303
76463
32046
32015
63125
63376
42829
77202
39840
24533
87257
85011
35157
45803
33848
99200
34519
25718
77178
97178
50146
99684
68074
5180
74686
78781
2050
33042
61956
43296
9814
71482
64870
68230
72612
11604
4983
35417
34433
82043
67836
25548
87981
96195
40497
50675
60910
32322
26154
80735
67179
20384
85679
56481
34197
21618
36780
39422
14311
94441
3724
51107
97908
67644
48325
61513
26774
88214
54618
78543
21418
2330
58348
46019
77179
7705
21916
85191
91993
48816
52459
37120
18266
19389
5835
73099
69132
11816
30299
51612
32738
51649
82388
58076
43960
33293
90614
61219
48485
69871
35388
32360
87844
26059
29254
17536
48339
92754
31604
8486
87445
86663
34825
93178
24309
59713
16516
8643
36159
80208
84928
80243
33662
16848
23812
38733
46661
50586
78372
83784
1640
8490
62522
36790
38908
45873
72536
82446
51736
33034
90781
25631
20251
50905
8304
33341
20253
13689
90155
30604
42534
22479
37994
80720
49413
88323
99434
75185
35454
78797
86972
70315
97794
60168
57241
69446
12931
86765
22548
90784
80989
63574
12455
92177
38893
96766
88923
43478
85747
57737
28729
61486
26537
75935
34362
86816
32569
81744
91145
9326
52305
10538
45458
38780
22507
29321
32497
59908
39862
49745
63847
50563
74794
69971
21149
75479
17095
8756
22779
48263
72504
74868
11050
97591
94621
6394
46933
614
68125
81618
69269
90588
78405
18173
85515
19797
26213
93237
43203
65722
86822
88043
26855
58180
65395
131
42820
22202
52181
58026
55094
56241
51052
72548
62746
86015
61945
81807
98322
76518
51177
89424
70621
97174
70488
69082
83481
64551
64723
11277
49248
32707
52576
13514
9477
39865
84215
24433
96185
32121
18439
3480
53678
548
48595
36555
10289
88837
89594
81278
83374
55419
62752
96104
86090
58746
18506
23474
75704
96274
34624
39061
46507
75717
83851
93098
12932
17685
93985
25068
77719
9786
97835
12543
53408
23138
96422
21601
13328
89104
70419
78378
15706
30881
7539
32117
46326
33569
54248
8872
70309
21307
47581
31186
1908
84076
18404
10106
17427
34506
37796
91734
40097
45248
93384
19694
77476
33667
27326
68509
51254
54433
20562
59338
79319
89936
61012
69102
68083
13016
47917
43558
32229
46590
14508
51508
37985
97406
94843
29161
41181
35734
38867
65775
3897
78902
59589
22791
96180
60590
6062
18722
82857
91687
93444
66367
97520
60215
53903
49792
74600
42451
61896
73115
60324
89546
96393
26124
66683
76644
79990
17037
25209
92999
78366
17220
23093
53320
18323
44937
58654
34234
8469
29213
99638
63470
61834
69217
2532
78986
65881
13257
83401
54545
65258
69802
93469
58267
28205
91938
24025
25979
65932
75189
75131
76474
21979
3229
13092
52985
17334
61881
68556
25308
97418
89420
63970
31934
54156
45239
57391
33330
15642
99865
53365
53048
75499
60576
62852
48703
16336
98006
86623
29380
7287
22685
5756
78437
85688
26427
90439
26115
15
4971
78354
66749
37934
23592
818
39210
34997
96001
7820
46209
50482
39952
51612
90631
79336
88570
13247
2368
44806
25048
44109
60532
6986
58847
49366
19119
77218
52083
47589
3090
84032
86515
24767
60588
25669
49741
69538
32352
17777
55478
83537
35937
39481
22069
28691
92461
83817
39516
35262
21852
55422
13382
90739
44466
94760
49313
39653
2495
77874
11913
17360
11935
54329
16445
88760
12123
84478
97586
26553
59380
94088
56986
18317
82512
10890
72303
78635
1151
49970
45234
72051
50550
2085
52916
41474
8799
67237
59487
62305
77266
23973
47815
79915
19268
61965
23777
46020
66610
99611
93181
91745
28202
30079
95098
12424
59374
71945
61803
77401
91471
31122
49095
27891
88226
79264
80183
10375
1010
75973
74343
13170
49034
31922
64107
22074
92382
37148
8502
19622
51307
11338
42351
96153
55055
89519
90219
73405
8255
78850
52628
56199
44614
8549
74070
40566
39831
52974
89437
81176
96847
74834
27494
11728
24813
64506
77892
93397
86009
70917
40580
99615
87700
45936
83453
69500
62884
17673
75789
3883
58639
99941
933
59242
5663
876
91172
57393
47199
67613
18989
67374
37335
8645
98701
79906
77631
38818
90810
85058
38817
34883
95665
4463
65840
65916
7424
9301
31696
28662
82540
44586
38791
94660
9179
47813
19887
6997
8635
29318
28647
59657
9285
94148
48330
18016
60667
81810
45146
15606
57516
58072
88728
44361
98043
27982
95324
37745
65435
55897
67619
33729
47451
11624
75296
47694
89674
36915
30376
76203
92048
3672
39414
53557
25418
44654
50282
97348
71693
26008
1599
37691
5431
11481
37451
88784
74894
49932
71176
79763
61193
71897
54212
20354
36280
80258
3360
586
7596
38306
50528
26797
18672
49069
98112
52663
16233
78157
75041
53616
87452
29533
49314
12472
45396
73479
23740
83471
41869
71252
66230
42068
67341
64296
48303
95086
68094
22242
75886
30485
26340
89933
93829
82768
15642
3456
9776
39895
34732
69899
28731
73268
9038
88236
93920
24068
84069
76444
80154
44332
2386
73226
34625
77438
4241
37157
54284
94574
38
22310
1266
7212
7213
70623
40918
70786
75934
60137
85755
27955
50210
29587
41305
77125
92500
81315
67096
30771
4073
9887
44761
89151
22659
37026
90764
53995
75134
54340
1680
36686
85662
5891
74178
23185
43153
68853
71706
38398
47170
13326
7297
31943
77848
95320
49738
37996
63220
73545
93837
61971
60412
58450
55593
60828
73279
81402
39771
50155
75411
23941
73297
52777
47684
28211
70903
31861
43980
39029
88415
43777
35808
49998
66869
19505
73685
26515
99707
32074
87600
13107
59083
20910
82058
91791
72592
79319
70024
2165
42249
26572
33561
23944
73213
77445
77613
16360
75566
84812
86378
16489
24894
97992
78586
30031
13846
23136
56181
21375
28681
7034
90862
60648
93640
79241
57444
44128
78017
57938
11337
60258
35462
68843
37880
56665
22130
31442
5163
79131
79832
77357
83947
86883
46700
24408
28701
71411
8828
57676
99578
95396
9130
31423
94640
17422
64902
14039
45180
84288
37568
50636
79044
23035
16182
28016
13959
99144
60927
7324
84610
71921
50274
94899
32781
63285
65773
3293
59306
53668
45148
73312
96745
18491
58625
79726
12060
59878
29783
79096
9020
91335
71062
71557
17644
44834
37315
29180
82347
86218
82677
51865
32202
377
28325
31437
1808
84431
44106
29050
89708
17103
41423
23653
70119
37455
46017
40524
58090
97795
71493
86310
48802
16300
26553
52461
37388
38122
23636
95728
18130
54240
71669
96599
41559
20649
46997
39345
92318
85405
22719
26915
96860
51086
46727
58802
58777
40627
63910
28174
30271
64882
80013
518
81521
3386
84303
10552
19807
87677
89241
44060
94768
7274
30453
7658
46320
70376
83689
28161
95399
70591
17981
60369
18331
70064
13039
39253
3487
70918
50168
55347
1922
47985
8594
75604
51534
59847
80404
91878
81405
38564
76992
44769
76428
98646
25751
27582
77342
34372
99269
34952
1238
51528
31181
13168
17234
92064
85911
87262
45531
61278
49747
99034
95843
73084
2733
31354
52805
5577
7737
62306
73286
43881
74063
67738
70669
30564
91010
19127
54635
37443
31120
40703
65140
92040
1821
67142
32702
55547
4248
99518
83504
45058
11256
78470
71206
36841
30938
38565
1749
12903
33031
34585
82398
1016
54294
55348
88359
34261
6753
58077
97039
22606
10539
82535
76780
99183
2834
64485
54348
90263
13137
43747
75970
45369
79260
72759
59686
70894
86466
34245
94270
23871
1276
75739
95948
79518
27095
95023
29679
45665
55061
5257
34693
51275
81446
9582
55258
28613
40967
57312
53840
10109
13825
19174
26211
69570
95481
10085
65670
10389
57672
21579
40771
92496
66815
72232
4186
13265
14757
91283
94491
53924
78693
20463
88797
498
22344
26926
80640
2444
25240
4971
88037
45602
53410
25383
2097
93934
3068
73589
43645
67180
88561
61014
80308
4862
82666
41131
91589
41382
76588
74901
22294
46353
40423
77228
41970
2125
37606
5389
357
51971
62071
9329
27398
79609
75840
31900
23254
53870
10513
32230
25860
39889
94070
30580
99680
35611
82141
98397
42466
24548
21209
82691
63426
52130
21680
9573
89878
76973
87111
52120
78386
3998
35641
25177
28647
48714
73775
54185
58044
74512
96387
78037
24227
56010
43002
78389
94179
35003
46031
52611
13604
35012
38378
46985
84706
59441
25159
4426
5934
10956
66087
26996
62625
27939
55165
65583
61781
49644
55289
17309
2131
35211
79743
11922
65196
89738
28901
58552
24260
96168
90338
19345
57073
65610
91819
4719
63158
68513
48142
47139
95757
46469
58512
38906
29342
16593
66321
33441
60796
77482
46379
10739
36183
71885
48410
63850
27136
60584
42603
63735
52153
47202
63718
18590
97421
23263
26803
26281
18691
13058
70415
86398
65856
4827
13401
11726
47111
98916
41929
6730
22680
38925
54961
79309
8111
28618
6698
3676
13510
8343
89291
60600
35392
87374
99533
89942
38964
93533
80384
33566
32133
50170
26324
37686
936
71571
23647
12771
91646
32575
88621
30546
3000
41754
49167
867
77721
46635
82765
93128
71377
11375
22531
1180
17385
85207
39812
19509
45606
88154
96300
18131
99474
49609
20902
15885
67615
53163
767
24401
39568
7340
4833
60955
51326
90887
66515
2369
79956
17625
86165
66276
93833
76447
35586
46159
86635
66024
66776
74674
91904
15543
80037
75504
99044
8173
18589
1138
69174
56729
58238
46042
1404
16586
82384
34678
82642
10676
97602
84442
82224
92712
88796
25752
98828
28372
35485
62584
72785
70933
69830
76472
42426
55261
31741
15101
43724
15930
61396
36505
65764
36836
68919
17131
81886
77289
5211
77726
99272
91612
19362
38134
7920
22945
5862
88192
38092
44249
1099
1267
74380
68635
84
54185
57493
7142
74229
28623
3585
38973
16077
18868
71328
6609
33210
11725
2536
42399
96577
1191
80607
50555
55699
51094
94970
69951
12299
21918
53840
20173
41101
62957
79609
12947
10317
8151
19962
3679
22350
12269
85640
64528
84562
37501
46624
63085
33661
4763
92
40166
67443
9768
33964
44301
2940
57839
7333
6198
25759
86345
58957
88544
34727
59330
84995
29447
274
18994
99106
62544
64460
84475
57180
29346
43713
44696
54983
12773
3000
83031
51965
43596
71216
88817
67581
90697
65027
41511
88461
73667
36206
39130
1223
19820
99956
80554
56817
2939
62337
36006
25946
46115
95319
75800
12583
63548
91506
6799
27993
56520
10360
39283
62578
22754
98141
98598
18765
62786
13332
28412
16994
2259
48583
10468
6816
76356
69319
2512
46969
53434
38217
3577
58222
26287
14604
26321
85633
14948
25899
51909
61296
12931
82764
22330
36110
58332
66210
6218
14313
88158
3220
78073
24488
95242
51451
34060
49988
90246
81949
20222
41884
99250
48867
18857
87805
43986
36851
40738
20188
69179
73081
44005
29329
79573
91476
91070
93672
34493
1895
62455
49649
65326
2288
29366
48325
88502
16353
64980
50174
45222
96287
97869
7167
27613
65481
96618
58959
58271
26108
39703
61196
67870
19890
87589
74148
80436
34545
55603
65026
84409
52739
96953
76116
43307
13832
77869
33320
34456
20622
38666
86736
60212
97829
12581
9859
98083
72967
45405
44990
35914
8218
81563
3097
72881
11573
8750
26910
72088
27232
68719
62193
83715
25411
69383
91555
79251
89283
95262
32886
24433
23312
61358
78674
83517
26626
99165
59803
72543
22632
47503
7983
94455
66286
58494
21672
71254
63272
94679
12700
26196
66103
13928
13978
94901
36187
