88166
75940
59447
33296
2490
63674
61332
84263
84985
73407
65052
27916
31401
48174
59376
33109
553
5799
23554
40019
64658
94506
96659
11705
20288
78729
85234
59692
73317
62009
99
33648
43378
63885
46622
8217
82884
63066
37270
51458
57836
10521
24174
48902
66947
30698
43197
97429
15058
72447
2077
6847
11693
18678
91413
91065
83904
50425
19793
32166
51315
20671
32711
29383
22136
7011
45647
90868
13816
19726
86076
40964
31755
35362
87266
35872
92332
46218
20947
72119
69954
76213
21875
30484
3491
44336
3627
73150
7940
87506
61272
31604
82347
49056
29397
57246
71366
38952
80333
31611
43893
59086
69001
41527
29183
52666
65979
24211
19648
26617
9566
23731
76300
47191
4751
16291
76366
37662
95467
34615
93289
12590
72674
22299
35208
64552
44867
15342
98383
88216
77018
70503
24959
64916
45478
81981
77768
77795
52861
12124
30047
3088
92315
32021
17982
23747
42800
68769
2787
23503
22912
46013
50850
45950
19100
36649
26706
84593
79371
83747
50029
1867
62
44387
11319
87798
21316
59026
10407
7445
47041
94976
59772
52416
52172
27353
68330
10057
24357
77145
88615
39447
30235
4676
45952
45797
60413
72497
21829
78957
31030
4168
44867
39065
48491
42694
38197
16488
85737
58768
49648
56210
95385
83125
98175
89195
63615
52170
21356
77616
55833
91354
85464
71327
87137
49778
99458
9264
53934
91867
77478
23467
66455
83427
52917
16042
39712
98432
41127
68918
93479
6390
7882
56334
21636
27717
66605
91660
19159
66503
53469
56073
94107
39531
53481
83967
30908
8478
95669
79052
36225
46632
76406
52290
24207
39535
89425
66938
95785
53400
84727
30519
28514
89958
77227
14969
27054
92215
1610
65786
77309
10379
53540
42034
35016
73310
47921
45850
49995
42223
34946
5489
90326
26275
70034
14283
55051
47676
83657
25490
1351
4948
96357
74156
75620
30976
31154
43156
16542
87786
50913
46304
33604
75101
24455
6701
35729
53606
31339
14241
19903
26304
87628
60611
39473
44383
18937
58766
10286
64775
89615
12176
93144
19076
11456
68844
40788
43872
2430
29685
51929
14534
4280
73458
84217
22266
86197
31936
38583
6174
36968
2692
29797
30559
66357
54915
14321
31076
52104
63734
42643
60031
68924
51145
60421
32157
55524
48994
35020
93464
57117
63221
10568
24427
9676
29196
72655
78509
66089
26044
1057
21687
79990
80613
35779
27119
76967
26381
90839
26030
41508
84159
31001
80517
71858
22048
91008
79512
62015
97980
63224
85305
47421
5376
99182
68529
30307
74025
63915
74413
78199
70039
7173
63216
92991
40570
39037
43169
65956
44051
73472
8199
81791
57017
56053
14945
72360
97712
96051
85491
31782
43582
92435
6948
49879
18638
45279
71713
13964
64226
84915
15222
85255
98960
77123
78591
87497
81185
75805
62472
88210
21958
79453
7663
57864
79245
79396
39255
19262
81892
37523
33622
11688
328
46047
41252
52689
98890
946
77333
11982
90597
20147
95169
6227
79012
21569
29844
29572
25469
89803
13231
6740
81353
44070
53241
22183
93881
43354
84278
71095
8919
21605
22658
47033
99346
70313
86848
79862
64721
97149
67742
96290
78634
77647
30791
30920
99640
31180
17393
2460
82695
75775
45806
82425
14902
63124
7396
90880
74873
35002
57571
83540
50594
38057
60454
36505
72964
83821
53891
18140
67113
49298
78210
71732
60124
88806
74255
79949
83583
22318
66596
2378
49382
24529
32603
71841
75610
34648
20214
46598
98274
74602
26038
51842
20846
10225
72552
68185
19321
26788
95759
61561
86726
56006
88401
97512
23818
46174
28903
17739
12838
3882
29663
45393
57344
92192
90328
56540
12172
78467
51145
55049
42719
75383
35995
63067
19586
8036
5585
90808
83470
3829
62727
22184
83022
88936
88432
56377
16474
1179
81739
86728
97902
85349
71332
54681
8994
98131
98765
67813
18813
6796
85773
53609
76304
86226
36695
38613
55576
13230
3025
30640
79786
95059
48656
47850
18974
33963
5585
64621
46728
70886
28834
27823
46405
20720
49496
61278
17673
61650
72892
11103
36281
80134
518
52390
24755
19251
32062
63919
42548
26254
69696
69391
22826
56882
96577
80716
18725
68876
27257
19023
84221
89404
57913
46517
80343
29761
71763
48014
87269
21895
4882
30700
61610
22164
27466
12282
3423
58059
23463
41296
58617
39891
63140
3253
4542
84735
19147
15297
73503
68105
70626
37639
73607
6805
40497
86293
99624
25689
39685
96867
58531
5551
23622
99406
20287
35952
39026
64983
65635
86707
26835
54328
21565
27794
70383
23241
69591
43746
96660
89726
5854
4600
23821
43450
27739
32076
9093
94152
24868
89318
24806
14023
57338
12952
6641
89226
81796
62335
61139
18757
7362
39980
16267
85603
52988
82826
7553
44398
3035
73514
36942
19279
59439
81168
75769
42493
52538
87874
80410
90772
65984
69749
19445
41372
58815
46650
84792
21086
17899
25511
66193
57210
41659
80076
50462
98598
67764
72816
32232
55719
34327
32652
26244
99305
89211
29243
3407
88440
58838
22854
92982
54689
84703
22934
93120
73690
16643
23152
65682
50273
40992
65357
16227
77145
49045
98725
77094
98194
89690
16990
80447
4488
873
63441
60533
11120
92063
60836
95734
91015
57481
25039
23270
21946
508
5092
3959
29320
72255
70112
50447
94445
58762
44539
75949
34394
14979
29278
30495
18531
13438
25543
7728
65821
11872
23634
12389
93074
90449
27654
63309
29379
36788
46116
77975
36296
68723
18340
81988
41834
14308
73578
15802
27166
34336
36000
10511
7220
63382
81625
50931
71665
19994
55372
89008
45377
51509
63641
31257
97002
25808
97193
21173
6278
77369
45110
13440
18608
81664
17481
78456
59235
89239
36152
98080
25801
16469
73625
82329
35275
7526
76196
46840
78647
3216
44509
77092
50337
994
15979
91673
26218
60083
4905
81352
18814
39797
62705
71784
85205
9455
5465
20323
48122
64828
67734
69422
87656
83592
34668
20979
25509
67995
1400
71046
23803
38592
92062
42584
63489
19427
63226
56039
91055
96673
75740
74453
5154
67262
17711
58006
25604
32927
23150
21201
79219
81249
41245
85117
35213
56067
1966
34862
75590
78896
33334
18162
14184
46413
84242
10649
98573
85116
20248
27639
70704
72363
94159
94550
477
80437
85794
50170
8545
16500
18097
22768
21463
97417
87758
90188
91541
86726
11291
43139
35675
5075
85302
59360
93472
86841
1422
99419
11790
38283
99027
7696
90642
16111
12464
15882
95525
38491
97775
19373
23970
71894
54378
14748
19911
92420
89096
36932
21331
85022
61668
81788
4340
49429
95600
56108
84045
10205
35580
75204
89765
27397
56658
99104
2395
63619
39465
10215
95308
53127
88864
95390
14921
79247
33141
9977
64887
79678
62742
72922
46620
48357
50677
65094
12717
90378
88765
38453
41745
15948
94872
56487
53345
27670
11553
894
44911
34872
80183
23990
16327
41794
44459
93852
49534
99820
24388
39518
93598
19896
51913
78645
64051
85041
39549
76599
93116
49730
55330
39850
71309
9971
56766
831
28555
15332
10751
36937
64777
71413
66506
97295
31162
39411
93130
36859
45662
82004
92105
73807
10690
72471
42722
21272
71046
46869
10851
57715
9975
75557
45373
19315
51502
30989
27110
67234
87546
38349
35837
20765
72204
57382
54094
9345
89946
50948
12498
41975
7441
11119
75861
35057
12817
94989
47128
92351
13255
43944
23287
29621
47707
3053
58827
2785
66209
79944
97719
88857
60633
5227
35079
61696
87954
28839
77030
9662
20772
75271
43083
262
28500
37854
24727
71428
72930
20120
91439
10836
65045
475
64686
47542
6129
45484
8789
52705
25283
87790
99218
27364
51525
29765
41186
99120
47576
5152
5961
36531
61301
10292
39135
1795
3771
43532
50249
39128
79997
38939
41811
16243
89085
52986
3046
27711
60205
65023
96677
17111
82513
18692
68342
51114
66439
24829
11781
80317
55049
182
35824
44951
13580
80503
13547
71278
48056
5583
38137
72694
75220
18266
2566
6519
64092
7833
56072
18245
35554
85169
79059
36496
22522
40260
21296
9441
98327
75681
66406
61932
94365
28737
25614
13315
68293
46710
93547
75432
1800
93505
95161
84472
71512
92962
72817
33727
50612
28777
56696
36298
42865
46198
75515
60495
68628
50022
96342
18732
72045
27387
48018
10785
76586
61992
56010
84142
16880
2291
36946
56100
61489
23240
49403
92620
12293
78862
2568
58554
21711
19152
11450
27192
69796
23427
75249
19702
43912
41621
79571
2514
56605
89909
94735
6305
56561
39133
2334
33364
48968
34629
75189
93170
98373
39862
75620
93962
67207
56703
14949
11583
76307
40394
33178
59855
3413
6524
97820
20501
97574
76581
96723
71564
74519
77539
56088
73921
73045
48375
18083
24360
81352
72180
22484
9165
54366
22456
26097
37043
53149
22662
37224
75049
44965
53207
84647
71837
57640
93830
46303
50550
54624
19435
24812
18449
3917
46773
58462
19694
18942
59010
16920
18137
89158
56931
94428
25695
65732
82134
58592
51269
23212
54401
60730
84639
84123
6251
11822
6188
17158
9375
28791
72936
94444
86722
11755
95754
6517
21753
49003
3661
33238
1096
23846
20061
86081
65734
48893
79261
45415
31395
26582
52952
56284
42815
25199
28138
83393
51173
62574
20528
45831
76988
85619
86971
42109
69056
98443
11299
85039
85174
68478
65310
84982
59180
17847
64959
63774
86999
19745
58757
13778
15320
51984
3720
41543
63833
84021
85959
17492
41238
41786
36051
18245
71168
46019
58879
31227
33616
34228
13445
13071
19685
7259
88475
27738
13866
40496
16889
17388
10497
61264
30479
17616
23240
40516
42464
7738
29970
90957
69216
21260
50538
44365
69162
12996
56699
4990
76138
35045
99839
79036
77994
32289
10013
34396
27050
13014
38058
65813
4250
17209
41746
14662
18703
41092
63353
44168
43975
11220
23302
86861
51521
30974
9548
76355
79505
74051
27232
69468
27458
64895
33934
87506
43925
20946
33588
42353
97215
31963
47763
58483
10121
52996
57860
3208
8379
77319
81073
18246
88048
3711
9710
35233
46029
59582
795
13703
91582
55896
38502
58469
5685
3214
24207
94936
53350
29768
11199
33056
24351
1784
29896
26539
20130
82426
93039
38155
25172
81951
96824
3568
18415
26399
44383
34567
8972
50938
98909
93107
73943
82938
59730
24168
4052
54410
80789
26869
54359
40300
73964
19968
30386
20577
7685
48116
13604
62637
55863
30327
52552
68014
4756
41003
55343
59270
48695
47569
59284
82615
36599
71143
85458
24969
61320
40769
571
83670
42551
69112
38577
79468
15318
37651
22705
19432
75717
6604
23702
81362
19965
93266
47399
82866
70153
26886
90721
88158
63886
43669
17518
20078
61835
52531
53467
74578
7712
77635
75430
70000
80209
37009
10390
89242
23816
17762
10671
12948
21767
47737
80857
19817
14094
5341
51560
34954
31204
14750
58105
9185
65147
72894
54911
51631
47571
1290
7342
52424
1171
59666
66201
93137
34991
92468
32822
14421
72216
65048
9764
34342
67612
63780
58683
12842
42733
89881
78963
48912
73840
51619
73147
5627
81681
15956
56608
35152
39520
71679
93121
88756
56655
97665
57600
74991
60986
88789
511
73875
48834
41479
79319
71935
62345
79359
9413
59949
3926
40403
53263
68422
56763
54813
80423
50262
70293
89567
68165
97619
19498
32038
61554
42670
78868
19323
65341
84019
25649
87229
13779
12771
68205
2773
78054
9903
62029
14425
65150
54820
11561
63854
15462
45638
98678
8747
12622
49187
42467
52904
78463
96789
37442
81552
20239
34327
29474
97284
93643
74015
69876
13291
95201
51713
52825
18157
93076
29993
90822
64305
16168
59381
47181
87946
56587
72502
84903
12977
53382
17530
66560
31111
61390
75036
17246
97914
40124
97437
76226
2347
74793
80362
57979
41361
6428
19389
31370
20717
71556
37253
88996
57466
30022
39869
99260
84522
78569
26654
31968
48983
72067
45111
45310
11958
89676
10165
25592
48749
42340
91773
5947
45612
92735
93170
9736
20543
67770
4358
92004
91343
88629
98011
53957
86408
53244
13338
1829
70852
42722
9526
13861
15585
92656
24711
25480
79003
23423
74109
39835
13391
66141
51904
44914
62189
22918
3202
85456
92549
46271
1684
20119
7249
2919
66588
45091
22938
98209
34615
10794
37974
77041
82586
87981
19024
84424
3580
87808
40265
6269
49416
65358
43308
94774
77768
2846
52335
10029
59394
90328
6163
38406
6606
12414
68623
68161
16101
48715
95406
76649
37439
86923
22033
12914
45564
96456
90583
2770
88671
18475
36329
71580
60456
47352
54320
44207
40607
82262
41576
20282
82586
15857
29556
49194
74334
62924
89115
82689
16849
58260
91167
42390
89053
68437
2239
97420
27942
19598
6244
29125
77101
55105
75825
6108
47303
78391
11880
15524
56865
81853
98250
5076
20395
41540
8139
90023
5088
95951
6381
72538
4416
15937
25324
72104
44626
62164
34628
7994
90810
4035
55670
53838
29066
81889
47597
40876
23239
10340
54284
3341
8408
60480
93292
64221
63298
28833
64840
45782
93916
23595
77291
91153
4085
16968
53395
85918
30246
57420
31736
4326
55586
43650
50845
54590
18297
10540
60932
86930
8156
36079
60961
64120
94735
46647
71685
12109
59289
27582
63537
24928
62328
34590
28993
46204
34972
77461
88944
92231
57516
13869
20662
81073
5590
15155
12222
49832
88108
69121
36842
34218
10306
39541
59063
60281
56103
1900
84539
47696
62035
10202
82924
19738
80287
73004
1838
53921
84828
52633
92019
95512
61380
90487
31273
34410
53080
79090
2795
55956
17597
97620
70138
81028
62001
43458
72976
19972
54593
33850
64607
63560
43751
44791
3945
84668
45847
73642
62562
9002
19555
88310
89172
27399
98536
13532
71516
66824
10688
94461
43027
23868
37916
94336
62992
11464
43102
53473
16525
56749
33343
27239
77674
28774
62339
40202
6362
13995
43168
62439
10825
10515
16557
55659
54626
38635
25294
59702
85285
56506
18651
96818
47526
21439
16581
15132
13279
31290
76613
16405
61641
30255
97818
11171
51125
20692
78936
84579
75562
87527
72617
47168
14254
57455
4248
81041
40962
66725
67485
16617
6896
23196
77195
14249
43319
9933
906
31483
11048
72120
50553
88955
85859
28854
92294
65396
82581
42395
41618
80939
24357
36474
9787
71381
56254
85742
10103
12750
44212
60746
84489
22787
40051
67009
77546
7305
12317
1324
95807
86661
83222
36325
33867
73260
93412
89138
26662
78253
28245
60543
71289
83112
67177
94378
9420
20600
24542
27455
32782
98480
79896
17700
3653
95492
52422
73037
28153
36576
51228
48730
36829
76902
96714
10913
97597
54532
393
8616
9927
47902
30094
44267
33436
54588
99992
48727
69446
76836
92801
52443
80958
91965
14179
16857
39273
94216
34182
30527
61513
26542
22755
6999
8580
88848
79114
91920
33815
35727
34779
26635
37235
35179
34033
93831
54006
10486
56697
81456
17670
27154
38179
53335
52252
62083
63188
2748
43981
85877
66735
75178
16401
51512
68587
94736
38957
70715
65697
51837
67431
19860
62357
97013
17085
87548
27950
71918
90952
11624
46188
27788
58805
98501
48067
70178
95873
66765
97776
62699
11944
24853
8419
71928
21175
23669
17512
20003
27140
94676
98927
21616
80619
56367
30092
44738
31494
87531
47946
84130
94535
21545
49647
48465
58084
14427
33118
91904
53253
85795
96020
43703
88806
69290
62146
2048
25345
61474
98546
49990
63358
37456
16334
18365
35154
14702
3342
25780
96423
12822
90838
51923
36114
4004
94758
994
78365
8556
5865
75573
51790
92444
29985
8680
17551
75830
40914
28966
78249
83214
4656
53655
32516
52465
26548
7764
91694
52083
54057
37992
569
49156
50687
50747
42007
28125
53322
77810
31390
80224
64831
1959
2145
8732
77921
28867
48942
76073
94898
76139
79439
29580
57754
92916
51687
11452
51166
24120
96140
19475
36284
5682
50907
76922
28692
96299
94254
57162
36167
85813
55028
49046
64834
69521
71217
31559
93736
81719
56502
41549
36999
84342
1896
92966
71823
35538
6471
31009
95474
13280
97428
52596
7844
8946
96787
94384
86277
25102
4700
68526
56271
91322
99793
8279
73599
20840
16319
66612
13556
7790
77319
44249
89711
8456
32305
77026
63455
52402
94343
53964
73280
52951
41931
19598
58185
13245
52833
10729
90560
29952
96363
8302
60901
53733
37198
18130
6109
38719
38647
6495
27382
71584
1266
44846
74735
60845
29043
13326
14525
42198
65982
84351
84602
13232
46343
94528
67964
99931
48790
52487
93345
21519
67661
49116
70613
46099
71628
48507
6182
64429
86585
3104
80119
73336
62242
20509
70539
37007
66312
66983
79670
54053
1649
27049
45390
73320
70470
80231
28475
65406
87570
53048
18655
85425
39174
79311
82258
1980
14810
2555
7483
85316
3399
72212
92505
39738
84238
34542
1730
41836
97041
90451
74739
89716
13495
59886
21808
12953
71960
51102
6843
56197
35681
73654
83128
7285
59287
40978
19632
38735
70013
79526
5231
4678
14628
25130
40420
51873
94171
75555
19247
39499
2014
92788
39446
466
35510
36952
28423
125
40779
42804
36453
61043
34781
19347
36592
98768
25523
20015
70024
57325
40059
82079
47526
93052
17517
5741
69058
24182
11718
78076
23953
31477
19020
27182
23382
50638
78883
40683
16608
62589
91189
25634
33282
19497
16711
43681
34867
86935
11083
34764
46414
10500
4225
75235
22430
61117
41588
41559
52149
28166
88499
59259
51537
33156
1962
21590
50430
2349
65759
71086
52570
76849
83757
19554
1692
31047
21361
14569
73742
49924
92562
45699
41660
74827
43116
32045
85529
63835
24301
31186
31473
94123
18553
90576
92708
61908
30711
43837
4885
94029
72127
1735
91173
32912
51233
48327
21524
6677
18030
46091
33642
48351
94330
62198
12611
42413
15676
22023
79352
72725
93100
30369
94512
64025
14242
21546
8308
3855
62648
84747
32661
92102
85043
92852
78047
5606
54218
17639
4878
5027
11451
350
37373
88720
85055
55825
40376
90321
99425
57733
15190
42221
90952
85177
82137
76969
75251
69425
24969
63924
57975
29679
45508
38520
58655
14035
81190
87083
71428
99818
9312
26110
22592
12681
13171
73349
3172
48090
97898
40169
12641
3212
87287
81772
93082
3663
39108
97444
39538
29085
87559
55696
7175
44757
2800
82283
99564
46235
19052
46517
83985
70741
17599
69550
74693
47455
75475
46753
89359
63391
78982
71981
1820
18486
26180
79925
13444
75770
51472
24917
37041
2731
41168
1107
70356
28021
13699
90065
17495
21069
29803
29318
2380
38773
54960
48573
60438
92022
20711
96491
21715
7617
61880
36416
6393
39641
19879
24071
41715
45448
75102
2897
11900
63584
23324
18685
16948
78721
3794
71567
85623
91338
57963
16408
80406
46999
33130
69360
57037
51842
27288
88244
21772
79239
22365
73736
59538
74659
14339
48510
83133
77852
71361
90685
15458
19500
84893
38419
97165
8157
11857
41978
66923
20765
11593
25574
92048
25025
5679
86195
61308
37556
82399
70089
27240
58845
82351
67956
39952
75539
74787
57366
20427
81863
53569
75914
55581
82825
99990
15564
74800
19885
42402
24592
45263
46695
46271
18016
97015
89848
25100
65673
68456
43824
77095
97253
77521
95531
86423
75872
66794
33241
8808
72217
58408
32501
25098
58258
89564
82514
44641
82101
99043
1501
93156
22004
5905
44596
64580
29869
69303
46100
4637
50577
77709
41290
20616
21303
53783
67691
40313
32250
57134
13024
41317
44250
29133
95911
53883
68538
33224
27342
37710
74158
97778
38962
42445
95369
99920
50010
18233
99020
41010
1641
742
79586
1752
69666
50255
2452
44851
72912
7350
69882
87924
73679
80240
14421
48339
71132
46788
76858
32278
43474
3298
29623
81966
13648
92095
56126
77609
83732
39158
54631
18073
76955
92910
2199
16848
3126
71723
93877
23932
93418
66040
33930
13197
95345
92505
224
98525
96355
24678
89703
9199
87044
52411
27842
57481
66414
17316
89580
61771
73431
80585
14648
14861
42857
8312
94175
14773
99122
13577
65643
49818
53806
74141
35344
80417
60084
88030
61839
166
24520
27636
67951
64648
84063
78128
11007
30658
36383
15398
98646
10676
92352
97226
20205
32766
60174
92393
5082
47833
1246
45438
67960
57840
83003
48355
24076
64991
72865
69250
10730
64581
50518
8027
67360
96285
38136
96533
94776
77646
18947
56404
96094
26394
61023
10036
82065
82799
37192
58390
70527
1967
87396
44870
6745
19674
33760
49596
80147
49092
55363
45855
92181
89821
15685
84095
98410
40555
95347
5236
23683
9799
72590
41774
70821
97314
52267
60738
7057
91506
45140
81343
1730
24011
77918
4634
73879
86237
80589
51296
87889
25409
58894
2044
12723
14132
17034
36330
63261
25348
69228
6920
69119
29634
68874
67459
34778
77508
67094
64216
60983
39836
44394
40216
40934
16301
5401
58978
59295
34567
5630
92358
37797
1272
29891
99542
10391
78182
56123
20804
67795
87328
13737
41668
81284
61694
34977
37175
98645
80632
74298
60872
25620
21139
57272
16665
6978
61919
9694
91011
71920
74153
36050
63454
53968
31714
76867
39476
35106
78415
38517
89240
47339
32240
43303
86477
27986
51514
2578
40173
26106
14681
59342
39731
36229
54946
54279
81842
80164
61962
57639
95009
57290
939
76254
85854
87325
99923
27594
86206
29820
23085
95851
36396
39614
47530
140
62624
46809
88403
83106
83317
5243
57152
25699
77042
46367
60895
53481
38973
22592
43597
35753
78358
99919
94396
81029
56841
37874
15364
89804
73674
65753
46631
40803
51577
97951
25158
85048
31420
12405
3521
77232
70407
63795
36945
77526
33379
70250
36503
51328
55348
4587
85170
51897
25428
54350
99206
85132
26458
4314
73518
46066
88464
53626
1320
41770
35243
88062
34406
42756
54538
8226
86446
95673
81878
37556
99676
71982
67349
91805
65167
44071
81413
67084
10335
12307
42753
84443
81626
13541
55695
74122
97314
84920
58558
96598
23027
89347
31725
22460
13533
15881
97619
47810
87362
38312
67168
86429
74430
55228
6694
40697
81979
65334
90942
46623
71969
80920
13678
3159
76537
27178
90740
1128
95952
42462
96538
4075
32456
28054
98618
24038
30792
6345
40214
95379
76592
35744
31986
85310
5013
75337
62201
16407
87324
69662
78427
97911
74879
47076
97845
935
18500
95508
81094
9140
42191
48087
99026
45796
89882
75696
10263
27846
75725
6806
44448
20684
59468
37528
14739
54783
26802
99768
99486
52695
67341
35359
83225
82694
56770
99534
51034
2460
60804
25661
99144
78239
73655
85263
9529
26732
78814
12989
8179
89109
71574
55787
55180
24193
69930
50580
70392
13730
58012
78567
11215
66836
44782
4284
45144
91235
40743
39919
67948
43074
13120
24265
54666
18876
9310
36478
71101
81334
26414
59467
72271
772
75451
81528
25049
98907
11720
30492
71829
33281
19440
20917
78270
28778
71286
24011
56307
66122
1217
65799
9790
59566
34891
99992
32168
59176
13152
37238
99754
71760
9932
60547
9202
44835
77101
44889
96790
54797
85207
6242
78937
77141
53793
5698
39310
48892
52626
95529
77185
9824
51613
54500
75554
43708
94480
70391
20044
99349
96442
85065
69868
53195
24603
20599
19731
76435
92336
55620
3650
24148
15476
58060
16673
34246
48652
48695
98798
42043
76568
88967
91079
57805
4248
87190
46817
43996
52750
95919
6692
97487
38351
37327
85411
62881
31989
10857
58150
3316
58422
19208
4837
41603
38365
37305
15036
47881
41471
46128
9333
68378
69556
76673
76877
379
68360
67026
57662
2943
13698
22850
68356
36164
60403
59656
58078
15903
63048
67365
89890
81810
21687
92120
57730
93438
40826
9799
10468
89877
27352
45467
97067
9974
28164
78742
779
83319
72106
94296
96316
21173
45828
5418
1467
89278
60463
11079
14925
7350
7177
34567
28152
85817
66194
3248
96253
19011
14822
30096
1398
84454
31565
68809
84086
33188
24568
17720
16195
41662
2016
23766
64376
43306
50879
1576
44332
19532
40895
36955
39572
2568
16482
9320
43171
25243
77614
76890
16404
85620
18573
11014
66782
7199
34069
31240
39033
52431
16826
3787
21678
45314
79025
66197
4795
88297
86547
28752
5381
7788
74061
80036
53935
28160
91580
57201
62570
25939
21381
42900
80512
39286
58010
55864
87921
54184
17702
46022
32512
83953
53689
16479
15258
22149
1765
10603
16879
1225
68649
56851
38021
81146
97062
32684
29030
56885
18131
80276
63592
24049
4062
71641
47391
7826
48887
50375
42557
61670
3147
34656
38532
52583
35079
30141
62521
96640
81996
53415
90403
81993
369
91254
96467
54043
54796
56569
83386
93499
80151
58590
22781
77324
37574
78776
51152
31669
79696
70778
79668
93245
41046
17912
24395
77529
55104
48864
11513
86743
61467
38124
14455
88333
39487
34071
1868
60291
73555
21156
1255
99342
78338
790
14137
69042
98884
67850
99948
68937
49364
66697
7394
99639
20182
27067
17009
67413
79490
92848
38426
93104
55656
11303
42130
82293
32415
45295
28258
80269
58322
18957
25649
75619
3181
29947
57907
96748
23158
51989
66172
70396
27267
53554
10587
3894
67692
41913
47353
12331
58417
9974
38971
53376
55328
771
28961
91163
61481
36345
8134
3520
50945
39654
32883
11888
12342
67197
63028
67268
25082
3963
63714
84171
12430
72476
68342
5515
45829
12406
95458
82143
18827
84317
31034
30671
6679
33558
86845
47344
37954
26659
39128
71558
26551
73843
93444
40790
57803
48680
24948
79548
46146
37068
67220
72062
74619
46699
37235
4403
83332
84268
54614
32315
99769
33824
39192
11794
91615
17364
69506
19653
46725
54999
57252
16889
40706
55223
13164
23900
32769
14441
63922
96686
89287
59655
58572
50380
24271
31587
89226
34113
45157
70271
79906
52228
41200
16355
75824
96406
17654
55790
72860
58652
51360
21344
45990
40006
27
58859
28038
92603
24330
42220
84479
4383
4651
23741
16318
62536
91211
98373
27363
52904
4281
80643
27104
57748
95732
25667
9776
35538
17693
95509
41018
16312
33349
42606
23409
56739
74655
20167
82577
62732
80021
13529
54473
92630
162
19493
54659
97535
83341
55114
27461
38949
65489
81891
86609
2310
73022
34183
63910
26380
732
19904
39619
92671
70002
54638
7667
98514
97423
13964
18011
78682
70769
80699
46227
94712
16672
3649
36094
46096
56890
62783
2686
23024
49398
82431
26883
9684
29553
55861
35143
33002
9865
26471
97823
48378
26217
80699
94034
25511
94411
12407
44378
66104
74355
91770
52439
92963
60622
42858
36460
65975
83982
22290
85782
38219
9101
19419
94857
23697
95005
4416
83148
45980
62738
97894
9652
94511
99757
38550
72252
7406
98635
79745
1236
96961
80701
58558
29450
15544
81619
38910
69988
95281
74414
52526
64516
87969
27712
72704
58381
93516
85188
81187
1440
10998
18514
83103
99106
75677
29780
39410
32572
81015
3136
52792
19452
54768
72489
39218
70341
81427
2369
87220
43727
9295
31815
2848
80686
225
70003
29532
77406
78371
92559
83955
67500
58094
10337
24048
3809
80641
81714
84794
55558
98472
65015
49250
75248
68959
36971
60088
39915
96577
90371
51840
71693
28078
89376
47773
81808
18620
58410
89849
59214
84560
62212
83465
31326
15861
58761
60244
95146
66290
45802
83325
79512
61051
53923
59350
57255
80922
83860
98845
93864
68410
62803
42749
1914
1986
64890
35
93501
87143
30959
85507
17272
70406
36564
31516
86283
12193
80534
20777
2986
71458
83454
32469
56380
47006
31025
50249
17480
8740
79292
80716
90407
93078
66135
65623
798
87473
94014
79847
80040
35315
26925
57058
71413
94206
469
19372
92701
77811
4422
73596
5084
41740
4676
96602
76863
15028
67386
85922
68833
59764
54788
95068
7699
72470
79390
94005
59314
37829
91081
28869
71694
7371
13291
90565
67583
81778
92556
92742
4630
11146
34849
38778
95732
10282
50488
92766
56773
25829
42905
43157
46147
67148
89893
41976
63539
2891
53749
29575
15659
78123
81097
20168
39381
18557
93440
24815
71310
44333
13278
45032
96968
27246
62834
30357
35612
49537
72464
30085
71399
10194
7923
16884
76218
99892
27408
79169
7096
55177
60133
79264
34669
27175
96412
81208
23382
95634
68991
94496
89682
35853
78757
15908
87442
62441
2958
18224
99674
44770
35234
89910
12906
17844
89220
19518
1524
44702
44805
97387
29806
9568
60496
61311
32303
68808
7859
54003
13558
16688
74833
88058
84121
43180
49429
32026
74775
7000
67555
29048
74593
83116
56881
77960
80894
14933
74384
86370
39795
94017
25144
96893
99673
94472
46647
15372
49443
94930
10054
87859
23721
82848
7789
44755
44323
38271
99759
13135
21566
19628
88165
10711
53421
66478
53793
78233
25252
53486
20255
33077
17983
20191
53923
91234
50192
52172
66004
82191
24197
21521
13961
82162
78968
17261
28725
52996
13593
4333
55625
20008
77025
41927
60942
24984
76003
30829
84490
93160
61586
80256
45411
72288
72958
14867
27911
32845
38674
66096
34069
34921
61523
46350
15710
30513
57940
95576
92837
8838
30666
90598
74007
31624
64556
17439
91763
42270
76071
44652
30623
63186
98077
64976
25958
90398
15128
72411
87831
7925
22190
97002
83646
22526
73465
5379
50905
56798
93763
87600
53100
46890
6276
92
36511
44254
76548
27162
92416
37312
90545
22151
6928
61720
78634
53938
66003
11774
31116
33154
75165
43565
72663
38130
57398
69525
53914
26913
8215
42005
28590
46992
40672
29857
58932
51182
43352
44026
97777
88520
87866
71790
48557
34448
61998
73129
53734
32049
24400
22281
65516
40965
47924
68159
85328
56353
92630
26041
11047
37331
88372
68035
17633
32007
33634
87776
56681
34277
67724
11486
15082
40797
12442
20212
80886
87878
59149
91382
26739
41185
33232
30892
15399
4868
6095
54785
41083
51654
19880
10826
20376
88810
4083
30377
89870
90741
86289
42498
1028
89761
81606
56121
54390
95944
9325
51713
55025
69099
86335
96356
63111
4190
73618
28623
24654
71114
76930
92055
38880
60998
65521
76589
30482
11946
29943
9182
76571
59426
64562
86362
89175
14449
34530
28188
62987
94052
1434
93753
93572
96164
49312
93831
18044
78237
87332
41872
30379
31187
27328
29718
16054
68892
54684
60813
50391
65015
76106
1986
17488
65779
18702
29584
49733
76616
57386
38613
10004
4672
11516
75486
46084
82846
1190
49156
56778
5284
52257
3810
47746
95496
44992
23052
91540
82057
17040
13870
16999
33491
16218
36514
49391
52508
72121
39915
36219
15430
22990
79473
32329
92199
81509
32145
7824
18495
29741
13933
46913
77430
24639
87722
83182
59894
70125
28628
69341
30487
72496
22172
21605
97628
4995
86466
49992
46544
53715
71119
48021
46212
63548
50222
88739
59149
39333
7632
38930
30118
58410
21267
7067
63436
54284
73073
5576
29757
11273
76474
8840
27635
68697
29266
499
41819
84550
50374
19427
16536
80099
84253
54865
31803
11359
80883
51056
24559
99222
40355
52605
28746
14000
85711
76620
64140
47534
8597
6670
28990
43016
65686
73949
36293
93665
39024
15929
61137
43087
65828
80404
89832
87767
14464
22679
73678
74479
38306
24538
91355
88618
74396
16931
35862
13322
52752
70313
86832
17975
30562
534
80570
36914
17043
84616
52735
96441
89719
7679
69268
29781
95577
85284
34789
62022
49380
26434
38353
79986
49147
15514
79411
57794
82392
65951
60750
72251
35798
33253
33219
8614
23601
93310
93519
83360
8456
44410
92823
76584
62026
10142
70215
99596
92424
59154
71485
99158
87324
93615
44394
63903
21047
46483
99786
44973
46980
33548
49789
5658
3414
16166
66581
31009
25471
29248
9495
78809
85172
89451
99966
38277
5662
21515
8863
41694
30629
8102
50496
50122
17992
56483
50867
8127
34670
45513
55051
74555
24159
93674
37923
35385
22548
77689
96465
31569
48776
51469
15112
90786
97669
92357
57142
45654
73139
85046
24882
40780
15503
93009
44066
97374
4413
179
65993
76717
59890
20126
24895
57040
51984
76375
37927
10036
98380
23914
57612
22859
65904
34652
68327
57544
9285
60683
14174
2087
96138
56434
67713
41971
8843
49719
45032
1077
98923
70669
56011
34263
71184
523
93683
56500
55931
12319
67440
80748
21813
67519
28558
17709
9666
8153
61198
48165
26904
50718
2664
26353
2835
48938
28578
80061
38272
22448
8061
39453
72877
27079
84906
53357
79204
20491
56376
28155
59431
3494
2726
4435
4859
62116
95500
42862
55413
5307
75659
50350
2902
13480
22125
89931
87259
54901
45705
59846
11491
93203
38305
61314
2381
47024
98606
4357
11809
12797
50233
29858
89749
23853
17367
25142
91258
11515
17574
93203
12176
81999
73577
13360
71807
99428
9757
41436
20473
66120
5098
36392
18402
11542
78138
39861
2037
69778
87499
35799
64695
34970
63753
20455
19454
51473
12934
55016
95595
57068
12842
31721
61557
98882
13605
40733
60343
77057
46642
52066
9173
45528
73925
34473
27546
55311
965
76146
88627
85135
25245
17409
98294
24153
30092
48916
91867
69850
53091
40954
29377
56945
79412
39998
98769
79373
79509
77404
95790
12555
971
66877
62633
12677
79462
93423
88585
95074
68142
69853
97341
2230
47204
33235
14326
98301
19169
85244
18285
18629
15033
35231
27615
30265
85688
69391
58807
1775
7312
37343
92994
357
65151
73265
5162
2343
98368
2261
51894
2373
52286
10106
70676
2258
57723
498
82783
80121
82138
46554
6901
4310
5122
50557
60596
12576
46497
69290
93622
84567
42787
43596
8413
70025
20421
19353
7005
60605
63403
5377
61934
75994
62024
99987
70117
1753
6216
4004
11503
3845
74119
78884
85242
85863
42015
52257
93861
48175
80941
16517
69655
43352
18945
8360
3768
54506
47041
54522
78626
3957
99200
70236
54164
33960
84223
4609
23227
22713
79196
61487
73791
2857
39263
16808
14608
40585
73490
48476
95189
32112
92122
40385
38075
39301
20408
99477
65794
64314
86274
47449
8088
77015
70030
85266
49453
66988
87174
27660
35993
22184
35123
52432
81604
12904
31523
42046
31324
39764
81600
29499
52282
71196
51689
1679
21220
71751
25210
376
74827
49337
99354
54355
59486
13162
21663
53438
13718
97371
59527
6041
74951
68976
71066
75456
69115
27815
83875
91101
24829
80671
65621
71832
49770
87385
9957
26961
93556
83765
30038
74012
35176
1535
1776
28777
23624
39781
31681
2686
74008
90664
38932
17131
35062
5732
91482
82784
93686
46917
81059
67082
82352
95751
87259
77684
34900
586
30781
81841
79924
7104
624
38022
30979
12880
26761
46860
97429
51651
63748
23616
8323
45674
77333
93392
37122
62809
17311
39063
96341
69202
87264
76667
24055
64457
45081
69463
31856
67350
94683
89664
28910
37416
46884
52550
97785
87920
29660
26289
5823
61654
30805
45306
13853
50389
6943
23081
69051
99749
48662
90361
80109
34142
52595
91222
60935
80792
5586
13146
61297
75165
65517
53589
81829
41087
65479
54087
66951
98752
99882
98959
18770
17735
84411
48442
30038
62614
34830
94746
91622
64925
25614
76306
13011
26737
13773
9912
25711
26172
13059
38402
74949
75966
24516
49964
23787
66258
93732
29028
72737
32420
89547
86828
57511
14535
77618
5635
65645
21946
73168
85756
99665
80222
618
19546
24632
46983
68008
56166
79342
89463
87664
749
75697
4404
72658
32548
80229
59558
83818
9711
18316
87538
85790
48317
86383
22385
94066
47615
34942
22195
9299
83636
56731
11816
19050
98595
11311
61947
99385
48941
52379
67484
95323
4060
33100
26772
32296
29028
40134
49515
65727
3123
39623
94249
7163
72358
16238
26554
51336
43003
35636
79398
88252
1390
53058
37954
37622
4432
39115
72682
36977
27738
40285
31861
52169
18839
83249
57402
51281
9419
6527
2609
48812
26245
62776
29357
58690
63717
42697
91649
71880
61325
7778
95526
75087
26101
26171
12006
73097
27831
88441
9194
11491
3764
51257
76151
92161
18547
69695
31160
73625
11910
40442
2400
98974
26755
50966
81200
2031
41664
46371
46154
47716
43736
40178
33082
27049
73191
17209
80799
65947
36229
7781
76633
91847
30131
42271
7677
52520
8187
33154
14168
11200
65697
28224
35320
74933
71795
54484
67268
18618
9060
7862
51307
78054
69105
41011
16794
61536
66145
65090
61883
13033
84493
18058
68834
52645
75563
12302
19600
81342
97928
66838
52108
92321
28798
16849
33358
92412
14800
63152
30677
60501
68215
40956
8072
27916
28657
93428
36409
23437
13225
33364
36375
27222
91761
90448
55617
46194
78591
27998
28666
39071
96310
80588
89382
93960
52794
78338
33004
18098
75783
27421
66682
24780
64027
44979
52610
42574
82230
56126
33200
16476
49973
78381
12109
34234
40015
95507
85766
55179
72454
88800
19493
56568
19226
13108
16875
40600
49119
81014
53605
6710
40746
16715
38066
19161
40536
42375
51416
20822
96375
47244
78304
79707
45516
52408
77771
7694
10724
48136
65534
20694
5299
74055
23969
28789
34849
57172
44306
81931
36410
9039
24598
40753
26427
55491
70611
37824
36815
24348
75309
66270
72235
80015
22553
35499
87498
24053
30119
72165
98061
41983
43241
75738
94676
60174
59667
17173
99599
87624
14573
54649
39208
4076
23436
89760
34786
39068
96226
7941
36357
19752
85299
86025
54414
95542
48631
30100
61487
1585
16773
77353
83334
84887
51930
38725
59418
33073
83173
83236
21927
77967
73068
19977
70232
13730
83754
56850
84476
31417
86373
95853
86661
91196
16537
21760
30417
39161
14234
82441
53498
79921
82138
23292
99313
15514
63061
40624
45306
64236
5358
44985
85838
27628
14727
3098
40934
66741
74567
69084
55852
41659
40055
14955
52429
27766
22750
31243
91801
81132
78187
77851
79106
67484
55341
26116
47327
81003
22179
49489
31354
62848
20464
67092
81059
50835
34447
48325
67740
13516
73685
50112
57009
19279
47225
47862
99849
3400
50691
54981
37326
23629
35500
23232
90146
65775
96777
4144
66196
52068
66358
31234
78818
89301
35986
35161
25728
93701
6574
19581
2315
43967
81886
52145
49591
16552
35587
93361
31977
65973
9556
55576
87201
41443
2402
70217
59843
20529
77509
68495
27353
3522
66809
12130
87877
52924
82526
25661
13437
87556
3291
51892
99719
78331
46157
35581
65708
15418
4730
18216
84741
31703
56677
85654
47551
18120
20085
31389
42995
26077
42733
82910
72211
25690
85160
26445
25529
89185
7966
47832
58651
79840
40402
11806
70255
49876
3257
21988
3494
61777
51078
71722
17076
32451
90236
55605
30700
93649
30147
73839
69621
11706
75587
66420
4104
48548
85746
39917
22275
86822
35961
66426
89256
70348
73542
72744
18795
5984
80450
7595
94019
1951
41739
64776
69328
90864
36857
23848
4461
72591
69494
69347
42582
61662
59399
43154
85826
67784
74765
3642
65023
60342
35523
6550
94903
50126
1884
60438
78853
31660
71894
61555
80878
94471
51668
41029
92398
49109
70496
43702
39973
327
4970
80932
13294
35841
80551
62737
17461
10147
47667
17760
12380
12586
74923
94174
6311
73773
21122
45931
97837
61098
8160
99574
12908
74169
32280
46498
87573
35393
18267
55238
58847
5380
93761
77312
44236
81519
81390
2835
39791
18568
56222
11325
6295
52961
53127
38019
54740
6834
85336
47780
67741
61899
58245
24114
76720
82358
33265
14197
48094
32891
7438
80669
91840
82950
61116
51964
79310
34012
61097
75634
58162
16384
26474
13257
15873
90202
92029
74616
21770
20822
67965
38005
2324
42830
31877
84051
90503
48034
59643
25986
74498
12676
50106
67157
45034
39333
41464
72362
27829
43303
5755
4597
3116
16180
26669
47569
39053
20569
47423
67232
87174
99776
80001
92233
74995
22159
8637
55767
70520
22262
4737
21561
48744
18799
23180
27602
64258
83880
66462
41329
80947
986
73705
23588
12204
89312
13995
82477
69999
31239
60510
443
17666
61538
33424
54713
59280
29108
15492
43781
47403
68961
51938
57183
96440
83716
98408
79853
33964
36474
10759
29110
63296
68252
58451
57462
83584
93415
71873
99099
83873
86773
92159
86861
25024
36725
98567
93914
25703
85845
173
11249
36475
13760
19782
57597
35002
98602
32147
1237
82977
25330
23804
10838
44572
11299
2755
57578
86726
55073
20865
86409
11488
10417
64803
21176
29339
90466
66355
85294
70264
19624
78715
32416
64522
45180
30049
92385
53599
3259
21089
74868
66840
58135
68026
84648
64001
54381
68727
93398
5504
74421
16565
47159
96849
59813
96256
80853
12928
87997
68412
49410
83284
58422
91217
87884
4149
21632
6289
76776
14347
56316
51141
32608
2350
35417
2066
80589
60905
3405
43023
80563
72624
18606
37087
475
4311
94355
21314
63980
77680
46262
48802
25496
95166
30167
88857
86708
60082
21052
73986
26585
87879
52282
21651
65303
90214
18057
31501
23330
53460
56869
39218
64622
25891
52304
25664
32017
92304
14105
2263
50834
78627
85433
91311
9473
80282
69718
80218
2891
93491
90940
70175
80340
64232
52552
24948
63126
74378
33409
12308
26640
90106
44838
90287
55632
79478
65576
13637
26069
20119
2467
36053
30105
12448
25066
87895
2818
81989
25182
43448
58951
1412
6183
86986
97452
49358
30905
24096
5936
98821
38136
77461
16108
83353
13128
42860
16924
36054
39721
19653
25250
94785
6967
93016
85812
69332
50687
38973
49390
79878
47903
40246
60524
833
86406
78051
18064
73826
76415
56497
38893
28669
34766
9816
63768
15324
20675
92068
97449
38098
38606
55693
21705
23527
28096
15641
21654
55556
61371
78272
66312
38514
55847
55317
32993
49865
70389
55514
67557
84145
25089
1357
61516
88957
51337
90915
99569
42831
98413
38676
52330
44566
98030
50214
40854
84605
53774
88758
45928
88883
41461
32569
72797
42934
87951
80173
92449
81310
93150
38283
96485
66012
31924
53811
79604
70858
76782
94314
34223
95056
59774
32386
60077
96903
55517
55546
49418
3421
9872
78156
52377
1852
28201
38436
74930
53391
19880
91802
50057
58175
32646
2741
39463
43182
83379
99026
14068
95230
59314
81865
84867
96236
32456
69305
43133
26484
90884
62429
10970
67154
73624
61221
46182
10513
90497
30763
79857
83609
18994
44408
88347
91945
94098
47648
74400
29668
47119
13239
330
42679
64302
25333
68518
55358
80648
92556
86993
83654
45458
22946
54987
74550
46168
9285
58061
97847
70156
2742
32753
4560
60947
88551
53014
22543
96818
83719
48075
67126
12339
77543
28163
31977
52311
10904
83622
11399
77692
34588
37485
32671
95725
18591
95575
90063
390
80632
76079
65513
25771
36689
80710
51841
29282
40580
73712
19068
52458
43850
4558
91481
57465
68794
57067
28675
53377
84542
57136
39880
74702
36947
6459
8590
77410
30176
40514
65542
33660
32946
60655
63730
31033
41334
97229
69893
76601
24818
58585
90407
72749
22819
20520
54644
96398
54379
2435
80759
37243
88075
94558
55637
64060
27613
45935
20852
30162
78767
44019
4348
45634
75359
45901
98018
26440
90167
32011
76597
91723
30535
24356
46306
32685
14892
35178
41336
29672
54424
43695
95252
56426
88916
5799
96019
89140
83592
723
3599
63081
68595
24886
24532
58655
15199
18687
46119
49994
63567
20028
42904
52362
67267
11771
71447
42690
25920
15383
93592
89039
91118
8523
69445
31215
86465
18018
64147
97159
38319
98935
45188
46405
25268
82342
75835
8863
57261
36016
15447
26996
15891
8831
82183
92826
49161
34223
41784
80277
57915
84293
14624
15686
61258
34292
75490
12744
15550
73389
34399
93019
44221
8375
91152
17516
69814
72586
8285
53299
85584
11915
29744
29456
46972
74035
76246
28249
76396
13546
99709
80874
37545
67753
65499
21289
11990
18963
14883
86970
68182
47785
79304
14475
76952
13260
30826
4766
28025
11653
96979
29312
77343
80016
93755
23631
22720
95366
43966
63005
69869
46753
79138
36023
36085
54254
83872
58124
81410
98113
5039
60569
18959
91979
61357
44562
62432
82290
47385
79671
18658
50913
94532
21107
65292
42692
13708
32717
25724
96285
64173
27492
30671
48122
83980
81360
79223
311
37081
36330
85580
74996
40826
71427
55392
31881
7328
97607
96949
28736
62688
5281
78516
91218
50140
35102
62158
23637
86782
86173
77769
44077
65087
65442
60257
31496
81679
5292
63831
67595
74633
83305
59034
83775
43271
87125
66104
44550
53619
69134
8479
14967
78995
58109
89559
47706
8359
50878
98248
63415
81500
85768
83580
18188
79168
39115
45938
64476
9019
53067
49591
48524
60362
80668
32770
78974
45821
46396
80440
11424
7108
46978
43282
21439
96027
75353
75957
60874
77880
79066
15744
2473
80738
5622
16433
97625
4368
28814
28131
80718
61404
95601
94284
7966
64729
87170
76131
35351
10967
58422
43294
65572
51058
81397
63166
98085
96122
31549
19238
19555
33736
10537
83153
68554
27423
77759
41497
73239
39570
18136
31030
95358
15647
36762
20498
75016
62
47021
53933
35392
74215
15942
81711
26433
8979
1894
96963
46845
83092
81727
20742
60430
30097
13626
12732
51201
50302
72434
15223
45948
74369
47052
9915
25832
29652
4406
63641
60694
84211
22182
91620
57008
89264
71945
88376
74584
7815
78985
38529
39663
63154
43136
31230
85148
75506
67201
6413
42705
19049
73380
46194
62539
60340
49996
46921
44412
22788
40014
10662
12918
90357
78514
22827
83080
49749
89485
68133
68641
53717
73577
28249
91792
9114
38526
55790
59535
90461
56733
19938
99509
2416
63522
98243
9742
2299
20211
48149
83849
62058
54545
99240
65344
54663
97938
26506
76214
44587
38722
69072
36323
85382
98126
55775
38982
32304
14637
50717
89974
17431
88177
96392
78889
38571
34937
86482
99083
62426
69397
18515
54366
20564
42010
9479
60071
61494
50074
67321
51006
60423
43937
15075
68180
80764
17417
28949
49704
23867
75847
76729
20134
17340
77579
95600
5655
3960
64744
30551
4130
90876
26566
24725
64335
96009
62795
74389
44182
33117
9881
79563
22156
82447
47432
54144
38030
43592
47629
15699
33208
56401
57396
82276
65804
43572
63498
48944
82886
5683
40822
72446
52954
95055
817
96154
75308
90496
14252
96431
99918
57753
39481
1905
83070
5640
79076
28621
6012
22762
15100
45215
14176
47071
81790
95054
56893
44542
72353
25009
47622
30636
84207
4039
10787
4003
73942
82257
1099
94749
56431
47106
41857
28169
25982
7527
10276
15912
83557
33014
53440
17035
99068
45960
3733
66930
86710
40164
21968
25796
35863
65508
97326
11413
83729
98057
66667
94696
48670
61067
39412
4468
64132
98432
48350
24844
26672
94165
19212
85979
97151
37779
12583
3620
81121
47016
132
50094
6106
1294
74044
24390
60846
31469
75819
22127
600
90309
54935
82162
2387
87027
75200
92045
85772
61551
48927
85558
94548
58277
68931
88296
84584
58973
61916
36711
54556
24467
12344
46302
40665
20813
38247
21831
53032
40958
85238
86844
91880
89632
92738
39904
39189
86240
47850
85122
90368
10860
77469
26867
89605
74147
76716
44844
89708
39305
95630
10324
45818
82622
63147
58349
67804
29685
11667
37678
20344
73391
82414
55913
562
45784
40356
42339
83775
33186
9035
64010
4336
26072
14425
5959
60100
24304
68682
14243
7716
72351
71643
38688
43152
27859
76620
98263
17653
19090
76534
69802
77575
74141
25212
47471
97510
20681
88202
14873
37618
35644
92995
23147
82895
34647
22887
74066
8752
3503
6303
19192
38087
50699
8629
70796
80288
41700
52284
68592
93830
98619
70013
97400
6470
35578
35197
23532
28555
44743
5561
37302
20726
68998
72018
62149
2835
48061
58820
32762
32835
50083
47451
37051
58614
42409
89573
73946
17531
18010
79693
11362
27930
40781
13743
18338
16916
32082
6225
12444
18828
13628
82891
17605
97689
59367
1744
50953
85914
51628
45456
31874
20244
76854
11830
28063
19600
17808
39497
83702
8445
26475
84518
57180
8715
6173
19746
12353
40864
52151
13683
28677
21537
73181
68068
298
45009
21775
82758
10256
90472
99438
14068
53512
27454
77544
84138
70350
72266
88174
61182
20413
82724
23148
14465
61286
36390
66257
59285
8329
25018
14617
49037
90331
15458
50538
94479
9359
38586
19775
3693
5383
41984
22959
2557
96327
11474
77408
29272
13192
8143
65522
42991
93161
91116
68607
78030
99763
63060
61
87283
34171
64978
99845
62382
69356
41476
54757
480
71
37165
91251
24593
3580
66807
58262
71974
51263
13154
4865
30588
5772
85481
93787
52626
2784
90581
48520
41041
97672
67424
58470
39499
77440
77285
84392
93649
13373
66481
76628
31635
8077
58359
15242
34302
11833
8501
70178
88749
91668
45560
20749
4344
52107
34684
35210
46906
66672
64040
632
96322
4903
62692
91923
17976
87693
50505
97514
88985
88030
75220
4531
84674
41882
82458
16860
95116
199
10617
81049
15789
29132
10234
28247
61773
67145
91475
76975
19332
33481
4561
85936
19492
64894
62686
55539
10448
23411
70209
24312
24257
84185
4574
67424
22811
94430
69430
80899
56887
53754
37036
8569
68536
5146
67235
6353
55723
77469
18462
11399
59223
64433
19220
54971
68926
13675
48380
94507
1354
25906
44071
74529
54050
98075
86366
89883
99641
78153
95547
17922
33031
85579
40393
70714
54941
90212
72590
56668
46779
93219
85348
72252
37897
31798
1913
84181
47242
49596
19747
88144
58073
81350
67334
88009
23250
88084
86078
65532
29236
41749
30891
60731
23293
50504
36049
62142
80327
24287
5931
36866
79148
2907
6038
15156
32844
24769
96771
49493
5350
34420
20058
25268
42773
85005
9494
88125
41268
61256
65824
62322
28663
30992
14045
36146
65912
63123
85597
57982
38973
20404
68929
52214
42949
71082
88256
11024
20181
81675
69447
24971
73359
10705
98250
35726
52866
73605
81854
28205
55391
92716
38025
91778
13089
41634
66001
91193
53722
15728
69367
12177
52582
23239
88404
84103
52417
32372
50671
85967
12496
32489
91272
17329
59035
8153
13244
89957
71896
73797
23682
33565
42524
65506
79345
70464
95495
30404
45190
97977
95142
71049
92459
45785
19180
59107
89896
10239
71556
25986
18458
57823
67458
43394
54037
34417
31620
72409
2994
12448
94770
26471
62407
49641
19503
65631
69991
70573
47866
39419
71257
90255
91679
65575
56367
30843
2940
17543
81245
19953
81198
49807
48233
54863
37619
14409
66570
60386
33409
93900
66034
36534
44379
77899
45730
41913
91451
40143
69447
76922
43393
55688
66957
64681
78289
40802
48350
44905
90220
26755
70143
11102
14188
25383
77197
21494
4379
62089
54893
93441
18876
6971
27119
77882
43269
20606
50930
8603
70463
79027
49192
46505
95140
2343
84845
82838
59331
34789
61993
36951
23843
23651
69936
34862
81972
65817
52315
50331
34897
55483
12348
58005
36286
37520
26422
95106
71859
52385
28078
25379
30551
60221
8925
33300
9686
32100
87338
72801
42427
30671
52948
90331
36997
95791
48896
23395
44901
45593
82453
83068
95876
4180
27236
54437
41531
28383
45728
56230
42938
36942
64943
43917
84667
36114
28366
28322
39107
39108
25861
26899
84559
47079
34828
80485
28354
40723
83186
8567
68091
53211
29430
98073
45246
33559
75237
38382
87320
83550
48668
89705
10324
70036
25173
93734
61712
33830
95141
33529
797
21362
56799
25772
39879
33804
59161
4566
24991
73009
51090
56499
83049
77744
54318
37072
81066
39116
57883
71363
37640
74953
5829
72747
84201
67318
18303
20171
59757
91267
19772
77351
63607
36827
7939
91757
33974
6395
6212
92733
4707
51428
51179
50362
24626
97134
60312
53111
78399
13704
13474
14720
48689
67884
52169
54388
7966
25430
21056
79348
84713
40769
94740
92001
91726
32652
75544
95148
33382
60188
93928
45448
62814
49021
96419
68716
5474
95316
78907
81465
73343
14636
34319
19551
83732
91198
74020
76914
65412
48423
42921
70373
5991
62673
44034
26273
65288
46300
82186
65442
74770
33437
52430
16055
21615
55822
31134
47680
34578
21658
84398
44600
17856
5109
49618
36739
34013
71370
25404
12931
8031
65107
36115
24444
60337
42723
99887
86721
8653
40449
38478
50389
89295
77321
34166
74036
94501
8437
68249
1652
37798
43102
1129
12233
75235
31871
36964
10651
47085
97060
7681
59173
19344
10841
99419
74087
3226
89631
80477
99122
79364
8108
85177
44361
20251
81656
74426
92960
28336
47794
68875
64421
75388
38181
32923
41917
18685
65816
67183
64068
26943
14922
17145
50910
99231
47075
35576
64036
25977
16694
22866
84854
96809
80593
21271
9198
30672
2285
1946
78841
949
62171
70067
62243
28839
18529
70296
69652
48187
83022
62192
29585
56983
38893
56181
92913
64530
87320
61527
55122
28313
2919
19513
44745
14378
33942
63303
31807
77815
7330
88271
5540
69826
87373
13204
91561
38421
42354
52705
29799
52332
52871
52829
92359
9398
8176
16131
15007
19716
36575
50533
62783
75504
10681
49362
13114
26674
22539
93412
76948
2039
28399
55432
90013
27701
39995
56447
6325
55651
49181
86504
84471
33506
7856
95406
51777
6126
51536
5203
31625
22873
84518
70416
61599
56110
1204
7605
43758
5736
38511
86286
24564
91361
36846
21247
30229
99409
28592
77553
77619
93752
26253
88115
44417
30877
36299
5688
74631
8607
99227
37236
124
69422
95392
60693
36038
32865
29139
79544
46648
99072
34909
36315
89287
78238
45505
30844
21396
92278
21412
96517
85441
44870
46159
63870
67926
34770
6393
58077
15329
33621
90568
76005
11736
21415
3434
80163
91855
58502
85562
76976
53358
38212
70435
88545
92861
39295
88620
55449
95283
9177
45033
10611
16464
17739
51156
16939
13274
68861
68956
14741
6600
19706
76587
79257
73226
3102
7232
43898
85300
69436
5477
5008
42346
58017
84958
20157
91474
59473
47600
37770
52178
49374
66314
48607
61915
31180
79429
62356
38737
36426
10179
69962
4719
86426
68803
13404
55845
65038
79399
49996
73290
63054
64324
13371
27965
64468
10549
12474
96612
8286
17924
46347
53635
49966
70829
72998
54113
93622
66989
93140
49463
49851
49130
57936
48720
55858
99565
26218
57121
75262
74807
87542
63877
59538
6596
6543
19201
38797
98337
76671
9289
64509
22620
57424
71309
66824
12779
35888
13806
4307
32379
34854
73508
28064
84715
21134
2769
93729
68311
60123
21933
720
72733
55261
58174
51
40298
33186
80563
98303
13969
29478
19302
40309
17311
86463
30023
90421
60006
30012
33356
97635
54909
28260
94059
42612
66577
86330
89288
63444
18770
95213
12373
99981
89787
97862
92565
37024
87626
96496
4210
95235
62761
24417
27159
92139
33496
8765
97276
62008
52028
47836
52191
63149
77725
54497
1863
78952
8113
9144
4774
42069
14028
65104
60191
94826
29753
49807
22174
99917
59378
87065
48074
14974
17034
41327
10229
14517
50062
4843
58221
56341
56391
70216
76979
5432
5108
58244
93493
32233
46040
15103
16900
12919
22371
87302
81100
11009
57300
87542
2519
93007
53595
24718
16506
50843
66384
22577
88915
84225
8047
12744
90832
85724
98895
62723
5683
46879
76568
6249
35895
4348
25426
23627
7601
47144
51318
87446
80057
22183
88988
10140
41669
13988
7719
51879
83196
50008
98107
67662
32981
26596
41172
42925
48506
98936
23080
42723
76975
36816
45876
91483
50285
24622
46988
69649
80842
43971
30613
18790
51802
41627
78318
14472
31278
72255
70338
55777
48977
23537
17543
33793
77827
19145
51166
74973
359
93012
38763
56448
49771
55581
91917
20860
81035
96528
34784
14880
4
86319
74038
84915
69131
28745
28495
9863
861
18675
9298
51946
15693
35034
79318
90700
20704
58730
12715
46241
29040
45290
99744
39029
14489
5400
66561
35135
47301
48982
91212
56441
31362
51255
8007
90504
33567
87876
16880
44253
59077
73325
7640
33287
77830
58553
87322
56439
27331
4316
39425
98777
92384
33526
20193
33085
98859
10391
39460
36905
72680
89601
63122
69056
40665
60760
79757
91868
39863
29457
65578
64042
47935
64408
16656
46008
19926
89507
58961
48546
31539
182
50756
70063
35938
5596
43574
376
4550
6093
36210
96371
95851
84322
31140
94528
75449
65035
98220
33065
58736
99733
44218
73332
80336
85000
50204
15644
6156
9684
98946
38442
13607
21741
8316
33036
55337
91853
8750
72718
22034
4603
45991
87386
59510
25444
39764
59107
8234
69196
63742
21864
5607
27839
35565
88605
34385
91108
55103
28222
35009
40256
51099
92328
71358
55725
79112
54026
2515
65165
18065
2399
78890
78890
88484
52537
81553
95028
40844
30738
7535
99420
60862
35223
67736
65659
15455
62837
85911
69807
91468
82575
92790
92859
10232
38739
63621
31547
50430
17587
94873
53082
62180
57835
99346
37176
8572
39841
13758
31131
3954
97089
76673
6943
34845
40908
36344
3494
20204
73193
3820
58813
1753
48511
12584
60094
38130
2201
7909
38004
2912
35109
31142
62469
4109
42644
11454
26671
50339
7203
3536
21526
25667
43304
48464
62092
24797
23947
81378
48065
90364
55276
52939
60597
15653
72047
66787
29679
33180
83019
36867
33581
12042
56779
26992
99769
1641
37172
14534
69544
14000
67787
57328
61573
44868
77365
60832
92206
80369
76527
7133
36643
58891
97272
39937
61532
32503
53563
32134
63992
93748
58175
95993
55574
26727
80664
39390
14146
23439
74888
39697
18772
4358
69741
90951
95493
97348
90966
26458
42019
6976
56874
79749
27489
32033
35368
90211
923
73291
46094
10819
65706
62519
41286
49946
8828
14427
10168
1583
80180
33865
62840
39425
94887
6887
80708
41467
97513
48675
7620
98456
48040
75511
9266
42487
78200
61958
73562
5000
297
36867
81828
8481
17732
3000
76401
95820
60045
38337
80991
27092
42963
44275
66355
11816
57583
22091
84590
46893
4574
53281
55363
62182
33143
9397
63553
3721
9608
15221
72640
69510
84725
69006
85953
84160
19552
50462
32456
3416
66694
50749
69237
95706
81002
94834
89350
96172
86289
26473
25547
34555
6227
27835
60381
58691
25908
76036
70261
74828
86925
51108
9341
5321
46588
43817
69447
25665
67050
86254
4652
19069
3453
68924
90736
39155
11456
88968
88724
29859
60825
14832
20551
56185
22642
85605
43389
79927
44697
5441
97476
88411
88132
55051
68298
66033
66872
87584
6463
68938
20008
58873
24325
1071
29748
35113
77913
17636
5446
56147
96582
4783
80187
2515
11490
30313
81331
68888
43914
70143
59487
83649
21121
27909
70063
84035
88927
11555
38792
90774
54878
33419
32259
2494
1242
62313
81924
23217
21935
11333
46322
87470
30535
60591
30424
92810
43026
25181
12577
44052
23482
78720
87630
40360
88125
56258
1589
52983
75928
64359
91475
8974
41021
39164
51856
14386
19358
34592
12774
1217
87536
32162
36643
62467
22297
67226
1470
87399
76844
77251
78231
5048
21160
7566
60552
26057
61863
96315
9442
91158
22050
71322
36624
78511
32079
59538
15630
59951
56955
24667
69020
24770
98739
32188
30030
50231
97000
72514
31411
76381
96244
36722
20263
76298
9161
68903
3967
54865
7010
33983
33283
75633
88564
85305
99610
66754
99932
86063
19255
45660
95093
78902
46596
95850
51480
33554
7674
45794
23897
33040
32923
96315
81040
66981
80867
66877
36161
4408
13098
57396
90226
97478
38939
2201
53394
83487
29502
30489
66645
61104
61243
13267
678
8276
8006
40810
12823
32553
20318
16012
41510
61112
20111
37427
28348
73911
18345
60744
78981
45061
7034
64017
2990
62318
49227
79120
50217
73335
47504
10284
43805
7381
60570
78604
44396
74764
54213
16131
3705
38284
44845
28279
36878
15461
6771
50449
48716
39921
38948
28987
50426
54734
61670
62728
59733
412
419
49329
13402
58258
2366
77481
31890
94977
73494
31424
78639
90431
78851
32917
47270
13886
84516
47200
3676
91561
31439
90283
44056
33
67223
72275
81770
51821
18291
24496
60060
72920
72733
47250
87415
55060
32955
56483
58005
34129
29234
97056
45164
97156
97547
37610
70856
2006
24925
91954
69816
5412
87978
35461
87107
14715
55642
91742
29513
44266
98405
37818
61708
34472
45672
34428
88485
87925
19627
77668
18232
94570
57174
89170
7130
24332
64392
15539
58575
94697
59317
68100
34110
20516
91961
38638
76347
50776
40382
6830
27711
36808
59700
49211
42855
84807
91113
11613
83777
45806
13649
94386
56804
84950
83925
82975
98345
1468
56794
32682
66157
639
80174
31080
72181
45417
7946
19849
98314
77649
35237
80733
22356
3273
85013
89622
78795
74656
52778
88725
77500
97494
57511
42695
31652
57772
85924
91192
2826
85362
65355
6833
8279
57266
38504
49265
46841
16384
40160
8323
86675
21529
38453
38881
46055
52339
72835
3976
71152
21806
70207
95447
4609
99781
90486
94282
34036
62748
94023
28857
36469
4291
6700
81931
87628
27465
44761
32071
81503
31006
23596
15282
5116
8118
72266
2529
37755
98521
42695
20346
60453
27473
57273
20591
19339
72143
45872
17585
46393
99166
76855
16570
33908
74815
294
69117
70030
80709
33263
63142
95343
93078
72104
93376
62041
17360
75063
99463
75388
82962
9029
33725
66136
35514
45633
32262
69454
43309
22956
22626
36514
59788
2804
89378
36055
71653
11393
91919
80651
93561
4480
44878
8560
58274
51812
80841
39483
66891
57952
62817
71389
70547
66874
76623
27365
78174
73848
40166
37492
73886
67062
37467
89826
97780
9799
34497
39235
34130
23113
37525
10207
62571
76628
35742
23480
10148
54832
53209
14395
76007
61477
69905
8747
93269
90475
47871
30845
84661
86224
93545
84540
13192
3290
34139
54652
17555
24237
84709
74779
21782
37937
87301
67012
11998
79665
73707
73832
1545
95494
74460
15704
52419
24964
90034
71802
23626
82789
13665
2155
3099
95453
17841
65119
70832
43639
82676
58607
30123
51276
64000
57853
13089
57770
37925
13340
43665
88066
59693
9735
46740
57592
77355
83686
54661
54378
80666
83422
75940
47820
55388
73917
64345
20166
7713
95451
65092
7367
6369
97868
39177
27798
72759
1184
69701
45588
48353
78989
89498
13300
91813
42742
61441
20301
92736
93505
88171
72646
23183
79338
54095
47835
30619
2308
5552
53392
49062
65273
15505
11000
50191
96109
66193
72157
28285
18344
22295
85023
9203
55824
41355
42594
83564
66487
59399
42811
78394
39167
57811
25442
68253
64034
6999
69709
66978
16519
56615
9062
75972
21368
46836
62186
15358
8122
44044
78756
48026
77566
5126
9661
97122
10297
69584
7274
53440
13523
83934
77048
86823
4720
41272
8421
33066
30541
57447
22750
27483
14313
65411
24282
78046
85714
57093
50951
15035
11521
68830
62811
11751
59872
87388
74332
66998
73190
7857
88112
58146
66713
21634
98207
98935
3860
93994
19698
57432
14142
46133
37969
96870
37789
62457
42303
5155
56735
28601
4410
83119
89645
80121
76375
95799
18445
49550
48013
3808
39570
16098
3037
42540
84278
14367
79787
85612
11996
65093
96167
46195
86418
61961
11694
12710
2976
63572
87067
94079
13956
49770
40232
18100
89761
81384
22244
47173
49620
61697
54828
97984
90707
73422
36073
45050
59040
3269
69392
34932
96479
3450
73002
57552
1403
68482
12044
12648
81822
31883
3063
85059
78431
6224
53192
98570
66517
68039
75406
99663
69189
68740
73537
24306
70841
88393
38562
57214
7226
43191
79115
35725
4666
44519
69942
10745
25521
10995
44515
4867
79813
49979
97423
77767
58339
81899
69053
54037
67102
4683
62245
49193
44092
23059
83806
54203
99798
12598
86147
91856
44288
23245
82604
3059
3880
95317
92094
43118
39855
68452
28353
35269
42533
66889
23666
23703
45315
99912
81892
59020
62498
23253
77961
55401
65312
34395
93595
18208
72713
35198
93504
92202
18757
65316
59267
12774
9006
49310
43249
69724
20873
61085
32552
5728
67706
44511
59583
38541
46550
45465
17153
69675
21891
53064
97558
95163
12269
85033
87582
32196
82307
95019
98105
1303
67507
30429
76441
30265
91642
86719
76689
95359
73702
81870
59156
21580
27265
22192
35791
50699
18851
2665
42730
29363
71134
42548
40192
50369
58038
15189
70160
3543
95294
17779
10875
58418
19974
20729
71233
18633
10104
95962
14373
49795
60126
52861
44250
97015
50107
44603
40312
9823
59576
17968
78194
29279
65059
7651
95336
70452
87561
51029
1795
80758
88177
11439
48003
59946
63017
22188
46569
20741
11043
39600
87798
56876
548
41973
76289
74748
60019
63434
63419
95276
43425
26713
29692
92236
78448
85262
77286
66704
89633
17756
83789
75435
43669
65833
20552
95114
3860
25494
70291
