17382
9029
82750
31051
37892
5268
24009
62716
98040
53060
3954
31403
56251
74838
1202
54081
89852
4407
7411
73090
54311
8958
86205
88909
96405
73879
95532
11567
86930
77889
50615
71111
776
19589
39865
95241
81554
70478
25677
97103
67516
29527
64425
97028
37805
53414
54762
10501
73318
83780
19348
13500
5599
85553
21011
54318
42816
79984
57151
42972
99281
56524
20009
71861
52028
75193
4767
42547
22939
63954
29983
6133
16989
97169
69073
64445
55170
88069
59723
98999
28420
88
5566
7904
40645
73864
88244
81797
49437
13126
97561
69656
13443
19838
30070
59295
90630
72538
84189
99313
24412
38221
36408
68223
6595
90334
78222
68196
84847
98109
59663
39597
19192
58770
14332
31931
69332
5564
786
52225
24222
36785
47898
8672
77776
45919
18335
58610
64752
68725
72476
3037
86132
95683
89143
5958
90625
90825
62250
77590
69308
37264
41669
60102
65349
7645
9332
22656
6119
99098
65955
18005
7341
72465
69223
46829
88994
83491
18162
5333
30543
28531
5132
38611
11410
32857
14150
33830
48286
7716
17781
34212
60367
37317
315
96707
40685
52219
64919
64100
40159
67189
25920
79955
27088
97169
89969
63998
51480
53201
12667
27407
52406
43066
33207
94246
67209
23095
72872
5208
69963
81278
58286
61522
32439
94723
47657
13758
57346
43629
20363
53388
18478
26206
55029
26918
86075
10420
8350
72629
38893
867
96339
65298
38168
77980
24567
49462
40444
74668
91386
80034
11464
87821
39988
95315
97730
24499
89002
76253
63995
24100
65790
94024
2788
5055
26927
84593
16458
61665
26539
78416
93056
41772
80012
88317
24284
37659
8064
29850
49728
2348
77081
36014
61492
18601
58746
94241
38414
98677
45951
46573
87908
88125
71879
50212
96880
25041
18613
98231
9594
66549
94267
57520
79627
47417
7446
16211
24655
81921
30592
60988
26121
20048
82355
58891
15237
67491
2756
6671
11200
28490
19997
82240
37981
54991
39527
87459
44668
11148
4317
40034
29719
65250
61681
4577
96377
10359
14825
57117
69027
98539
29718
32381
38961
81393
81779
67335
67559
2910
45162
30962
25531
49839
8032
10064
77209
21479
94558
38914
89773
30885
69640
49892
77963
23299
91801
72444
9880
4680
26596
27423
26920
19528
22203
81588
19572
20226
63245
48316
395
54902
59410
59382
65108
21704
38145
55186
65789
10124
68487
70069
74548
43580
9694
9799
75436
73224
63458
93934
42719
19230
53157
50786
36147
81841
92861
40112
57452
95155
4884
28866
14032
31217
7369
14123
39219
58711
4351
76780
31617
5855
29539
66540
99867
27895
77748
30569
51035
5072
94704
56197
43226
35491
7244
55267
60068
80482
40888
81178
86188
14207
59795
22527
79978
91753
69251
89468
89828
68384
66016
48152
3256
72612
42653
69311
64830
84041
96951
39913
96498
33579
53390
51451
60939
87665
77980
70155
36112
52242
95088
63227
49298
13626
44124
42533
39496
83233
12419
58038
19418
62856
57642
63823
9976
32537
26970
56853
85205
87251
787
73704
63636
29368
77897
18365
78003
14001
577
68102
19811
61071
91975
96747
76617
47875
532
61321
69242
1036
35385
88249
41019
58085
62055
10936
19628
82213
22514
25565
10559
10819
96235
97979
22665
46707
95856
4681
7660
75304
19255
53423
27013
58705
42919
14299
2683
43687
57950
82064
62170
49031
18047
67701
62078
19384
94416
60596
10324
83070
97729
43678
36474
2143
18488
52629
89623
45613
8428
33042
48884
2663
87455
28074
78985
23133
26374
20669
50029
76070
69101
93915
81727
66451
95519
86777
31983
20771
10964
67334
19847
80166
37981
68399
21414
87264
51527
76782
46387
70835
87199
12032
39227
25366
31236
46118
59351
12646
96937
54554
91357
24305
6206
51668
41771
73070
24831
67059
98429
69581
54368
21899
61197
56701
72412
73083
39100
63162
29076
82037
72555
43074
26357
68258
83121
24133
6769
70995
17525
75133
67709
94448
11168
15398
81286
20312
22762
42180
94664
92949
18279
43037
21779
31103
13210
25861
91488
48817
97807
78402
18794
69943
77392
24048
90010
22517
55797
46405
75526
77188
36036
99162
78600
80286
56824
59944
30214
87605
53685
36333
8244
92654
97970
13194
5228
70499
44300
62650
17395
45835
49653
74646
83993
23039
34483
81671
30165
67640
85365
81657
375
90474
40148
31091
88481
8407
49518
42828
51728
75481
5123
87226
60975
17336
48996
75227
75783
82093
11071
32602
9535
5939
7767
72440
49830
40747
20379
25192
41877
33084
70443
44883
18584
23368
69643
30287
8000
443
69013
10628
42395
65308
56807
98614
67960
77625
83539
83896
76156
40670
70293
9861
48163
99563
85154
91267
55913
40125
56555
29748
97515
63920
15022
39716
13580
74095
59446
13205
42779
94783
87307
12564
79574
46941
63617
91138
71743
70515
12782
40687
43550
57244
58796
48279
26000
55794
51307
73601
24835
78728
63096
54932
81032
62640
55648
22194
89436
93575
14351
77186
84770
14762
28898
59526
19337
50854
55229
77315
15157
44807
34078
18835
56523
34692
95399
45557
68804
14739
11827
99517
5865
67603
31440
59237
58217
7795
93028
80846
39030
80622
8221
90787
84290
45154
36457
23583
12844
57312
74310
29173
8006
95742
43245
18655
49990
33429
48739
96333
68368
357
4210
22379
88979
19990
32015
18415
57249
57687
56067
82998
62706
76693
86547
85024
54165
29756
31076
42160
40050
43798
917
55035
52045
81005
25678
70475
15638
59103
42761
44581
83683
90462
26610
78402
88595
7382
68424
29810
20241
35723
61160
97199
39945
97908
24440
24157
30693
26999
3070
5777
20330
11490
10349
29354
24009
31470
24472
55140
31275
40824
75652
94812
42617
93429
86419
88756
33722
71451
80456
40178
43766
38474
92326
19079
12212
22307
97838
84255
75374
9159
8253
8874
10339
57682
88000
54427
94561
71011
44555
9182
25698
29623
37336
74590
30760
94472
48250
455
79899
34273
41134
38596
67690
97708
95483
89396
33711
65987
19349
86601
74210
6044
17627
54859
75229
27672
24575
70924
66596
68956
88464
80239
38091
9367
62608
41636
35543
33258
1524
62669
27693
7481
23490
19277
30947
44216
26155
36999
74375
91155
91725
58791
67394
85460
82480
72913
76936
77550
41140
24386
37957
34668
94521
45264
85018
65525
93601
2454
99944
48379
67325
41317
30367
6789
15643
46671
64598
89766
75268
52791
84646
35745
61188
70640
77872
71106
70785
64303
60171
47645
172
19705
66898
47389
83894
51350
21821
84368
77508
5764
65822
94211
4148
83226
99070
81023
25830
20114
60942
99809
74477
4171
38439
81674
56439
41141
12334
464
64386
72397
72677
62009
53105
3308
18936
47527
67516
21442
87550
94836
29093
62882
88654
50868
57548
95134
6268
97326
69477
78658
22362
83051
48078
60338
7124
17363
23997
49157
45828
42226
7143
68372
11294
11543
11107
64991
58005
8700
67187
2242
12163
9567
46959
5230
70007
98920
20839
8666
84311
61403
85800
34326
54716
71992
62602
94463
75122
31156
89044
4042
24450
59019
27749
71722
96896
96848
90186
33559
54162
66731
84281
40998
30406
2087
99192
2823
21368
81885
91567
24281
80664
9814
21736
5556
43992
35894
37951
91146
49252
64346
66973
38261
4671
46226
83091
79415
86273
51555
97925
9390
94007
46216
63991
32039
45799
31648
81959
54560
74047
96258
74229
32424
75514
40395
43679
25782
16047
51081
12545
20420
41549
12936
37277
74215
93625
8803
9445
5513
13790
37061
17979
96118
71329
4370
82748
96184
22889
9340
40384
44893
19347
56891
89203
21380
57900
89432
42344
17526
59791
93114
3491
60016
11977
6599
58036
1669
3189
55157
72840
95893
77895
13590
14310
49142
43629
14941
46472
21223
39421
69595
82306
56015
89213
12233
21820
13138
69200
7843
50302
22783
39146
52683
12078
16005
41817
73946
55586
83080
18273
36361
95152
70841
22610
12695
67534
98395
82178
75684
43038
38425
849
82107
44672
31356
45174
25057
19534
34026
56521
86539
38365
64249
59824
45091
80292
12627
5035
58367
41224
5393
50807
28239
19079
31630
7987
74318
59830
12994
18790
69842
58102
1696
72422
24056
55215
34288
895
42694
27463
67652
73265
86325
40763
89296
42760
69148
44159
46786
47027
58037
32554
57152
78461
18510
7361
71618
56130
95525
12213
64780
1376
41062
56089
93257
18543
60617
62561
23117
39976
88229
26190
87949
53148
70158
56605
55409
70494
48023
23835
39355
16814
68149
44416
63936
53133
60558
90019
71846
2426
99353
98318
5186
62304
62392
68340
8003
87969
81071
45892
448
20830
98111
73735
69629
19547
46360
52434
89091
35488
17394
7903
86858
52507
7182
29663
64494
2440
3272
8339
50051
71279
29315
21234
44220
74834
49371
53519
13974
20592
52034
35668
3851
13330
2282
79686
25175
72067
95153
61103
48495
42861
6640
66215
32760
12517
34124
26248
53201
82005
20690
70378
6554
36939
34652
58635
88158
48665
48409
9883
54612
10383
30228
26836
24250
80054
10957
48040
54494
6330
63514
59531
78207
33256
8992
57834
49008
77387
25403
19219
87269
68256
65731
47775
22956
42303
45190
9378
58402
49769
40592
14415
67012
24071
1753
67482
4172
50433
32084
20076
61884
26241
71075
68578
50536
73940
9080
47143
39691
27049
18769
97014
47952
3518
11941
64007
2107
68417
83005
37270
10021
32346
30032
48124
30447
92981
60141
58065
65911
24983
76948
21752
61654
46161
50384
79605
89956
70177
83899
71962
32803
72145
61250
70188
84561
52373
5656
21663
28593
89485
67527
8594
27838
3737
61556
15418
40667
39062
47810
67660
81028
85670
97895
23032
92463
61989
46509
39431
89249
78182
62396
98267
9018
28654
60877
62897
45114
20901
57101
64707
44074
97231
9699
55950
40049
95119
16806
43260
21294
4961
73134
8560
65191
42222
16779
46600
94222
89817
79804
32784
437
73799
3780
2494
21705
87730
59273
64424
39395
91356
70724
51504
44613
30648
13992
41507
97601
73913
48803
84206
7694
56498
79596
75519
15640
10839
94637
87655
50708
9686
13461
23408
63729
84765
15746
11191
96919
28792
76209
39500
64859
49649
86418
52684
44027
83999
14898
81000
26306
98115
72018
78116
25489
45450
89470
68577
84430
1571
56767
90372
2570
38764
15503
11495
88664
4930
43396
37540
24802
79256
63828
97257
98453
57237
20165
90061
31427
45562
76023
83805
11752
7184
72115
47941
95398
82243
60697
81885
41159
76583
31533
84174
36598
1730
49388
47240
36996
53646
36702
2734
1420
45636
69217
50815
79805
81567
93631
21071
11032
57627
96892
19315
13668
28723
29472
64325
38738
68926
96253
49365
43921
91229
49194
88685
22776
16432
21993
20158
68980
31053
88698
21561
55864
33089
52296
97926
43207
12408
79454
58721
75031
52688
20895
27972
50478
83962
59369
28914
54390
27470
51332
13129
25661
67345
91579
75388
98671
88443
7117
59965
57669
73926
76104
62927
10631
21271
4215
9160
66050
69372
2139
90548
13796
48926
92101
76007
33835
62553
29882
14763
15191
37998
73492
45486
31298
95905
45948
98408
23609
73088
85827
2838
69054
98192
61906
70829
4501
23616
53188
7216
46307
93716
22373
13525
87556
62636
20758
39703
14022
4940
86480
22259
10447
12528
35062
56617
83490
8688
81578
35304
80270
9063
31307
13295
75714
86455
74947
71006
7521
3313
62120
81863
61518
19408
76702
48215
13982
74975
61494
58500
81349
73499
9125
50430
96760
85152
50162
30707
79397
58025
18932
72855
81358
78687
68695
44617
88764
78398
80510
63934
51101
17508
7960
65403
63714
40167
6867
73024
44809
91873
39800
81867
1869
51910
57897
65487
11690
54267
30899
25892
4568
85428
84469
61635
2276
74511
93687
71606
44590
94380
28558
80426
32759
82322
7626
81768
73131
7525
74013
33613
57833
67057
59290
12465
95676
90361
86144
94951
45235
18970
7155
79917
94978
88296
64690
89872
10494
25213
93800
22146
2433
54869
92992
69891
13957
33495
19388
97410
51762
81678
842
98326
96627
68030
849
42175
56949
64257
53566
15835
50556
74311
73181
89587
93882
6594
91210
21056
88870
42834
78204
92984
53920
90456
42991
33331
88826
40266
93498
42713
31203
88501
9491
48724
84928
80116
38288
19978
10329
17895
63103
9120
23240
80042
35032
10512
74664
25032
12812
79997
86512
38092
36402
50884
44129
56762
60678
39693
8909
43533
15067
80473
71054
47287
65855
66836
7986
95122
65725
31783
34577
14408
77124
20751
41352
81169
45640
24566
33496
76216
70895
77827
76436
15815
70921
37036
48771
43548
13482
62327
79504
76279
77229
78590
90655
16624
36189
67461
4660
24869
47529
17496
57031
70401
62435
53504
37933
10683
53405
18850
66849
34880
4488
92503
62055
53501
94973
53968
35733
48114
64240
54476
11321
47760
55335
66583
80447
14343
64920
1147
93098
17154
80166
59539
68324
17146
8933
25028
18427
62930
31919
36805
74323
11090
85437
29261
65873
38464
43311
98106
17702
70373
92086
78073
10085
67444
60398
12389
41777
46535
95769
14829
3826
78710
88046
3359
29599
46519
19993
51827
99492
63794
51446
59956
41001
50482
12666
47813
60674
7248
59289
96025
34555
12818
32969
90092
50780
71764
42870
49694
75682
37472
96011
56691
87786
34170
69195
96685
28853
12772
75218
49082
55246
46418
57516
21098
70290
89020
41056
66141
43152
29432
7485
67261
68338
47785
85433
52419
27199
88997
9007
21723
60500
35384
46111
94296
50107
98907
1045
74272
50893
3322
82090
11587
51534
79526
23338
48854
88361
13389
64406
54036
39222
80294
58512
98723
70055
64312
58575
70427
62630
75307
44659
42429
3109
67303
75628
44252
3626
10769
71858
91373
41970
46639
37874
97269
84408
26304
17352
97315
35682
12219
33242
60262
12291
21672
9342
24973
80382
97222
36601
50429
40745
46134
8642
55372
85541
32460
27990
51448
62171
88009
67907
9265
66933
37685
29446
28355
90145
96882
56309
24608
96129
91096
30885
60816
43720
68626
8298
46147
85775
84383
77246
35829
66094
22481
80435
56942
58345
4311
22999
24660
61709
53146
17972
80378
50800
498
27819
85821
86859
74076
2911
1216
50723
61802
91609
84085
66701
9896
27216
56636
37063
25174
77277
57656
26871
47862
29863
23189
5219
78135
21787
16685
21830
4140
47420
46560
19135
51830
90767
49220
47964
38956
83948
8218
93271
88279
23421
97279
47223
1688
88162
18250
86758
83471
99262
53667
17541
17133
82510
70660
71484
83037
63463
90594
44892
94085
52035
79093
32684
98510
75605
4848
30906
60572
82301
67148
4258
31785
91200
38371
86816
81149
41314
9119
51612
39878
50322
30547
25561
26053
79270
24892
98870
71987
44375
68966
39792
17968
84012
10449
31651
71381
64983
44049
53366
30401
99687
19884
30533
66853
29259
8042
17462
66745
52541
46360
45715
14623
7870
44742
23162
98523
41616
59465
46044
12526
89291
74121
11612
38200
96593
39987
19364
72047
18536
870
29623
34523
22659
36812
57835
88485
45011
74869
96932
46233
4779
83563
72086
49437
65976
28126
35643
16529
47764
83697
98081
38811
78383
81214
43083
81996
97868
81588
12494
44028
52500
62807
69628
96922
80083
38477
66572
13087
9852
11070
75229
71243
35956
38850
71301
68282
78992
81352
24445
86349
32543
47421
70778
84823
21806
73159
53163
58228
12361
88128
98409
99161
92888
4499
85669
99934
41628
37101
27030
43568
53548
45374
64771
76758
51522
97741
86826
79864
21326
69083
18083
17402
98095
79803
78933
717
65205
81731
91075
19136
80958
74332
81449
76820
2346
7439
2315
22975
55998
65238
60268
52844
48308
41540
78105
28260
11242
8507
66791
72227
15568
39747
11153
36588
79863
82873
30792
86263
39441
17043
46705
59303
97707
15864
26801
98110
58417
75298
16191
35420
6890
32482
31198
86757
56965
27350
90
65670
92508
20964
67433
51775
52445
43060
64647
1633
45278
29407
3617
97355
91834
31562
52455
63952
40701
46457
5421
6016
78735
7284
45029
14463
46771
36554
35234
36190
24702
28776
96768
66737
32177
19024
23598
59096
70974
52113
56906
90055
85478
63496
55708
7919
62557
30987
8927
3363
69098
20373
72885
58843
21485
93530
544
29169
28764
26262
52562
91114
71079
33021
61108
73152
8686
73629
3810
44952
47923
81706
82825
34981
89420
29642
58533
17414
69326
83023
96303
92021
25623
15948
34206
79190
86971
84091
81369
45897
93465
3689
28347
82375
52797
41172
29642
3634
14664
93160
75704
88273
74377
44463
19975
15684
18762
2715
94004
65853
38631
20303
15162
4491
37537
86442
9149
53738
71545
23038
28919
9120
76916
92387
81634
22749
2575
55746
40
94305
19334
64594
95575
57663
98097
81750
70893
87617
21893
85084
22066
58394
17942
2947
51988
5454
94059
56824
23772
1894
56850
88153
69348
73949
76629
32651
1033
69727
3470
15723
34162
42953
73142
67828
41787
77898
93059
95457
32368
16169
43999
73201
31729
85308
73379
40627
82274
1874
9070
54386
24092
74783
11288
32283
65365
61865
31995
42436
65547
18680
95191
7258
65449
84051
4138
82583
36353
22452
43416
795
19536
29867
71544
4357
67753
92269
54851
77103
47091
16196
95217
48998
35138
54794
40091
86277
55889
43633
21097
50912
92014
3115
3361
27685
8777
98982
55241
82780
16847
75284
66261
95486
9021
89031
22287
42064
90641
35679
62455
23135
20814
74620
58293
30211
96124
30199
69011
32593
82724
49526
73652
25268
16150
26877
7564
43230
7611
10392
78185
10307
86018
80289
66204
89186
55391
51931
86101
79844
55406
74785
25123
95112
44796
99454
54947
32188
16978
90551
10857
28036
23976
1170
4137
67392
73068
22297
18895
76806
87968
73814
67985
38498
809
32366
84590
97864
12973
22952
89292
94039
11441
74965
96079
60848
72280
20136
90119
46469
62809
66409
61648
4060
80004
96867
42062
89948
93222
80518
66496
81739
3692
61958
65041
79752
45188
99531
5086
96911
32481
85884
99226
82200
61064
11580
66219
98749
19615
79579
71840
31888
78538
50397
44577
31331
24294
38818
91641
26440
75683
79425
22512
69155
69033
90483
71653
3896
75485
90077
10468
6021
11955
6117
45222
51448
67009
40525
23591
54057
68811
93778
5898
85408
94400
1988
83321
98106
88695
73637
60117
68266
21652
82819
43592
69666
35890
67431
26506
11473
51192
91064
20739
86057
30830
9831
52902
97607
12222
24253
83975
16596
51307
61386
65045
88993
64751
7085
89045
482
87670
8207
11279
66131
98384
80599
63632
94377
9398
59986
39163
98508
88674
45918
60018
99499
33828
71834
10541
64387
84720
74033
32375
52222
10211
97057
9172
53684
82840
24547
93161
32195
93558
61831
66961
90035
72640
6696
93941
8911
65984
50529
50021
49018
65833
66370
60714
24039
82538
67241
51466
35483
56359
63415
22736
13710
53607
12780
11171
84795
54675
89773
2716
19598
43636
68643
43610
85072
51706
44944
75981
97147
43598
35975
24169
78255
349
49837
69730
63513
90338
99076
46080
26504
72026
1237
48442
60678
7071
7114
29503
67057
32484
30317
76263
1381
5989
76412
4196
14464
71096
45051
44017
85856
57377
3246
2028
91187
78486
77789
90562
11743
52389
31195
77889
14070
56908
70567
95049
97831
48960
89910
17339
59280
26828
19290
79259
93219
68046
62873
77960
63859
86563
74140
47753
1542
86613
14998
38926
77761
19323
98829
90199
79326
10298
44626
33310
49753
43286
28482
87056
62996
67269
67930
10069
87010
24373
1979
74953
67269
83871
88088
37846
64983
4902
98881
38840
33905
48426
91143
20191
10773
39752
25462
83474
17901
84401
80302
68922
59046
47565
5843
75095
33266
1979
35799
13716
93359
2357
32053
9280
59061
23883
38061
63210
46380
92759
48040
66217
35944
64807
19639
84818
30728
6551
44248
13173
71473
36601
29274
23029
45034
17738
15183
92545
57232
43872
5035
29292
98491
95537
47624
84507
44668
72651
48551
70973
51509
35775
138
79904
78915
81416
14663
31957
27525
88695
23205
8805
66414
58083
55834
94099
15077
36911
70500
94115
22758
93593
17908
79344
35494
48254
97410
60468
73198
90207
79646
87990
37745
42282
62325
59817
66742
69407
83810
97631
66650
35512
29047
55356
5102
94085
29876
32079
67314
35620
96569
39069
37049
15815
44241
65246
61749
67094
61297
28744
66338
44438
8196
12076
1471
1723
92235
2199
26271
916
20264
79408
32882
72588
64516
66320
24155
48479
48653
45498
75151
28127
71196
60234
5061
78803
31666
14742
9750
15666
1656
23291
82757
35291
56703
83112
83823
90981
82418
93458
19458
33578
47311
37350
83253
13460
54269
77102
28886
37095
56684
63509
51340
96766
2982
73679
16704
16083
67728
65640
23999
25173
31000
40312
51321
84225
97043
34690
80218
83147
47878
41471
76298
54178
67846
65111
99700
17978
3062
88767
48766
62607
99420
84721
95462
93
35944
56847
73066
30636
53283
94106
49972
73739
48177
92275
53076
9067
25827
34679
69967
70243
56892
62389
99219
81780
37088
11092
14253
24576
25415
51933
5278
18349
77850
34200
81231
79552
31528
12680
98173
71083
83914
37410
88228
38821
48643
78077
70875
42125
50981
62068
67796
34964
6055
46863
11657
37016
19230
95957
56629
43486
43588
6513
57260
13317
52478
53864
86761
78260
2775
8548
52852
70480
73676
71465
2872
87462
46840
63981
98570
57450
70868
98912
94624
78870
91483
7091
41577
11107
9405
64971
56243
93321
45697
60324
42672
36788
84508
1971
52331
8748
37908
5839
2305
1129
40654
47558
67598
81275
35141
45345
24632
25674
92813
81507
18449
37350
79181
31650
17992
73284
17733
95879
43560
75689
11949
84362
88137
63385
62201
23788
32798
249
13693
41800
85000
99310
3427
6504
63954
49498
75607
76590
433
35982
64584
59295
53053
88131
99829
10267
98476
13400
99437
23978
29726
91475
99258
46520
49926
75898
36199
82290
74345
98677
96451
78294
22853
66049
56068
28802
4929
18987
5182
18019
7982
13140
98818
84432
2688
62479
64717
92586
71565
24327
44059
69813
88033
4573
2653
23650
50622
75840
23854
20558
48754
37118
9145
41696
15059
51777
12516
70914
10499
7597
604
60847
40711
645
31310
21675
78941
28885
59250
75227
11758
88639
10570
81571
47411
72820
53215
33590
28435
28032
67874
53350
83358
5718
43934
46642
27186
66910
26390
68653
14064
568
83371
72512
68858
14467
4439
7667
22573
81465
32897
96946
37976
4083
21279
96387
93491
98009
90731
38240
88655
38942
85252
74095
21233
58545
99510
77280
31872
78611
66440
48001
13986
68875
8554
62977
5459
9993
320
68817
48398
28929
47678
72951
11033
4966
88006
71935
1906
47699
95785
17614
2206
11100
15965
88096
22558
73366
89489
19957
58978
2397
18245
27302
16951
16509
63167
31676
16406
16557
34299
33858
23574
62692
69821
78614
42492
74726
2560
11150
60754
46917
70102
55190
86500
22425
77307
33698
28785
14360
91984
8681
68017
51161
97682
36438
20880
34196
41107
92886
8518
75244
11072
93304
46574
49282
51096
64593
53666
79445
87441
68697
27620
20011
83536
15282
65341
37641
81521
69032
70958
11008
6008
37894
10686
56740
50772
34365
57531
57119
62241
8483
89052
1474
2917
47325
98304
8995
14115
98968
76922
70405
3666
56070
83521
65702
71279
60787
59079
88136
87227
27062
8993
42352
5960
88482
34551
32692
12391
57102
18254
10381
90117
25825
36800
87338
66456
17066
8354
14453
52089
68793
10428
31916
45573
61815
24029
60221
15578
13817
7204
10045
75821
136
36492
53064
15828
24336
51835
4769
19342
35096
70579
78493
75794
64674
37323
81555
22059
7908
98915
52340
86866
9667
21488
73333
13311
86
25031
20286
54190
12743
83142
8126
60393
89131
72503
97582
2916
65065
9585
28531
45655
24089
23604
54164
80394
30524
73394
9225
14699
87709
85355
87921
54748
60871
21448
99692
84803
46797
78558
87157
80914
73218
61231
3159
28730
27271
92266
61352
24532
61834
75821
11561
7126
58832
92570
84917
90286
41995
50943
81377
64720
79812
43433
34999
893
15649
13085
42763
77687
17508
27180
29838
49121
11696
84740
70297
44138
84099
22554
60301
1751
599
83640
42391
42973
47924
88059
5049
8881
78166
98647
82956
63124
4122
54209
70865
6434
37109
18144
91109
90468
10198
4440
61168
73771
40543
14292
77732
965
70730
23920
48085
72741
23545
89147
18483
63392
30427
26368
83970
29821
10341
75936
62771
56644
93959
45147
99777
50730
13207
17313
46487
36097
9899
47620
79047
14965
81531
99615
83316
12786
48858
37570
69455
22775
48430
85055
88817
63771
45721
70860
52671
37792
41782
8950
18134
6502
28786
40383
14509
91412
39945
49732
92088
28867
12306
93563
85014
30755
28715
18198
93998
18832
63121
19890
35387
37957
39045
92255
9315
98162
38663
62416
30810
10615
96772
42353
96181
6280
11387
78374
1157
14467
87786
58948
35545
10575
60242
78269
21830
31473
85620
73438
28682
24841
59442
22502
47967
34277
84802
54094
52825
41896
82174
8778
91588
83620
95249
97251
71844
48304
67430
54982
13873
13040
97386
46938
58422
11783
69919
2614
34253
76411
56497
78120
81609
90795
12245
63482
33899
148
44109
24463
87712
98130
53427
96248
76451
77806
25009
21770
43301
68546
83612
81990
2266
23955
81153
59350
28162
20053
8852
64159
22619
51338
43818
60408
15173
77583
2673
56749
44484
35311
70562
56435
80581
49544
18957
9892
89349
9914
9286
15553
35133
44613
19255
16935
45233
29266
90910
65164
17004
63600
83888
61047
74600
98402
93913
91615
13000
16622
97425
29327
49015
11268
15385
56452
17890
75152
28777
3479
79242
67738
72841
30246
41388
84502
2227
45947
95287
82789
92886
94188
88369
4544
36271
74511
32603
74085
17241
73141
3355
4136
77829
66728
10117
2283
56294
67589
77655
52201
35617
50511
19164
55739
29388
82415
26786
47978
21483
92572
67610
22633
47486
80690
58086
16908
6161
53851
23887
10169
78599
56668
63525
88753
48053
902
87030
45004
66369
33113
46298
96243
8170
69556
31946
24282
25166
80522
24039
40163
74280
48261
29496
78321
77100
25465
35547
43209
64674
11431
7833
87627
29931
80822
64684
11364
26229
72156
14448
49996
93679
39958
49336
39364
42595
96457
6351
323
71929
6135
4370
95215
98903
31828
77499
58180
56619
69155
91248
96004
31528
10645
1936
29795
52442
53709
28640
17840
66374
60747
73089
80792
93218
84531
26336
40185
49902
53732
25037
93451
33023
26796
75813
75359
19732
94710
67755
82250
32699
52826
98478
99310
70640
26885
30186
11218
85864
68098
67764
90408
31852
11802
67621
73118
12450
22558
84739
51247
96106
99347
87839
30294
68687
15691
59732
75859
39075
83343
67538
63174
78224
74680
47270
7187
17695
68930
72143
5780
20555
93956
63784
88577
91243
49698
15795
85430
65818
98342
94818
98741
8198
90418
49080
67371
24725
24685
63991
17813
33416
96318
51789
99355
10702
69506
44251
89681
90882
3612
3105
56904
10034
14159
12196
35514
18777
58521
8425
9944
67767
22807
63964
51900
10617
33687
13501
64029
55571
46447
93402
1087
44167
83542
17343
88004
62368
40335
34637
82907
18625
56596
44670
5250
65503
48049
91894
84652
83276
47517
78597
72016
96069
25252
73576
41531
65811
30842
6597
8054
98386
19885
13963
7439
18306
80461
50306
65390
27298
84030
40569
2923
16001
35015
92944
73765
30546
40990
21672
90169
95198
82963
41327
35005
67206
60679
12947
41453
92474
57378
75170
5592
98950
37252
43647
4731
90421
64522
30012
47636
24689
10362
60295
21783
15635
25380
5927
72173
18227
34434
87564
60010
13138
30408
99092
75800
22785
99162
75248
19371
97720
39532
86220
74342
96010
5888
47918
1461
47328
83827
65621
49343
64556
80261
2167
39473
86479
16189
82472
89447
68219
90039
37963
72169
42072
88128
77883
27155
44765
8304
54222
70494
82083
90470
96402
55337
61550
78430
20916
78347
85735
51204
7767
82654
85655
61101
57714
54792
82094
8001
35911
24272
13091
83874
58330
81713
12306
44317
68618
69816
31335
30215
83478
35141
11791
13350
51296
4631
28853
34209
66140
42583
51481
75061
6584
62126
29217
18733
93800
69369
8999
68225
24671
15383
64699
67863
67783
43924
41634
68886
60109
82872
88559
27929
31565
96392
73759
55655
73526
29912
61216
11369
89890
16635
76667
58329
74530
14108
39310
70736
62040
631
16522
3319
76998
8843
85139
69132
20173
57390
59328
3899
88335
32623
92144
8150
4900
49151
64440
10019
99662
18297
46126
68656
64459
65795
13080
82857
9501
95321
51962
15565
63537
54471
38751
23585
66235
14765
43619
5495
48652
82594
63879
20894
59190
8905
83991
94248
9261
85
45310
74749
54368
71892
22513
88400
34287
98524
71895
38000
40530
49829
31879
24092
48656
67349
72756
5399
63897
83796
92739
57503
89314
89945
61448
5537
53093
7616
99550
49646
46475
37183
50172
72761
52285
87436
80642
31667
2959
27810
65274
34523
70676
73723
50049
38061
44158
76141
23049
82001
16223
85806
47389
80380
26197
62318
48563
6340
42923
6397
14919
60028
59559
96988
14977
76334
78616
70022
66900
45653
98676
36723
53576
86716
70012
83821
95991
97006
44761
73318
59823
69763
75208
80091
46107
76636
3578
81137
11839
44368
94731
4882
61054
68075
56014
95648
46233
62817
43260
77794
89902
80936
33583
15255
25954
52522
56615
11921
83779
67899
8084
32817
95087
55474
50274
49227
4752
62165
53631
36607
90815
62430
22467
21481
51379
32252
15665
67397
4932
82883
7133
6096
40436
85030
26665
39909
8472
90557
23693
18717
31539
61860
15268
14648
3092
93104
16123
63035
59114
82594
44221
74292
64222
36747
4986
91526
26109
1119
57189
79291
37777
48281
70396
24276
76766
17130
78086
47453
1392
21063
96111
166
7784
71061
68627
19929
68603
90694
54544
68157
13966
69831
5697
61139
23643
78407
92040
36339
5908
40340
41597
11776
48437
43203
38163
65762
55266
63786
37846
34993
80070
53478
90197
34180
58517
79133
22952
48215
59519
36142
8220
53566
94286
85436
35322
74668
40034
69236
80585
90432
27790
56917
18093
30948
53850
70040
32259
57219
18520
23693
21470
99565
79654
85076
53780
20297
65595
80862
82895
39070
57988
19455
66836
84587
49922
14444
97099
39949
25102
29986
81699
36882
35547
19000
69399
80327
4405
84598
50644
64646
82373
32010
34955
81294
16566
63482
14569
77817
35689
21125
35497
48983
71772
57507
54740
617
75043
54186
55768
43063
91061
69088
83082
83740
93288
47103
81079
48764
97612
36721
63851
97218
39248
31650
68475
97945
14549
15777
43329
74721
21056
7300
56715
62650
47400
64727
25380
98685
89756
58077
12064
35195
4760
39583
83744
965
4974
63354
94527
43853
80439
68591
71451
2157
22000
40088
47387
17604
69464
98167
42107
91523
22653
26478
65534
37148
63895
62346
81853
55582
32234
2624
92380
37977
41107
7603
62700
94844
89364
20885
95276
72795
11640
91433
33398
35879
33744
47337
48082
93998
9801
67093
90923
60369
42851
63911
15759
5083
1800
45186
660
47812
19821
86919
61632
25019
67914
88030
77389
42565
80143
99940
45350
22969
73938
31073
29807
16262
55780
33138
50379
778
473
42891
54366
19858
74557
2037
19872
32583
49512
59608
34131
35206
1697
75304
74390
50207
55362
66981
5810
69082
12427
21903
21876
81536
96188
11930
50010
14299
69134
9194
6552
98430
10121
28580
52337
73392
74205
70569
10554
84211
76695
13624
26857
68105
34082
33802
23729
55704
75539
9258
23683
13082
69384
47847
90605
26032
31098
91203
22497
16477
82727
10952
91962
31217
71487
6789
13699
32318
47263
79996
70799
21847
43279
8182
42257
6326
97768
14451
12691
13471
16616
95439
57521
82642
98583
17320
65222
99619
60343
22524
6280
1781
43670
24597
80963
74789
54370
29528
49742
92722
3215
34071
94087
36488
58709
78175
46489
12924
97630
87385
82319
51865
48020
19917
96471
81160
13387
17830
90612
64548
16894
48382
87925
16030
12810
1290
72996
96076
57587
77111
79590
43742
52012
58770
76499
91714
77400
3242
17349
80785
77455
84685
54196
70421
39478
46920
30913
24416
45688
77830
47713
71487
22288
11437
84231
7882
78342
28087
27017
3914
65835
95840
985
58388
52954
82960
36089
17122
62937
12628
52328
9875
85184
79091
5628
75987
596
64723
66793
34043
24635
60477
83834
11894
39437
27896
76436
71485
8027
91075
5367
47973
23991
70770
13051
27569
15937
73293
89681
74324
20115
67466
9437
88335
75560
84073
42838
18752
74220
82623
18101
43324
24378
45528
4492
84903
69430
45213
32950
86824
22006
3412
10566
68099
43400
70630
53445
58777
2559
44477
65260
18104
32606
38211
95323
27581
68877
68742
73421
5225
62625
58018
79561
24337
85517
88190
92818
77065
85173
96699
959
77681
97399
17169
4957
19097
84618
55840
96167
62863
3413
46053
20549
71375
94505
92742
6020
88982
7593
17226
71761
12616
46410
53015
78088
25106
25857
88133
81166
70041
54834
38347
24321
39937
61055
89477
64370
94646
95389
79122
19331
6843
28809
55333
46891
26411
8536
73901
52278
5170
55610
11918
45706
2477
5668
71254
97395
68305
73278
33716
78813
2418
22157
71968
15210
67154
50833
32943
96794
31044
86040
61161
4570
38789
12996
13547
47132
25590
55584
44448
99430
33273
57274
61800
42814
22277
55708
43529
52313
26350
53858
46615
46398
25325
95521
53645
96200
88869
68093
52496
40526
38942
52373
60480
39464
5007
38850
36576
92822
67316
79710
8414
14921
30228
18081
5719
35365
35326
57015
28751
85373
37363
62153
578
7711
1306
81555
10407
95841
88249
94452
87520
52570
5109
72943
67390
67065
97820
35027
90726
41262
82284
14581
48761
12242
28446
89213
24419
28273
28632
94512
41009
91716
29932
77297
39112
54886
19143
31760
41751
50347
75712
82888
17005
69357
6756
6280
92532
27065
47502
92467
82913
43612
24710
89203
85626
71296
6511
74277
58742
72414
90251
36117
55496
12700
44616
68577
69263
98201
73033
70037
24107
8492
68949
87325
11061
395
91054
13320
91067
67869
71912
24328
51512
88466
3708
82022
81528
55599
50466
82679
78957
84373
77958
87667
96283
52698
30116
31193
30674
82853
93967
43666
29400
23576
6408
74342
17416
77971
529
10170
80932
55786
87971
89405
3705
10310
64161
49344
74763
9707
20179
25564
5138
89505
60225
28183
77765
11073
6316
8552
96708
58570
473
88340
4471
83460
97911
29061
27104
32490
52806
80369
23445
46192
36406
3898
1709
72096
72338
29881
60678
4761
1281
29422
94893
14649
55889
13913
73086
48902
65594
11510
83979
90955
34293
87142
30111
54161
47244
55797
45281
79005
79868
45837
70210
56446
39959
10572
25525
36803
72039
81416
73425
4799
75114
33539
34991
75670
61452
7367
58109
16062
79090
67066
7490
43213
13509
59577
29573
57357
13472
12549
85063
70399
86021
68475
20817
18054
9966
69527
64193
76595
47057
86283
52491
49122
82368
18864
44531
65162
26920
40340
69743
27838
6351
90108
4964
16411
97769
19716
65228
85720
23682
36950
91309
98916
77448
40088
62669
56908
51067
72542
36444
35556
34758
61803
55952
16276
6820
70886
33021
41799
97141
96626
80487
23997
6804
1342
29358
71490
32387
91545
94568
75071
51519
59105
16482
16217
92594
47498
55459
21278
68309
16810
25548
20372
6583
66460
70782
89735
63372
87595
59952
10449
51432
2400
68159
19986
61765
31619
63361
99028
8187
65177
62755
39570
33230
56438
58078
71271
40798
50937
43283
27496
31516
56789
33720
84634
57577
57877
36096
81802
487
14509
88810
11794
39025
75532
6318
57114
28595
6681
29561
92925
6186
91847
16513
16235
38358
97908
4211
76204
96140
56517
54712
35180
8390
93566
80831
96072
34361
28161
93711
40736
86654
21588
88124
11794
9510
84261
35602
17596
28631
78304
3169
59554
98968
62669
54258
13341
82587
93149
54221
30585
94661
14167
9035
41496
83437
75518
84453
73770
42524
9198
26470
50504
77268
31251
73891
77519
97734
84191
31774
53420
97890
26518
24457
99331
7561
28112
43250
62837
22130
9588
27152
24273
36143
93141
60086
14274
97669
34407
39925
92133
84648
85386
71101
67465
60198
70975
33011
44917
80612
72244
11385
69346
91392
31288
21098
98010
21872
2727
44472
81400
65567
20027
68224
54206
75914
44105
20888
34297
94395
23420
98206
59710
44722
86156
18577
33179
69210
7171
96417
46822
97480
28475
49046
2105
72707
74534
96497
15036
52024
18328
39254
87846
85964
19097
37927
68518
89934
18311
55424
45130
89756
98850
23936
90816
73131
5194
62860
3264
71072
69344
14269
17122
44901
42675
1858
68488
79452
70786
19095
12875
27849
84865
94277
25317
7883
84373
99550
34801
68019
86686
79181
71323
90746
53648
59977
90520
95039
73600
55337
44062
6049
72013
33470
18167
66357
63695
92756
53346
84281
71241
84605
74758
98516
91553
5959
34175
35612
28259
29684
42809
24809
72078
14622
59102
37382
37924
83768
77743
541
8083
20132
63234
53451
48677
29150
79973
15393
6918
39423
61760
53456
62683
83275
30412
62512
51776
6890
34045
66822
13465
33638
77934
29395
10146
99760
37348
75625
96972
49040
41609
34778
78301
53663
10008
19306
78103
63102
14313
75442
15142
26407
94862
78309
1010
53955
86980
58735
85305
52064
99867
49691
15756
98628
32121
26269
7561
73620
7164
35356
13848
75843
7177
83965
34102
59352
63258
96464
88749
41475
46412
60631
7439
60434
17797
73744
76338
29248
71766
56966
18159
26510
76255
9985
44717
16949
30577
22541
47316
31750
24590
37961
64047
11323
31395
74115
82037
82813
65760
30770
83783
81440
19879
68121
24222
48571
40002
52137
17101
99159
94918
40694
54486
14958
64964
95020
66748
93809
48774
21329
72988
80763
49469
71107
80407
35990
2362
71490
58058
81102
47284
73436
52385
92612
31028
31223
58696
70163
53147
27633
14280
81406
4804
19306
77878
13464
68555
15224
92797
43413
4530
8104
47245
7585
76610
56406
33240
99165
34603
78112
3679
37381
34517
90923
8312
57059
95540
70399
77732
35478
76831
22233
50142
88733
38809
81363
33228
55010
25996
53238
46398
27045
90411
22433
40008
75900
22602
97142
366
55418
58113
4429
18889
94979
2298
6000
52228
49933
38703
10900
40067
1670
10624
26407
65792
50738
43415
69201
78317
10489
15836
21361
63398
62486
66408
75534
17655
76454
24384
24231
49242
33704
28632
52036
88532
91219
18784
72255
22500
95548
45864
64541
59291
70966
72644
51659
67975
14811
45809
82188
2016
30101
83941
90310
86857
41192
68519
59298
7666
897
64461
60157
23731
73710
81204
98676
5571
76753
84837
31835
20253
49211
15437
20710
23726
50985
4103
89062
73780
52771
81454
40339
84884
38182
29951
1180
24981
87861
87858
38877
30520
38012
81484
24587
91003
76694
32115
65480
48939
30314
84758
36343
47700
17187
84572
56955
6046
2486
36039
6419
96507
1851
18923
36919
30360
30720
94479
23271
9333
7487
82231
17444
78314
20359
96289
71408
89359
74171
56507
19116
74766
93389
3102
99690
59715
36317
74720
86535
88935
75267
65382
35456
74695
7076
67800
19096
43983
41400
24657
77790
50289
44646
73270
2924
64013
40645
27390
15540
82992
78975
52394
49527
60743
49933
68329
6976
37224
82062
33633
30004
35100
74281
14063
80071
82583
45582
42083
64922
9831
12559
71522
48502
52341
31358
9093
79529
75986
6328
28055
47564
42908
82596
1099
31411
59142
38198
99722
97894
37641
32830
94132
69113
83977
87835
84155
72632
48537
37715
59498
9230
32719
88193
68699
57908
43593
53648
4860
95731
86609
36096
19579
69540
90309
19266
47833
36958
14779
10922
43189
72850
64146
12965
2415
40017
27438
15829
31699
92898
41295
83397
70280
51705
98332
57660
35519
70768
91929
4449
34455
71792
82548
77863
84948
38660
51899
32133
40415
87610
16199
13864
54263
92305
72381
29842
37673
67546
44113
3848
8650
37053
58024
90567
75615
64777
42146
36832
28245
23997
9619
86081
21157
84846
88387
83547
67852
49872
71563
20533
66923
47830
36904
30036
35829
68865
17485
84601
36558
26676
7322
18857
6700
34508
84372
73808
93761
69649
46458
45812
25285
49271
94274
46387
2777
67026
56838
20136
66520
14106
33769
39152
67181
46784
1645
79257
82518
21184
13557
80466
45246
27949
82259
51186
40096
50046
44718
80292
57618
47451
85919
89248
67676
31843
86059
31441
65722
24257
4317
61364
70837
45417
42401
78214
70254
62587
27878
16180
13812
30665
28848
98770
65421
38091
22281
96983
90369
4189
99257
75817
63323
1923
81216
86180
49991
54274
35516
31169
34250
19591
35880
31616
30395
61317
92972
47113
96653
84914
29345
35750
15870
67905
62237
76026
12071
4796
27686
11171
63246
25269
43912
67726
24052
19557
23563
71732
26764
66784
61948
75700
13949
26469
51739
97106
78391
94073
54161
26241
49911
4153
84062
19372
75356
3154
73833
73133
25906
4524
52348
26754
1668
95868
37741
52400
69055
4178
7464
23841
974
26355
79300
43804
65577
62363
34199
53838
65450
55140
57163
63087
11375
61734
1076
78563
98755
25680
91597
68875
39699
7234
51121
26520
46879
16739
76271
44016
19917
51367
17788
39775
53668
4738
531
63154
54815
50598
33477
79579
39625
25453
29755
63557
96308
68518
41630
58629
46687
36955
69959
89696
38205
59077
76746
8869
66650
61410
89624
61603
43022
3336
38779
94814
81241
42699
82219
12397
42495
77651
61358
65253
36728
44155
92938
22248
56028
75176
88197
20987
6293
40215
84234
35919
22368
70561
39220
76164
17705
38670
26282
40767
12950
73869
92363
14108
69242
47632
41309
74918
74198
43356
71727
39393
98981
27
60853
76558
14459
13373
76199
91668
33631
18205
42989
88738
38241
11017
92931
37979
70267
14693
33104
13944
84251
32516
77235
7748
92953
92740
95961
90622
40130
54988
49696
6359
1648
63483
98400
31573
89323
15426
9965
49058
89267
68542
30286
78635
18722
61191
88966
53624
98829
48870
53902
66033
43266
81823
49381
99496
36002
33407
85450
57721
60615
75748
85321
98454
44957
76474
42599
96569
54538
79386
23135
94067
88546
85674
88032
94682
47123
94988
43849
4899
58728
57570
52693
36264
82435
95243
34732
5560
30370
92715
24547
67061
48752
48583
3403
54239
38755
73715
98309
51006
95296
96525
20469
29244
94340
45077
63766
6699
76207
40137
81156
41876
21185
92766
1966
85126
51248
57179
814
8091
72356
72288
89237
42840
25149
65923
36054
97846
29642
84421
30504
14734
68653
15741
79280
66090
57418
84708
68041
39054
23734
74979
93887
23006
71874
90287
25556
57661
68535
78310
39530
41432
7192
25612
72983
93987
83271
88985
91061
6389
91193
94296
86751
7537
74366
79147
55235
9506
86296
78743
81078
16805
8777
80788
91713
76491
39953
66348
14568
79360
8564
63550
14195
66672
19372
15252
70468
75290
75762
49907
80158
70171
68603
84681
19806
11454
81757
8203
91022
99373
91994
93504
85891
41962
52306
28746
9425
29448
80637
64181
97288
33108
52704
9880
28588
33524
85843
64556
23621
41582
43962
80340
30289
36836
67778
94848
84491
24105
66119
8235
53306
93419
87984
21818
71262
62844
29272
90692
31961
31517
95944
74414
46902
32338
86312
67750
11253
54913
45631
13262
56669
22957
88297
36475
73743
45148
5593
1554
590
67275
51601
11932
12897
17956
49488
95561
2703
74929
54619
43243
17375
31106
19945
65176
55079
11394
73183
4065
44177
86262
58403
41136
96399
32082
12172
71515
74447
69153
29828
58415
24228
32454
91045
32692
80495
51453
89274
59355
25942
87924
90469
20694
31643
2999
17396
74452
42188
49044
86801
57382
59485
19739
21381
45830
77988
67998
24279
76438
87141
31008
33114
69090
47447
90581
93598
30241
86333
79219
76726
51262
81755
99499
43343
67351
25603
92997
72504
22397
66866
58041
63859
99210
79270
20761
92158
31826
6338
37037
41960
15189
24811
83683
99161
48565
64385
90252
10553
51465
48988
3025
44565
66903
33786
61860
66803
55296
53465
60156
4970
87234
4156
90667
63877
26401
43622
23576
3207
59490
26414
10510
56623
37384
27180
86151
64780
31560
46728
24301
94495
34559
58266
75283
95529
92881
48316
93461
3100
11046
28613
95296
63784
67552
41276
67227
75877
16202
4597
56250
39075
81725
192
67845
20814
76407
16956
32426
82377
86052
99458
11051
81345
59303
51004
38132
99555
83741
55910
89760
72227
83253
54249
68227
19551
41332
19167
19952
8094
36291
78076
26001
75146
86940
89981
75982
6563
84959
81257
45724
32490
17203
90438
92858
223
17667
95976
15887
5213
92728
57319
84526
45954
55122
20780
21052
90816
20929
92693
52484
77235
82491
24557
68907
71453
10475
68255
8040
54144
15715
11828
91797
67884
68859
78908
41449
66493
40337
80682
56173
47082
8419
64558
43775
59592
38411
5769
3763
63622
65708
33325
36857
19751
47268
71236
78403
93553
2527
93488
65901
2009
2765
38556
69541
58414
69834
89552
12628
51562
64121
77561
80058
86866
81192
17518
96644
69120
30320
11884
4473
19117
11531
57549
87727
32627
19675
95057
16195
17761
75936
14159
64772
85759
44292
41973
79590
35553
46407
11391
24446
10250
39933
78492
16580
6237
47911
96009
64163
95731
56667
61865
45725
40237
89273
52778
41898
41469
93002
81848
448
79956
66034
4040
40080
42573
65111
32813
55559
65508
16784
53851
85133
45478
11060
33004
22819
39040
19474
32239
34046
81171
64214
51624
86999
96034
72278
6724
23925
3599
7647
80074
5730
12905
21632
97477
82220
12419
22731
27832
49658
26859
56331
79013
58651
59907
4697
977
18776
46410
24795
22776
82032
10027
25723
44145
41794
12447
51629
90156
73145
67427
29508
91224
28446
28544
82429
66596
46909
74711
2117
62561
36927
98691
69361
62959
48550
41226
62178
84109
50932
52662
50154
69211
47243
99900
14288
27751
28448
76214
31910
12392
48821
88990
26317
92470
25727
91799
86360
70607
96672
66800
3256
55878
2547
79885
97919
52051
19889
66030
60016
38905
39097
5295
91366
39649
77844
92452
59419
4670
34034
40172
24304
23681
47559
29635
29391
18460
53454
95861
12916
81393
44897
88981
45941
83581
27664
35155
51270
45554
28634
16248
35806
40650
11783
4989
58651
10892
63390
4596
6602
97736
39076
63880
20326
20966
29426
66425
97473
53406
26186
26853
74866
80972
47417
16332
4458
14126
66541
88834
76446
10828
37351
43141
90668
94277
83495
4698
4518
35899
94124
29272
50593
97126
21806
42975
33639
47923
20477
43929
57338
30376
22102
17675
42310
20193
59105
29188
62165
42422
23750
71930
6149
42997
44524
60602
49056
49074
193
85828
88849
13096
30395
97147
87143
63130
36339
99614
15487
36708
97090
3653
62292
60746
52660
80078
98262
77264
48106
23286
20351
27479
20375
37965
43156
37343
24455
97345
61063
97316
18993
89945
10737
70252
3717
83475
96742
94498
10205
51386
55673
31006
65730
54744
95925
50298
96266
75877
21576
35059
99843
72989
82285
8921
65473
78329
35749
40569
23166
75585
25225
12096
19699
52973
47452
70897
37115
83827
89617
5706
12621
66670
77068
11412
97809
60764
1831
60476
31770
62680
75486
87497
36454
73383
57009
47790
26276
10542
6385
81089
23532
82812
52160
50091
43834
56727
62184
46010
33300
90962
40728
5584
72583
1503
65220
22353
90042
77681
25871
83212
48314
50419
76921
55607
92096
98988
22018
34226
48040
23293
81696
19650
84523
22653
5820
30677
76271
87350
92735
98647
8056
92109
40812
55246
94034
86971
7120
98977
90497
71842
90425
31670
30439
69287
10312
58232
73075
58238
52521
77947
19750
81954
28517
71776
62070
10452
59888
79682
74441
90928
41379
3959
58007
42104
35122
41733
20525
84898
94736
81245
67980
83832
86230
89568
62273
12316
18263
77282
4698
40743
34640
20925
17825
45668
77349
61338
44491
573
91770
62622
67871
90099
86632
47587
15927
52833
8100
36619
54712
12558
62440
22713
71145
36919
95689
97716
55947
31499
15555
47260
13778
68015
3094
15144
87882
2569
85838
77707
11995
29449
21151
37375
20998
35385
52179
83539
96540
55638
52301
76166
20908
90097
7980
65735
18619
20987
34302
73665
83587
27334
34826
78914
57827
4957
59816
66544
40742
54931
57498
19163
32390
65099
10818
55285
82100
26978
70677
75703
27171
50341
73226
59806
87140
25483
68458
46279
27862
46909
55625
95856
10509
70848
31747
56170
59368
56599
32777
26287
45602
78733
21090
81345
83455
92657
54888
93172
69326
9554
33096
30107
54340
57605
64655
53813
26504
23900
35789
48621
73325
90385
57234
30162
31833
21496
20518
73260
93371
17100
13240
15145
73099
50381
11355
59301
37815
42091
995
355
90188
63633
95843
51776
75121
78480
24547
13515
78294
18668
40481
14198
18744
89823
3380
9162
15693
32807
74123
72176
896
31410
54420
87170
34861
5872
18032
98836
69341
62596
62163
76704
34967
36602
76051
25575
53784
22013
53909
23029
48010
93326
36581
63956
1087
649
9446
78049
65084
95269
13582
50965
7943
28033
39765
95395
65039
16630
97395
43661
71344
82484
20239
33344
8778
79687
10264
17795
31008
3307
16671
53825
30425
29669
42519
56371
47917
66830
52755
6421
86971
7164
80216
1262
62304
37789
27969
12457
98805
61409
68254
23129
1849
18195
60804
22745
16936
62523
37322
3209
40948
51593
56643
21709
90460
92215
90030
67391
88156
84117
19083
33151
53916
84169
21077
52013
24063
89888
97530
12304
85057
31960
16320
97871
39910
8426
34246
44516
38872
33413
92097
95100
13095
12775
18475
16540
24963
5517
10681
12212
77672
45322
85330
90568
37746
26588
10952
2391
25022
38298
34676
90364
15292
72070
25126
27371
2482
29873
49101
21782
70383
23190
42187
89168
92899
86004
61514
6898
77691
23470
2559
83202
88181
6826
62657
60377
8569
40664
38408
23086
14291
95012
14998
85065
13271
90467
2488
78587
94958
31250
5962
85270
47867
32873
88815
47114
31413
36063
95042
82382
14775
51841
84352
90538
80296
90732
16148
59838
4433
35738
7842
48331
9163
10402
39789
97260
59287
68543
85546
33212
66677
12850
35089
78581
4139
82611
93143
15802
11315
98758
82501
66933
88301
35685
91323
48883
24386
22840
39505
2227
30898
46886
50798
96663
24867
17893
21525
12310
357
65652
66146
15203
41149
69955
22735
19748
77237
60345
15893
85938
90568
42576
87031
47674
89071
35301
83330
60981
29324
87826
88968
4737
65800
49852
91770
69221
33286
29464
88388
84393
49574
50908
41160
7820
371
25137
69620
2611
32309
15155
65971
90121
45190
45432
29226
27539
9263
42712
73766
4246
84676
7914
98467
95255
17006
18224
89964
1688
13213
1338
10025
9254
85104
63307
58337
5714
32723
10805
18650
18632
8958
67228
33599
99384
56203
12625
10930
80685
4821
68973
64642
9278
56097
87340
10780
49089
71186
68096
32666
27108
18501
48685
49017
51695
16677
19212
61161
25728
33524
51113
44900
33494
73970
64021
5512
83569
19313
56413
78494
66278
50041
2730
56008
13642
15399
23753
79562
27442
79068
3394
56013
22408
25121
3083
87079
94928
44664
29371
98961
95839
71249
67209
53136
92565
65811
10600
60133
33442
59723
79701
82518
99484
66409
40098
95845
61619
6866
23814
76806
98834
60898
34862
4156
24409
86296
86675
97531
75619
9555
40382
64524
44776
86491
631
50165
52567
30869
68143
37728
98697
12675
18382
39494
57761
55912
72958
84285
80052
81001
99766
52676
73287
62962
57249
44773
39823
68014
27384
49032
22355
55762
89713
79430
55113
42162
18542
24940
60598
39053
14883
39852
85683
31138
53668
9089
25304
202
57565
89233
32918
42616
62232
92717
44030
68913
26554
11337
29858
65281
4214
64287
96037
12894
51486
69475
5745
74816
65597
1391
65178
5397
34764
21016
492
60842
10775
2060
78910
96230
19230
7773
21519
14967
75074
51059
30991
57683
90479
73919
36690
90275
36930
89186
26333
56296
71914
67801
94705
61345
4756
29117
53666
37430
39648
87357
76780
9510
89962
54772
23321
43180
78941
79723
52694
85059
61722
42198
58309
92650
48039
84712
59797
58590
72682
32743
22995
9151
64011
81401
13575
13194
86715
47759
55964
22601
47300
10519
85768
8217
7435
2082
70618
1085
13497
38250
1341
39434
13206
35780
13172
62183
49166
29978
68271
92446
3975
53740
81352
93725
95480
52919
34067
16286
22338
35500
8858
65066
57932
77403
11906
81903
65787
43441
77808
28394
38708
85578
99872
58517
2800
26316
96293
61999
58575
67292
40893
11373
66886
51954
33651
28484
12105
9664
26822
2796
21947
82193
11612
11011
29326
26109
97279
5788
55210
74152
70019
50617
10848
29879
31424
89090
46873
84584
85198
44836
3305
68725
65919
2549
31184
63470
98895
14188
63118
23021
97184
65606
56894
57992
18651
739
8743
7309
76358
49851
50116
21729
81694
63141
87715
11163
12910
39279
86631
94978
44009
66557
95916
39597
7747
85559
79826
32592
46113
64288
23897
58960
37868
76316
4698
9682
1865
59757
73832
61270
22408
25367
83020
29124
97646
31890
39121
3921
8403
95170
1180
30567
80013
90059
86640
65642
19934
6162
71312
48220
67522
88105
75611
81234
41248
93797
73369
22743
87375
69300
63958
31963
31062
95509
61736
22323
66153
37909
12050
34093
57771
50189
19303
95856
48996
39387
1065
70447
51836
43075
37656
43580
86481
99562
96564
37759
29460
3734
12590
92065
41292
43192
90804
8666
51554
60506
36707
79191
22198
21234
99150
34467
94765
87754
30249
6465
60843
33032
41875
97334
175
15876
56637
11726
84553
16464
39005
81784
98094
54703
77156
18088
54453
82985
57181
7508
30076
7886
19228
60211
18112
89717
61825
96879
81856
79077
97821
61364
97070
88310
89545
22266
49380
18236
55436
63897
47816
55924
53504
88521
18400
64184
65979
77273
69714
98024
78847
88725
50310
9699
83644
25779
86329
28925
3175
87543
29648
83840
73724
68626
67996
9128
72196
63915
55061
71399
85926
60347
83653
9554
96148
39578
76878
91084
93074
47391
10857
70889
69659
23300
90724
65749
64580
14886
93034
22615
67242
26870
51709
39135
31508
12139
15907
83507
36530
5055
97816
43769
94186
54812
2011
60363
75136
43639
62785
16165
89610
40849
46261
83170
17287
10098
1576
75492
61002
81687
75132
69614
67325
37286
28256
98135
77700
41523
92049
67412
38739
33202
80557
42351
87379
89646
69162
15599
27039
72826
33854
16266
12933
56562
43562
5184
15419
6246
39103
30751
98956
15672
32889
56291
49714
194
44007
22245
30341
47122
22419
27962
27191
30575
79794
46654
78591
68074
44286
41721
93353
67359
39607
7153
11597
92314
78988
32055
74984
99619
23089
33092
46812
1450
76747
67536
12118
21289
7474
33864
71468
47964
87375
15355
86693
46742
21426
95030
97358
39697
76994
23927
24584
55747
11676
54602
56656
2669
47170
9947
7720
98195
55545
21678
13840
44197
77811
41563
98370
97594
85524
85587
51286
72322
53629
97437
36527
58867
68019
34963
73857
33103
59188
57575
49198
15558
8810
36219
73797
76179
13574
34618
35533
6229
55531
7594
76391
1914
26803
94780
17529
35144
64579
14215
39872
35342
37145
2516
79439
25956
74114
95060
58005
34481
37635
32905
82643
31629
97998
49853
88892
46333
63940
93022
65602
36925
51771
92896
90142
87904
17959
98245
64622
54434
97183
16405
9611
61940
66099
37803
56694
45043
77486
38679
79174
39763
29472
63612
83624
16716
82235
46076
19010
10130
591
26804
58370
18089
13995
7832
87628
52479
15216
24746
31533
15672
23990
72107
36831
39440
49613
50984
91430
87409
26635
21928
94052
28734
46590
51815
95206
96492
38688
82016
37174
6740
21752
49763
86665
40761
79716
17416
35199
25808
67658
80570
96518
89990
96579
95974
26247
45472
13231
47165
64855
29372
16901
22457
59059
33757
62058
70290
58795
48454
52112
76758
62284
3262
96655
16777
5892
26347
32253
4147
55802
71032
76088
28394
70878
70638
36118
99285
39062
62813
83391
91679
15022
12897
57554
46848
79907
79488
7314
86322
81697
24619
36657
43290
4776
49731
29159
84455
10134
50935
3255
82637
12960
60884
12694
95878
10788
53188
75201
2283
98712
2742
90076
73503
32736
82620
98718
25122
60485
64231
90352
68708
41142
40804
41514
9226
39116
58642
9392
88842
55797
26879
98365
57455
45485
41037
58180
99412
1908
6606
80559
43003
45833
53536
36176
39390
771
16718
10650
17986
37936
50619
58836
2527
93809
70642
91956
21809
84886
69681
7358
49884
24135
94020
73934
33357
37422
81122
23666
31121
4601
96746
48550
14320
96489
14593
61631
43220
85484
99785
55454
34465
31795
34599
11836
21478
81082
58404
76437
81010
97476
52111
51287
42997
93194
90648
91045
37472
52640
61293
9246
21406
34591
45998
66932
72972
78000
54780
61929
34104
65183
44402
33516
21856
94484
95990
44165
86827
52242
38821
22007
50617
81243
99402
40472
7028
95324
89933
35280
22435
87842
86018
29175
51032
39793
97653
41019
78673
57627
78265
48512
75145
2353
20640
30310
77108
51937
46316
57928
54109
89706
27567
90099
91931
239
36146
96495
924
82069
97202
16823
65224
57824
6241
13618
49228
18468
57900
40097
50315
21359
31651
19119
55939
51507
16840
6025
25990
11531
96661
57290
78569
63473
92236
3904
52446
57804
96676
41959
64896
56112
77169
20108
12260
49086
34512
11265
52921
65806
68208
51641
73130
29191
78306
76360
73588
8798
33278
91342
32572
58913
60643
61268
25709
28533
48247
83492
95406
21423
14625
13221
13300
45796
86175
21555
92747
62662
667
74821
88223
25797
58698
78796
18812
43331
437
93468
90030
32814
31124
7230
82790
49581
17469
77082
35274
71490
33379
94735
1821
14794
59330
59514
31397
71204
76331
41677
96161
59537
67580
6918
99293
61865
30130
23945
23207
80444
98291
42377
53599
10392
68279
2963
85067
6104
11904
606
36881
56466
52459
97056
40540
67620
98213
14718
40292
41568
87976
8618
25360
30052
57888
30725
19366
35307
32384
13716
68615
73493
60929
84
83400
54138
61962
43346
90464
10046
75368
3755
71885
52033
99696
74481
68385
83904
46052
13293
52334
4775
27289
60047
31873
61295
95529
79698
60912
61983
88978
88581
79404
13977
19545
3562
71031
15247
11052
30266
56684
46247
73862
78445
98443
52435
60523
13864
33294
4901
26682
8347
44589
26155
63810
20057
30130
33891
64302
67438
78056
45471
58232
20654
96403
45932
65998
62514
66210
3497
26766
24123
13141
40904
29906
8827
50301
60632
87696
80234
66000
18035
3881
59018
27505
86847
23255
59410
6796
75617
43958
16592
84621
9103
12251
6253
39173
31290
56599
26253
4512
17219
53761
82813
27422
38180
82460
74392
29109
48263
59411
80667
82275
99740
20326
74296
38780
95021
59675
74855
39850
34287
90485
96495
84427
13718
81147
29363
89850
27384
32049
5362
8593
4443
31132
73335
83189
32275
14629
9499
31151
3989
55403
11471
201
8786
19607
96077
76807
99720
8846
19782
70883
64078
14873
2381
19944
9374
55426
12457
82527
18538
46857
9463
53108
56651
1014
34014
35220
12136
28421
11077
58119
70344
56820
66429
1378
15980
37050
72510
79523
93244
4101
99485
22984
79615
16165
41255
46959
57082
75045
30862
48727
86250
93403
23541
71568
50447
20418
95295
61862
46638
67031
37893
99754
44775
13173
17676
88105
39653
84725
48050
47044
47442
16566
86639
20706
28744
40597
1772
24563
88506
38843
6866
96143
78697
16257
26310
25860
52658
12161
45246
64742
72953
80779
66709
54300
36687
34888
8711
91257
49393
82705
95444
91322
51412
58017
78532
73807
30008
29812
99121
49316
17285
46926
71495
4127
9172
29530
99707
89422
16819
63089
68682
21416
90657
42793
24102
48051
34492
62707
89805
79556
26652
98909
31660
47569
55562
12868
11117
22567
63235
83424
61125
54402
75272
76334
69271
90666
47631
18820
80196
27032
51630
41299
57988
92666
53069
66776
48706
97505
67277
33458
9182
13129
52212
59139
14131
65418
48535
18924
92759
99717
72415
86151
26985
76159
37816
80813
92826
42149
55041
63633
55482
72983
45384
66115
22682
24975
79609
72005
53303
36457
89630
46828
94195
38957
62222
65764
48447
43150
64420
45115
23553
33748
42394
77270
28849
80499
83390
70751
8685
38880
88162
14675
49245
61075
63178
35967
47157
4379
63613
37118
58807
44690
17954
15792
23040
20266
36656
69301
36222
26623
22857
98153
36136
72593
59880
72175
47770
38347
41264
11265
46814
44166
36956
13936
64927
56589
34985
24627
47663
2838
3372
72973
73929
67686
41785
35002
76050
1780
82903
9809
6349
67173
74872
68336
80598
23874
40119
73166
14414
82707
69433
12338
96519
75244
27358
75243
29023
17799
46016
45470
14456
35911
2031
11932
92949
42501
13677
4378
92517
43286
38080
74195
2421
65692
78182
14383
31524
9007
18102
89960
38142
99577
79064
62002
70964
72422
69133
76767
47831
80615
91697
42185
95243
19953
92528
73021
48583
79782
33752
90151
49539
13837
64579
51128
8392
88758
58108
75880
54551
87323
24351
25409
17528
68315
52956
34568
63487
76730
29453
82139
70638
87288
67139
61181
26954
65817
85532
1567
12848
28785
45942
57959
7216
69534
15956
13778
79979
42116
73971
62701
98438
43265
28233
37632
54038
16702
86904
74698
36283
58380
69226
50828
11734
76717
84412
91081
37395
57466
31928
55747
11077
31840
26852
86132
84726
44231
37105
58630
68710
89117
12276
38626
34109
32469
73078
98723
78766
31348
24220
27025
17268
92997
32351
78555
50907
59331
52336
64597
96588
25201
57501
39353
84612
32277
86254
49971
75375
75525
8597
48891
85292
89431
2999
27135
31776
24203
74923
38262
40666
89855
36860
87157
92555
90292
50617
50228
49086
72815
2392
29284
9749
13611
45745
26698
19081
10217
39014
64923
46417
88039
14821
45372
37326
69839
94529
64331
45664
47508
83993
50178
37114
53035
18386
61951
8245
62342
35441
44251
88069
96508
60303
60147
35003
84182
84912
41681
85210
583
31775
16232
36130
36272
81841
13116
42222
32288
50929
78629
47575
26121
29616
86689
39432
38545
36966
92081
31212
91551
22697
54799
75370
77602
64595
35997
79319
69926
22816
75815
28447
10765
11313
28264
12529
85632
22011
93670
54977
2299
66582
35895
41864
32203
42984
17922
88293
40886
54651
90470
2524
60643
70770
71490
68022
28188
56430
50648
91723
78539
53009
54516
23460
11120
51540
45019
52539
74690
31341
70736
59054
60120
8949
22009
28007
88595
2480
50338
70793
17060
30017
76271
6824
38690
42187
68243
31617
66565
42773
54761
68776
11659
35148
89696
2753
98614
48523
18463
39745
76555
49459
52293
6162
45127
89399
52568
9627
36902
32999
77684
38232
72251
25230
15197
13267
86124
63422
85703
85930
540
60194
32055
77036
83295
84611
53218
89735
16424
7642
73961
80672
49033
90774
63594
73071
41432
50166
75243
85778
28871
96070
56387
2348
71143
95677
38288
61964
66253
15787
80629
24170
38530
83177
1948
94856
82662
79180
43888
78939
98156
38345
89848
81854
26230
92720
41754
7663
69435
59815
93787
58529
65230
69430
81197
89807
13303
69316
77286
40854
72521
88676
30098
94500
54892
26545
13308
9888
92252
62269
29547
9810
74438
47869
52716
56134
45056
68564
25118
28017
53576
16039
1450
78061
82082
69105
76497
95710
98847
92731
9956
31831
32684
41164
54474
13155
80971
58639
55400
45762
73670
79186
83262
88517
13222
69737
74021
73777
25370
83004
8462
17460
17027
6262
64430
89784
58557
42231
56934
62006
63356
19697
15387
29346
36492
20780
46655
67195
22945
67389
57776
29699
71744
1604
60503
3978
61257
89830
93126
16844
99631
18806
12105
94177
43401
33149
67196
4172
50187
54642
57862
72266
98769
57551
40488
85033
48486
11914
36754
513
8714
73612
73845
66089
82490
91703
48954
25185
41557
32619
28137
74814
39651
54717
37217
59255
99913
84031
62764
4116
3911
43287
34602
12136
66634
43312
6465
7336
50573
59862
45280
51398
90765
94583
62242
23250
30160
53809
1484
33133
67380
9673
60918
53693
42908
66078
3444
41674
12508
71641
77103
67122
6961
46118
35603
98560
45588
62315
38242
55759
5081
61515
90265
70793
97148
40036
99848
89561
71622
79611
74345
78468
