81243
95631
42937
31219
95077
57619
85343
76781
50023
45569
82719
83666
80910
92880
79370
44025
97746
78821
58875
96126
14637
46129
4498
29620
44829
78445
80524
41801
58232
24606
86010
9721
94514
67563
49205
14922
20273
40074
57164
35943
82
94584
64478
3605
428
93298
23
83559
49
448
3698
37583
75898
90063
27688
63712
71798
8106
79771
88647
28795
41745
44888
56796
20374
28014
25020
10231
68414
88244
59234
21432
46012
85173
39441
634
13526
1187
44732
38706
61832
21581
63603
18874
47084
61472
68896
73789
93745
26717
86900
33744
97259
63553
34295
13850
33854
88612
72071
37656
94334
90453
19756
36730
97997
95191
89235
36649
98075
52355
52011
9973
79948
16279
61658
10078
55589
6790
10221
10774
99131
52335
58217
2480
17075
47739
20595
50823
57744
33820
59856
49823
99684
2298
21705
85033
46936
18144
28999
8782
70243
13346
2697
55759
5504
45145
87666
37237
78897
17941
46318
68235
89838
48876
57603
86759
24451
56499
25126
81672
49473
78007
33009
95334
51374
53787
56157
70684
1086
8987
33385
64447
74822
40306
96594
71323
25737
65811
84882
23035
83964
40753
39575
82892
76178
32268
89248
36868
24243
99714
69562
82505
56979
39843
57710
10828
78684
11636
23840
35413
70284
83771
77569
7914
19268
42249
22635
99251
28930
2208
619
55164
52005
816
72852
71806
78897
93970
98361
67910
74117
58070
29348
83093
40761
27170
104
26686
38055
281
60330
503
91358
89450
70393
95583
82019
59627
87847
10327
18306
62221
69397
7531
84415
41422
57771
97935
25100
65625
36305
76513
53985
98652
49444
39203
75652
35954
15822
62769
33017
89971
32894
80384
64303
58641
93770
51721
2316
38973
8994
72443
4087
78894
15041
14104
8057
61914
34722
58362
803
82622
98674
75578
12914
94653
7529
28456
34568
15263
53860
58178
82958
51848
92576
19995
35347
96820
62234
6414
25323
42473
51760
18247
24094
16696
44654
17250
87948
70404
27954
61680
33237
13759
26179
45226
47847
76450
46253
17881
31150
90031
54877
34417
62757
56110
10741
37368
38938
16985
36472
24492
663
78346
19490
55960
27909
73565
33129
50177
344
99549
76276
43213
6303
33044
8448
24093
70348
26411
90262
33295
86576
47060
86584
24736
52405
19244
93047
30205
71502
56644
14405
21596
52565
69672
2251
9465
67648
46447
21928
39111
60090
53106
34613
91785
31936
69153
22321
63417
16089
59065
44664
16806
83429
45440
39077
37043
97881
22714
62365
6270
61622
14766
33985
26210
58834
42163
21396
97338
56297
20711
18723
17996
55148
42813
27368
96996
81025
13353
33615
84836
38704
20000
44598
52278
65733
16517
25763
22552
42283
9512
64747
41322
47620
32961
12769
48574
72745
91416
75880
4219
76564
6287
6006
50810
10815
49057
26260
3038
17702
10306
15089
56529
83534
72746
54281
3230
42893
28049
3286
88790
27759
78005
76027
61029
82428
69550
88826
5914
22184
89145
8556
68609
71368
73336
98311
12132
96782
77747
98298
37088
38282
69297
68878
6755
95932
23837
50374
7883
49921
40687
19022
45291
5902
4676
21623
51697
29003
45814
47082
43486
68397
87802
86680
1037
9789
73394
4179
26617
98487
11366
70650
66667
27368
33241
67972
97185
82769
5256
81131
64487
4772
51713
53114
46091
25128
11098
10994
6347
33218
6966
59712
82569
38702
12432
93240
52798
38136
23401
38070
34534
14698
18515
92366
11508
51306
11531
65446
19428
64269
14377
39594
46030
93899
47356
78294
70176
56752
86439
23422
47790
51063
3071
63882
21134
27582
63682
82028
15499
5575
71520
36353
74198
90809
76336
42755
21591
34593
79942
45862
15984
12000
44449
37699
19846
85615
69487
92485
3235
3355
39016
14109
37272
90733
53229
73807
94641
64905
99308
33606
19653
25708
57772
4597
87215
75255
52913
47451
48567
82904
46244
72211
60912
32629
81922
78747
36768
12706
39850
53337
60368
51695
96582
78240
42825
39321
9308
24791
31238
66784
98194
43382
29171
53722
13282
51528
57842
49944
40378
24907
96384
11757
78113
71873
59454
39141
82607
9487
84506
33690
64385
86168
18340
67208
4622
75140
37359
18539
67506
524
17514
86251
45693
85239
74801
77505
37008
43311
77824
47697
41924
23115
9400
37016
69741
95350
70436
56913
70179
27976
9292
76734
55005
65628
31198
86537
83697
45008
60872
60537
26911
15761
76939
39073
92813
29206
10931
68555
58418
94371
66962
44198
56921
93165
21145
46086
19335
42564
87682
71116
28653
81268
33509
27567
14955
93710
60557
46314
14933
4917
34890
90655
25897
17856
13389
16889
82925
52297
46627
32643
70618
55448
48140
67618
74432
20981
94721
4803
44581
91528
86383
97741
70075
98918
96079
48958
69446
42672
66263
69771
65025
91386
90844
52483
101
33373
840
73985
92310
86062
749
28425
39591
42103
71473
58886
30401
28806
63490
90923
14741
34884
33659
61635
9775
38778
90625
29255
3808
78030
30797
56830
32340
2587
61963
6813
54387
72886
41524
99892
54496
4098
99192
85021
50390
65297
8941
23800
16120
51734
58871
86689
85153
24584
59630
3747
13051
34765
93384
84650
38606
72547
56023
4530
16548
13504
32313
42294
50303
72453
64657
25835
72259
78691
65236
14586
68954
24494
48068
86087
49990
18046
64856
96623
33070
15102
84071
39299
17659
92973
38453
45368
71406
97394
1114
21230
9588
93878
90286
80361
49087
21275
23988
2105
8841
14357
18057
21810
89494
73552
34317
15240
17626
97140
45204
51507
41427
53649
38927
75748
69138
87089
90999
57573
50340
26993
43097
79969
16526
7182
74587
92190
29393
36466
29881
73519
62278
51168
34602
18106
44479
35045
16463
31950
70090
849
70623
71700
9260
73211
92774
18121
52870
47132
91500
56567
25962
67896
70243
84767
14366
83719
41020
46481
27940
12535
32376
63654
95668
98756
33312
59620
72855
49803
59868
10112
53267
76292
82085
15943
25915
82982
11492
90862
10378
39887
77643
86555
5296
1284
57355
1001
10851
73726
14809
59063
79897
4292
91924
92393
29793
26262
36408
40433
81927
56305
67413
97659
46862
3257
39713
27970
45363
56608
40554
79861
20717
87163
71835
20106
36364
57552
38393
78886
61296
18786
29684
85300
26959
28124
57388
94437
78652
40149
83483
80366
60823
85659
78231
62100
62674
37132
94587
83739
35715
94970
93407
67544
61481
18391
37190
88604
86598
39665
85369
3512
15936
83135
64732
21139
61816
37729
78732
58518
26781
10224
95310
23640
26447
50885
72554
95847
73411
92863
97631
95107
33806
51092
2030
89563
40362
84295
24359
22704
83437
10544
76207
41640
44163
71139
33868
40037
74204
76705
72734
55340
72357
91979
50648
94898
3558
60833
91234
98731
34588
49038
92883
98185
52700
69880
18404
37222
65548
22917
62478
59215
28893
10829
27666
28143
60906
416
64985
95840
12806
93234
38808
52127
14020
91205
45760
17850
83974
39715
34912
51181
55976
49385
88672
6623
19062
95044
62032
13697
69011
57059
48344
14486
57389
44685
83475
89587
91716
1963
2781
76481
23076
51730
13278
76124
71034
46183
14379
87060
81835
85781
71911
13737
57368
81256
72522
83562
91953
57784
39698
7055
64926
89424
80436
72841
3172
66921
62707
30507
14664
32994
62905
2375
45755
79285
5655
7981
62534
12614
93751
95432
83526
69191
5295
72867
22176
39941
92753
74164
74403
31794
64687
71942
27248
33660
40667
59830
21162
72443
12868
88216
6628
23493
92418
36806
87961
29259
15500
98029
2100
70948
54393
66980
37805
11930
37643
43153
78991
9919
57314
30264
46106
29681
14588
24764
41830
67642
2043
4743
87637
35833
28874
55286
72609
93152
77131
2059
18322
88827
23249
88614
72767
40031
42856
48937
75875
42139
19431
1772
29646
58159
5532
76622
82242
22516
99443
43276
663
64387
45583
84766
31825
55957
46124
39582
14551
52886
72540
61920
65573
52031
80821
62600
49876
5681
92287
22851
51687
93128
51190
94740
30449
48836
18476
66446
21422
80370
75521
34022
110
30922
81858
42213
42356
63861
4265
85776
57914
4838
98334
34022
5077
28171
72322
59966
66841
86083
89802
67246
98984
89806
62079
29513
93256
52084
22024
80081
16314
24105
92786
41282
33986
23690
86834
91305
44830
13815
78438
61196
56820
63960
12027
87230
82428
78633
39895
31611
88778
75041
58068
62394
31713
33659
6605
22809
5680
34336
86969
5550
98339
49307
39069
61961
25345
65949
35514
84255
9690
39519
8514
58054
92993
99921
39953
55681
85056
35091
75244
88407
39039
62611
70924
12523
61498
65738
2563
25854
33970
26763
21059
27855
89847
2449
92780
54397
89950
87392
75951
37627
73367
95303
50792
39132
99714
96651
62224
75801
61848
70352
30874
29732
71540
6655
23430
51296
1112
9353
85263
27175
98300
41454
94220
91860
10131
24023
98508
48342
78302
64751
21519
11227
35177
5708
22661
57896
7448
88393
97185
31732
25835
48393
4680
77771
98631
62375
5243
62098
7680
16777
73416
23074
7793
48014
36405
15237
85512
22453
56001
55110
38333
63617
54222
58123
7637
61133
23217
95277
49412
88409
67748
70681
21892
1578
98881
53860
6952
87721
85218
75633
28589
45919
12728
23830
32936
58126
4730
86240
9180
54313
35560
70765
54936
29408
26669
16567
45466
95859
38032
19800
32363
29119
98685
58598
28908
76565
97522
14252
34300
63941
71869
41542
44814
43220
7
36385
90190
51128
58804
129
38437
66604
80663
8691
1662
16601
81610
53277
9874
99463
32689
53749
11369
14315
5171
81089
29286
97176
74300
55660
22975
25691
65352
43257
89240
18661
12258
4622
10072
45235
24657
97067
43114
8934
85518
76241
62290
17620
77924
74837
90985
22407
62026
74815
74818
39882
39321
80785
832
39404
50272
5476
45394
19071
61868
53592
67881
89756
58092
23041
49114
14269
83387
12228
7537
48533
95152
41422
19854
84946
73951
56438
80089
22602
24169
80538
22943
2647
37124
21710
21485
17712
6880
64416
56165
54264
52190
3433
95007
46345
10490
21135
56500
33844
22723
96363
25058
65512
49318
22382
59693
19904
34423
48829
72636
62607
6187
68757
14419
40322
71911
49518
96548
68267
66957
90254
79589
10303
7811
42711
36321
13441
91257
76939
55705
25025
62243
44854
34198
92637
25758
72631
14560
25335
11692
4795
97780
58645
59117
48956
26725
53876
48922
40928
10777
95040
82516
99813
57601
53597
50116
81124
71790
87143
59095
62122
30059
76385
28045
34974
60060
42276
35648
93169
86940
44333
89916
60709
30186
71841
45431
78954
24922
12298
14904
13006
48
11466
62509
89431
20569
86214
66535
82726
81539
8759
57605
21156
42543
88213
38939
22266
45895
24865
95677
30456
13227
40112
98000
4710
57492
8114
81051
69580
86153
16515
31494
91786
40988
934
62468
59283
11582
80604
26583
35156
13387
8832
88129
5716
23032
24098
92099
36475
91597
6613
18480
97752
92318
46455
81362
45214
86276
85601
47257
76227
5520
45618
10476
37745
89899
36641
59241
78166
51535
69184
46424
48989
67785
14889
71567
78392
44762
20210
16532
82891
94847
15317
98709
60030
90450
9116
15785
56774
447
65439
67033
85723
84033
51149
18811
17679
52197
88845
2556
59340
31863
58911
82089
79778
34901
79772
3253
10266
2633
29441
67799
29611
90183
49732
43625
61961
29514
29707
43051
65125
9776
5430
54659
81281
72739
57774
36084
75418
25407
61049
35463
26514
96550
76069
15990
68651
53258
97219
32818
67429
29843
66661
39115
96999
81975
75063
67694
80885
78430
77554
14418
14707
34413
31177
56348
79802
93963
7227
20474
93945
30097
71673
19953
47219
83138
90069
18698
2368
60621
2612
2140
82890
44133
45662
70054
49636
13327
11687
56856
54592
62856
14342
37048
1283
83624
68015
52916
85480
60374
79498
82665
22339
5114
760
10741
87736
47391
61813
64183
21880
52064
40588
91014
90282
80925
93743
15788
84332
57235
44554
66528
16928
80007
30029
40718
87822
13457
67541
68379
42523
8842
12603
50953
25478
209
98810
2369
87354
50912
32051
82233
36788
75983
52771
86213
6856
12501
59067
24530
17993
25443
12082
24224
5114
33542
35968
34617
89091
47021
13626
24934
4658
92028
5337
85895
68684
88753
64524
19447
39665
74939
81729
62871
30665
2248
37975
80464
84830
6379
23530
85497
29221
72181
17379
90673
79898
28162
79444
74472
65988
96575
38227
48003
21547
56001
51277
75312
14251
30005
75167
15537
60519
1321
81459
55000
47617
12734
55503
72272
30114
5538
6650
32532
26319
92778
41159
7666
9026
15297
3349
28670
71884
32216
37479
98316
38388
65283
46240
83779
38582
91296
89111
93523
41362
73308
58245
52815
9812
3976
58539
89447
77018
33785
65383
49868
36248
20505
73409
76534
59171
21092
94212
50250
3309
16183
63595
13240
24973
22428
92898
3055
75217
49257
10187
40279
8963
10504
68919
72202
58633
31621
20708
54165
24604
5203
98145
84911
62373
56426
31718
78915
43114
70070
74007
83743
77290
72353
3198
53244
97912
96842
72996
51170
96021
22640
80853
62683
86387
23923
14062
80464
90264
5062
79271
94319
35704
11206
4051
82468
2080
98038
20585
22416
15933
19713
78563
83008
74538
38376
5698
56956
92245
67983
56983
49463
68957
60934
13093
12806
48855
17612
35328
83449
49218
51168
15525
2633
69732
93985
8397
71845
36109
36244
58335
75786
30754
91248
24038
13898
87878
60363
47915
22153
63036
5923
62782
38773
33874
84799
48746
37463
46220
83350
70918
71944
23512
32250
64923
85061
95743
42295
86734
68828
80513
13661
15559
99470
83930
77809
817
62850
20336
5786
1047
65999
435
96728
95936
30412
35197
14736
51158
33495
63253
24928
89300
61638
38969
77852
47715
7797
87360
91118
39787
50490
27435
88303
48228
61931
68038
55001
11068
51205
96930
6116
44798
79846
52448
75499
89795
64120
52930
72374
26548
53889
67449
37603
47169
16132
18391
3856
51125
62588
14105
98091
47442
7181
48384
11164
82702
7959
15202
9708
93546
67077
45884
48727
7492
8313
27599
45750
31705
8060
93244
68175
76334
63184
4796
77512
1626
55479
22304
97794
41224
59164
52520
50630
55796
78918
18470
86546
74632
6370
36735
37419
17019
29163
57591
41429
41498
71389
38544
95793
87998
24360
75209
73935
81203
53410
73237
38646
69980
4163
32357
22131
16645
14875
72086
84882
16371
40471
64681
72187
69469
2125
34546
53164
32271
37207
68819
51405
99293
77648
43924
66099
75757
24855
32618
67209
33077
41623
62181
92882
42568
4192
54659
6143
92461
55513
94148
94021
56294
663
24325
40884
16864
2624
75120
93790
18965
7955
83001
22134
67866
31692
65208
56083
55036
69545
76715
91533
46966
74916
98162
59168
15926
83997
576
21793
60384
68213
67643
17167
66638
2358
95927
76730
23037
75861
46452
76291
41020
78207
23226
87216
74190
46296
91963
2829
34114
14330
68853
85847
92656
69994
48712
96361
37676
79069
64558
91903
34824
71656
49278
54742
27615
11001
77752
55659
4410
93444
23845
4100
27661
96468
10484
13584
94677
35210
42820
19370
14641
67027
31580
89084
85659
74365
75697
17646
96951
30984
54961
61112
56109
12507
9555
43535
83593
48037
89014
55373
70984
65465
20292
99448
17774
26470
90115
99766
35952
39340
17150
65148
40323
33372
23814
69157
83673
49725
14112
66288
51385
89001
14176
21501
43491
32528
79078
67168
12170
31546
43373
82052
12048
6187
75191
8522
97540
19224
76610
44442
7414
21393
39681
20984
27471
9082
1632
2569
63010
59426
96025
80652
8693
57380
50211
40693
34448
64051
95965
88681
16669
43948
58917
21592
26531
39464
39514
44785
98722
55841
96125
10472
31789
92173
98271
62078
12196
45304
71479
32478
79513
3305
79111
65300
68196
74922
5294
58499
1547
69568
18098
95667
73604
98791
35766
23470
52055
80961
89537
9296
53848
22929
5551
75705
80137
67490
58047
79093
52961
62503
87608
43885
80697
53756
13553
17299
50139
7636
71774
59975
3081
21201
3037
76572
19274
72768
78979
25819
3984
89705
70946
36589
62403
10466
51771
85369
19748
83181
60022
69674
98503
93618
15984
24995
34402
19974
68814
95915
50822
50180
10637
23262
68592
96063
45830
52452
44184
94855
42084
53539
58430
96994
77883
20828
10221
40782
38486
82970
51146
19722
2825
27299
38823
7562
60106
53077
72074
44342
26636
23843
14554
63131
33996
51416
51672
91587
99972
4864
47605
69798
45202
64141
10022
29797
41626
3763
42371
49798
39208
78038
82131
2261
69139
13070
65738
11584
44105
58956
17675
68266
68929
58809
19312
34108
88323
89939
73910
43187
15892
8983
826
66425
49856
39599
76086
29386
40527
94733
67166
92209
49242
14897
67267
29920
9607
75541
897
72445
72152
61829
24521
35456
81110
23419
59629
44208
67335
89522
4689
72597
25612
54206
98891
58345
34694
56452
71664
10092
43170
17946
58425
36551
66986
5238
55552
68806
23604
71778
24261
25941
1957
1988
65197
30895
80193
89890
42400
10410
37008
15149
31986
37190
61981
42121
80000
34220
52206
15676
21163
86897
67507
64510
76488
58116
23674
2994
67286
24279
86418
27791
56259
9931
97897
89984
36235
96289
4211
67903
70974
69128
51656
53894
24618
96036
72106
8949
45514
79674
63600
57117
2077
87354
77762
81313
8611
38004
94562
34502
26815
46436
12085
21808
63970
57456
32405
48245
40034
74294
54552
88253
54233
81673
67129
61480
78990
47592
90752
7125
78493
18023
51122
34534
54328
50588
22862
53074
34692
49951
91296
96859
29525
88810
54531
2992
47764
21411
47824
91862
18312
76970
15307
63332
24792
45368
78345
47018
79818
53404
20389
54534
66527
77733
83698
18259
97107
56415
14647
15897
97718
25425
74169
65525
50571
85953
42232
22047
9026
97536
2611
88286
66910
83808
40574
91050
76282
36808
16167
27732
4838
21192
18946
70437
51835
54211
43940
87107
58721
64586
92244
99026
74988
34206
39147
46832
11283
38315
52276
69673
80671
58228
6974
22307
30094
65244
46332
17503
5484
37275
36200
89702
84758
18220
14675
96649
52212
45421
57123
23436
74804
46111
35056
15520
98884
37335
31851
28530
3783
5036
8824
26901
92654
81404
80632
21315
87075
920
80153
31016
62139
67876
3892
45563
84298
47867
26001
91733
74981
49569
61890
61434
23496
5172
9243
25483
9567
11634
78247
10870
22798
12007
21779
28812
81354
5197
60976
40811
12785
72158
15250
14325
45689
60536
14991
10807
60332
7712
90022
89404
76012
38361
44461
68030
69714
31627
47766
42380
66795
94043
17435
65761
38832
97334
29381
85716
57662
24999
61540
72636
95709
52153
28938
63099
33578
77121
13266
90496
79611
7925
34224
24429
66222
89107
46702
40539
56152
21115
59055
66997
51276
87072
35052
23255
44353
5747
13559
36311
55474
82727
1523
48826
69283
39626
85932
85366
38153
88129
3381
62352
31287
3543
52584
78234
9807
28774
49923
97618
80375
94258
91383
59315
4646
55248
52741
40172
91277
83203
28289
1411
21303
51859
39751
68135
71056
37481
60737
82014
83075
48267
1741
38312
60018
72891
53609
95387
20090
88145
84937
25630
69668
46460
92976
41394
15916
27736
95001
8209
54309
84938
39200
15299
59583
48124
99582
92867
66589
95955
40721
51961
51545
96544
89256
38536
16698
78058
51553
81340
42010
38525
28933
71013
67519
66008
75993
94630
44474
87416
59015
12592
85416
5378
49577
7538
10935
53832
6099
57738
40979
98091
28110
43510
36227
62364
83946
71147
49903
50628
88197
97873
2810
64945
73951
25121
99404
87702
7383
13508
49878
77624
18418
34958
42548
12026
39455
86063
78520
41280
128
44563
53852
28116
99998
85329
81805
59987
16487
88864
38568
95957
49070
42770
57502
83898
12961
60164
33190
46543
96263
16237
11912
8138
83891
89193
99663
82798
4127
26790
57885
30149
98648
42850
33649
4401
90759
75898
21155
80076
14009
65810
38730
27111
75386
93217
24240
88653
45630
93097
40954
58724
53568
55625
25264
14497
72913
64280
6844
85376
36689
57822
5469
13964
20995
74739
93602
26954
93072
49134
49689
55674
82992
66875
33274
34097
39293
70076
47569
97597
87914
6201
24035
85361
91709
76768
15696
88777
1060
51248
24646
29839
58522
21300
91610
62207
28114
80499
64727
85568
72577
99579
49758
61972
90191
16181
31232
94203
73055
14242
16209
63759
42320
74370
72964
3434
99887
73006
80686
37120
57632
87831
9794
88743
25880
63252
63061
7513
49081
83949
51541
5292
91078
74220
10621
88359
10527
77821
42979
38567
46269
6294
50779
21039
39042
74912
99402
55786
1506
21156
26955
60331
40197
34437
94512
69507
15140
68559
95317
5643
35047
80385
49295
38062
47340
74835
72303
22073
32725
59465
90558
17347
31561
63731
31149
13881
4809
16755
29121
50528
93188
63835
19705
56792
99697
83710
10432
78447
56068
64499
60575
56446
42630
59869
88757
85264
22371
43953
73399
35537
81372
45654
43145
87372
77298
46975
49213
13687
55478
65335
72826
25046
79125
35248
23612
73499
84335
20034
24276
90908
19061
41736
41113
88205
70697
79643
18044
80964
22340
57183
64786
60687
68445
94621
46691
53572
61854
53391
38602
91659
21660
22308
90313
924
42813
94924
45930
78794
51915
53144
36153
76276
35506
99603
88287
86125
78104
8722
76143
47810
11938
96199
86376
54902
33269
77190
72371
97381
58616
57608
13617
1761
85876
87050
75279
92845
65572
78090
60226
41332
14966
52399
90342
59057
87419
15882
42145
7972
63897
12934
85845
62494
9205
55317
74772
64493
50302
56481
95961
96539
70963
66111
87832
57557
75664
25332
62471
60798
33302
49457
68528
78714
2939
95295
3392
68841
12302
30690
55326
60341
9253
36681
23910
89531
51848
44317
70275
27283
94299
42295
73276
39777
55530
13044
89189
21583
29130
32345
37219
29003
34945
64033
44793
84738
94169
94319
59082
92992
86166
60215
17125
19853
25934
7884
32712
13932
41780
11838
18956
53964
36414
44697
65777
30050
39968
84551
33578
33263
46412
71324
64675
43159
13522
85309
73444
20864
35284
24770
7204
54321
15041
50035
54313
74078
68684
67083
3400
24252
57520
87077
41426
14766
21359
44992
32743
42389
64063
13878
15467
48317
71151
42090
58209
40468
73029
93926
72723
14446
74347
35631
62425
38187
77924
13066
99117
71781
282
65672
49991
12389
63047
67117
43338
2749
72240
83670
54406
32818
20463
90635
90701
4874
2199
85511
57371
38012
50297
16606
13393
92516
6203
66888
59122
70846
44048
65984
15275
5220
70398
81970
32552
31088
90278
34434
35306
5649
52331
76083
71654
28452
66167
99896
62434
7000
43238
78703
16394
44447
77472
84841
47552
31951
10144
90814
68733
12286
84325
45101
32154
42336
78436
93802
10412
14141
78268
39407
85950
96253
70564
10584
17204
48540
53343
31082
37289
77623
92239
87950
64171
37743
74962
57235
5372
92854
95114
7780
95728
92322
64838
14480
73098
88176
24407
93968
73175
26971
47464
89428
17146
48298
29620
48951
83101
33373
67250
16958
71239
61542
13774
39870
72242
56341
31473
64942
83376
86085
46202
11911
56806
87809
17368
25094
57258
8873
91701
9125
78494
40476
62427
86990
6282
50131
74469
59512
18186
16273
94012
61160
41715
10668
19720
62042
64158
51819
21977
19112
42999
74493
83440
18771
47967
67545
20306
47196
93709
66003
69440
16507
65361
80405
22896
20084
82322
49710
88427
35103
96263
18258
66268
17809
49863
88118
43089
81776
18910
43370
95566
8494
8606
60145
68854
39688
81803
47904
89822
60662
3838
30012
53397
78828
16645
65613
39671
45668
87352
76966
13695
56023
73317
37286
6392
76890
1393
94610
2180
96738
3353
34508
67020
7481
21715
44406
25556
73212
31036
97782
7551
46793
30303
24570
66639
67097
99448
43880
36873
38654
87741
25009
5389
79839
41005
95514
36695
9837
34283
11531
38348
7914
39077
60825
93446
36488
1797
7243
78026
98223
83966
10000
84283
394
12061
2634
50113
76503
98185
58085
7098
52734
83310
83150
18072
67741
92267
34797
75480
4726
77714
40850
68140
42024
33136
79971
36245
21047
73013
46675
14628
73664
70864
47303
77976
63395
66577
82856
74356
77333
62642
98367
88198
68562
33788
24677
97439
44978
30066
25019
65056
21778
50277
86321
22702
83465
18291
8884
66454
44245
34467
25265
76201
71972
8963
2919
58912
96343
93921
22945
73168
93865
83373
93421
90138
91872
74170
19530
90723
60295
73702
14029
69678
44446
23091
19914
44903
64569
5696
37843
78724
49568
29908
12085
74218
17352
77832
10012
289
4572
38943
66192
36835
52445
83615
72371
90521
66980
8674
15789
15214
70206
73401
22502
51887
28548
54958
73989
55445
23881
71486
70576
47953
29165
85939
35921
56599
87228
22898
43610
67026
60437
18966
21244
57920
20563
94224
98903
42985
52292
62254
65807
57524
41610
15380
44031
33688
14261
35804
11172
80945
49439
80514
8018
51112
86528
55253
52585
66881
95774
75241
13236
20896
74674
97114
12370
8059
36695
1400
10393
54169
76299
85411
99028
85345
60158
59424
55374
27276
15350
19601
81260
19596
3720
7500
73802
86679
22583
66188
95464
20990
18073
96292
4785
61156
55983
72530
62512
89757
84441
33961
35467
33025
23654
49275
17144
42358
15933
23025
44813
87885
80369
95486
23120
73016
3962
57855
40146
96474
90426
82012
19641
37318
2284
90270
41310
74743
82436
47911
8354
23619
25720
10231
66897
59671
91435
84089
37091
35302
24632
82054
20743
7590
44114
36006
67033
7727
33304
61913
90823
80838
8292
55792
84784
75992
3923
94253
49287
34803
5962
9434
53052
33243
32135
55399
48210
54883
30222
56922
36874
45021
64669
19303
58451
40540
40227
34514
48152
8563
35019
30772
89742
62257
7598
32036
46556
42833
67055
97921
44425
29311
59927
76326
58808
3484
73631
11916
80388
8133
87314
80055
69656
16421
53867
97118
31605
85499
10477
77064
24506
62347
52288
32708
55439
51468
8451
35011
5018
50751
48126
36184
85076
75586
6307
66400
17529
8631
33067
83270
95251
65527
16121
76376
11279
62571
62590
53740
90084
40994
9474
68309
36273
23071
65740
47635
70626
9942
65232
16630
60953
19262
9420
49781
9629
82341
21929
28653
6780
59285
84362
37637
29129
96180
70074
20845
22875
49077
44549
84462
54656
71044
40087
65330
31337
69004
56572
17706
54590
5320
36066
18988
20453
71034
76582
48609
10185
60298
2945
31772
24793
70964
32286
72279
7137
66964
91838
9699
88255
41986
79607
13441
12076
13662
49685
83882
77652
40885
24779
40118
81774
36731
96197
70446
82623
3323
88459
59343
50782
25053
21935
78215
81234
20555
31127
90507
93457
73685
23501
69825
14880
35891
82396
15451
80003
14462
84594
81389
72830
27989
45193
38543
74589
43280
62098
51265
22121
90938
10477
89995
9717
44821
86277
75216
26145
21182
40061
544
44396
22801
68543
38989
90248
13307
70694
40931
13621
87255
39261
28581
72573
90265
30832
21863
16411
22352
43183
83932
82205
66141
98425
1963
56006
88565
48268
21565
1413
96172
87309
38283
74422
141
88473
8368
51662
8870
78518
54147
15331
92510
4557
9692
2141
86223
4575
10338
18032
5811
37021
79113
67820
42957
7514
45542
24688
15710
99711
29822
98358
43333
50293
68546
45496
69956
87444
18564
10387
13918
25089
76791
94882
4526
17506
22539
37366
63910
69224
16397
24477
63843
67883
25552
33796
39793
22294
15096
14375
61386
45007
14190
11732
48403
15498
85436
73454
39441
38462
74008
22540
37332
89697
79253
86781
96118
70030
98847
3431
40312
7202
78489
99693
78499
44663
95477
93800
11940
9537
86909
65133
61530
38146
93913
35403
25952
15401
56064
69119
33922
94713
14591
68913
61768
95669
3468
13066
71044
97908
42414
22752
30531
68798
92438
39641
45919
53458
33189
12531
23934
41235
49587
51872
21456
70633
37930
44201
75508
42330
57313
52012
89130
6730
41821
94529
67452
23820
19546
7318
52714
2694
99686
6151
30785
75156
88778
82443
71497
94193
82260
50416
69102
53472
39358
27036
11670
18547
73368
66776
56645
3285
94099
64637
72854
52753
42115
59134
51841
3040
15826
75435
70750
45594
96215
54212
74059
37462
2775
88987
59537
95116
84815
66538
86117
27174
15207
22895
6072
7779
26045
354
14873
23245
14707
48064
74999
9197
81144
21058
81232
8789
41601
55133
25116
6580
45719
5075
21482
52681
40717
1173
64748
70946
94373
34046
33566
46088
67891
21811
3226
85271
58193
76468
97331
828
22990
3145
18145
31109
39722
83500
73700
23696
42679
41809
43892
56372
95107
92281
8927
27447
17540
90819
75488
20373
13480
53805
27599
77408
49356
99408
9990
71269
28241
17378
60063
61654
40299
15522
67077
88193
23051
21499
44653
45504
61504
72688
38745
20527
24990
37854
40390
71405
71583
86252
260
42225
4838
76143
31288
74699
72279
48047
85248
14138
21006
54424
2630
68840
20868
57573
93403
87545
5914
31461
53970
77981
98599
37893
4028
42620
60001
19229
77125
88192
79870
46560
36174
11856
82945
63408
9445
89349
46288
70823
44319
36632
20931
79504
83862
91850
2259
21580
17943
44771
62319
91287
11729
68713
27013
95945
79350
2008
21398
58183
49534
20066
66648
30727
70658
63405
79114
953
36190
52548
12495
77461
91562
81255
83132
44937
57897
84593
55002
55479
49359
69791
71259
97137
32146
91957
21677
24462
25963
56300
14260
2285
97809
58766
42920
65301
14937
29218
96762
57097
64154
85889
76685
27291
32339
91664
88917
74311
67628
42379
96524
88503
65369
56505
96774
78818
101
43850
83267
43140
19591
65783
16665
19085
40037
62543
89102
14851
75199
85277
50204
75830
69955
54828
75225
85479
84345
45034
11981
17188
79791
91784
94009
83042
63915
51487
5704
81042
26636
8488
55555
49660
10048
46924
75925
50682
36176
10866
58342
70999
4175
34501
66696
6109
56503
49878
43132
19172
67789
51305
91462
5445
35673
3589
36259
76130
5518
43662
36767
45033
85517
77287
1902
37351
75620
73867
32467
50285
61379
94637
99610
50421
162
33231
49347
65343
43813
83232
50638
97351
71288
86565
49065
37972
20058
5727
76630
52427
83787
71063
78938
89225
29561
46230
81837
6159
3062
27282
72309
73946
24395
79648
31404
69326
3103
83511
21044
10010
41801
6590
98660
99750
30323
9482
49264
59206
32899
8053
63810
69198
58798
90983
91489
20504
47519
21679
26951
65543
36084
45946
23594
23906
16527
94046
9185
91358
23471
95328
23411
20749
57222
77986
4115
85193
17572
34090
83321
79105
85405
97545
65214
64578
63845
59603
30453
14906
26185
32428
51832
94109
17658
50650
49822
56423
15426
37668
57760
63109
50295
27713
68121
41646
93096
79554
78841
22574
29489
31702
67562
54290
28712
30446
29333
12975
69982
6542
1249
9098
44320
30884
28114
61905
28414
18236
38241
25254
43848
71615
27790
16195
58371
11111
98233
92282
58069
62971
83204
88181
71916
83913
84245
71958
33851
73537
2308
24854
68454
32759
3914
67132
80056
79350
34688
38316
26456
61878
42745
40983
42976
8603
72989
44794
9504
35636
38433
8356
93225
5699
37253
520
41457
96469
46805
85134
27033
60063
18536
3941
33369
48972
5678
45274
52133
12905
93356
24025
60262
62044
43478
35347
5918
54808
37693
38357
56152
96910
70779
54107
24180
36473
23065
59320
15802
59863
98380
78597
83550
21656
13827
29616
96339
52334
3596
90606
3222
83930
27988
53988
10422
29903
33806
11548
44393
86781
62002
28210
84116
79766
56530
89453
43229
24760
37595
55581
9810
30796
31318
17930
15454
2287
5872
40273
9513
19070
5958
32216
25301
86999
39861
84843
35403
67835
83205
35643
69912
94943
58041
54072
70307
30400
46051
26188
93510
41044
49926
18170
87178
62019
45955
4910
65116
99899
41364
72631
84781
43932
48871
22725
73315
86269
91880
27473
40850
12005
51051
4745
83843
3685
20622
65232
14403
14854
50475
9000
17569
16763
42820
59451
95035
99212
13868
93338
38067
28364
66114
85198
45223
8977
38211
9823
40866
7743
12015
32823
50126
51831
79345
38761
94046
62783
75422
6827
25432
23866
94427
23133
85659
29823
96414
20783
55050
70777
25351
77311
98323
17572
64941
79844
48129
27444
9300
99606
61233
44529
21560
52261
25242
92835
56965
28036
88913
71185
34141
28965
74359
52801
61287
84014
45533
69697
65279
78804
72206
86689
16613
60207
22939
81087
69046
51421
32452
72010
21915
36966
92701
94982
5942
59719
11195
17187
46374
72720
26411
53144
90533
26561
65882
46481
89346
87489
25569
46393
62852
48414
38870
47349
89825
1416
15331
1650
90503
31220
89911
3965
47348
56882
80805
15511
71745
72904
40080
24866
15356
57292
54087
87497
10826
30350
9748
11405
76490
67248
89756
19081
26801
76311
68859
28612
83617
5557
38663
55287
99880
45249
17457
63675
86418
30323
39102
41348
13723
68117
5216
6175
38485
66397
73370
41735
94276
37781
1655
10646
81911
83991
29827
73721
47633
37150
3542
984
80236
81406
38420
86978
30374
46899
78920
1855
73477
3989
25839
50209
3183
65735
19144
51632
10750
65859
57361
22684
36024
55101
30311
10277
13023
75137
35116
74424
52740
39237
11778
19303
59327
28469
79493
70967
66723
72201
34553
50237
89028
85498
67842
97171
95450
3833
55958
51332
80601
46923
60355
79978
64366
80501
13132
39709
36864
44084
6110
70078
723
70028
54329
66831
97356
46714
44834
88108
45947
51553
58759
71215
30884
72639
38280
32049
76041
56617
75933
63267
92965
71036
25357
87668
25140
89957
97178
55974
55626
32860
69535
63041
33130
37022
10321
84120
77772
52717
19290
17179
85636
37041
33479
67048
50825
35306
93848
78153
6082
83156
34695
81848
86098
17538
93766
79410
32389
38983
13919
75774
38236
25136
36745
17325
72764
46823
75220
86927
1521
83070
8838
52488
34897
97025
23326
77766
50602
17419
56134
59698
71894
76367
2078
53442
81267
89802
34684
51599
24261
31573
5006
46064
95427
64028
40662
83511
25046
79507
24498
97257
35794
29196
83045
99616
84949
49770
14659
57663
50228
97906
88575
38883
41345
77133
23946
55806
5759
18910
43176
86333
84642
92658
98993
67891
70189
13900
56438
47894
23421
7043
29459
24070
27886
94792
74955
43435
42339
65584
60941
41242
66323
49585
43946
74778
60913
50790
60131
95016
26259
79345
82595
94896
28348
60792
53495
47917
77082
82651
58812
84933
20564
70919
7513
63303
626
3268
54286
16417
69142
19577
84638
36210
70865
51007
33899
21680
67315
81566
43596
16367
17286
58033
51604
81242
61348
37852
99207
35967
48459
75812
41628
54240
74975
64937
41105
16840
60644
37108
17647
14619
47768
97579
53729
54726
55951
9030
77054
14952
59496
81310
12945
42657
52738
41760
42201
73939
14272
79333
76157
94850
89959
93729
32929
32624
90907
55450
64074
31733
27610
48310
61761
19681
17893
38259
95687
81323
85699
89983
54097
55452
3097
19464
13639
65273
97196
94795
52583
11036
50222
23615
95650
70917
70630
94421
28490
49950
14911
91633
3508
4244
3550
76721
21233
32461
19519
56151
64394
97092
63004
67590
47939
39819
28136
99948
33587
49204
21434
97631
99123
67803
53599
6911
71702
89305
3707
82720
19953
91773
80390
99961
46783
11700
83722
97771
65726
20057
44609
68145
95993
46757
63327
37216
29243
7588
27991
70743
62746
96566
78615
54806
63357
30863
12603
98575
96342
88720
38945
83175
91604
33082
3529
84051
9442
83702
48987
79455
21809
55483
37371
1464
69309
56219
42411
75931
63338
57504
80576
781
46337
94959
87000
7126
13
5911
72693
48892
29658
17981
79274
43119
89115
4048
70906
64633
44600
30168
69058
47149
22101
39884
38278
86128
10172
85900
89698
79468
42643
77539
26260
66795
52123
81649
99601
76976
24446
51092
76116
82321
61962
88909
77992
77223
64489
72715
80269
45949
59062
46846
39361
10043
5926
36112
29635
98893
92506
94976
96530
73130
48562
11180
6728
85029
20487
82071
18303
49601
78535
10796
39935
12726
58341
6481
95961
85891
42814
32969
27751
76372
36371
55711
12526
95616
77431
36488
52438
23227
35493
98248
55309
52443
23516
68338
48896
82007
86334
13375
17229
32429
70560
16618
57211
87777
15065
42227
85546
35387
40378
31785
57287
11651
9421
98393
20180
3468
38181
54255
6521
60438
52069
86017
62555
74789
40253
64068
44374
99648
17791
69367
8214
85281
42129
42796
96733
83852
28158
86328
76350
80016
23702
9823
98623
2669
86616
50711
82610
10807
82816
96363
67457
92088
23660
34399
22557
35709
84689
26677
1309
91372
89916
6349
1195
15799
97089
46331
52661
84236
31240
87109
10283
27918
82092
56503
12837
19841
58014
61925
96759
32059
63771
96791
58911
23190
50607
59881
18707
21776
25009
52575
72231
73510
4478
57079
88024
9836
84624
84450
44910
42520
63645
67716
80865
33607
87625
81226
24444
56251
49515
79270
41961
52201
98407
43837
94053
88983
72746
6843
4329
2241
30853
94340
31123
75646
35353
46850
25768
9725
23903
84534
48556
64059
59560
51854
63217
6772
91835
85005
88431
17480
32823
81951
62975
49745
23431
36760
72520
46516
44853
59588
50917
44955
77147
97004
40917
47707
12283
25278
43775
67278
86693
74541
63678
87980
35502
60029
78755
51947
57175
25655
56768
37118
6549
88867
2989
19082
7730
50514
56424
46480
58530
46126
29591
63755
9164
71112
73934
31695
76623
83456
86641
88003
3864
31754
23269
84177
4438
401
24268
49784
30967
99642
83426
84647
75099
80107
27092
9780
20166
47696
81121
86956
79098
69185
28330
83217
15491
77008
73215
68844
31547
39721
69651
20899
22823
37183
85597
39829
89900
70237
29382
68381
3097
70708
60292
96140
18647
25675
23622
78550
95764
23117
87540
61284
7456
11022
33572
97306
40807
92917
10714
75142
90959
13717
97356
90103
66645
36482
59511
59364
28959
9029
93083
64040
17655
27802
60679
87139
76278
31651
71709
84836
42947
89465
98499
37156
74745
34376
85497
45627
65853
83091
47905
47087
65371
50815
66413
92094
69860
12274
92009
52627
63419
10931
63540
98682
12888
89446
34932
48343
51818
42170
2748
9068
86304
45228
62051
59511
90022
5040
32394
84691
40941
11725
68252
40993
9510
89089
41836
44572
7164
89469
75976
56446
47177
51302
65577
48989
54210
17343
36590
62046
79463
98191
19994
63136
40736
72955
52504
8429
79088
46541
81695
42373
23178
23938
30967
1854
5627
8579
48338
15371
65577
48439
33755
34643
94752
62085
64826
5673
18747
76309
36053
4023
13522
82465
19122
17861
96642
69478
25525
34069
79964
38
50756
15847
56574
39675
55149
15286
76618
26571
2850
86098
24467
52255
74958
45985
64007
29078
1166
55597
88728
94453
39813
5999
93900
13229
73436
38423
66213
13493
79819
62184
88095
60575
24868
60137
27299
14378
86975
31198
79959
3370
15678
17313
14170
45360
39639
71477
90163
12396
19425
71184
57450
86931
67163
83407
71592
39892
81977
61968
78710
50569
47977
46528
83758
89930
53822
51171
77369
86048
21009
90679
33231
65863
76772
38340
53643
78711
29797
63491
85541
53303
52320
98048
30590
56061
48879
8473
68191
41706
60484
61702
61664
9810
88228
42497
61045
91832
49296
12912
9820
24938
69024
73294
18144
99855
17148
33458
75068
56304
52980
86080
23804
9648
12108
55267
7388
37194
56616
77248
74794
8876
27693
17728
18058
36269
74469
16945
27166
63096
55745
10563
93456
73532
95111
37427
63659
32598
73984
67698
81242
82761
46259
56484
84196
69681
26324
1865
50550
23278
90611
6002
2557
31460
94854
4022
29479
91587
4709
66284
68837
43328
13446
16487
30658
3446
84315
4191
6180
92177
46163
34104
6201
91533
12342
92780
12689
95126
23031
95395
54815
63143
83583
7787
8948
46417
90695
19555
13756
52057
97555
30014
93477
41464
67503
69132
17736
49526
18152
31352
53971
4926
86621
67924
40009
83829
18966
51431
11067
41664
45018
20098
77243
82302
36077
21410
73412
97742
34903
34871
68261
55366
8491
99442
4319
98994
13309
93
29769
66084
6922
28164
18269
98941
53951
94867
71568
62141
85561
46013
39402
77872
55626
81348
5126
98658
91078
55409
98450
27800
52552
30113
41274
1785
39432
91137
52420
77292
22055
1634
37927
77858
46177
6402
19542
82460
6722
23146
38408
17155
37632
56405
66350
38608
3832
94942
76107
15426
83630
67184
64684
67512
57504
97874
99077
82851
95824
83608
19765
9757
80397
67544
35526
6832
41481
96396
58284
75633
87907
48848
20698
48058
71245
39461
52989
28944
5876
77722
84358
93645
45048
37954
64633
42948
82143
73962
37032
18727
69194
5484
63647
36378
83632
43493
3797
82129
23309
26298
66104
53653
71300
30008
79184
18051
48337
94339
52311
8976
94967
54274
84993
80493
72262
46772
58501
57362
14420
45981
88905
11432
48456
85806
90698
34196
11005
12726
74385
97888
20275
70423
6619
77449
53990
99748
17436
9167
74327
40076
37952
52232
80494
13428
22585
83262
20538
85523
42547
93633
65782
29392
77239
28859
21034
29757
87455
15748
36780
34857
58171
2017
60938
22579
45202
21864
1376
64051
14362
71776
22705
11798
57894
32367
69257
94286
70236
81578
99646
41227
71431
44164
43489
86539
63220
77794
53102
28729
59541
14290
98104
49326
89196
81578
70184
86146
44879
78101
21336
45019
88631
77935
59560
35505
74212
88372
15691
8069
67184
15966
83047
8255
64937
93527
8051
24591
15468
86805
71767
67045
63363
67431
41617
93864
11621
27128
97568
51089
78284
23293
72100
89167
37342
26692
64814
98916
83204
33057
4787
64385
84651
2143
52335
98921
83403
80846
3212
42591
10348
11035
54922
784
13155
41479
78392
6909
61629
89872
92618
53470
30588
43738
86978
64240
48382
56990
81349
9957
78459
15934
35966
85668
11644
83828
84202
8896
78929
55074
70039
83517
5144
3432
24495
23698
38771
3910
30332
63410
92069
99271
78429
86136
5809
1562
75986
35132
45606
47867
54226
28584
54999
31878
84326
31511
22755
88695
20704
95782
72880
43125
45008
30757
47205
6414
75073
72220
44002
48580
2400
28330
68316
98075
41849
8050
62448
15693
84261
16859
53583
23969
66984
13668
57084
85791
45342
87489
22157
40587
37486
31369
61424
17440
84541
30948
81706
30473
47265
3552
5612
3294
98556
96793
98088
63531
67829
63497
71419
87767
4595
95529
93626
344
37849
35661
10041
98253
4073
21612
29270
99783
82834
81969
87925
80579
55576
84696
3090
49706
58789
11170
76262
9283
87005
1902
47499
35007
88417
81872
56130
60588
52415
78727
61121
82482
95230
51826
5959
97888
61517
48193
16473
88607
32397
91029
85633
47376
47132
41251
42580
19241
97923
97309
95142
47120
68735
21431
16860
46971
84821
52034
62920
53957
88715
52311
63194
9250
96515
98095
70262
17983
63529
28023
74808
91983
15486
92727
34714
38281
98898
55241
35806
87565
35633
29249
83399
39866
29925
88205
97246
93668
95031
97544
64868
80959
97812
46992
2965
40266
77814
24017
99578
25763
68012
83637
55104
21945
14057
50055
60981
92436
52586
545
30078
42971
89543
35392
26470
77484
195
33148
39238
52052
34485
36906
63195
94474
67423
11455
83848
80809
15848
26296
46178
77677
41788
74312
10370
34519
95866
63527
1243
81251
91382
58399
57283
40260
28478
32669
33983
71688
4903
27317
20127
74386
39165
6812
45398
92671
8046
24958
33996
79313
61647
14434
14554
71041
81798
82305
97706
88120
15961
62912
29340
97400
1545
6880
81861
46319
57772
91664
72078
43703
33978
47026
49766
32159
72100
19049
57729
4955
69281
14690
92288
23624
12733
44383
31481
51342
41696
59280
62447
86273
14914
69877
66401
89272
70300
16024
46183
41843
73922
7913
77924
87233
65436
62891
11777
66656
97943
5474
56468
39645
47203
59518
48459
2169
42124
57897
39189
66949
94042
23777
84945
31121
22099
22412
43602
35047
75046
45607
56242
54852
23061
6017
80143
30111
83649
62207
36160
18234
47032
10419
92284
78272
62042
68372
43616
225
84259
8100
99795
382
7129
87007
89270
96353
4357
88913
8492
72588
31425
76862
15816
9459
78103
44323
44343
80091
15338
97059
12590
7566
4932
73091
54046
15265
99553
69115
11539
19455
16179
96255
19964
92416
96551
25199
20127
17037
4475
79779
30316
86673
88203
95632
71671
37984
37141
93570
77182
93845
92545
44562
94601
47220
43245
38819
36243
73111
10147
48453
49838
63151
50125
39065
94303
8503
69970
80039
99531
85356
10201
61744
58331
45270
26851
19086
35090
84070
60480
7877
74940
39050
55306
30955
91012
53339
74920
94305
92200
91697
29738
95230
4123
44392
99057
72584
23690
34574
79859
72475
15777
37708
83358
20269
7045
38487
67101
48230
74292
41224
13910
57979
21491
47950
60959
69895
94858
52900
49859
71659
48067
20123
1813
66005
18168
43549
98916
40768
7934
14441
39918
42451
86004
35848
69771
46412
37620
71569
18993
91345
8112
91075
33117
2840
6528
92931
20007
70657
23375
28598
80339
59064
59982
64148
98462
53849
80098
62258
40898
7244
86953
29847
58522
57860
23178
13901
61078
36687
57838
8863
91844
58562
59880
13692
53910
62623
95382
31021
71071
84482
83735
32235
12030
87064
38709
34146
79997
8057
91942
59684
59932
22043
30822
67473
49172
51388
70834
21421
50355
67171
33389
52941
86704
46405
96031
10804
11642
37805
62901
36231
99973
16221
58626
93723
25562
21278
41214
510
65929
67766
11428
94230
21158
10825
51587
54695
60159
34738
82126
42951
26446
13658
86633
16433
15685
99488
18124
23480
11817
91640
91995
62174
4005
39724
99078
92584
62375
67664
59187
5216
69754
75648
53036
28719
88414
94518
5021
82692
73628
71309
65629
56268
15949
75282
45682
84335
69959
61191
58855
6347
23715
8914
25111
67116
39332
8415
75191
19906
21116
65468
31496
67340
64002
51016
78977
46791
19879
19562
32823
67228
47708
97743
25324
7560
74533
94655
70127
54779
32724
6257
75076
34820
30636
7521
56515
76327
53857
16555
62590
50559
31197
42763
18828
64224
8020
65745
74139
37186
85315
66464
26176
66710
75942
91742
35097
82725
31043
52241
51240
87715
8195
70044
19355
28496
40764
55305
43750
70051
28339
11764
55775
65147
51598
51035
79676
65404
34106
27494
37924
83650
27897
11855
44230
7363
23203
349
63789
29715
63379
48983
89378
21064
86744
29294
28601
83184
66823
94116
59388
11884
8738
99163
71473
46461
2500
39348
24297
78801
53780
59819
66508
52993
48070
42061
96666
9804
2120
75811
82075
2670
86306
2209
66054
75016
96882
95817
26839
63371
32067
77697
1383
88334
21865
84018
43617
68771
46043
29639
77844
930
95090
34452
85956
77701
26354
25735
68508
20996
51556
93976
46513
53339
97137
14154
96941
65889
55115
51786
84722
6835
10021
22428
59458
72005
96529
19937
16157
45281
56573
764
94301
11751
87500
10579
92637
21410
13098
63936
10199
45464
90343
68093
43606
65995
24592
37335
33149
96266
50874
37445
55550
25099
69810
41651
91494
76743
34306
73802
59693
97022
10530
9692
41393
65820
22478
43762
40532
69332
5509
29867
45081
11448
56147
37142
86547
64619
24250
5050
27921
46610
6326
41777
45560
80205
17445
45880
80146
77648
3090
931
20317
98587
72157
65447
15623
41319
35027
34810
1041
94330
11951
85261
95451
47182
73874
62211
82955
95697
18242
38865
89277
86287
46020
89017
40423
11552
1503
90764
41550
54594
50003
72580
46183
10815
62955
79930
24777
88347
50415
81300
58593
346
49978
52691
24177
36725
34744
68257
72259
47979
55625
95882
84136
65334
11181
78760
61120
99905
89690
59769
18589
53866
32980
61465
29028
77531
21722
67902
18885
20873
83175
33712
37365
48878
34813
47351
18623
84514
35558
45990
21012
85422
2855
32982
77888
30063
52536
98716
65052
13809
17574
27770
15185
56692
95124
59750
68116
21871
25088
80395
1947
52664
13492
19436
4738
59003
82086
3250
69329
92480
49121
1735
16173
75359
27811
29220
81454
62118
94106
34385
36441
38387
67504
79861
53555
87171
92364
79085
61904
84725
54215
40533
66905
5300
41489
23126
34796
70067
5362
61804
47605
67283
28449
43074
78861
92658
69702
37699
693
88664
32393
46952
94943
58967
96589
78193
87317
9168
68286
24559
19929
45074
12623
84480
27855
34867
88820
30655
45610
59401
65843
28133
22172
80287
32974
30952
95087
64115
98893
50796
47759
88048
23796
34722
48195
30403
94285
3396
78584
43325
92029
63006
14375
58579
10177
401
6977
28378
31005
6908
71306
26695
88256
51504
77173
76764
62608
27069
9510
94160
97519
7845
66078
34692
3550
23345
32287
44546
22564
74196
44318
52782
9474
36513
59401
56396
30491
43431
60443
62121
42475
63785
23943
8864
7684
15597
83234
63141
67774
36619
34817
22452
35629
77965
32861
25742
7266
67935
17230
20127
77068
1722
46658
77940
91289
47403
83632
7568
2812
59383
30521
53705
21126
88330
57762
70260
32276
65625
50205
34359
66238
66321
96935
20000
81913
27040
28711
40799
70911
30474
7463
9098
5487
67405
52274
49526
36856
16129
32950
92905
67872
7923
39444
26292
7085
4196
96477
35745
92139
31738
1614
28846
95725
32651
5608
8074
84744
18649
49537
26037
81559
80204
52979
8272
12118
98802
5177
81497
96504
28400
20838
67227
42181
99762
89460
11327
93858
15542
88995
43116
93852
8993
91000
93588
63712
25255
85584
55866
10426
68504
70041
75670
3277
18224
18874
98994
74860
86525
59724
71889
64776
22490
47458
13090
13361
17861
29238
59173
39994
94873
46485
95952
96197
54344
50071
32491
71375
1397
92741
59400
57414
48590
71630
88022
78492
27846
94885
45093
70764
52511
23698
69213
44136
11031
55321
13394
6738
48696
38427
57998
34361
37408
93725
47687
92579
80785
67671
30061
60427
71369
6760
59240
83748
56096
82670
24949
48428
89092
59964
30089
13434
47191
44598
4376
79027
934
41087
66556
9319
30223
58247
92237
25393
72380
79339
73861
51624
20921
208
22628
22640
85830
43760
37084
36994
4210
64095
41849
70456
64567
94351
16794
71018
8513
31154
14364
32753
6255
4192
94943
22577
54276
70752
17083
54429
12070
42134
24291
10472
63027
84406
85260
93193
56714
46445
48665
63496
65751
46260
79101
61348
59481
83954
66625
17624
71717
20714
33624
27721
5639
93491
75945
51010
17278
67920
68162
80749
78292
1891
1472
38875
61315
19238
79873
23116
85023
56570
497
99617
28596
21579
7642
38396
20121
70320
46512
25743
1590
39805
1304
99346
53190
46857
38388
12901
31662
80988
40308
96336
74654
60722
58727
42204
7669
16246
51072
22397
76283
72715
68588
74330
4665
75069
93045
79321
41798
10321
79058
82696
76451
66932
21095
57228
44051
57721
97376
80923
50844
74132
85542
14757
81295
32621
98781
7444
45904
4440
76209
57572
17154
67019
16723
2150
97227
28157
57847
67921
64053
45897
96765
79133
5608
15353
27909
71984
40222
38646
72958
38590
45831
82872
91500
86277
45994
55827
78876
46967
68404
51070
5563
33868
91811
73418
55754
53586
68865
17230
67800
13320
81682
89831
87427
33059
62923
76183
62662
49051
96067
29826
92529
89384
98631
24239
30591
49298
96851
49269
73553
54736
7226
35399
22703
90641
54976
45370
38173
53950
15853
79749
63984
95521
78114
22629
93469
18311
4924
76676
81541
51946
48118
24822
84072
21985
52794
46204
85101
40220
74996
48836
84228
40179
1077
38080
79190
21428
48176
7088
32362
7464
32045
57251
31702
56372
85565
58816
5404
21690
25307
33496
53511
67497
46769
3267
34525
2648
89131
93226
38377
1503
28563
32348
9373
4248
62486
3650
70098
88641
79733
22803
30650
84643
66112
83649
56822
94520
9536
91024
94075
77059
7594
57272
21289
59858
996
18970
99904
84183
75522
6436
11468
54240
39725
78795
45021
14220
597
36142
82102
86769
93542
63898
65563
53406
64961
24451
33322
37034
98185
32975
36941
67075
75762
33061
51481
1253
53021
60420
73151
7976
95174
86416
94783
132
26970
99259
36204
90248
60002
64380
45622
15184
9814
72286
68519
16485
64981
99086
98684
32642
24737
46087
3165
41759
61162
71301
79474
36667
35434
75352
31317
82223
78859
85696
77520
24555
72687
32860
2536
66545
31590
92696
72895
69631
45989
30127
32721
63996
13257
92375
44914
77448
85116
31153
46687
60951
78126
31751
7427
40524
33604
36572
14340
57152
43209
40233
35981
52279
96716
1606
48743
14953
55934
29922
80647
55336
57925
46520
36894
56937
59846
82224
5017
56505
49590
96473
54039
63783
72730
82213
99414
97138
59653
91127
70269
89627
78617
57791
26272
19734
86861
41755
23198
14432
44457
43476
10647
85654
95280
84150
7461
67692
60808
92472
10224
11878
24697
63848
85457
11059
6473
46610
39132
50950
24401
24234
20251
1487
14215
27028
31804
50449
28396
60117
57025
59912
30867
94717
85236
46512
53930
1432
89758
55572
60511
38020
79157
43320
83943
74974
38288
46663
21766
33776
4952
67054
33638
96153
40939
33304
97836
97669
57707
10747
8124
49159
40563
65978
61833
26633
58752
91872
95334
567
28121
53911
7601
44743
67043
46290
20972
28385
17390
29057
15149
90531
14767
32461
39330
26371
76343
45524
837
51196
3062
88866
30967
76895
35790
81825
6694
18646
70789
8984
48931
28562
67731
22672
61242
17918
90613
26396
52837
5214
11738
89321
56358
57743
60248
14286
62470
30700
20723
34977
24163
59288
19272
39361
51763
10382
61435
54044
55415
77479
53139
96273
7390
63070
65120
64430
71940
34068
25798
50223
5888
9966
93465
46482
60597
40127
67270
30783
3950
13010
12410
22511
95010
5731
34859
10644
64393
74717
64190
87685
23059
68658
61395
22205
86922
21300
67756
5136
50075
1713
70549
87796
38345
58275
34894
97131
85283
22156
56237
22237
27497
61966
54974
43137
98235
79261
60967
39678
63311
6787
48376
81033
79498
96519
80478
44241
56278
97572
10048
66023
45632
67219
25064
85017
31441
16076
86749
3448
45470
92491
72624
56372
28704
71933
57913
7172
58893
65279
21249
95003
63041
27812
8970
44484
78805
60775
3628
17517
59935
63484
42459
17439
58854
92568
93757
69197
44402
66572
67353
32087
85090
18902
89781
62991
56356
72993
4008
80509
1465
44530
10949
24273
82355
93629
95432
63312
50628
83722
41708
60818
70249
76482
85866
86705
12286
70965
86621
45843
9651
16714
57063
41739
86635
30361
76677
15340
16289
79771
42630
72607
45584
26625
69000
30695
17081
87904
49176
42052
8665
54860
17500
47376
48195
82127
9063
47195
71599
60463
76254
92123
38719
66769
86832
44426
55211
59261
39622
19659
69284
68908
15155
56795
7389
83637
68431
86896
19476
98208
88395
31613
23538
24181
83913
67438
58161
74216
31387
23307
71856
24982
63231
84559
98282
33928
73588
32401
11260
65945
89469
31535
47484
59575
20906
50568
16472
73021
16128
76461
78911
92555
84862
63367
77755
86372
57307
70677
75411
23158
72151
44852
43577
83621
52281
34070
50473
27103
35062
99100
91321
66512
88852
46309
8757
34253
97498
55159
14280
42917
83195
11846
96641
3163
27695
44439
19361
78557
64809
4283
46014
38305
42612
67403
35578
16898
50837
85524
31129
86389
78127
74735
75471
24682
15753
39216
72463
93100
44909
40862
69595
940
88833
33448
64929
79957
86054
55205
72348
65355
49121
38575
39310
90892
83567
91247
86909
8268
21354
13107
41259
17537
24259
70929
7321
43454
41961
59558
60380
39197
95407
57272
69835
57996
9850
82833
40322
76120
10217
32107
32648
55464
85364
57100
75003
89452
24474
35193
12714
62897
35064
7550
61917
83139
55541
76813
56163
69061
298
10423
7148
90660
90290
67957
95239
34391
83191
53174
67296
37185
60160
32996
43435
83930
97029
74769
57163
25086
57418
45478
7190
90818
78258
38796
61453
40168
69126
69737
2415
59901
98307
90562
10864
70034
18742
55856
92665
37616
35399
79861
40493
64376
87351
59836
86283
73571
14432
13584
52543
95965
75995
94653
32170
6609
52111
21662
89420
44909
57408
107
47120
60280
2824
8713
28134
74357
52963
42123
28951
22452
70458
67993
981
83064
19334
61667
63609
22925
58873
25536
18552
49810
31583
99558
31466
16664
93158
82777
41077
36041
19265
72774
54623
28151
41878
63567
33423
34626
55719
19739
37327
94987
2726
87636
29053
30513
60379
19220
14490
44862
43279
42119
32244
13148
76963
54050
96125
78886
40264
98570
28197
97437
95729
2829
79077
79376
4401
45010
99062
23984
11298
34049
48537
49922
70553
34226
81642
84437
6224
41496
9607
84208
50428
12779
68294
32868
70444
87402
37549
42769
2978
2487
58257
51172
61877
69557
27574
85661
98788
93602
82011
747
72251
35950
44895
5428
87112
74274
77495
40394
56734
17539
26186
39832
29418
84680
65073
75647
63598
51987
31126
42035
23671
168
82051
63110
84817
79454
48092
80779
33672
32400
8526
99341
94773
53173
21031
91673
83565
23556
69704
29083
34261
61447
79025
68707
30508
74826
33699
24632
8085
11780
47801
29263
50533
48189
50192
200
9510
62057
69810
73589
78457
80005
65585
95594
65029
45205
62415
27010
50711
24083
72423
90524
14025
22493
49412
45470
96796
39489
61724
98956
60318
84296
51206
73837
37042
21835
24227
88625
8332
47920
69046
54766
6226
68572
82406
64840
88402
92207
77176
65769
27080
86600
6984
13540
94315
6359
38032
5074
39595
29806
4493
59384
33079
28782
77188
73092
85386
82102
2941
40599
17915
55027
72569
1590
17147
50531
9424
77099
20071
74439
67367
23410
19737
52105
63193
34120
78011
91864
16868
16164
15427
92694
66094
81525
31416
61220
21175
7691
19191
12032
31256
73978
3952
13065
56969
65889
76479
25855
93012
68734
18550
20224
92149
46298
81915
69544
39816
18725
48867
42734
92376
85167
39863
14867
48636
91571
88094
55759
7496
33222
18458
64976
39551
8776
59880
2071
49103
84194
65217
31638
68654
10708
61379
58112
28820
41707
68471
20600
75759
87259
69802
95764
15569
88235
34713
42498
24973
44558
25273
99809
44052
82404
71619
47263
35392
89345
31742
53888
74989
38260
7615
95136
25921
45770
99622
96458
16886
27415
9010
75638
56151
51520
98345
29207
88082
81211
8499
90231
98352
92480
92992
95308
68681
29011
27271
61163
65811
71730
81216
41776
33056
96308
50445
49891
29040
78707
98404
94801
94375
57065
71069
82066
74644
13393
16945
9429
84960
88800
24716
15299
46844
83681
63654
339
41316
65945
85482
69176
1666
41602
28380
60629
55482
45961
47218
89488
50867
9929
23235
93391
72110
26363
31458
46961
62338
39681
73111
29152
38873
91084
2844
9775
95124
14784
36611
22509
91525
41108
95291
85462
5724
25457
10155
54521
36897
97480
39545
54057
73540
50029
83442
82537
38738
52060
99700
90909
4098
26747
55706
9819
31256
70533
3436
28384
30984
83757
44305
66872
99868
72314
3236
17326
25728
827
79847
38183
89387
3837
98664
49604
82879
38453
69191
49661
40832
85280
35569
73000
36274
94414
24996
31178
68439
58607
25355
8311
32944
79025
39181
5039
64628
57098
41751
36662
61359
87309
59326
67236
13360
94009
88081
36474
48508
83236
41685
43053
93563
48118
90658
27199
53543
64145
38168
86347
8373
77023
85140
56802
39830
21519
2010
51147
6680
63411
18780
2146
10846
86862
48596
30631
34825
24229
16320
71819
29599
31157
27745
62119
10445
85263
87677
96685
72702
77778
33349
24728
1550
80534
50356
98202
42159
46511
45338
39584
25538
49767
42704
64985
78857
70555
2374
77983
58777
94249
18388
91454
78226
78294
5441
78149
13948
71480
90110
85334
46927
58764
39585
55552
23970
14380
15615
7663
58680
78715
27084
57690
46605
78532
74813
90693
54551
8724
941
45518
9549
12675
97993
94968
16812
44134
80200
29257
67744
96059
50306
59881
17689
70502
62972
5442
97833
18409
81149
58196
46457
53196
79112
14968
74350
51026
47279
83896
43449
84259
2518
27840
97281
21237
48782
33067
57456
25419
41130
34538
23982
67702
93837
16992
34775
50366
43556
321
47745
28947
64420
90211
95553
68260
7681
38183
16242
38350
97195
52650
25942
18218
21450
19555
43450
34299
52812
83049
54906
5808
83175
11036
84988
46788
49994
5492
24704
35834
99888
16957
69664
65646
84698
16477
9070
27468
14289
365
4143
78963
1966
23860
80722
97823
22648
90891
28982
26449
10509
32819
61442
70848
44572
82872
38980
67996
93535
42585
59294
77775
95114
4079
47781
85652
71290
64034
58927
77880
63403
80958
85827
39798
11096
12762
97943
45491
63534
92736
78036
20797
34530
1663
4971
98365
20931
44495
62704
33155
62091
49726
37319
5212
58603
26836
80319
48614
42341
52490
5258
94151
68015
94009
56475
34191
30539
5328
94690
32080
35408
82808
34069
581
25190
41576
96216
15840
19679
29117
1568
97935
21152
83695
82443
54639
50803
21310
41925
50114
92455
11862
5289
34749
93299
61938
60561
84569
4345
92919
84668
19416
16221
66663
95861
56130
3800
43664
72016
60827
43332
90849
80685
15832
98697
88217
90575
15582
75594
59175
92746
1689
37631
59221
62477
18009
22303
8209
98925
64930
49992
42350
54600
23214
68994
6766
81879
60082
61540
71137
22573
10212
85657
17885
93362
46517
84234
29085
35522
60306
20456
73233
84325
33633
14951
9918
87848
39351
2134
497
83522
67435
47613
36497
23506
55557
27558
60159
19112
74885
17575
8553
99012
50409
63347
54424
96634
10149
48445
25469
14220
97325
87459
25731
78549
44578
51583
77408
90019
31323
59974
21460
45671
97434
44087
55794
37413
46583
59051
81902
50298
90627
13904
14381
41483
17364
84941
7797
14820
20066
15767
63436
43368
80615
46415
33549
36390
41266
76564
4997
56811
74828
29572
58543
17746
24351
38610
92236
52310
42981
41442
39572
56822
62867
67106
51416
61234
45312
51027
49574
40334
77932
22060
57618
94330
79231
67350
79167
3546
32307
95795
50247
25414
97870
98428
14017
38044
33148
89027
83144
4542
56344
44654
98966
19108
864
40107
60789
78815
43143
50238
24515
27688
13451
81170
6897
20941
67186
60386
96288
73991
81887
24184
98285
89452
22081
94923
19462
70341
90489
35881
2443
89316
78201
20110
43533
15290
30677
47581
89562
78915
59979
6702
98211
68674
82270
88203
58728
85185
22022
22015
45188
398
3598
14144
4585
32134
16393
28241
24437
56578
22826
3660
60584
13575
51725
24880
51698
71435
90693
16835
21106
57734
67060
6641
18118
11909
2496
97701
79548
17807
56809
14958
55068
91161
32535
78311
56289
65590
37313
99748
58268
17685
2498
37131
18146
90607
35608
5257
44391
51032
50985
94944
32291
31145
60283
86029
54438
86490
12477
57147
77150
17006
61981
18522
96605
48735
21223
89882
2298
25192
65347
77123
55228
91215
39001
39257
45628
21237
72805
65479
63355
76845
79252
97471
14303
98673
39138
43127
61591
54793
39041
25741
85774
30699
71619
19557
48592
40316
31865
19164
56880
74990
1304
79251
51992
16983
90333
46475
21310
90272
35131
95985
14660
37959
17187
96698
49361
85691
90110
68842
252
97242
45889
56429
49680
44333
99491
13491
49402
44293
3928
22154
63386
21451
63177
72647
58181
4406
21534
90544
65634
48552
39737
50036
30085
4243
9379
87594
55670
6055
75192
77092
5213
47544
20865
24111
50307
67034
31992
73494
54969
82089
5695
68437
12413
78385
73379
10901
11875
76327
20683
25888
98811
77817
12029
39503
78040
40244
50084
48649
76808
44993
3586
87205
23790
87012
20344
58527
67202
38028
83148
16298
60989
78356
71609
42459
51855
89702
67530
40117
64756
72576
46041
67567
786
65313
81262
20362
97113
72755
12431
65203
82734
13921
81484
81381
81633
83729
54656
61222
27863
22954
25893
51965
57584
28197
94060
4939
52000
44065
79574
14888
64696
28884
69305
67624
53550
77268
30548
30532
53021
81642
94201
42714
5706
20084
58830
69986
96983
12322
64361
10038
67618
98774
76052
47840
38834
67086
66522
49986
84537
41580
29827
30894
95189
68764
7463
28627
64627
15874
99958
37358
89910
5520
54841
75370
89950
56654
69669
73706
67209
64910
41851
42654
48920
37352
25012
42343
43867
14495
66816
62584
36690
14319
93888
43364
66805
76990
78476
44437
9616
11003
47507
91817
35709
45639
86341
90065
58217
57702
