11515
11266
8961
80562
56603
60814
76450
63670
74558
38671
71834
18233
15477
42318
74023
68365
60655
71289
68495
54368
32348
94340
96160
72765
57634
45784
80315
38127
44398
37452
85014
26301
12214
8247
52947
4081
47891
86539
89186
50320
68067
84792
85979
8563
28834
54937
23085
69758
52532
28295
64641
6041
14386
43316
25844
39011
72629
35613
65484
33566
18898
17743
77801
92160
34
19436
50823
10547
55288
16787
15768
40364
20102
88775
42304
6341
55686
84912
11923
16785
11342
28524
501
41009
64600
74690
76440
76161
76041
64773
39832
79178
21463
49114
1759
64713
79497
87788
20026
51802
36519
50822
21270
26022
97175
33794
91431
70426
67939
33482
30773
37634
88013
57245
69449
94521
4175
4723
20038
56769
18952
79123
11976
20270
95106
47031
85404
54849
47122
86873
54208
31919
95701
58342
50598
53046
58810
98592
3151
58689
50513
6446
10268
71086
25320
78911
47582
72485
69965
57456
98579
58625
99671
85219
72398
35544
52833
58452
81769
4056
23763
25983
6750
39998
86257
38116
91384
34054
53635
16576
84569
97664
91212
62152
97710
92534
99159
15627
87430
37037
89124
68580
91926
58283
10716
40563
65769
14982
1220
68927
17536
27042
25623
12933
96878
84629
1918
30293
71813
90747
94357
14596
39553
14262
16343
88721
55370
38634
22402
63668
87242
64483
38862
6620
67168
68918
80594
26590
38044
63049
92065
22150
96422
88711
42789
43888
85999
44300
27954
65811
23506
68311
67679
31945
14775
96305
85942
56407
82297
27999
81364
90853
17633
90466
46000
11172
40849
66349
56805
92102
87322
96693
12430
30257
30641
66433
86490
47310
44961
37617
33143
57649
23455
9365
81714
42589
4955
65073
25632
46624
83905
64312
41018
67516
37022
44067
35787
34916
69188
70226
90655
59800
38199
31241
67531
28571
4436
164
35618
25993
23881
4713
81511
13854
51336
21359
5526
26213
87845
75665
76477
49055
81656
69670
97014
6598
64458
97646
23828
9604
38917
17194
49133
73419
72645
30734
46209
58289
80624
7972
17506
49839
11040
16155
52175
26009
60612
70147
44270
52517
76956
1539
28216
98594
43685
48679
62205
93605
715
83510
1389
23262
90739
72896
42338
89088
92931
88399
81856
54430
70216
30725
18603
92440
53995
1236
43539
37315
10544
91906
96871
43721
96804
40302
1464
29816
88453
29633
75357
48822
20421
88559
82035
54397
7255
64819
15358
50263
55103
39113
36745
62022
72667
64350
44278
90136
1647
19905
12336
86004
77169
75983
65033
51520
16918
5209
7702
43990
94378
45240
75517
26256
3075
34071
80869
60730
11121
60513
93364
87790
26005
4599
64750
54743
87099
96290
98544
83996
237
85615
73939
66230
697
83085
31766
42136
28657
7017
18990
71465
88988
11619
34472
71566
28957
43757
50573
31197
94922
52723
49691
20618
40161
63012
6069
6713
37477
40245
71937
55518
40911
550
30276
32493
67930
83745
32587
70951
41545
40357
31513
51219
58325
60845
73719
39182
80283
4610
39578
35248
93075
86814
85953
89745
97399
88832
82785
67529
38886
32149
37557
91812
658
24236
16600
73227
93904
74193
48623
70633
51337
91227
42699
65056
74168
63829
12756
2154
41767
25233
89774
67242
19350
59210
98049
80946
67335
37780
53585
76711
43123
71425
78494
45873
45527
89368
72387
33168
60354
6161
6652
40156
49310
27550
93970
90635
75890
98501
83755
84183
47205
41177
34653
1589
77158
58622
96252
1119
516
40099
75153
36418
77862
4991
40018
33514
8033
31491
41553
38353
57183
20258
77344
12448
36620
19550
47501
25968
81420
84793
70623
9399
33615
7934
85187
90459
21776
50700
67525
63424
6403
73887
81357
2424
4918
57951
91354
30069
51579
40127
35537
50362
69021
26608
94996
77444
99156
14316
44578
79930
61939
79372
13183
56721
10439
18057
39654
37726
80524
80139
6160
87034
8974
13025
25647
55618
77453
91660
30792
23758
13815
40795
26916
56501
23047
99209
25759
63227
72188
1554
82949
11315
59149
14703
13340
64929
69940
56739
39793
67075
6019
4489
53509
86933
95036
19449
18156
58296
95003
7333
36733
40060
72403
74331
51823
38653
89458
69150
74240
80899
44956
49048
85260
96166
90065
76129
63204
40742
44565
80999
83268
19948
60677
45000
91925
80056
93061
35422
81
68738
57805
17775
3340
30662
13891
39808
77879
12942
75452
67200
14383
3134
84661
87366
45997
68388
18542
88972
48230
90054
12167
70528
87767
55638
53379
25737
96339
79639
32854
7674
15950
37507
91068
41828
30184
56611
87544
38911
86005
54128
94113
51732
7289
25162
1155
90516
39587
93138
56876
25683
87752
42755
9240
69190
16237
30269
70162
96985
98030
98110
48034
76847
12225
16623
73637
87070
23410
27696
19511
32353
21264
18714
85383
4923
30634
59003
43318
85466
75549
49885
39664
34506
44368
76537
6709
23057
94231
65399
12836
36666
15543
17324
99803
84356
86487
34229
35163
74710
86917
7024
86356
66711
63411
55933
29703
77942
7741
95065
94611
1587
25992
96842
92791
37112
52
10084
56934
18586
71481
19953
74043
94158
98689
54988
48065
25876
53888
34214
45505
78015
91321
14322
80695
28509
50879
62117
72403
59583
3129
23733
79113
32858
75717
76803
96118
75933
86013
60745
59150
43684
54173
40268
91303
35738
3571
25861
55571
15057
19789
78137
13987
42055
53965
36526
81233
70653
35153
91798
7759
22616
18070
64774
84952
67403
29295
52584
16592
43661
67674
64505
28427
58045
92581
67296
82344
15773
24163
680
36417
94436
57865
4186
18482
5705
20741
2281
66358
55636
38127
79411
7682
25382
51701
54513
84475
99136
63747
44940
76782
13454
20609
92469
80969
77524
31065
72437
85399
81146
71099
4409
4696
47051
13573
95441
31086
71634
25170
76792
22998
33495
33880
32231
62522
16087
37270
17692
1894
37900
25099
18832
22613
66532
60257
45984
68353
73225
40757
52708
72153
50798
6829
92515
47075
54554
95226
77959
43097
70677
81836
94462
90037
59933
38141
87942
5528
48941
97308
27692
25394
55526
49389
69535
44985
6961
31186
70664
76837
23605
17128
64560
34993
49757
70932
56222
27985
73063
22053
2599
65371
2666
58105
79505
1513
5029
30793
13022
5879
30427
25455
22857
70577
82726
6368
60847
70088
25107
38083
10546
18405
23178
50899
70405
68502
68835
33032
32849
51264
55114
66903
57098
76140
78903
24285
59767
14919
88798
82546
59149
7916
94778
98526
35576
48217
46141
17967
46759
77599
71711
35633
61055
66126
8641
69910
30943
91994
48806
99135
52572
61916
93523
38652
13427
47050
26509
29034
67054
70060
78436
98763
17682
19314
35790
11063
2039
32572
48357
70818
5125
64400
25847
76105
83510
64138
4750
82221
8960
41757
18642
72314
28467
28355
5772
16737
42655
55325
51156
67419
88141
18319
7439
88220
99645
21236
82005
60
24403
67621
54416
82276
58273
99873
3643
65631
13567
9125
25320
33019
59635
51330
51486
465
92619
43291
14378
61271
77525
65339
42075
7515
82032
23770
98787
93158
10372
90266
87195
662
71297
27682
88081
74293
70789
96426
28045
59754
12061
53915
15956
32427
36352
82514
62426
55192
80397
62006
13428
36045
18904
22543
80533
58525
7418
58593
96589
44311
59544
69272
46678
84596
58556
16826
65024
94673
17542
72195
22845
45086
28742
84089
49703
6968
62882
18739
94196
97550
60172
97895
94278
55676
6136
47720
58589
74029
26165
64719
15775
65867
81068
62889
30274
38654
79619
91318
90319
82569
13477
38209
45353
38015
50665
58659
63385
11561
46645
65675
9495
6824
70716
8386
76687
52152
46816
12427
2366
14778
27631
2316
31578
29328
93169
27831
65695
624
73105
2734
18224
72393
75408
78425
79812
41735
75898
59902
75173
84335
20268
33943
63995
95136
94976
1861
47974
63685
50284
19946
18019
8910
11473
62892
48959
67963
71233
13508
986
5875
6628
311
58739
83754
74765
54423
46393
13425
78597
27743
86198
22513
10410
70870
41026
63552
4236
16836
59718
67996
97821
3953
98828
10208
45677
93926
35025
92552
86736
39646
33610
64898
85459
12711
23466
16536
11397
86840
7112
65302
97224
55680
98275
64088
22575
23781
47684
19269
80851
73415
29547
66102
25720
63911
26355
54864
72728
65101
71281
21779
9950
79069
83680
70902
1187
56280
41528
71359
91280
84253
62622
91049
32075
15989
10606
3278
50239
44709
45198
62130
43366
11676
96991
68074
31168
76338
54549
81515
6849
11258
59507
83287
71673
49832
76632
87569
96502
50708
3331
76995
15521
22864
25583
86356
21127
9256
91249
7563
87334
5424
9652
15174
24413
93133
50978
73988
75199
36893
80744
81690
68598
93375
16367
374
10640
59408
30789
43801
28093
97718
36433
32977
72051
97952
80144
30954
43089
23619
6520
4314
85626
34350
99125
93168
60188
3095
48565
32799
96449
66384
29117
53896
35343
77704
6514
74756
91463
86280
46040
59144
87052
65913
96787
19684
83497
92642
96604
69147
67886
53637
83463
18700
51606
42060
22657
75077
37139
9517
36869
4200
4629
65530
88140
20969
37280
82917
91823
82189
43691
24668
46367
24177
36770
13485
81193
45877
17874
42076
66695
59439
65211
70646
8068
7261
45195
25736
10196
32952
56864
22989
25143
75281
9380
82088
14737
56993
3584
75657
25998
58417
30400
55763
11067
79834
7451
30354
6423
51192
12996
46598
86997
78122
79085
43725
21430
91937
59642
17463
52240
91186
18824
59545
11968
73938
20583
65000
86554
29015
74650
51876
75696
94806
33034
45373
9562
27852
49546
85284
80416
72737
48891
48268
16632
49135
42249
23966
97323
5432
22495
58755
24317
21297
5723
10274
75169
10521
80872
49206
10915
10399
53187
22209
95131
46558
69096
98126
18834
21314
23046
29955
81761
79047
1434
53342
54080
59726
28507
94488
74132
78751
16443
70228
9763
31562
39147
37660
71240
79349
32095
88368
70347
65385
94266
41945
23059
79894
29321
27498
80894
18321
49794
65887
70500
69620
77331
83107
13595
75604
22384
6051
54815
7042
25719
68399
40902
79559
77650
19165
46489
64013
11607
63623
7087
3365
12359
98235
48646
71635
83275
7551
55855
9485
21349
79233
58039
4713
37464
96435
36186
88808
32417
88617
1522
88577
18549
86648
6229
87575
38963
24700
47211
31235
95588
92875
84436
23462
62376
64521
30251
86951
62748
25500
80354
18671
58524
62156
24585
77167
45599
33869
93113
26080
63113
52445
8164
21068
56636
45234
56960
57848
52073
69886
63086
48996
82331
59330
87489
48590
65325
74701
21094
99085
72272
84096
300
40443
89481
62599
8
86524
83150
70300
82405
5174
19522
23777
16692
87989
13309
37001
6641
44370
93635
77830
41070
67690
70131
86299
96315
88810
42411
91092
29681
27034
7157
19760
68739
1817
62629
12446
27
27235
47528
95821
22485
85072
2
1579
23872
44560
84674
50257
5723
82959
51763
57101
37010
1703
70995
2815
61124
86731
70002
53928
71164
21975
19653
8203
50075
24707
7531
31801
46315
15655
22898
42116
33216
1085
7328
57899
7767
67947
6076
90882
57903
28948
9334
20831
25494
62747
958
92445
91550
7153
98736
21541
46841
62146
64066
97757
53339
93623
1973
52272
77260
31478
72389
25814
35809
22383
33307
7404
97484
22915
23787
52374
57392
15210
29753
43942
6372
11287
4879
66090
18139
2360
11974
37871
27071
51638
59664
19910
30459
27904
14866
6779
13859
59072
30242
14653
86071
1402
16078
13387
55010
39614
83534
75777
83755
74837
86695
17360
9730
21845
81771
84463
91080
31659
63662
82512
52348
40701
80199
66286
235
98030
71708
75174
88739
20376
97547
51312
23256
8080
34576
51068
13877
6547
72432
39338
22621
8387
22686
35807
50447
18204
91025
60471
4571
14409
52226
87799
60253
18320
38855
73579
69086
22372
49800
25545
95435
55801
5285
55747
39903
91983
8528
36989
64573
26908
10758
12978
56941
30721
6818
23070
75494
55778
58493
29267
13374
81169
54790
70995
86747
21552
65744
30699
94083
766
58680
72054
9850
3590
25539
23808
13482
14402
41649
43233
22589
19581
584
47704
40896
92036
37258
90882
90582
82476
49849
75067
62168
83443
15700
44735
73472
7887
3132
92501
20538
70389
72077
52182
55771
34057
99138
37737
79966
9
85593
58284
96889
24390
93581
73398
16974
73239
17642
23795
61382
22423
27434
62070
55211
80540
29957
94873
99880
49792
66904
53587
10314
93660
90148
61527
12128
4185
55719
34788
60343
58044
76569
79633
3912
43351
37347
95021
68731
17100
12749
30534
40949
41061
64261
93917
16368
22393
9720
81095
84992
71837
94571
80183
80778
50038
2451
54531
22665
61898
12171
40304
61434
3680
86921
72418
70468
7598
23920
17856
72721
20560
87643
87897
68930
26520
19414
26194
90558
6831
7538
12715
48578
62415
12389
9289
17577
61545
3854
94682
99968
14235
81564
68883
67015
25972
77643
30837
97785
95533
56272
50001
33036
61003
58006
93099
21168
86153
21780
65587
67306
2158
65573
62808
43096
6813
89361
40590
82789
37054
11198
65142
49742
44554
46473
3641
76519
89731
30403
83212
30570
78264
15703
59614
25927
1476
72655
94569
67849
33682
54748
56727
58584
58457
17136
75196
9554
68830
28151
60914
44869
74483
60035
67294
41116
32315
44530
13098
26517
72427
49844
700
71112
62176
6832
2479
63362
72963
15947
38236
27037
76491
84446
86483
5411
28862
51534
83294
31289
52983
70699
4510
58673
65467
22142
3622
60640
82963
5189
77513
98605
29587
45693
49456
36570
42636
32474
84418
82228
59749
86047
17702
25999
56169
96171
3805
58958
6792
47019
35745
80000
9166
91421
20636
77982
16030
53932
64173
17176
52853
62002
25456
67478
31597
81972
48850
69860
57967
90
73325
52891
31729
52060
32775
24311
91092
74907
76005
97639
60325
38196
45959
17133
62394
49167
77456
58132
16908
90751
51549
85995
39728
67672
7466
32758
35057
24884
23875
98539
79711
81938
17698
35052
72938
21479
25816
88750
28490
99357
67518
12737
66418
76635
35589
88767
67736
26844
78176
82959
36900
51946
94304
64218
57316
70812
68189
88256
32857
89510
47036
89273
75890
19803
6601
48761
78000
40355
76649
64533
53393
11922
15320
83225
78335
57351
89325
63978
81486
45065
31524
60837
95217
77699
74906
19019
56204
78028
21755
51760
85955
53255
90189
92090
58505
23236
79179
59831
31475
44719
31180
95207
42088
15709
2182
41782
51519
79094
81300
97020
32962
37459
58961
16028
36293
4617
94274
48009
41316
2129
23292
30536
63941
8155
77631
12735
19511
21841
58871
29245
66447
9379
56724
59020
97001
78153
15437
57279
99930
91667
13543
91020
74062
7393
96813
63403
56483
67642
96316
17478
22517
85665
50121
95846
85002
150
12244
20814
15170
48685
45841
60562
20607
47947
26576
19124
63203
24538
89880
70182
25018
18130
24441
16189
29625
52146
68665
11197
74062
81637
69493
30946
91909
2381
10685
86886
50696
14671
83026
79558
77026
57252
91688
9297
612
26975
8403
72838
85615
43439
30463
11629
20480
37299
43412
39422
95252
95741
28435
77039
65757
91123
69497
15660
66505
64234
33908
6993
95382
7015
13220
21492
82115
38663
57708
15423
93151
61735
56569
80577
79311
44662
45754
25391
29692
15486
37565
66743
57759
59832
65323
96157
60664
92069
72362
78149
46455
74531
56892
17938
41401
56717
45790
66767
45156
76181
13787
39407
56243
56160
98812
60875
78633
88946
32515
49325
40010
22977
60074
69177
16882
29285
49144
72728
81286
1122
1964
51926
36060
40241
31892
43185
65612
25507
37462
96616
26466
5294
98816
26525
34967
1541
41699
46801
68269
80830
74563
62049
39067
89790
30140
6333
92302
85224
95015
71019
30567
3493
55409
43240
89414
63293
28966
13768
44348
14383
29040
79993
12501
54728
22086
41355
13384
12508
79566
53204
50615
98549
21092
71961
82668
37014
90263
69645
38666
83257
2028
95120
16443
13440
29326
57157
91310
50101
53142
88050
74623
25636
64324
60206
22746
4573
85297
1834
87259
82270
75208
89466
57971
7786
81679
31851
67656
45641
80978
27548
13099
21996
16165
18739
81223
30740
24637
52797
31557
90520
62397
36136
69125
65936
61620
11245
77250
46680
19042
1024
99095
7043
32045
95222
10584
22910
5963
97102
78180
36598
52891
31294
88262
90508
7738
7936
80014
78775
12994
39621
51955
72054
69782
8406
51808
95241
78416
92280
99002
95952
40954
21391
73783
76048
86872
69333
76422
62511
13100
19024
55602
22873
20458
61914
22428
63224
56792
3592
36854
4929
98340
44574
71091
36709
34533
56066
9438
30310
78049
42435
25311
42890
45420
51828
52353
78580
84714
21503
36696
82055
52477
84781
72370
21472
87969
81271
63403
72388
93391
64329
63156
68957
70660
56079
9874
99576
42214
48285
67374
8281
70029
97968
88461
5296
63534
1588
68995
88620
8732
40328
67252
12998
12111
81197
87011
30772
24520
49517
61148
25570
41237
17968
52508
42269
75579
90116
81767
8188
45819
98162
21772
43187
74176
44357
12226
50312
18963
64429
76212
5061
66037
95425
13508
86141
42762
86332
74051
95055
91508
30932
31569
18678
57524
27611
94196
95420
98397
97509
95717
59020
602
70814
93020
95988
95740
6955
94143
11958
49550
98106
9595
67509
93281
1425
12924
4836
48393
53831
71814
15026
37931
68153
81728
3090
35570
96222
87441
75091
34379
45457
43210
66602
3042
30466
59592
78648
36058
85767
45852
62824
92485
79599
21197
15238
59162
57325
97130
65811
80228
2329
49782
18627
89748
58154
80179
73959
29976
99747
1604
78415
65052
753
85030
8368
40845
48711
3214
33576
37527
92370
29794
15266
12955
30490
79866
96406
40217
62583
87745
92041
23534
62008
76532
25259
23357
65186
63114
12629
3180
27705
57687
43525
53101
23790
91451
71949
34667
29298
96730
39658
66821
54273
70830
90071
44643
99277
84483
76409
71981
35429
49412
67134
66986
82541
74632
51603
27893
63963
59319
59841
73285
94838
54071
71490
51444
28150
25427
17930
56882
42637
14424
72450
92367
38035
20061
59880
67002
60107
79996
33713
76578
22440
19257
57816
33314
8279
23241
19193
24746
69996
42934
65742
80317
45289
91451
68236
19789
65485
77015
26585
85693
79597
74178
82304
19092
69252
25214
22297
90672
98596
11085
85549
91799
9122
86545
81759
71453
37825
76117
17479
15750
13093
8492
20673
82584
58069
65468
15979
55596
78489
23693
29966
74940
66423
61339
17719
52387
80195
13952
58531
87561
49001
46499
70091
41532
82580
82618
5385
40849
95976
74388
23107
10632
65771
74081
63143
75891
76021
48043
91468
1019
3484
4884
89022
81288
52180
13185
12957
35978
73420
64964
59900
6848
44296
47248
95498
96815
53257
38205
4450
70885
25748
67158
30899
63501
73273
98996
29584
4399
14708
22564
51743
99419
16792
1312
27176
55997
62320
52261
23826
36692
89576
12460
90543
47181
64593
17124
15044
36309
64433
77968
37554
47634
6157
25035
35063
95906
57504
99608
71324
24838
98611
82501
48095
48922
4486
60039
15168
69320
97129
26768
38827
76692
66952
10803
76622
16736
84281
56648
28866
80460
94822
30389
46098
53892
20683
94519
45536
91737
86
47878
61189
36906
31106
82864
14443
45245
10212
2362
39695
69794
66135
63692
37710
93980
29687
56805
63840
93410
14758
16710
3511
46816
52670
49541
24584
69064
76523
56024
99842
4557
34575
32740
79582
6986
65497
67838
81479
46829
67794
69444
58408
99805
30708
79555
44534
74648
40185
11044
75823
38970
18666
71815
39088
84764
33930
80264
77796
94189
27153
92113
49937
71721
45185
86165
32722
20473
23577
57990
79275
80956
18022
18840
21727
39294
64313
63076
59230
8358
57562
25852
11542
53602
40180
59873
26832
41779
54108
16438
84145
5867
49092
9392
11509
35983
70485
98440
24585
71797
64719
79554
14497
38070
73656
46063
24655
37315
96171
48472
68298
13627
68339
79874
21027
80412
15619
68022
51402
73178
4141
23421
28733
6523
6206
16067
2367
32473
25096
46024
72615
15668
29884
26650
729
72277
15535
26603
88679
97357
52434
50037
77707
38193
79409
95262
62777
14204
94915
17306
32313
29821
54670
17
79470
34425
59351
93494
87715
86248
30156
67328
45545
48316
95468
96332
62707
56660
30919
33242
58979
77154
85921
69825
41069
11533
70372
47530
33616
16308
80790
40944
23643
13435
88480
82840
50215
837
68912
32128
14212
10502
67842
56659
57817
33572
93428
3475
7247
23674
96982
7579
16891
28496
34737
79169
40859
40238
70874
92321
84835
13523
47596
77816
85470
57154
3622
30898
90168
72235
85862
20412
62551
11917
40672
87051
53872
16530
41728
50626
90360
85682
12928
74167
26454
34078
31100
58653
60371
67236
22070
66852
97463
64277
30903
39605
53019
88265
11042
91760
99344
77697
64183
27908
2357
4634
9462
25024
90990
29065
16805
18164
33366
10092
91735
58506
22704
38199
21257
95726
49506
72923
1054
61531
70941
25007
44030
30535
24073
12622
73401
48472
93096
53288
62184
75970
67939
14794
26005
74612
28339
87510
41624
46885
56975
20169
71569
23520
20136
70570
29039
89428
91118
28672
41657
51961
61837
98279
24212
62345
48076
75742
48930
71290
98320
36995
49819
64598
7717
89664
70257
73233
64062
72019
75053
80832
55179
61315
99145
80606
95325
37898
22680
76754
20663
53775
75530
47482
96714
1011
57032
67260
95840
19599
72872
13365
18560
98581
47062
7407
97564
14241
58380
95344
80217
51441
99622
51275
60810
19771
92870
54806
54674
78322
22694
19018
91025
3896
53375
73471
70727
1803
47381
17038
70507
37265
62071
42382
56556
4357
95039
7817
52182
56024
37162
79639
74636
78490
74423
38819
25023
91747
35881
9421
25595
64428
72289
37381
19580
99155
95726
97915
49969
30872
25689
20551
72893
9503
16697
84335
55973
87598
82817
69747
43117
82292
54069
45735
32476
92279
4480
69903
13543
83169
17800
46930
13936
49767
79360
83719
25780
21758
80672
51922
54166
4916
62102
12232
13809
41533
6304
66348
53496
32272
66775
67892
64355
85510
84160
24286
64608
49739
23946
98413
61140
52770
52787
35212
99079
7338
24171
12836
94024
8551
58789
79890
66207
67551
637
95466
79643
32340
73924
61291
92897
74098
4066
11641
75740
7728
26958
83186
81622
63548
18488
97412
83721
80994
71662
50357
70103
61073
53437
89196
14684
5460
50504
13767
62752
94724
18171
15525
39232
82040
74473
48807
42429
38430
15548
28529
77937
91635
67084
26398
13410
72097
3191
47946
56774
24301
70318
76480
54421
79922
95368
55768
461
34896
94370
66849
71713
24177
67767
10536
14171
31116
11807
25518
58998
41546
22004
19316
61741
32548
83500
42794
42048
78387
51871
94448
17486
80405
43813
88394
55079
98715
31339
15436
35125
46562
83415
27593
53868
45166
87234
83559
9784
18216
76845
55650
79740
54891
59010
5854
33477
62971
25034
65206
5326
96776
58932
71459
30338
5384
4103
73012
44160
13366
29267
36100
43013
57692
70203
13261
651
85029
33272
14179
83190
97862
88240
26488
84319
2897
64195
60860
9127
19510
3015
68572
40265
34483
852
99690
11526
82046
92976
5757
75379
19345
22626
65830
73943
63141
47744
14261
52888
14191
15668
10181
19533
17183
41056
62443
44005
74396
32421
44208
63569
71315
71541
28785
7159
86680
8067
1861
28609
93691
67409
32171
24351
83660
15527
1703
29879
49156
40608
68646
33156
74794
28992
57240
54232
24963
91370
21866
2420
2673
88140
81356
60620
35189
86770
61300
51785
14794
13002
10666
58640
51242
16041
34225
80313
8753
89528
44004
99424
93618
13918
82047
34159
21563
82427
71913
9711
57276
13409
70473
56247
90571
43065
5488
8257
38643
71956
92870
36030
6837
82921
42321
92180
79530
71956
19119
80042
60111
28980
69024
51119
67874
14922
94447
47826
87665
33691
70331
86565
29286
65240
97945
77164
81980
45752
95989
47815
94011
29576
40744
50962
74563
5540
36497
99838
68819
28776
50135
16939
80223
88737
50624
11672
53152
97951
98062
77122
28307
44762
74364
48735
8506
86948
21693
25958
84624
77439
63927
45907
79173
99099
38333
78460
88183
34593
82117
97589
83769
7648
84657
83651
29875
89418
2294
97167
14017
73141
35187
15250
56065
53122
25037
45780
12913
65439
2178
84780
8357
21479
68426
454
43901
21909
80978
20018
8064
63734
6945
39833
11451
85401
36209
5530
82118
32340
65213
79644
62279
31438
81017
37942
98259
21090
66229
44447
90885
93847
93237
24166
85112
79737
24969
1103
54361
94594
16453
65839
97902
58577
52975
54457
95130
48392
29808
25184
72875
29610
96881
66865
47687
92061
84834
31140
40793
7058
73020
79619
41239
26819
48397
80846
97439
16228
97588
4031
2528
26878
38180
47197
66038
55076
1516
53236
18504
66063
78133
32486
82919
18576
394
87047
3426
54621
93398
25422
50114
61603
76656
29592
67492
17136
47820
44358
39516
84115
53639
40881
20001
40996
2594
58948
34928
37523
13578
91930
73720
3348
79127
33512
49801
87707
16539
52432
78271
90810
66717
7583
70189
14509
72460
8941
85961
42810
32658
43585
46634
91343
19370
98851
29336
53208
34272
93151
70581
89552
97387
14760
95499
70495
94744
75443
16474
81211
78281
70354
95490
73391
81919
57038
85358
64328
40259
59266
85968
66586
64579
77403
30331
45858
57035
96298
2250
53361
40866
46266
63986
63325
69178
4232
77866
76799
42199
95245
31803
88036
30320
85683
15394
18367
24980
67174
76391
18719
98586
30355
99575
18145
74718
37309
5028
59093
8672
28890
78776
9788
80833
65541
76405
95089
51157
65709
86823
72436
66948
62969
21407
27962
98816
70271
29284
31554
82735
93076
89291
62272
84337
86076
24640
68764
80333
95259
52057
39536
58126
38748
54888
56737
38374
94695
29721
49300
9751
11565
44232
19250
29761
85326
47062
20125
77234
17158
21721
67889
44877
12869
59862
50380
94576
20420
61089
62978
60683
91092
58928
1422
89377
97184
49779
27201
96179
18705
88405
8186
95153
70703
43252
87294
81208
29328
15044
81711
40307
49719
68937
84678
90937
93859
97606
71205
398
84609
45086
72969
42647
76906
28055
55546
1675
22015
12867
66784
7953
92847
76683
859
65193
72607
49902
84154
95368
73806
13742
39172
42541
97148
24218
93465
97326
77953
50314
45086
3592
76949
15338
92682
84224
48667
12357
77626
57660
20744
5404
20276
40969
70561
77621
64938
48581
93678
97539
5986
49597
64528
58130
5318
92499
65690
51924
53723
51687
50440
3834
42734
2868
43668
8432
66147
40630
6720
65755
95453
15146
85203
35488
22316
53369
44316
41938
59115
11106
7700
96814
71742
48891
43137
16223
98780
1921
2485
82714
52465
23176
38372
81315
19425
87418
93324
26400
96591
32948
682
57813
41304
52084
40113
79070
73074
30999
40292
23843
9918
86746
40359
18572
78912
39907
51310
93750
81185
62189
21654
12261
77920
75589
11610
56988
39727
51227
43390
80924
89340
90646
95799
6511
9393
41728
78175
28446
94367
39591
19891
80190
72088
77483
86691
26465
30979
5807
41769
63235
37686
34160
56474
71761
62364
66245
22918
49784
34715
62082
31934
18416
15406
95899
69883
19561
91903
85165
79476
13302
37342
96766
94667
4794
68063
1907
36565
96142
29754
27404
82976
42598
95679
33250
18376
99808
33018
60494
43958
61259
41315
18020
10839
47256
62521
73557
22412
22098
96184
42532
93644
71521
43174
49223
99980
97011
7786
91375
74595
18741
9454
38592
63456
47039
89322
64728
58235
59935
81618
81980
75130
37243
88727
94621
56686
38670
34813
90669
41131
33699
77148
98374
72578
4991
79204
10039
95503
37541
82157
5195
64995
95134
51576
2368
65347
82653
87128
14261
90522
84055
77935
98630
15195
84268
82571
83995
40172
31537
3081
61682
14377
30807
62666
3612
63182
84689
51337
83852
78603
7176
75941
21869
36858
20157
52901
24241
82501
85037
67174
47963
58719
30899
86363
38899
2711
88889
43715
28539
49301
95154
71799
53838
80428
92620
81408
55458
87060
82041
53822
52861
86112
20592
33217
92890
20765
38259
47172
77318
3901
29976
10015
5100
8229
30576
36469
95220
32447
17124
83036
80865
57126
88348
34633
46103
54231
43079
55507
50858
47768
13446
50195
82319
55610
67942
870
62819
25317
79823
49223
41213
2214
85648
33073
53391
18388
68861
97211
72148
45613
46174
88209
57875
5075
56386
90278
88411
41156
54192
6313
33261
87031
60277
49561
91751
62967
94454
79616
30481
58707
77526
64702
48026
56045
69515
73490
56358
66041
22005
23186
47592
20255
32669
37195
85859
91957
85868
76883
38811
43650
34497
50904
26127
22752
36650
12008
83782
48408
22296
71322
38239
29708
76963
37890
96064
69221
22095
74609
24419
85456
57723
1041
45555
53759
32065
70657
97421
24127
68689
57819
45725
98180
98761
76716
8699
78540
40477
87218
51522
4713
19141
2983
94594
59897
5659
18454
57680
30573
76960
29272
46747
64308
47453
23446
17629
60643
99905
35013
13789
14562
53258
28357
99305
39265
30740
44999
55520
75102
91810
18587
6680
85806
73900
7410
53649
65088
23830
15376
79412
55805
3120
2274
79938
72884
66610
56050
38945
64521
26474
69846
90811
75203
51791
32337
18640
61880
85467
20662
19215
25153
85601
13392
47307
50869
89048
39669
65193
53359
60240
89682
5310
51241
87436
69658
17002
83827
13788
87131
43317
96266
20055
78625
65666
1182
75849
12763
17410
25242
36991
91181
35360
99155
85936
74729
28025
33564
93531
20735
28840
93380
30239
14739
43098
92777
69222
8955
76912
74897
25769
8989
93833
70697
4682
41130
94786
57652
47157
47857
14297
84525
50669
2628
99207
22431
2376
180
2257
68542
79698
56254
23553
29742
99549
38709
12321
82820
54167
3556
72264
21278
81074
31283
59955
90113
47853
99296
82665
62831
91709
2348
20077
91581
39148
97576
72778
25736
50114
31463
87051
13288
63646
73077
91000
79077
24993
25265
29168
59181
2275
80056
23487
92512
17506
36786
63926
51977
62218
48653
44275
70270
82119
31319
34506
12336
73533
14816
37611
73702
50218
13028
40736
44580
83379
20423
14031
91566
38590
501
62993
13633
78868
57408
98507
87570
76830
54216
79125
93460
7362
92096
24500
18979
22068
82582
60021
48369
4297
26952
5038
37129
37529
79801
23894
80051
19462
64017
43956
14757
58870
24754
32305
54736
64232
61296
84336
10694
56624
78266
31174
67251
13131
51157
35245
7217
33556
74812
24331
52817
92328
29647
69025
42412
78083
10250
54512
62101
13344
27455
76729
88456
14526
71917
54270
31389
92764
58016
39229
22506
13664
1685
63246
75356
62001
47865
80143
53154
27291
38058
47943
86759
86281
55929
61577
8037
85237
51954
3180
8239
70243
50138
41064
78784
86992
29012
48465
60824
19407
15731
42113
54961
8758
67131
75572
12752
63229
78511
68842
56428
83671
82238
94407
84832
70509
58810
27650
35075
2815
85181
80670
38146
8929
13917
49258
83506
78324
59441
87600
33776
49651
24592
46196
49502
58880
77018
34087
47282
57258
40475
87191
55244
75703
24430
57777
98589
54978
67782
874
56208
41468
40759
27012
40210
66257
49259
81002
57313
9793
69000
57826
80860
21481
39641
90526
68466
17607
55594
22818
34915
55295
71636
38673
1388
40727
11129
47934
87740
84205
17647
69871
17595
63377
4924
84317
50635
42343
59362
81953
19233
7422
64309
34513
91841
34942
37366
35456
35466
99643
54523
85520
28967
62401
15050
2551
70568
13384
20114
25218
92697
99100
81394
7787
14023
49460
28394
63978
77463
6302
31226
67717
23324
83553
13051
176
59727
72554
5907
53391
75458
1661
33416
15520
11435
74094
30848
2948
47737
18367
34275
38723
12137
48513
35580
90581
60424
91678
42824
90312
58905
39241
20626
48975
3662
28461
34904
92563
25869
77282
42013
77591
2008
25036
12167
66859
9289
55953
58122
13940
17974
38867
44838
78660
6209
53240
55149
86639
56500
58907
59196
60583
86874
63342
87511
42077
99850
45064
98781
75763
85648
44932
41114
17777
15965
9701
76327
31821
34464
66241
10462
3748
51384
64298
59368
28679
85500
13024
42686
61830
62244
81023
64255
53214
80831
85110
94255
40911
58326
93834
63902
99949
56263
45276
17391
1615
2679
96735
9777
53309
52178
40548
49286
94896
49046
90661
2534
66530
70707
11698
527
56189
85732
2724
32080
28097
13509
32448
32296
33434
7226
21191
76205
34948
26022
31537
60268
50685
77682
34478
29396
11910
70577
30307
26960
53684
48901
72613
32603
78514
21199
89875
68406
44395
69376
40738
36412
34582
89557
97282
88759
47708
56781
36272
97907
6744
79499
47958
6644
7303
37596
98582
2848
7137
46977
15924
16883
74478
41157
20328
98927
89552
54659
10504
82773
6924
48023
63919
92142
46528
73640
60995
70554
7930
20592
51006
32699
69229
14044
48740
20849
72596
49441
71848
36658
31636
83820
91834
71883
40199
43720
21039
75480
16204
25496
31003
69762
650
21625
56556
32515
30055
9273
80928
24389
76542
94905
34505
78613
20091
40021
79421
37201
61455
10339
24346
97293
55141
70855
18788
43484
75503
34194
57658
27494
5509
6765
18437
95501
65844
10943
20489
3917
2862
90044
53978
58619
944
76450
82588
38482
83087
46371
42773
85063
5609
11784
31993
81640
33790
14523
86831
77610
28158
24384
1750
90707
57525
85359
23240
48154
80045
52742
57962
59756
97140
38710
42900
95263
29024
82612
4955
68335
62963
88156
96196
40185
33517
62671
93471
1775
95686
54499
13056
35812
31000
29337
97501
18303
72882
95763
5773
58043
4233
80377
30378
43643
45243
6807
91080
94943
22865
64617
42423
63167
86817
74185
90118
66507
91237
26654
3293
71241
40343
49088
66277
88042
78154
55271
63805
88476
38537
62007
70962
86441
74039
51012
61893
58868
43938
28069
89935
85177
48529
90068
55891
28815
27840
39561
14633
31239
64867
69933
88066
9414
65968
8508
21415
40710
48907
26415
86550
7387
68680
18105
52254
74227
12721
30539
79417
55774
80822
56933
42061
18075
73306
73637
1297
49939
23558
71956
3125
28616
81521
85405
89714
83416
96232
165
60849
82488
29478
70285
72309
62038
38163
87659
88305
55136
49355
85919
92528
2033
19052
44751
74829
74578
30974
66983
52282
97039
77110
52266
12925
39864
65294
2515
78850
41621
75769
60611
74132
28749
96941
35633
69457
57209
67891
24988
37107
21641
94810
29372
48782
32027
26235
73701
98385
51210
97332
28270
37985
81801
15356
93188
88538
47652
50990
16519
212
93301
85608
10079
71229
86994
34740
83293
92231
93336
4445
41455
7489
32555
49764
60111
87783
15718
72101
95887
33848
67571
28616
10732
13400
51613
23659
53126
721
73073
71305
28946
69130
91543
95552
40095
42688
59793
35193
98220
96901
15211
4372
10816
50368
94919
27676
77613
6637
82640
37847
30061
42345
85934
47962
5842
12128
79728
2495
48848
34721
76114
38926
11440
73286
89662
41581
3646
21512
63941
50113
91059
80776
33318
55193
81065
77683
68755
1551
97902
46406
36169
25317
87837
34706
75052
83843
99604
98989
97964
22121
69362
66743
55416
72366
52080
5856
93673
71133
42039
78936
79040
50846
51737
54078
91522
13689
20530
18701
94637
62557
77856
19230
39475
90756
85607
12256
55838
35328
49948
86712
53995
28777
24433
38254
60269
15618
82333
4741
83684
22670
56595
24613
11015
63570
55430
5541
45372
45395
35159
93317
94675
3159
66733
57174
61643
112
53810
36660
46689
228
56314
29894
8352
37996
31578
3398
92602
3275
20969
10105
32664
4528
41570
93355
98135
30716
90689
23679
68490
89517
41944
57474
6433
13614
59991
94335
76815
95826
95401
20134
11286
79860
6289
47992
59386
45937
79020
52504
79613
58170
505
59582
35442
48716
10550
65280
17938
99960
75734
71742
42060
26324
57071
70395
62879
49302
11574
40143
7780
79326
69837
7389
89412
76269
16268
45369
91724
96621
95273
36190
72408
36452
85227
42021
94702
9049
36668
28355
76796
83223
83417
87927
76756
84333
77404
52516
1371
10170
25605
77115
86697
68132
59804
4091
26180
35506
96516
65550
67438
99727
40664
10
1263
43782
53058
18156
71123
88570
12941
59840
75214
46915
11478
18184
90008
13673
4669
67240
68710
84980
31484
60945
34896
12628
96796
55686
31003
12982
417
96308
10260
65785
53050
91923
15383
23818
95694
89689
43541
71670
18357
82477
15183
75146
30962
9327
34385
30346
28268
62713
34933
84724
38503
78125
89622
95774
65798
26482
74760
50778
17911
81229
57312
29592
83760
40881
47737
14536
45014
71659
48074
55520
97267
34168
28268
64683
74510
8084
82897
57137
45735
61895
22181
85838
83237
66599
68484
73710
51971
68147
70066
27769
19597
16571
88035
37006
20433
67267
20915
7125
49303
92084
67521
71219
14737
61624
45196
2906
95516
95400
19937
97932
48272
17210
15483
57289
88945
97408
87956
14165
64675
35299
95307
58191
84677
66417
35666
10561
97178
8872
19380
40123
36631
41375
31777
88019
49724
24125
46777
3243
66669
98180
55769
79827
20489
76258
87762
95889
44849
31902
65192
1546
62450
50950
94737
8033
98255
26845
212
94867
22995
66868
36184
69614
12862
78227
32727
39894
44583
61952
56088
40168
16618
75363
27600
42112
12194
10986
11049
11132
72511
59703
82670
54977
23278
71855
57341
65298
51435
37059
43553
3387
1740
70268
99038
15792
14780
86196
78337
1251
53233
33472
23025
18601
11425
39054
61989
57717
15285
14421
36521
29243
86986
73230
16667
51684
82998
99722
91857
84249
19639
60577
45456
48094
70521
81790
48654
41633
93347
60368
62668
76100
46492
71302
90720
72506
64632
5475
49652
6040
43060
2114
33833
12121
32145
21699
56731
66538
45314
21850
6258
16623
54991
15664
86686
18067
28712
36779
91118
43044
69398
73945
80424
61655
8517
98400
56719
91049
24747
60128
14603
43997
63380
85382
73432
42285
8561
57610
31904
92451
15165
152
17400
52108
11803
84206
17434
20359
34818
60396
20836
11634
96671
62124
72431
6457
14632
45229
61558
56510
74736
59393
20348
74616
14267
74792
11128
97612
21268
60384
66624
75683
75726
22065
40971
11244
73079
85657
55986
77560
48586
73706
4783
69483
81501
95217
7240
21258
62914
53029
82211
57781
58978
40793
49210
34375
84899
30772
21295
51898
41724
62771
45457
56275
75209
66179
61340
86683
94634
69983
50235
52677
57836
70925
54025
891
48326
87217
30604
64429
96790
97963
32721
56944
29738
22263
28538
33348
39736
1616
85068
20694
30408
39847
72602
5047
70290
9493
75708
24871
12978
37216
83028
24029
90498
40422
35580
44351
85664
29742
31982
62014
31289
1484
2881
89846
58904
49300
16010
74485
3662
24378
2126
14012
26960
58382
17659
26975
25287
84450
68602
38116
86208
1368
76765
35528
71843
86355
8509
16657
66174
34332
57381
17748
52559
6104
95568
81653
43939
80858
2677
92644
68805
40826
1784
98013
95029
99525
5915
56609
88066
80976
95089
9922
72671
67868
77559
75598
15280
79388
27108
10482
93924
55006
72971
13713
5964
76982
12398
79905
14624
28690
40813
54526
23482
70767
74234
51121
2909
64702
87924
25599
44155
9060
92640
14956
91197
92644
46375
9249
75349
10594
3699
84402
74607
65686
55382
10173
10389
78417
30629
7995
27756
89144
53355
46338
52847
79904
42252
9197
76515
15051
47472
1808
1220
65381
75974
27789
72402
29947
25568
36930
20561
62516
24213
98849
72579
43845
12129
34909
54039
35334
54262
36624
27155
15505
67782
12301
92737
48252
54672
61081
86104
93106
14934
7498
78766
96711
77779
16564
26994
93035
57723
78506
26758
33660
59455
35055
96038
90596
34439
31563
81482
50210
61971
78303
47855
62879
75283
98807
50669
38875
85275
74949
11018
85330
37050
14921
74206
82100
23466
35203
25327
14279
29717
23072
61785
20858
12560
85095
23333
57110
62329
40376
2336
54531
98861
23601
33588
92670
66867
9740
88673
63551
49601
65032
7009
96085
59443
86224
21733
67785
86175
12160
69356
4157
23851
74971
99629
51409
27021
15424
57808
67684
87734
78845
15712
40750
71855
67583
22211
75565
31440
51811
37761
13599
40589
54925
18706
75126
95790
30328
67331
76380
96328
17926
76842
43165
81942
48116
89999
4211
57252
2914
93271
38051
68645
1930
70904
37252
68659
18409
32070
10374
60037
10099
16421
97772
93277
45115
49306
29480
82407
17692
93833
88624
88608
71902
68589
73820
42861
28388
23321
21037
51024
83068
67665
56322
28211
40478
68280
17920
22134
70014
20317
68144
70940
43575
93920
92008
81608
601
79304
36161
80479
56552
26467
49280
54780
84243
90639
1972
67729
79263
73228
8564
38762
27021
66328
81897
831
56325
65611
19644
45424
21773
56026
51367
96285
91933
24397
59763
4604
57337
46512
25239
42297
62436
59666
87464
68931
32706
63141
91813
89662
86866
24830
64942
72765
85941
10493
45077
89122
76203
22388
88203
4077
81072
62770
70902
52726
18331
99932
5254
97773
82888
30014
48539
7513
30707
85676
77127
82572
62037
91603
37679
8574
92070
88049
59977
1269
8041
26914
11924
29257
89587
83745
45388
50583
33731
12015
55675
60556
36055
45889
2518
19292
23211
37685
60685
58681
28643
65095
99989
33288
11598
68301
96371
35171
19427
4334
27315
44990
5663
32253
47404
80203
96438
66856
30824
52355
81391
33495
48187
60043
49717
90586
73788
57052
34917
48672
21825
76567
77341
21273
11641
63017
7611
76255
62053
43946
33783
19440
39010
63871
18313
95095
81934
74043
74682
79125
15591
6116
60753
88185
90263
45345
79614
50931
11519
22751
74394
73059
14830
43707
36767
89309
38402
88819
45654
49024
47793
42023
41496
91867
64692
22407
19220
46090
91367
88193
94990
82294
11355
98027
39116
2812
44468
3361
65909
62172
60698
29534
97124
61420
37750
64318
98209
54087
59291
29610
58293
65714
19153
59221
88179
51514
36872
99248
19168
8829
9779
93139
99838
27743
18433
94038
89019
18491
41373
59280
69611
98745
70544
34153
40656
16570
59655
2412
62979
23848
69024
45546
81630
74163
62975
61335
57216
39889
99848
15650
31073
5626
15324
34822
91409
21771
22085
45297
38824
22879
66928
33652
40574
62880
89442
54349
47612
4237
49143
78805
31399
8166
43833
36464
1714
14802
94899
67485
50002
53012
14559
58404
69631
60420
48669
95323
50578
23094
12816
57104
14335
41268
42676
41588
21561
84030
83896
63123
16452
380
58482
36076
24060
43621
85457
1741
5034
31765
11822
58744
93453
75896
11230
42961
90703
34172
17903
55042
13865
6797
72744
9166
21685
39601
15188
81985
97318
10583
67121
70586
16190
72573
24027
98496
61314
98052
14637
86450
81750
9927
73644
12471
50536
18967
59111
34596
13419
85651
61244
85952
68487
69239
57651
6139
55218
50249
13711
78305
22418
51636
7222
97307
64899
28751
44356
51555
16269
48183
70418
4857
72664
10705
65862
31305
42994
48103
16506
82428
57853
43047
73148
46835
11370
52145
89340
78517
51709
3794
55494
55644
18971
38783
82512
1636
84173
78548
17039
94568
64203
46654
19331
48971
92040
18461
80894
1367
37523
76645
25696
66505
39205
96910
5538
23868
53275
47730
90961
27372
76115
56182
47633
15930
96023
13874
45963
74581
6953
67212
37999
18239
34518
40173
48738
96216
38069
70053
37356
20154
61494
67320
28168
92138
57548
8936
75762
34640
17243
71306
74923
85459
79872
31879
7329
77031
47978
19870
16415
67914
61065
77026
49271
40331
84762
26001
31547
97363
3775
65818
61639
59755
33675
61704
24013
93322
29784
38752
81441
72361
43783
25468
36318
76073
58522
47254
29503
24616
3424
16798
72809
73968
36491
93069
19243
19612
61615
49447
86239
39386
66378
67258
74297
65656
85349
4504
5463
11116
83504
39526
94530
58728
17235
33273
30145
1155
7706
36845
79506
61684
84432
6842
84696
57934
89528
28282
51442
88768
44129
37178
23433
96294
44930
12930
89262
5580
19522
33063
66384
2115
46363
50255
79975
91421
36833
81100
77823
25800
50211
9695
45735
63379
46847
47326
44662
71014
94090
11313
38606
31960
24269
7984
51857
28105
12333
8247
3474
73018
21049
95632
8718
27474
85762
39095
84499
46023
18264
51890
59234
12371
83816
79170
96009
80583
55678
31247
14801
91077
17822
20069
73974
78987
5071
48272
33366
18502
29337
26286
66177
37699
91805
92427
12698
12974
55368
54598
3179
84407
84048
57329
74848
5598
93849
78812
75454
9895
20973
63272
84975
5753
83720
60783
31092
31430
72008
9336
46539
81243
34192
78605
70306
69973
29156
17298
51005
10685
7401
87092
33206
70333
58969
74284
62068
61961
22464
4371
56349
38923
5154
18893
18347
24062
77404
36373
6685
64242
18486
97846
30657
29747
42251
73244
22618
11275
30945
36897
39000
97512
84499
68845
46138
13209
40704
47823
31071
67144
88834
80301
2
17721
51526
72532
15882
38454
68398
12055
69595
26333
72905
83042
95238
52104
32146
78170
56896
9570
4827
77950
75064
23446
80047
68546
65279
18353
42467
67474
6429
42056
24149
50701
23147
45313
24529
16553
38868
54122
39503
87882
32818
46056
22620
90039
28759
1719
29861
66734
31339
44764
51489
7045
46972
28433
73400
31229
89492
87358
74005
25570
52503
42530
78911
21208
59470
22427
52283
66033
2690
32353
39437
34330
50242
76180
79071
25936
91567
54188
71467
37018
43660
83714
82003
52509
29396
43501
90676
60705
36626
64127
53630
24440
76301
66979
4979
49170
95449
18942
47499
39864
64210
73867
49774
7202
68502
43352
6486
417
38605
69849
78200
79271
84573
28176
50404
85257
12296
70887
87803
26720
33690
22154
46136
91125
30728
1210
40718
65082
21526
65065
86505
16186
12556
25349
11368
17978
37611
12398
53448
70345
44210
12762
74844
16559
72159
14516
87728
33618
95156
30142
60615
20069
57254
85252
31464
31397
71497
93909
97436
89261
65137
62222
25806
42002
49269
50068
42082
57359
73469
64327
3366
48374
57596
93242
94039
54425
9157
87903
63276
34695
52166
61904
77662
43798
66965
80037
17956
42498
4340
13558
61548
94250
53191
77524
44976
13365
40141
67908
14153
58419
34964
40340
48950
3666
95390
97140
87655
34421
21059
76167
28634
29849
74437
124
23770
16346
32870
82334
79347
49618
61714
13752
83161
77350
43432
92873
6040
42764
73680
93758
6650
18020
6998
92699
5441
11798
8896
75555
56976
61448
38891
42915
72199
23160
29418
17967
92673
35678
34853
6821
89173
73417
42687
82628
41166
12534
65956
7571
9532
65411
8312
91074
2926
1203
46536
92110
51251
65425
77243
61397
5496
72372
34400
79010
70671
73240
85759
79292
31440
7974
3377
2590
31474
23801
5871
17310
92390
98115
66727
78997
85499
56096
85565
57041
52957
11326
91749
30021
73300
45056
15499
7870
73336
94389
40483
85192
38956
31046
1870
51253
79192
21356
35769
96358
12297
71392
46564
41926
38171
53989
56458
7425
37272
96486
80181
81722
94249
6077
79833
77734
3875
99060
55239
72205
24806
12461
56236
49623
37656
67136
52398
44834
37490
10534
33799
57548
1930
88599
27999
21543
35927
33868
37097
27674
67447
70460
76105
95344
62383
76950
66175
15134
65409
58677
36816
15226
63963
27004
33757
26389
64611
31723
17358
14668
24263
96993
33656
70415
82066
95129
71721
70235
12411
29265
99931
94148
34418
58463
95981
76434
98150
68793
83617
11234
60613
50815
27450
46161
60752
70451
7838
51819
80944
28125
45850
76014
92644
38203
72880
4446
2046
47844
42557
82289
95461
87156
64930
34012
55891
88709
47210
82541
12209
79042
17985
13106
69557
97490
88547
31307
29991
50571
23833
39373
52334
96916
25351
87371
63922
44028
27478
63307
39881
16693
24425
72622
15287
98859
10215
9884
11956
85390
78389
11934
28290
85706
25806
36734
57239
35273
66664
99532
23963
76383
52470
3217
54308
34846
27679
644
89633
48273
17524
15842
32070
43736
64587
93910
50060
8730
78004
52221
58731
78108
95431
74169
77959
30418
83757
82785
52306
12483
58914
11757
77408
49601
40851
80134
50588
70615
83681
4026
88553
75112
79975
13174
66044
78162
34037
31756
16527
77281
24769
78775
5420
51629
67763
66547
53529
76396
55722
29150
385
2851
54530
23875
64628
73390
26193
34525
72152
65475
40524
81059
44792
479
42803
55142
26428
71693
30504
77048
94910
90231
47097
2691
26172
59156
32422
84246
43331
83079
56977
55895
93942
19652
15615
77074
90458
85546
64237
86623
16171
90360
22494
93236
20611
12554
86349
10313
29834
60273
62507
11342
18512
84474
69869
28490
33139
27839
45375
54308
88038
13212
65067
10208
16920
78036
46293
40548
71949
61893
6067
26253
80639
74343
54993
802
67299
12495
79356
24741
78068
45200
65409
41082
71971
28812
64405
40925
63340
96107
21706
52758
92384
112
46142
73758
76596
68830
70266
932
71651
38174
5188
66665
51024
8165
99122
12926
66233
20747
20726
35980
17636
53348
60193
23189
25489
26110
82765
57803
91316
43074
11011
7783
23657
73780
26535
99185
32925
97277
23289
2699
67110
45572
26014
67885
44709
62794
95847
7080
67887
26719
76992
71901
65530
98270
17509
82338
8095
28005
56671
81344
81395
22065
84958
96292
37976
58459
62792
77238
76696
51912
73615
6257
75893
6296
40013
74683
23096
65310
65363
1007
39069
82537
93611
95887
74274
12014
68614
98765
41646
21408
78830
54696
11696
59354
14981
16288
76668
65994
6141
28916
9436
97221
25947
27364
27232
1010
24434
98842
44782
37003
63109
64699
22700
452
82762
78490
71285
75604
71496
56220
33397
69638
28477
18049
38229
30514
28910
8993
12813
57212
51059
4760
73968
77151
93659
49421
42527
52101
37461
30867
944
30225
84243
87132
78751
16126
25016
6558
10485
96228
72683
52301
98401
89684
15365
11724
52235
45384
56157
91701
99677
45059
84658
83496
89018
15131
91848
45807
58595
59477
57039
62010
79775
36496
78849
386
68802
25266
89491
2880
45018
8370
22954
6869
65438
40277
47089
37651
25520
76191
23904
73514
64144
39570
46655
59393
78784
19399
36270
52501
93979
30438
91012
59299
5762
62820
67442
2972
58307
70102
79081
91869
4975
47052
4980
66746
32516
61816
11962
36208
65285
9008
31380
20240
34298
82450
89759
10472
65300
47506
43526
24395
63133
57312
35971
85800
24234
45254
89421
65134
94071
42061
78070
75156
44179
21783
86303
20786
35044
14309
11260
64915
29997
20474
62394
61108
56771
73116
84059
84901
57345
81019
63343
19012
71895
26019
29458
55790
67370
14229
47033
20954
8066
34989
85764
69885
50510
33645
57572
92835
1008
67913
36639
3016
41291
28306
82892
17705
36198
29079
20920
31576
81234
62430
51969
76211
46613
87190
75723
1664
35058
892
47714
8171
52597
95684
65572
26701
46312
21645
36157
79109
40074
38298
70011
85043
5704
98370
77609
10895
54220
51800
4059
14978
35214
60530
68752
76392
65711
10120
66996
71938
53996
70520
16410
86593
59380
49551
51005
90361
98152
50529
20295
2213
18692
68925
66358
65060
27662
11541
76144
48958
72414
5727
44200
13868
43722
27430
9191
32931
74782
29567
49054
17413
79957
61077
58293
40373
91591
44564
34654
43209
94964
4286
461
60177
33450
69617
1417
2914
57722
98515
61279
53596
68694
16329
49232
7655
76025
49293
18564
34691
9784
14899
14360
98293
37349
57589
39464
52277
58750
72692
6419
25704
39188
19983
30037
45843
57687
89602
71665
11646
16942
90460
86622
50695
94273
45245
7766
80959
62337
49
31832
1592
73548
70801
29757
44039
91707
99902
60330
9773
25454
15732
31595
80872
44673
44741
32221
96426
12434
57260
34035
25440
5130
33022
85556
68548
67268
70910
30088
94444
86581
65963
82490
10493
47689
61560
48031
77214
73011
13473
12772
1678
66848
24440
61180
39465
95566
36412
81223
51314
70999
29284
19839
27806
62300
71648
56280
86166
31091
52232
69258
75076
94052
91914
35846
47982
1034
79750
75093
32530
34422
17563
58913
89341
155
42523
6019
12680
91942
23585
69727
20123
18794
85515
6979
74759
40878
1167
8958
88268
87227
36027
71000
41707
89085
36272
53121
59443
17223
18547
33748
39158
96769
33612
10362
66566
91874
21914
43799
18515
64010
97472
43700
28218
73638
63181
15733
9485
66350
82616
14957
16154
89715
48077
39512
45901
63753
55032
70097
80239
93197
87550
2221
82951
52615
77061
27569
72171
12021
58219
93482
32132
41205
89132
48652
82941
77832
35204
66783
96427
57668
40082
62165
10825
19297
39274
65587
10079
92695
649
84483
45606
3777
15227
35131
56388
63337
22277
77141
91163
7644
10828
30475
29336
82969
63170
67142
70730
95461
31702
83565
93356
76539
96996
47618
45234
59134
50968
58084
29685
84300
92328
43904
2823
10083
67497
87803
68483
87560
23301
11909
41496
21371
2367
20704
74289
83269
13426
79000
35326
84025
24251
21416
69293
97576
97918
41547
17725
27129
81563
94563
20343
55284
38203
45598
92791
58260
40851
25969
5848
10803
76565
58559
99843
24273
69434
88508
52420
60857
64836
66371
48594
74637
15997
66098
84996
42917
16363
36198
22993
60063
20889
23424
34687
47351
14620
93534
88529
65594
2613
41585
88699
13307
77911
13636
81073
38820
70070
29371
3983
82305
10933
7728
7757
88422
83829
25638
20526
34219
1751
85332
20497
29450
35194
83484
73413
67915
25511
56433
97556
27312
88402
26789
17542
38550
50157
44459
90940
56406
23630
76485
35798
99594
69375
24122
33057
75631
68996
85199
21421
43399
30068
79704
79678
49072
78465
26696
55332
80067
70711
34986
33702
12030
77227
56502
74513
73821
27851
18918
85746
63479
25328
28147
75443
186
4244
32645
42735
57257
34732
99884
24949
66694
29225
59425
97421
25616
89606
84870
58866
37492
62263
59965
47543
47339
36518
85494
18455
8050
18214
17968
12574
9127
920
75899
97368
29278
52619
96770
4412
36021
2137
20406
10763
31693
82335
95094
45000
44132
22091
89365
10873
4918
11004
94128
39752
93314
9937
93765
5118
57094
63301
91166
23838
45979
64118
9650
75284
20641
12594
33851
26520
62024
89416
37602
23292
61300
83574
72303
11634
548
56585
47568
38800
39801
69892
29624
27349
18196
16523
12685
39504
70540
52286
78895
67690
17448
83763
8535
15631
78314
94527
63123
65031
55589
62785
34882
87702
25818
21068
98356
67875
43829
81638
25223
79855
59141
93565
73307
34369
75337
31846
43285
85935
99296
78983
2622
99113
76777
41947
75513
88703
63064
59556
88005
57033
38901
21605
21023
71699
14496
51129
38716
4659
11603
85568
77028
84525
28523
99115
82844
87757
46537
50789
81684
27034
32436
6523
63131
35248
56979
85170
15954
35905
47826
19434
16209
69073
5491
52047
78988
52103
44815
96704
47739
98250
55940
88396
34882
52783
1517
80826
87351
86853
58231
66431
50121
40150
85198
64066
37495
95002
11723
40089
14465
82341
9703
17077
70229
38059
51117
7079
44260
88314
55387
69356
23682
70079
96407
25354
59734
8082
80095
7563
28038
42560
93447
7533
61828
59059
15514
9587
67982
99558
63964
89614
43686
17941
43572
44117
58178
51513
28870
35090
53883
10811
15416
72915
7618
12376
24082
96247
19083
14374
40459
73017
74562
3536
29534
67518
28541
40941
90916
42092
50410
3934
1915
63649
12981
20576
21435
53810
56980
8560
20008
8337
36683
50860
42102
81514
25569
74257
66620
63752
65091
87267
1137
16866
77413
68378
92833
31264
57195
80124
4009
31976
91110
76474
20387
32590
75994
373
8656
90595
37631
26089
12510
46348
90549
86254
19847
58224
17654
51281
64960
31332
67964
75136
41824
52423
83331
17456
758
49507
57523
71184
8681
83863
20743
24436
53517
78281
66384
62689
11871
38339
90563
78136
9781
85021
52776
88635
51925
62553
51932
84934
21676
88552
58373
91091
47946
80336
16139
38677
57925
60452
44329
99249
92111
95036
174
20493
46817
44990
78654
75245
46430
25957
75216
7878
58185
16690
13209
12318
37153
91046
36694
81915
3245
48503
94603
13306
54085
71386
47952
65423
88262
70883
44431
85225
77576
48450
13811
79527
24948
94660
60223
56968
66672
35421
30420
67063
3680
32415
5367
61629
30973
5790
30637
68651
85917
31418
42026
60756
94351
9751
6337
84016
1739
83489
34103
13003
15282
25065
19190
59705
85311
90312
61602
99575
97358
66998
2866
84171
54385
47088
8869
58342
30930
85610
24083
54849
66618
7112
81165
24160
38827
44419
33469
24811
74735
73148
9904
86418
17334
31895
25632
85841
2388
60455
96270
78162
90061
33192
85708
61332
21100
18189
4384
42885
12118
95562
75005
93286
26950
9113
16096
30060
93957
93171
74642
41072
15247
1203
64402
86779
80555
64154
48877
69418
84942
42909
33808
84407
28463
20631
50010
79202
98605
59655
19086
90653
16865
89287
18109
39831
55517
66414
97631
85071
53035
42599
51873
47228
47885
35963
81504
83064
45190
64457
57224
65149
99692
80802
50733
51025
63655
66619
91631
32829
37877
7193
25053
47588
24360
34794
30918
91030
13715
8413
36109
56078
74226
27867
99167
59818
56610
75440
59238
76963
6797
82799
48787
15587
14983
7314
84955
27451
68655
9685
76434
85868
45516
89020
38027
67156
20566
29277
18089
71876
69706
47637
49319
42573
30784
12883
81686
30261
61788
4527
4545
5916
35837
29233
81498
50063
98173
51135
71924
15258
90979
83784
21887
97715
1096
36579
18401
16144
25544
51053
92891
72537
22106
91841
14925
72808
36414
6205
48349
811
54929
48352
94585
42284
67473
80841
3060
66430
30175
32746
75636
35085
40968
71748
28574
91074
54243
64031
99190
20957
40210
87235
2504
2612
96119
1254
3783
57217
35907
717
56730
68023
28727
97217
65014
32029
32950
53608
62965
4761
46140
99155
75408
56003
99012
91829
92921
86185
76483
67372
3865
3121
72285
17533
91917
67198
76329
79517
6568
26486
9721
49213
42948
53533
93223
96585
85043
44858
15551
76300
29824
32737
61810
98523
52647
99424
41800
10920
19120
90195
83439
33728
49510
8380
21214
75148
88951
20027
11477
58606
46949
25560
16126
16896
90592
96900
4995
70541
2567
43722
49719
94544
33843
74184
74039
5160
69941
14597
69055
35850
4342
4741
15408
14906
98277
87168
68794
38993
49571
86654
14608
13683
36157
51988
86225
16985
14161
4279
95930
24669
88042
44141
66820
26055
95259
76782
49168
1059
36170
71403
41878
65112
73582
89680
74511
52013
27649
96363
31233
2433
91252
53279
41386
12471
81178
12288
76045
30613
75410
7239
32300
92507
19934
31868
8241
6178
1916
4468
76662
25200
64386
25608
21189
32464
37550
84961
230
94930
48810
358
78602
15496
55473
89385
30395
8633
92937
22195
49423
55574
11491
93763
98262
38775
73505
10865
54818
37613
75799
41176
80937
36523
40164
64312
41266
59927
45923
64633
93619
50159
7225
2670
64746
47724
1793
26358
85398
32356
86879
63755
88414
19066
24415
50141
43294
44664
8824
31605
56534
99299
74189
63492
36286
66502
95334
66930
72272
14527
37481
48553
82956
54488
77122
15645
40947
17178
77853
49004
90534
14503
62790
24399
61923
63673
81185
76923
2590
69630
81545
74446
57480
89369
96112
93406
8064
52343
98612
48725
88981
87237
89404
10878
62279
434
49975
57385
75840
56512
38334
32300
55795
37724
38301
55844
44073
27462
80261
19862
87933
10464
93128
87954
74166
8626
37978
94715
17201
89547
71408
3805
29041
9490
8244
95104
7717
36887
78912
63354
29389
15086
1709
50804
5370
7810
75185
17078
63775
90556
8387
75674
17023
80424
49029
15968
11275
82424
80044
17362
99085
18532
21981
18972
35013
98301
10228
59566
9797
45235
95689
87830
96569
76795
74478
13748
70914
54794
60028
56640
41254
25339
89670
97919
83742
66625
27650
14466
32060
84060
17892
18058
29082
78447
44747
27438
29595
11940
41983
50725
95425
91386
20444
39231
5373
72377
11996
49107
38552
3924
82039
74773
85579
24926
38679
4928
2061
75967
83387
59205
41834
31185
73590
93351
31313
92269
83228
37987
37989
92869
66044
14031
44020
21238
79484
46014
50130
44257
62208
12021
16006
49971
23849
48186
45585
48661
60629
89060
77050
88990
73617
92826
96793
35043
47587
59654
88026
51648
3430
52049
73125
66055
30572
44356
70997
76215
93525
81467
58815
57339
85167
71255
35185
43441
18830
52166
53796
5493
77242
61883
28513
31448
97939
45113
12047
77798
1568
48479
67773
26374
17129
1107
31209
24244
99067
55468
79660
77682
1729
58437
82051
52826
92168
67485
90925
49293
28359
27904
62374
62854
92391
60061
38073
61799
93838
62865
38564
35034
84869
12988
93220
42480
55591
32593
79218
156
48474
54682
18455
37877
68504
26284
32314
16206
99563
79145
7267
19036
13314
13481
57401
71866
3318
81696
56895
91699
97647
98584
55360
2796
63167
31228
27465
88114
5430
12394
54311
43333
5774
34448
99607
62266
38160
54491
15176
28038
83690
75024
76847
87233
18625
33419
44871
18705
40576
7776
25453
25117
87607
76190
48719
3222
67227
69064
63500
98748
34720
6965
5024
59927
74275
37776
40650
73650
93943
54949
10979
12039
44593
46470
39697
98984
49880
70639
40746
41591
19616
66701
46556
33535
39736
50893
23828
20264
72079
13360
5717
98294
6983
39791
26011
58345
89967
62340
64867
60182
45308
92488
60397
56086
66103
33554
54139
16046
16414
73634
3969
26296
19178
25403
19285
34761
89788
2025
59944
75055
53655
62378
14365
49096
77503
11005
16288
52065
3606
58587
20351
39680
29078
16123
86156
44920
97227
90707
65632
11725
41173
18210
3488
11217
26941
22213
89276
10926
26624
97579
22894
40593
78059
32177
45445
67439
22395
72165
99841
7596
55924
95990
33597
38032
5204
71666
71005
2349
93975
91457
73817
3540
35595
75199
84478
37879
65777
77615
77642
38817
13934
74181
32487
54445
86314
61321
30612
63542
26984
13870
43794
3577
19060
35211
26128
8980
97215
11916
2215
45258
16214
84495
89730
83651
71060
85451
62129
31286
70024
76128
97380
20807
94912
94689
39998
68340
30704
90133
53464
13273
14024
58606
78552
63510
40661
42817
59826
81721
79073
78886
82236
41241
30586
34374
35677
23049
4484
92801
57390
87761
93430
52441
50980
86201
72029
65394
56480
89474
14688
71582
65488
2362
36567
94789
54549
7619
36961
99782
29152
62471
96693
72485
46152
49823
13706
88832
16872
71499
2723
81281
48960
96497
78506
28799
62685
34843
58935
90389
69569
7114
74472
19425
76357
57082
6619
65093
43776
42830
58965
34989
10544
73726
68221
13147
74792
72653
32811
50089
63787
12269
32173
68593
7626
29652
44787
43814
810
87753
27154
78355
43753
89526
31318
49008
72387
55909
69941
58320
94601
93299
95549
43466
70766
52881
22086
69565
42469
56716
605
56957
5308
38282
34348
69844
2449
28443
5721
38910
75655
82863
16732
44912
10088
46191
63491
7226
16323
96298
13041
94521
15374
96657
36870
50868
31396
42065
33565
61999
37168
50165
34069
98675
78440
30579
89095
87417
6295
67040
38224
98719
54208
56200
18883
91155
40193
28330
54398
81599
53140
83724
96372
80885
65110
39371
5322
73350
76485
5245
20099
3618
42231
38959
75576
31663
57075
35144
58742
8555
30651
59506
30551
25848
58810
22334
34836
89959
85246
66380
99767
87419
67254
97125
82156
31691
78927
39682
38799
68912
89475
16147
55069
15307
61812
14718
11361
86704
18815
946
78027
95179
78269
44484
54114
6542
26525
84495
70958
7368
23199
18180
31169
8827
14132
19503
58499
48258
32052
7680
48502
14023
8732
12920
71078
15203
96446
22971
22726
76871
72988
7875
10874
98940
20985
63263
39115
47341
98280
33828
8061
11110
49839
36157
69882
68256
48382
84224
31044
5309
45088
87535
32050
92357
25500
19461
3382
67666
11220
48464
82810
67887
47773
64830
88849
54045
9563
15799
24049
82195
37417
14149
68921
3101
93900
60028
95394
22296
642
62712
44938
66307
20406
74991
52159
50432
87746
99929
65055
58757
66033
88525
64360
56894
19113
83180
37925
71089
83517
42382
47323
39871
58002
25026
29748
46869
7124
45044
93251
22443
13353
1443
72743
91475
76162
98431
63672
12252
49980
57539
54652
59787
37349
13844
64795
16194
89789
69516
55620
28407
45003
24288
59489
6504
12516
49344
83659
14951
51849
24571
14695
13034
