26218
56546
1296
42814
49725
99914
11400
22428
65637
2547
26840
71935
61777
28492
98860
48996
10876
87879
75871
20469
16900
51677
33123
76262
2132
84613
31734
97530
7849
48382
28211
55256
87011
90519
88780
9480
21425
1174
42030
19859
23615
35817
12328
35403
76298
64791
85149
32497
99571
24482
85007
47149
97781
99116
84360
80982
17201
63614
90432
94296
39815
40736
4555
66002
31006
8946
868
71197
644
521
98876
28081
78016
39308
31755
21975
61998
58115
87410
51984
70126
61068
43496
93566
61838
89203
33970
21940
86327
13382
12761
61750
31020
44805
20687
68878
58013
87111
40364
89844
96146
50203
56260
80897
33470
7779
18270
9004
58904
81531
8151
92563
44274
3686
75502
25243
36270
34098
50862
95679
8851
10941
80892
20305
5877
2982
42620
44816
79411
76259
95082
38148
7248
12146
6971
94607
86115
83657
19556
70834
21207
13538
84201
16101
41247
86644
98260
71750
33978
8568
29311
6915
32308
31152
76
89286
16221
53929
48561
96203
43810
51272
94310
83277
1671
82985
85635
35275
1823
55461
34931
16976
25528
65136
29726
21274
11373
78667
50394
67477
35037
87568
99070
41022
85378
85779
10427
14192
8826
7163
46769
97714
7407
87610
93324
95266
86110
79924
77452
70151
45890
57632
78150
35833
64609
42184
79496
64695
80108
81453
53323
1048
14819
45553
93735
36695
413
72837
22138
4492
3367
64702
73137
51334
28681
39692
79407
50598
5130
57096
67524
54954
65989
73209
53011
56227
45001
2268
37807
41035
7491
58792
14789
73669
42422
88352
86506
49761
14849
30842
87244
86772
83500
37058
63081
8575
90683
87711
68393
24597
16789
29271
79780
4845
6927
90567
30594
43077
83840
44417
95576
68116
98747
95762
58454
13941
6195
43546
78030
91045
89333
4156
23835
54861
20141
61937
41694
8776
12763
91232
2373
93083
11729
37248
62462
61011
82826
10933
49069
51947
49283
67518
23775
83997
17813
51224
24504
27465
22724
3390
54325
73727
27167
79152
95291
55952
71649
91803
16931
49984
33486
75222
20017
24232
8224
6329
63968
72877
45052
84590
6475
10223
84598
79492
10458
23347
6220
96016
64233
63815
16007
888
29456
30600
47038
6836
82287
74225
59149
14671
53058
70080
34200
3848
64796
59236
56575
24772
8841
61910
33814
62644
77615
12640
40790
80290
70275
37602
47248
56197
19132
45320
34726
29646
7034
87529
84196
59877
40683
46553
88162
93991
75381
35763
89475
10300
71204
2655
42014
83052
2092
20107
8458
12840
8563
65288
96167
94923
82320
77256
18703
97819
13957
62558
41693
46835
31090
22245
84146
46886
732
64459
48220
7024
12770
24062
71117
76868
72093
53023
7280
18773
19906
88287
97205
37447
67022
7036
7917
76420
17337
58594
33290
30836
1610
22096
31445
25291
27607
49168
3776
45028
92116
3772
44967
75660
54689
9562
76163
21194
23653
24938
52765
4442
94813
32700
38487
44788
78781
74279
48166
55493
74047
14901
83426
25547
7479
8412
60786
28645
74460
1946
69954
76893
98165
69395
47765
67088
51580
46879
80524
31863
84752
61184
55559
58743
17900
99789
59826
30041
68595
23616
33822
29069
28444
9132
94049
36308
95651
46295
1285
51327
26864
4986
88910
42826
62373
62180
61444
12869
69922
41530
13951
70639
29419
37325
73645
86284
50155
21862
23065
1051
78233
39132
98430
70
81014
25532
60478
75300
21213
52952
621
2727
16661
92555
48866
52206
13420
60658
50943
44050
32412
96909
44781
99345
83685
79738
24175
39979
82368
88220
52683
55708
24222
83602
30744
16748
52261
89724
93421
92342
37867
63475
29292
90007
85186
58063
40942
8533
69976
23253
90488
51967
92416
24244
62712
91085
4564
96070
94178
94453
56059
11101
47237
87728
41947
89340
95282
16844
98161
84312
36247
85838
6047
18599
59616
36343
38204
94752
39049
27303
78648
32668
90345
15600
83643
71240
53380
78195
17325
66892
37283
70623
64242
98928
63784
79546
4136
74565
68821
22062
73240
22139
46100
90819
79521
520
91707
71410
63796
1000
90294
23579
55198
72846
35761
70673
91860
45099
39697
15149
74735
98327
49936
64510
19035
7210
85473
62236
72659
62127
22374
5453
82987
66614
62017
95587
91200
32701
95405
63315
57273
3871
46728
68739
93896
51838
91739
61775
62738
2164
43540
16197
98723
55219
57009
81926
11796
5728
82477
40599
76625
31472
54915
12422
29710
27321
65683
31055
83074
60413
56498
54398
6524
71879
74168
25292
32600
26671
29405
83349
26435
94549
41025
50811
56663
68755
71358
27160
68663
21810
94042
61364
66648
4243
12618
37802
39628
11833
7359
68972
61180
56559
72967
39435
28248
64878
76959
10808
96107
53131
88715
79898
1477
48824
18947
25743
33885
73267
56282
54178
624
96163
75473
34792
49234
24907
1073
61479
48102
24195
32491
44264
44880
81397
77057
8232
9450
9420
22312
84623
82087
31869
8489
72391
48077
57147
50627
68649
88274
98758
40835
8907
95776
51810
28956
5891
44127
15068
41193
65089
49612
47783
11673
14222
23648
70379
49687
49656
11333
34961
56428
16496
30545
52102
85361
46031
28907
84545
27062
4958
21681
58799
52154
6626
96813
21461
54963
6489
67838
43181
88167
67395
35929
1962
93512
34057
83332
82182
28772
74989
23671
1682
16226
44414
49841
35711
7820
95590
96443
52645
26336
51880
43741
7280
84831
60096
68754
36565
7962
77299
27337
62530
23897
79772
660
38249
54846
1075
25088
67506
67387
75499
60284
37280
31271
71533
81868
36424
63160
61973
75845
84303
89219
6320
8567
4127
53382
47274
970
93010
36733
91709
41540
9691
24816
54338
78211
72156
67073
22202
87500
11034
66512
24378
1995
78389
41532
19493
31841
17001
28617
92957
67084
31694
54110
65756
50886
70245
53310
66089
96228
26756
76712
47385
795
30035
92544
41908
5526
13841
66705
3601
87371
49695
12676
71353
71246
57353
5553
38643
26206
47808
21144
91264
51332
63501
34836
6572
57771
81144
79866
8523
32554
42625
97741
37089
74190
43435
45119
85831
31702
24488
80497
25479
95726
22909
8488
5045
37000
48446
16661
78420
46198
78971
73063
55338
52502
13539
74060
59401
71361
49002
13062
12748
18423
13447
29739
63931
77323
58244
82019
61944
78477
15139
17858
96200
503
54699
10915
93483
36647
19461
91319
56178
51703
70956
75618
8135
96763
77773
49145
11355
44923
58264
10884
67441
82902
25080
71008
37280
11930
18802
92986
23167
34169
17539
23280
24336
84975
62017
34151
37734
45372
4845
21961
81678
65260
42610
8802
84267
26695
81116
88409
39861
53231
50188
74396
21847
64957
58137
5358
76247
76250
48138
89772
9295
31138
22371
20743
72039
20816
69094
70741
80332
87118
82204
99698
74053
69563
17122
9884
11871
93238
9487
75449
73637
21920
27999
98410
72354
2373
96994
45327
6403
72690
41135
64792
43826
43055
16637
87287
22906
10990
71996
83923
64824
27438
12329
5873
88818
33100
57266
20955
18489
67735
42034
65808
94754
86407
45354
64245
63997
50076
72366
10943
14889
65607
71310
35189
72821
50024
14671
72177
46237
47681
42405
7344
62112
69440
67390
34053
24225
82994
61244
94847
55632
56966
10115
9254
55429
51643
18928
11153
70169
5531
75679
27045
5295
38145
58915
24636
8478
61048
92282
34261
27683
72697
74303
31246
68403
60646
3318
62092
5684
74986
27446
40709
20218
23214
39625
17560
19148
21191
23305
18327
62549
20596
58132
7817
67120
31683
53938
32046
41747
12667
55252
51821
90259
94801
61292
95779
52159
53512
75412
9918
99117
76878
95431
77185
97849
43190
10085
67274
14400
89165
74116
44420
227
58307
9003
8796
61422
8726
24738
42547
76534
70679
8288
37998
25416
35910
15565
2513
53320
36263
33262
1995
2289
66580
52916
92220
79911
35145
59335
14300
51242
53705
76186
84610
64268
90052
78447
19158
72358
26559
57647
34190
31030
22680
36268
91822
86484
11234
14070
96175
7493
49853
73531
23424
91882
77545
193
1342
73005
4028
29875
87862
36864
23490
55210
77731
92061
50520
25037
806
14185
58873
82919
53590
75917
77928
81184
42943
33252
58579
36364
23800
41489
70998
67084
94928
66012
17177
98825
760
77068
20469
96760
33026
43618
21790
26025
84887
77909
43690
64213
15235
92083
86034
75336
73941
39583
94626
54320
57642
91731
49084
2288
67770
85654
57977
83397
44565
84029
75549
20548
18141
42707
64965
48922
25739
59901
83838
56398
14517
50902
94294
82910
69082
322
98569
63058
5464
15352
62407
95616
90826
79381
59414
41370
79554
53357
64707
90369
16196
37633
48321
68064
46719
53573
49812
36234
17390
75364
31102
35372
67431
60279
8012
28578
98378
87779
13397
61286
50541
16134
71419
40924
89654
12872
3327
24974
64263
43837
22072
96109
89553
67445
98788
12722
30537
82191
75959
68199
71727
36548
69047
84453
35994
36423
86839
49637
81777
90261
67814
85278
539
94869
30928
19283
88913
44963
434
89311
52846
90330
77479
37324
80504
33321
58898
95477
90677
85312
28008
14799
91021
34632
78280
95802
5770
18824
94075
57735
9805
15917
81901
49120
46736
28272
25000
1621
6679
96872
27763
65709
56261
1809
64129
39732
87613
57813
8025
23113
20583
49891
20219
4172
92543
87277
93898
79692
17370
37573
91469
99915
22246
15885
48474
25788
86609
15216
20659
74821
5336
71577
26565
56951
28294
57639
54088
12758
57626
64437
1267
69105
12940
87649
36169
72066
46348
8849
94306
71241
3661
4939
10589
23286
23502
5053
81609
64713
33531
73793
46610
55059
64438
96621
41191
40844
66161
12943
58977
34893
97293
25464
32481
15324
272
97478
52730
84078
25133
40514
27199
73647
64496
83646
768
42697
12430
79938
50957
88898
77728
51271
32621
6249
55911
9979
55741
2592
94701
10413
15804
51933
69110
13642
88623
65387
48969
92829
71250
14048
61501
60286
60079
39062
55718
38889
89103
84347
16760
57648
9730
70502
11005
46510
52478
6346
43344
66888
31996
21571
63220
1947
51946
8651
27936
56168
20125
63020
5225
63255
71119
5657
62178
93089
71295
75557
61527
91284
14260
94086
4658
55023
66414
91036
41626
37323
15713
30258
55612
89440
93998
55305
54277
13414
47315
3573
25442
73335
33938
26619
34720
70986
51692
30302
55147
67585
31469
88979
12819
53901
40315
81521
78946
91860
98823
16184
13136
72223
14467
93234
75681
27529
36572
331
27975
19093
39714
23790
19337
40992
3907
40202
72358
27657
96148
75314
37367
67555
12859
12427
17535
2211
24905
89887
26295
74907
59315
51923
52699
44827
93548
23684
38026
67118
22644
51008
29500
55784
22234
71600
49553
23382
37718
89253
67951
17542
87979
20269
35049
84972
43337
97496
9662
51043
79704
73465
8807
42975
55002
98282
34426
29829
30404
55393
85426
71621
2471
86770
58693
4663
75144
94920
19733
62057
33809
57125
28611
92786
1773
71340
79848
25047
731
28174
72667
22207
12594
75554
2216
77243
93345
12815
59124
28497
83303
55154
33550
80875
51369
54717
96490
41765
77490
62440
24357
7784
40546
54017
85510
17569
49625
11039
30599
97787
78010
44887
52116
77317
685
66226
63545
79038
50855
3014
757
47153
91722
40818
67253
44797
47876
64070
84509
31550
3946
93186
11846
83734
23568
42943
76119
94034
49528
20367
52044
92263
2813
61706
51544
40548
75313
77587
60299
43902
95939
87504
65578
9974
13450
11017
80918
96599
1577
76777
16877
82996
77111
44717
8558
58339
47643
36327
50085
45198
81313
42841
26686
90691
6562
57485
15678
43672
31699
98721
10079
69769
32500
29046
63798
82351
84285
94127
94896
80844
98840
87155
51998
47916
6673
18993
71569
23371
41023
53476
3726
40598
2196
61941
79637
76833
35924
4219
9496
78856
10342
76195
46939
87478
87664
16809
19071
26628
97610
80504
65541
26940
90230
40967
74887
80934
97908
68930
38789
20044
31927
1424
58681
75239
65359
37666
53898
27416
96339
12856
89448
55906
83564
80164
66331
30792
88341
30341
36268
22783
4302
14882
30793
33523
47298
82651
30228
80576
46265
90185
46765
25802
12073
93324
52484
94095
50372
22380
26021
62826
90138
47154
4639
29238
85180
911
52736
2344
29234
13286
51229
46167
66926
3004
88040
4776
99368
58318
45728
48773
59044
2992
29559
41139
40360
8612
34633
20070
67570
78542
46974
29694
51468
84738
73680
6791
26853
6825
40219
95533
1028
80042
73979
97230
37691
76737
37334
90032
36955
32119
29424
70683
40741
92043
86298
87501
62007
75548
24865
97303
96205
73591
6323
62863
32556
35799
36215
44383
50252
38206
71327
26404
1761
70255
45138
75766
83869
37222
16054
11661
53480
69459
43601
7334
15527
64935
37056
93201
4015
77900
42313
62530
67548
52655
11918
82499
67557
57337
28564
73635
53960
38957
87787
66139
28154
52640
91828
92243
20711
20993
67444
76458
302
29143
37793
13232
30469
85078
62179
16090
41730
32635
96702
32911
57518
76827
45585
92334
79046
80018
53309
3842
80
13796
50593
91087
46171
96517
45087
17166
67918
54917
90757
25439
7962
58781
22226
66615
72998
76212
18194
6052
65146
69659
18001
44227
82609
54006
36602
17516
71004
68567
80879
72864
14040
24702
24177
13524
46008
22028
5387
99846
22340
85172
9109
68320
96546
53842
78563
36091
95075
35650
70566
35703
15245
94055
18342
68328
37741
57470
26605
41940
50916
86938
77137
99979
37671
97341
18014
82652
93940
58514
10825
94003
98333
51985
40357
13032
16845
8109
30594
52943
86823
82387
37984
10755
34949
12230
42265
16280
76106
78760
43217
85705
37740
1476
76184
3679
32261
90768
62144
2077
23429
33645
49793
18421
5430
34446
2473
73813
808
46570
16832
98462
86346
11624
7391
53274
65693
85263
70193
35191
18659
90159
82654
30315
33581
70466
73593
71144
61280
55184
47478
13157
8879
69571
57886
23964
64005
89734
77735
81756
59571
17271
75308
16939
69040
4953
37436
58407
15528
64664
11585
82028
98770
29465
45722
8193
90708
62706
63396
75312
37923
12673
719
3585
13927
43164
94973
7802
98139
71273
98529
41103
76263
52099
83686
17782
5455
61647
93938
505
68933
6341
7916
81467
67557
53973
15454
71629
49026
76338
5883
37704
67697
19801
14862
80737
41772
23425
33308
26904
55851
72699
33641
89473
54905
80836
63150
26641
4669
81940
49417
13549
37164
42712
4709
79208
2739
9537
5532
8255
4242
76420
92588
45098
22776
83730
94515
5947
99858
51276
38850
57603
93113
90883
54996
17052
53116
23077
26221
86225
40227
32800
15022
28616
24748
2251
78357
42158
86377
51146
22253
23601
68777
37709
96783
16431
63248
57757
83354
33059
57143
95685
82081
71887
71428
40491
62992
95101
28609
69511
8579
1559
25067
9754
85641
73916
84480
86921
68227
44616
17441
42105
71480
9311
86135
79907
60577
4630
73816
65342
36372
3341
87311
38955
84001
33477
4253
45129
64836
32328
32334
2426
58841
42585
45882
49245
26342
93531
99465
70344
28349
75532
3915
63267
56936
73269
98492
82685
38105
50450
70800
26044
74465
96429
85949
72688
6592
8450
83234
719
23177
16800
27144
45173
69127
48005
61681
96032
25704
97290
29133
37441
90857
81328
65215
12362
28187
80873
58857
25306
76342
28691
40856
25136
21324
50603
11134
84712
53099
61176
65499
40190
90371
74212
98349
47734
32392
4847
18223
58480
47139
70166
6607
91268
59563
14956
92457
53347
40985
337
33231
32341
8876
22722
36501
17008
50811
66572
24350
72325
62623
39877
26912
85646
51764
22133
56184
23323
16771
50414
67806
81732
95028
44700
81043
94952
13500
16097
60786
92963
76793
41890
61268
91147
97541
62426
17471
14868
17636
94952
36326
96073
1211
24792
88463
21358
78674
23798
2987
91291
52601
40324
30027
18823
70801
56113
23398
88001
49798
12784
62127
5860
21843
69234
20788
34156
46916
67274
66300
76876
41113
46823
22518
30982
65565
79166
99459
96114
69012
52504
35664
59560
86725
38025
2474
24992
92154
4427
46974
56380
89477
20395
22020
82692
8852
24652
92838
65472
85817
33716
38889
1758
13372
39970
39383
26849
71660
2169
34851
54528
8608
31823
59202
45235
42471
45023
98974
87325
2651
84788
93380
55985
86726
55000
33161
97621
43704
95667
57482
96990
61964
6404
59318
86161
9394
22279
31668
62270
83022
55856
30353
89773
7670
11716
13068
90526
91244
24430
70849
21915
41251
49849
69665
2515
74669
43557
90445
71513
81404
41938
38821
2336
1935
32614
72547
6487
25677
73240
89108
46184
36657
74473
44427
14291
67470
18902
93547
12128
77244
17850
50969
10204
70541
59328
48875
65932
90839
56313
64852
45951
148
43368
64871
45140
42343
58227
59790
80974
31442
81691
41240
93282
56033
10570
43916
15079
82263
68444
67361
86580
74849
2923
40924
14051
26341
58445
19350
61210
77646
5902
37447
69141
6029
52363
16599
64565
86062
30900
65079
87334
31870
59151
66406
44114
63189
80096
70790
4757
5785
86205
5002
39245
92754
41227
37905
45888
41482
12001
29637
99799
15358
98469
5319
9409
92216
92584
98664
23633
98376
79251
5513
61228
39384
13208
14881
29681
14062
22550
65178
58426
32382
15243
71205
46936
5007
76842
43975
92706
75916
93072
16426
46107
3851
29448
95969
1341
98747
39369
5458
57518
92045
66299
44683
39742
85504
50935
96901
33529
87624
96060
90806
7750
52754
59426
38935
93420
29444
87685
87661
64522
45912
34503
42246
1140
30329
25771
65256
83311
61489
55904
38633
94352
33084
36217
32080
95847
73655
73030
35489
6277
81222
49446
41704
2793
82433
79922
2940
46763
60458
64831
95750
14669
70291
4293
37971
40387
81718
29550
65429
29374
93173
58961
77161
41057
9842
15451
39519
30649
16987
75620
6975
48054
16089
19291
23186
62513
32534
12025
90082
1436
56059
55544
40132
40709
55002
76757
16415
4251
47282
88524
43964
53358
64686
52208
80016
57079
29490
66626
12446
2554
56508
83649
39117
12113
82434
99147
90318
22906
14968
52064
8916
87281
80960
94208
97784
25882
24899
54048
61323
91088
961
86640
10108
88367
27723
88218
53474
441
61290
92925
46359
82063
65759
25203
62226
32241
27289
31363
13629
56788
41273
63209
7734
71592
86811
98820
98884
81019
67807
42428
81002
77725
15728
48481
54327
5361
50749
45371
59258
25173
27219
3029
60353
14422
9210
84543
29634
4702
54242
30015
90938
7093
68710
71070
72792
30289
48454
44618
25701
936
59257
18196
53054
93621
99196
94281
83831
14386
49675
39607
57249
76491
62413
45649
91620
51208
80893
13853
14599
95136
94043
31797
34308
87403
82416
2540
27828
49329
20960
33108
91207
7520
31
36365
28377
20204
55444
16044
38970
25541
97126
77447
16208
24645
79732
46991
13865
96763
51467
25073
31327
30507
55685
5030
52065
79825
3786
50497
54835
77077
1823
21434
41267
39439
28563
43238
74996
26862
68379
7216
84292
14273
26503
8660
80159
45861
65611
87961
47437
32728
69725
88357
59592
89947
49532
21602
24262
35360
38648
9802
22225
45159
28643
37447
43905
99108
69994
57765
26162
877
59275
9600
50231
66332
96529
93986
81647
31043
28676
49920
84470
16834
39575
63207
4218
23149
112
66201
12776
41168
72095
73
1662
44612
42985
70320
53041
34874
48393
58504
99649
8291
34231
11302
65800
48064
21270
17677
73442
50885
61344
74763
53385
82969
77177
907
23963
27949
35639
25681
25729
14359
19345
61851
72645
60150
25403
62609
52102
35483
38929
8698
59249
68659
77992
35201
32737
27970
98975
16808
35699
78486
31062
97208
48835
61034
37799
72277
24966
87210
69802
27382
22658
1561
48395
93317
61289
82553
14091
58774
30120
18180
33641
46798
38864
74244
21480
25064
42068
82259
31240
65819
96309
84002
38430
460
3675
95577
70159
15708
158
67418
22977
67108
53361
98666
47630
94663
14149
53091
30128
42625
95490
44891
8247
73810
5805
23630
73069
98683
52740
12477
11161
65000
24337
39013
93232
90599
42621
76558
42768
62314
23343
31321
26208
35475
84377
72351
40874
77998
78566
68134
88877
75482
88979
74012
98119
35009
87178
79084
53594
27142
61541
43799
2205
77790
79376
30969
23319
76651
91342
13546
11227
90798
85908
34427
61495
57015
5157
85794
95748
18276
35700
99606
67911
37287
7668
43699
7009
94323
79877
4794
85815
90453
9669
17926
54798
39504
11926
59316
39564
9324
24142
97741
37061
18883
50281
90612
74990
65657
67682
50323
1517
47998
19495
19911
5
45840
18697
75680
77420
16892
97086
32777
93008
20142
74311
23952
67837
93641
27070
96870
28683
25204
76477
30835
63420
30807
97117
64280
79752
8272
70659
51974
38030
25398
23109
83115
46089
6364
98315
53699
76234
23482
54841
49717
9381
51695
87736
54346
40634
58525
67178
28492
36982
9197
18323
96149
83256
4150
61231
97687
5341
91339
78536
77632
8727
92848
51892
96935
52353
89273
54601
66734
13029
67584
25014
70363
14624
59046
41874
53776
78595
25836
82225
47282
66410
99813
43485
9795
69948
69508
71763
11059
17236
8357
6340
23736
24128
29947
63406
36710
36663
13305
65568
57309
23055
91441
12313
33622
6789
51511
41689
98343
21205
42701
65642
41373
27638
5801
773
61054
21826
9500
58046
55299
3048
78852
69254
48238
37229
8704
89234
92087
95881
20823
83005
22670
12594
8323
3096
95688
64854
6258
31752
31751
77724
30273
39129
4749
31093
60673
86008
34559
14289
16957
47618
82336
33616
59174
49435
68525
6094
3899
67921
32710
55548
51454
3987
73514
57106
16193
67380
43380
51734
43408
89734
45255
23627
68028
90211
11838
74294
22440
15168
90556
4204
20418
9198
73046
31255
98062
45310
13677
60521
77229
3954
8780
93861
68765
50983
7086
11264
24805
57798
46381
1759
35879
70525
78311
32145
3994
25074
29670
65716
70695
93962
7597
66814
12833
37964
16412
97988
95327
14395
50901
19058
2653
1186
60053
52222
87466
52361
29120
59309
53850
65474
81180
13669
78703
97133
14390
8369
46481
15016
92884
58619
93501
93630
96862
93616
84844
9679
85821
69731
42987
9502
97552
10202
66482
50687
99997
61512
55762
15298
60801
29283
60518
71629
46076
88795
74728
26138
81898
93913
21517
22828
43487
99233
18815
65857
54125
5972
91176
52994
67652
86520
95353
23029
25824
22950
73752
80207
71950
16081
21251
63334
17092
26593
74386
63950
68774
71297
29696
54666
70869
95038
29446
42784
44981
4155
57695
61026
83453
89158
84222
99399
46989
74094
98107
96524
92905
26000
40977
91385
67278
1266
12523
49010
52349
30240
5842
65485
15822
24332
50665
24685
23733
94627
23863
49264
96176
13902
40731
24616
34804
69285
40670
50894
98293
61679
4955
89353
54240
46515
19945
59109
47198
49132
38479
66349
24395
54116
60607
47706
55355
24671
37651
49969
93547
62733
52875
49475
99209
23360
96093
86015
88600
4287
83731
73048
66936
12905
9061
89854
42618
3048
49634
95064
87612
76626
31220
13355
23430
32801
12995
83059
72234
27577
26701
88369
88839
26875
6575
53160
37760
4447
289
89550
26104
53808
22625
46553
46211
30410
45457
82121
89591
52434
9694
76056
20525
63175
69994
34740
11451
14343
86998
3890
20691
48716
99150
92304
23410
8024
56594
2815
62770
70739
33871
54749
90391
31721
26511
26816
50071
56026
84577
15140
17004
9658
52710
71637
86854
44067
85662
8410
1713
64644
70544
62057
49055
51339
60503
50845
19891
79457
99119
78348
59631
3439
8098
69383
63798
45223
53698
52267
10698
65029
41839
52461
14062
16882
10459
24839
13428
24
8822
42743
36983
94183
10438
62352
2094
43098
46154
3529
34966
33054
43953
99484
84126
46719
70162
84419
63635
36579
37804
71811
31896
36700
12599
33671
80593
85704
50874
43699
65962
88319
99082
33126
36247
99187
36748
60792
19829
50880
51834
97478
31768
74993
93594
54444
17959
48659
91996
36164
80293
53344
93182
71338
95601
95647
71768
63661
64282
66460
37195
56503
44497
19210
54232
84992
42225
32881
83319
95587
93440
23634
85229
15821
12644
56556
97726
51934
16547
62128
60240
47183
48254
21156
27972
68011
9465
67791
35437
99601
83895
20611
34456
4987
44284
21736
86456
8348
29058
27434
59680
7667
46362
62088
85205
21062
669
43995
25375
86033
21622
14010
59817
46020
21881
9677
1377
3020
15323
52748
87101
42869
27660
49458
78831
50656
37373
10006
57059
99949
79703
9038
69894
90440
98992
54480
43930
61509
17364
49001
46045
27583
50373
23201
36718
85162
77768
28791
96345
24739
21664
64951
942
30211
50999
68991
19176
45621
7257
5181
35503
71987
92755
80955
99899
71345
79540
61523
80898
64990
36603
27723
15611
63394
4454
20873
39451
62358
56353
11520
14314
63429
44754
90508
95154
46450
9759
9850
32014
37461
42484
40211
32168
68358
33745
12562
98612
83114
56090
49900
29590
46964
44808
76713
74465
35950
73206
23139
28424
8885
97347
48296
71710
8155
40164
84985
44926
80148
75883
34592
3427
28445
35145
7924
63535
75285
73367
66817
6222
93347
67022
42497
82231
81834
10069
3513
46628
96257
39122
55543
9525
4625
8446
77317
25899
83896
47036
91612
50624
78162
55725
91859
25762
13811
64082
81258
34222
35401
97076
4554
44494
631
36581
75844
60607
86453
90329
14038
69783
98925
8933
55145
56192
49427
89269
26912
27155
74977
53420
45359
63341
17617
3151
18451
59401
32322
53847
9254
98982
8161
54772
80679
77743
86860
99624
21974
51806
39154
60410
73370
59113
30719
42974
5339
49394
74615
37899
17625
2885
52967
54844
78436
25376
57953
19598
41306
5945
77641
39929
3678
66971
9800
15705
23744
85250
24113
45523
99266
31098
40534
16308
24079
76737
58494
17490
88561
74697
17735
81503
20336
63685
86952
77896
23388
87298
90109
44229
54331
83831
73805
72338
79926
1436
11162
4306
95466
10583
10508
67162
10437
77495
28839
32915
507
18392
36376
95426
49878
98629
48469
55446
38788
96843
99942
61369
63480
95470
94804
6001
75986
29436
5631
64188
99226
96242
64766
40904
78768
47065
33026
73444
69396
99079
52158
18409
19625
58911
18887
57958
82088
41717
30059
79636
67986
51281
8164
13976
53760
97443
64156
4214
51450
80214
63642
74348
93381
12540
92970
22954
13498
97353
94993
70098
85791
82896
65271
99663
22051
26580
92506
18169
3256
58175
18905
67502
66768
37222
86023
66464
99328
31922
24048
98028
49971
9710
758
44012
78914
20080
13258
58158
67124
1248
84288
50191
13942
35117
27966
3474
61962
2908
16581
89159
72445
5679
85466
43308
28375
35752
66465
35363
79092
81315
75575
49363
80003
13030
38212
51627
40190
97287
29003
82863
54311
64371
67717
24029
12356
39260
22682
21938
67118
58469
51302
97470
14129
71202
25289
2227
14150
39289
11345
74833
49650
41270
53309
4846
6246
20801
93578
7381
7443
97590
5718
91753
83779
70704
86860
43736
17496
60763
64840
68280
65159
92490
86054
44473
6593
68483
4297
99371
35115
82186
41695
8415
39344
22618
73686
29664
82833
388
77876
5958
55902
69325
31430
37691
98890
75371
74543
60709
80524
76662
37944
34169
99451
10201
55654
63591
17416
93026
13800
31655
89412
93850
99085
58272
8312
36063
24329
35020
95229
85544
89330
58957
55772
40513
6434
31619
32277
29370
38783
11688
25061
27523
60599
59411
96079
9818
58234
2047
56418
25535
78064
71116
25361
67530
69005
12474
75132
59957
4155
94239
29665
44801
35972
98062
38555
97271
87271
66932
36840
76768
56520
31386
23902
80518
45523
62131
8448
57065
48055
22994
73449
97312
93871
34585
35353
35734
26679
38720
50200
69672
64613
38955
37862
98372
85677
17297
46713
73972
88491
85695
12556
51996
65012
64284
30474
68409
19006
52653
99376
33703
64559
34460
25268
82932
23480
12886
18589
49629
81060
40874
55772
73495
27176
13
42123
86324
92268
33269
76461
77755
6991
17815
19680
71063
13023
58297
8949
47185
50636
23612
63926
51617
60983
56383
42381
51987
66790
71230
87020
39515
66644
21165
86719
17241
40350
58751
55295
33290
34568
25889
19684
24334
16102
22797
77623
87897
4066
78363
704
17918
76777
85663
33448
75092
40210
95064
74687
71898
90126
58505
82631
79142
49328
4639
59759
33554
97390
29807
69153
61918
91643
19312
26577
15014
9913
68818
18504
47182
43495
62165
39133
57057
71679
46466
43565
75835
78784
68020
18562
75352
87975
30823
38527
35126
46786
84198
93128
91320
24815
96323
3524
46875
96867
88313
15174
27049
4476
33027
68791
62462
2307
61127
57215
43762
74525
3204
83116
23140
19793
97570
68766
88380
75543
23539
93251
41523
19746
47566
63553
59470
32700
79952
39609
19133
94181
93181
33527
5749
42279
8799
16613
27140
27053
39448
37820
69197
92718
99180
68244
50824
81002
72536
52182
71814
85848
59100
36934
29230
96407
80275
2903
33613
37324
81564
32373
97618
17183
22656
71593
76132
75052
87908
96212
10019
43314
65666
46737
10038
11928
93293
84596
38083
58441
5642
50106
44134
16657
10677
65264
76221
83642
21104
61676
25413
76352
67322
78104
81149
23984
60779
93732
17830
41590
8712
45961
84830
48223
37158
2012
90078
69671
62573
5349
56044
54335
30285
31692
71567
38810
83720
16011
69768
36280
47265
34219
13702
10765
78104
32422
28439
12039
57021
70133
5248
11520
81899
59859
13271
95536
15031
79267
76393
3080
14910
81270
23471
96912
94187
9340
97512
85941
10270
48972
35819
21371
86669
18423
34219
84646
46801
75714
24052
26713
43748
1440
81017
79738
22887
99299
24761
32761
45549
203
29303
59187
23981
72240
75203
53905
18482
20757
51574
7133
96459
15160
87489
33527
8963
38583
314
80413
3023
99882
67651
84008
92509
29947
87679
63205
98748
22294
33918
20330
74417
38906
16812
65177
79782
14913
72920
17105
91525
34584
3583
47366
17829
55734
89960
57877
29062
58955
71942
63045
30975
41450
49211
41992
25951
9014
58767
18042
55689
93270
22813
69274
83061
36753
1833
20965
93794
81309
82134
11799
86209
94320
44882
18238
31442
16837
92580
28566
42799
10609
60561
27622
39185
6977
5434
25383
31623
20498
64181
8442
66098
23540
30615
44008
45879
23515
92256
28091
66932
45547
16219
52238
1821
65049
49443
32291
90451
87136
43121
44974
30911
62161
67372
25129
29622
50850
98401
60833
51514
97694
6961
14718
49195
9265
88259
86762
91172
41911
24287
6117
21364
13879
3199
39030
59854
91739
89545
5419
67766
18410
72045
45681
10177
16136
19905
72402
70070
14461
58403
51727
35612
8022
14601
35024
22606
24785
74315
10226
31179
17642
48532
12244
79292
23689
94209
74488
64089
19085
9123
56514
75006
66297
88213
74643
46521
21207
43488
75050
57085
34433
64318
21367
52366
95301
74545
58321
46550
82690
73896
85422
29543
6377
77011
1429
31305
34990
94397
99279
36246
5410
19736
65821
98095
57754
42750
60348
31620
65952
12272
41909
62204
49316
26591
83225
52142
66112
89032
31019
36616
58610
94634
97637
55690
66976
1898
49149
35828
55756
86963
42813
29355
38304
55513
47095
27307
15660
4174
19331
15964
74410
41570
96734
73128
41379
6556
53637
96019
30950
22292
70009
34061
14647
59095
6391
51028
78541
26857
43680
43829
30607
88152
32292
8036
53261
10475
37059
27566
25954
34473
39932
93578
58484
17051
21435
1331
69499
71287
84668
79094
14237
79869
51206
86262
7892
74147
27023
64516
6580
71634
66525
65277
81709
28910
40934
73582
46785
13932
47544
46263
78370
55567
73231
78969
29855
52921
35170
30989
54868
60902
67172
63463
34852
67230
48624
89753
94938
13095
49489
41580
82369
54806
68333
64041
5766
543
49120
93335
35893
195
91746
15124
4803
42568
97731
33825
79637
70894
83010
41010
55768
16762
10673
27273
91308
99589
51751
30132
60833
11915
51890
85108
64865
8319
33175
23304
38174
54368
26555
44943
75580
91274
24073
16311
52021
82794
43797
63587
3922
86206
19853
55437
91571
78267
36826
14924
9633
90922
44185
66126
94431
96598
43513
32759
25997
66370
90202
98820
90318
89291
50295
52255
84202
45649
34071
18999
61442
16984
40009
34154
59069
88956
69576
75370
33956
13993
11452
86151
98216
66519
38340
3032
33446
83002
90786
5169
1314
91418
74285
48216
81419
99445
2284
79534
2226
11158
49937
93115
31317
57540
72712
35853
40960
68848
97349
55903
1181
81588
8699
54220
32862
94891
49925
85482
18740
7219
29069
44757
42729
50946
74640
74382
36548
26339
69984
46408
1484
46564
88713
20066
56530
12687
51978
14693
26264
10931
1025
22729
87702
36555
64477
71437
56822
65832
93844
86012
88853
56337
41711
88482
77290
25304
81284
59029
58447
59418
6549
92631
37573
67213
87820
15832
31894
25178
54068
85079
48579
21217
10782
32430
23689
46724
75517
80986
80535
16385
11619
79673
14839
74084
96804
86370
37912
21886
9604
16676
12592
6204
85549
48374
17451
49610
56420
46924
76428
35240
16551
42125
40820
24223
45902
54552
71720
51056
43117
90637
65335
97269
57207
94138
60993
46038
46958
56050
97869
17161
73464
99775
83912
85155
6559
95080
36953
9672
87754
87062
34414
2717
94910
56482
57379
75022
89925
61698
44962
81539
52839
3650
73360
44066
33007
57995
51000
77522
55932
98564
80790
14699
59684
1216
41408
47251
3635
19302
94140
66980
34908
32454
75833
20277
43731
79753
14548
97076
56818
39668
97169
22326
49604
6304
2203
73477
87414
18605
81206
85353
32509
74166
4062
4004
61073
34935
22883
40791
64209
81740
29730
13520
47610
54142
88634
58702
74840
88959
29009
23305
22706
228
56730
92752
84880
19217
24146
5640
7556
18776
95026
30890
32432
49757
95848
78796
60237
80940
78168
85295
40168
4327
7120
29079
58063
75317
1832
41912
35393
50914
49742
45868
1458
31312
48113
25376
78739
22486
95882
85250
81923
85677
21690
82283
75070
18166
95180
36041
77779
58971
24384
74224
36184
43496
95076
56874
20237
72615
76367
89537
55807
42060
29115
59858
81883
13580
41428
54381
22655
50417
34898
91412
66980
2908
76520
32151
40701
27056
74827
37286
61266
85001
10991
79734
20748
69813
3308
52656
98869
80431
30178
73662
99571
70717
2183
48175
84819
88076
10887
61200
1196
91455
96880
69796
35934
73481
56257
71300
13896
94396
8453
93580
27539
76268
35487
43535
79047
13522
52088
35713
65655
58253
21537
30793
78265
70865
27140
38410
35391
55571
5830
10647
97194
20407
88721
85209
50654
13390
35411
16471
7681
20697
46798
16245
50192
16529
50092
30619
91944
82690
54811
33484
11510
78097
89129
16883
7307
13064
57959
97462
9882
49825
97480
66039
96607
84086
98738
61619
15725
22666
57446
97677
78908
5484
59593
83091
35902
56159
59440
43990
42457
8272
4513
22335
62588
6813
48869
96653
82066
37081
79902
4764
9185
22615
60522
21208
38698
11501
83605
29525
32828
96765
73548
68045
92360
80729
64236
45475
12758
64184
59078
95646
16614
28212
83560
12282
24363
39425
16017
76241
55607
75707
83641
83797
80960
75565
55175
74699
40448
52661
93139
29545
43973
44573
98395
16741
70840
36933
24192
53079
94389
37085
46374
11026
42757
88472
30603
2365
93223
95820
67429
35941
62167
20360
66622
88116
92800
13061
79552
27805
79074
48857
4033
31286
71849
9210
78297
30202
62173
85680
40456
34429
88320
64250
89118
70929
23122
95164
5842
58201
57691
5617
52573
9932
90139
68199
7929
29548
57432
85293
14146
99778
20789
66523
6798
8565
16940
58024
78800
59651
82862
6597
62710
98402
9699
97023
99595
39439
56334
21984
57981
39229
60396
33901
78318
38826
63837
36761
42697
74854
35327
62653
11429
53554
59605
92179
50887
35803
54048
902
51819
72859
79783
97809
63113
71217
68532
18321
29869
12124
46810
69525
89660
27234
55417
38309
89962
97261
22231
34447
38140
90292
12544
32310
14434
7705
92175
43836
81424
32353
16093
38574
82587
18724
41755
87326
21588
937
57490
39884
29061
98954
88481
66936
68147
98655
59196
91323
69234
14731
15361
50775
37094
82374
89620
81650
31588
77972
3144
3324
57401
52227
54761
27713
71969
81426
15448
1
65653
92576
79898
47518
1509
78469
11302
62622
18046
21228
28696
47088
82554
34758
27415
10524
74122
60469
91712
31070
79977
28158
73174
79671
57596
37409
35399
31021
77989
40443
26255
99532
56902
83185
89050
62920
57639
49557
28443
9477
36553
94268
8268
57066
15349
19864
1158
82848
44323
97622
69836
96192
59813
70422
40675
17448
92041
52229
49184
25688
65744
29540
23420
28254
17409
90181
32939
83053
5934
16003
11898
19509
79679
54355
78849
86494
33980
40098
62044
10530
23463
35426
44680
79059
14582
35092
74770
72050
61514
28569
43406
97354
69929
55467
38554
90400
62397
77103
17515
75503
87812
67936
21239
36642
74955
19696
23588
4251
17296
64423
32805
60638
94573
60460
19213
89096
92207
96491
15656
39108
63178
21782
44486
37721
69906
10913
44353
11087
63013
25899
473
33419
26590
94825
46875
38463
49885
34991
73809
10267
16339
44370
44355
70918
14743
1866
72640
22847
35439
58590
14777
97447
61477
91059
30095
51289
81138
33418
34782
97614
42464
42996
32909
4602
7819
6786
69117
22282
35984
9156
90273
99314
42197
77846
98629
2301
26327
25963
7303
60328
59685
57902
76759
16512
29192
72927
97475
90780
90906
74057
8294
56774
92478
64228
99616
70973
17629
89806
70404
41308
67689
14111
1879
18616
42016
2240
29179
27847
42349
9193
21763
72480
57328
7564
24426
74658
65492
30020
51730
52378
58544
46639
96247
10075
16002
37561
74074
21465
8427
49616
77548
73306
23595
7789
33918
54075
50713
53003
16517
94013
51132
36326
11395
453
53323
59603
33739
12764
23395
66790
25245
88660
98776
99222
58432
23721
80593
97464
55470
44983
53404
52805
27426
1480
20723
52672
91674
20250
98134
996
43614
4380
2526
32478
58989
49203
62624
39915
39326
32296
25143
62925
65162
51764
84898
40696
45603
46454
980
18550
7325
39637
3858
45923
74162
86721
15322
83641
64651
89940
93380
19151
45822
55559
68568
68249
97232
25053
4093
54938
97055
592
65169
35633
14859
81883
53555
96852
3648
83428
78990
31075
40339
21849
51127
21360
96983
72190
18245
82373
63403
93735
654
36760
22469
43395
92009
76467
27333
92778
37012
87546
46537
40482
65446
66934
2825
46321
85806
54046
11027
63234
90164
30078
40745
27160
4866
36042
98734
68423
10123
75056
22861
33447
80785
4215
78721
75
78463
72039
25167
80496
51229
69025
69595
92492
54278
50179
67244
35051
2303
64740
35873
13892
78781
34421
12716
81910
42243
19368
353
64917
33008
38540
97424
25098
97905
67127
60998
85852
74636
1057
64534
26815
42809
77244
51636
98116
50854
1713
49106
10593
6467
92611
60966
40909
42729
2697
80808
69943
86301
15963
69531
41144
79034
35067
22177
73505
93208
13245
99384
52519
9260
41345
43455
12435
28603
34103
10542
96196
38727
95231
31092
11224
96620
26980
4597
96870
3688
59523
82958
30598
77356
11937
5307
6734
80882
8966
79527
43050
27128
25614
87310
54859
53692
2985
13180
60664
46535
96878
73578
65235
34490
56308
33026
48298
23223
65575
25353
53607
22025
99035
76824
53668
27689
5402
63707
58035
62960
38847
43362
22029
35344
82135
32830
6369
51534
90040
20374
93825
46619
46846
33445
82341
82871
55233
58251
97582
42041
16072
63068
72800
25260
97720
43509
423
43084
37944
30200
90707
23774
63796
34808
87148
39575
61528
68489
26017
93381
58401
40909
98880
93532
72845
75537
18937
53982
45255
34630
72418
85657
20524
25829
36141
59269
76257
31713
37087
29385
56988
27480
28099
17913
65139
89544
39790
66466
27577
31268
34490
60192
73656
55538
11595
66027
71258
45975
91773
97325
84584
61288
82377
74514
18399
86854
94386
63926
36533
65906
37076
74304
14580
63310
91715
41215
69777
43267
23168
95190
66707
54042
14288
18625
9867
96799
78872
58088
54718
60394
81672
62300
35644
86127
63085
6802
73938
96915
25782
35940
2429
36618
36471
25322
21576
50363
5225
14429
50004
37799
51656
59959
78517
77034
96620
63811
6722
42173
50
95705
17902
46046
30378
85126
71507
76469
13849
5015
37508
52321
54000
53546
9657
5318
84945
42320
97858
78760
21347
27075
77127
90121
82867
38087
31556
60089
26538
7596
83634
73477
49264
35133
96313
6942
78660
96341
14724
41210
74082
24922
44485
73586
93681
86908
77398
52301
49570
38666
84549
35363
60299
29145
56592
80677
75972
47192
33888
66664
43560
73486
90531
46155
13710
43909
42182
68995
12225
51572
44007
7795
12725
70769
7170
22166
70877
16794
39448
37440
58522
7112
53833
52488
48652
71742
19919
80559
48445
29081
66591
91933
79187
45255
90118
27413
20348
44941
4644
82787
46465
66835
85879
15966
65838
17179
69882
52215
75377
82937
57537
94987
90827
43359
62806
34690
1851
84489
16725
58710
30307
89875
350
22127
57156
7079
96430
463
41853
15140
24184
41893
32550
96586
2051
93019
32126
85686
99931
35909
56049
35908
70049
52361
66237
26219
15409
16248
6021
93569
58773
82830
86370
83890
41882
62278
41902
88780
23458
35261
72647
86003
14125
30541
6551
58725
81079
7201
21112
4394
60844
85279
35597
58484
73733
72375
47910
4227
50685
58269
83640
13147
43477
58832
94543
2320
87096
68630
94773
33021
53047
2036
91729
98019
96591
82683
54289
65283
3648
30558
63561
99307
27727
29369
82982
25671
6829
9775
39453
12575
64160
24182
81277
24487
20851
2502
70208
16961
25573
15670
83010
12269
34475
79735
17879
21770
71344
91819
77973
83805
81667
5197
9343
26452
78661
20475
95350
15475
50881
48554
3371
10639
69531
63597
43950
11742
61142
73350
72887
85154
96060
6447
9549
36763
36035
24044
45776
3116
92359
62114
17148
13670
34356
29556
43838
96411
10449
134
7732
42773
6048
99570
45732
63617
75040
85963
59979
58402
4369
97478
87337
93351
75885
61555
58054
23508
42096
92079
13488
31230
65980
82704
26966
53466
17749
50438
32815
79929
14462
30657
29132
54495
16022
27089
77217
96330
91958
79258
5392
51802
64371
21523
16893
27070
5055
52690
18218
23838
77354
42333
25228
51579
47354
82398
88827
22886
65934
44218
14426
14199
36619
38444
70962
53499
56235
34319
99179
39998
42865
14576
5361
15855
8440
33735
25194
82143
56243
53050
68660
87387
68984
48697
89481
41854
16965
85422
74237
70328
81161
14653
9862
4586
44128
25198
70099
59542
16758
7183
35829
85700
22845
81775
44763
65164
65440
13713
89994
40358
9312
32458
21839
29472
95344
90290
5922
38493
95152
17747
89030
47783
41899
44104
51289
49696
90912
29273
20380
12479
64924
73484
65493
88112
16116
93973
83793
92803
83160
34508
37350
31016
52589
97891
73682
9408
96301
73917
67199
33646
18808
88465
90323
12108
98435
34783
87647
75362
85266
73677
12995
76557
13918
16200
29365
54255
65259
22454
93809
12581
62305
15849
85022
65760
9459
57330
85339
62558
17043
48138
93296
35236
88138
76916
95291
39026
63293
29530
1136
82795
97623
91735
33941
22324
36489
90837
13716
5424
23934
75201
24799
8314
2540
96808
61323
44019
53039
59279
73435
97350
27366
79081
80725
52676
97252
67558
35022
59079
33465
86056
149
18336
12915
84337
98014
36390
36575
20301
3138
24837
46795
79293
33040
770
56193
2268
57777
60661
29549
32720
88932
48397
73923
31570
61991
86579
15807
32040
14455
18115
20593
53050
80482
11775
7552
8893
21940
4991
96608
28396
43835
44720
76871
96809
74583
41688
76888
21605
93871
77124
98704
94196
25400
13917
32166
85445
87408
24961
27332
55547
94593
47963
32698
60248
6877
11085
2823
13700
34132
39573
40826
27510
67925
94034
23176
93770
24802
90612
52609
97090
48939
72969
1205
13545
29067
39673
64308
67199
44744
91103
41703
52482
52066
34559
75780
73683
42174
78302
28342
24612
85824
1723
53863
71343
95902
4874
61989
45112
72643
53341
47372
42954
499
16866
67268
72983
23712
33771
65737
94890
28939
92747
33349
21098
53278
54813
21422
98047
2981
31479
62950
17781
1368
63959
82420
59837
94731
31773
95863
28043
35763
70634
45159
42811
17559
96597
15826
3081
59035
3467
74680
67446
43809
29415
13624
59266
56298
21432
28331
84092
35820
82894
69642
57588
1620
148
32434
93171
39973
53871
29912
64901
20193
81000
97573
38431
43113
30145
62918
92151
90899
53117
18477
16360
15243
97440
32717
79702
56863
21613
93606
27223
86142
85843
60841
16701
82027
44720
23672
67494
26583
88207
28040
84172
17247
84676
61470
46743
25104
69838
44612
76723
68994
9805
89767
38640
62981
94271
80890
48522
12980
88960
37369
6039
80451
21516
27575
43241
55967
49859
91503
11764
47876
93628
99150
98173
98185
72576
25025
17634
40438
83093
24149
95720
85600
62044
71321
76436
24680
67329
6633
64136
65605
43303
90912
93549
72561
99510
57102
27712
30199
70851
40693
86166
22761
95850
60726
46221
77585
31476
46484
82041
78988
74287
73996
39792
9941
87958
12459
42732
20853
3933
48165
47222
89000
65361
30773
38927
73942
78932
93152
13027
80289
53937
42719
7154
56173
693
45039
53491
17298
15595
85427
24926
75388
38913
88897
51449
5018
54985
70866
2580
51196
72231
31635
31549
70342
30473
12051
89478
10662
50395
80910
1206
95222
20123
75355
52666
83763
34790
46502
52828
87254
7280
51835
6946
12452
95713
26678
77063
42466
85919
60050
49996
37830
99944
89745
52643
5024
39991
58910
12390
82429
92252
81545
99199
82761
36884
82572
28507
75858
87840
17416
51417
99760
80851
78575
96755
43538
11753
4555
64853
45405
8280
33456
97274
85917
19774
24520
95974
10617
29210
56855
74582
67132
71144
72031
19683
64321
49405
17256
52717
99865
13834
6310
64282
2968
91430
59185
36844
72306
22229
95519
80021
69605
69776
28214
97920
65982
16234
66241
52383
48329
22363
90182
37086
59620
67775
73943
1478
56933
91008
76153
19494
53775
87711
38882
94573
90291
51585
62649
39273
34691
70937
19655
63711
69086
97440
57841
88514
55217
30149
57312
40166
85685
18846
51871
99574
33433
73550
46261
29434
87185
89704
5447
85934
57421
95706
11165
62454
38148
69364
46068
56846
47228
15497
73002
76503
19359
56463
76772
28292
6303
22081
89200
80267
42896
46525
15254
84344
47570
33012
66894
26376
69504
50515
75609
45293
82658
69195
29878
89086
52499
55295
41163
814
79673
6399
55663
36681
76179
30713
97736
97048
24176
90148
3351
62985
13602
62847
8364
94371
950
18298
73357
2066
25767
93796
65487
37268
33558
49759
10020
37343
12189
36544
64978
87388
19694
96561
87532
45358
49409
58562
32666
91089
6082
57727
47801
41434
44350
43814
64372
56211
38934
21100
28069
23321
55888
49766
26170
51193
35681
25717
62000
62962
61815
20017
96036
36164
3245
56991
72750
89690
91105
68059
62784
31762
53352
71663
66489
153
3773
36441
63548
90722
15689
61922
64661
12883
44267
60130
6623
11434
97191
41202
58311
37952
11795
50002
75528
60274
83051
42887
3649
2182
98125
84617
12828
72008
37546
75524
87812
95769
3242
61493
63841
18545
42547
76943
18360
62805
13472
7110
58781
36607
1383
63811
64191
53863
23536
81441
37540
40028
51999
75536
44949
66523
291
40992
25330
25312
79700
18290
18345
91165
69355
72194
21947
13301
97612
41285
43504
8862
67834
42294
23784
83616
59090
78471
29517
43658
5933
79782
94269
41586
32283
30797
55159
28510
32565
48975
89189
58786
95062
91449
26191
62405
61685
74727
8717
49737
60721
53559
97485
68374
5764
27271
32101
93960
35911
17814
77523
52047
5553
91676
41215
73846
77356
61198
88401
19244
99261
91500
10637
22978
86394
89706
542
72306
12720
65447
29344
89465
60689
51559
2786
69163
52467
58605
7802
14148
62454
8357
53490
97807
28392
246
91111
83181
3833
99381
48226
41001
93324
91147
2045
12552
7818
50741
58612
36571
90500
68224
93631
93315
88007
9189
79807
19777
64270
50468
80327
59387
4470
83001
29789
75616
91947
22379
61343
99085
30621
6245
81653
83766
61882
79802
44619
38571
60489
85761
98417
4726
53932
61010
99746
19686
96364
62261
8217
36475
80402
46237
91003
12524
82313
28332
39254
16237
64825
29345
29899
86444
40520
23846
53242
93349
3748
62862
74012
29750
59342
29488
9416
60837
80520
48527
18562
77404
18436
51820
86800
25771
77202
39880
91667
54088
97117
4796
98361
92901
22653
111
92311
59407
16570
81684
19521
78000
64227
64678
55146
88671
60252
55077
20160
15530
5348
79182
17276
48528
19487
95088
37763
51248
29606
2430
68770
94922
38588
67384
24613
60765
90708
89500
47305
43861
96811
43553
44990
25075
96195
4108
26756
6249
7585
45045
16669
91016
54793
54130
46069
72498
92696
11025
21953
34500
35374
57471
88931
51122
58735
4020
57155
22951
24773
15783
83928
46540
33142
1367
10093
46986
96830
97343
47200
24219
74823
71183
73089
72724
55352
69189
31876
89721
61622
2504
62911
72648
7960
64598
55450
83680
77696
11432
62012
16002
57166
33444
34055
60370
13200
52144
24976
14544
86300
49966
71646
15972
16073
49034
87865
13497
72062
51701
39988
68013
34302
83077
45566
93095
67113
55575
43721
44962
7588
95298
36769
99474
85866
49264
61633
12783
78207
97700
95521
47694
47731
10307
98644
42807
39304
8473
61858
42627
43037
76995
38228
4018
86798
65774
25467
97697
33057
4208
39289
71986
8489
21406
7722
60023
34353
1295
72184
27972
14029
60740
35780
76629
42156
46759
2853
22588
49507
36886
72325
361
8379
43896
9233
93187
3323
9225
77267
68685
58538
24152
30172
84538
99701
38711
4297
26860
78961
68314
45119
19541
4635
15340
74490
98263
12257
99495
17617
22306
63480
7201
65923
93728
46917
3408
83431
37731
23713
78282
1035
62406
56286
26050
49299
29495
49212
17483
23023
73497
57604
75043
52298
79649
78804
32016
92269
74665
15330
65147
19146
15557
41166
31838
30908
79202
85585
34900
19302
83098
3878
89040
27320
36110
747
20488
79542
50981
51268
16352
68643
97495
87960
39017
76860
2902
22701
28778
24695
74206
94703
77140
3565
32923
53844
63734
45491
16570
7813
92702
87862
11091
74191
25230
53027
79811
11332
35531
62742
80288
20666
34332
61316
76059
30424
43336
9168
67233
41038
35626
78430
26993
43790
6168
41865
94618
89775
89830
52896
49091
87777
11413
41656
56321
78353
19281
15837
62555
97604
26548
85548
79450
12788
82593
64124
31791
47969
85411
16378
93477
86622
21523
39884
47694
89145
19846
32216
39546
84617
77136
18631
4296
68544
1070
87590
53008
95966
12739
98582
4863
56781
83598
60160
983
79449
63446
30956
52801
18143
95116
54317
93143
86263
7365
73444
14312
50380
36801
25178
31896
41553
81757
13822
7765
17058
35785
49244
7854
98774
95818
64416
95213
83798
42918
60577
90131
10289
27776
8828
65815
58817
16211
92744
52694
32182
14993
6805
80257
75099
94422
1700
81781
19276
83660
43534
37684
90890
73962
4401
90186
42837
92449
97575
79746
89153
68493
62769
35850
21608
88608
80813
26327
12631
29932
55099
47677
87813
25243
32461
20990
45265
99482
67973
67433
89598
99011
26171
93334
8979
72236
50456
53260
64968
23
66440
39844
35646
85472
53452
82346
40968
31114
63602
92396
22887
74535
80177
36583
68786
53275
55904
39523
21785
25200
52917
55919
57219
46362
87626
1473
77329
85477
35699
85281
91028
88846
85750
44425
99315
69158
32458
39167
79890
84815
10619
77415
16470
89119
70952
76488
58483
64795
29080
71221
82595
16025
99855
43081
76928
87456
48646
59023
27095
14281
35245
32336
35457
58979
6054
30100
25177
63224
79537
37001
90581
53147
85230
76509
84882
94313
56479
62232
12828
49854
44984
79875
6179
13590
36709
37265
5145
44972
47933
2444
87736
74758
82620
27607
3529
78615
42810
4419
22481
82917
27702
17898
89148
1627
77003
53518
77375
56893
89562
98713
93655
5346
71530
7662
94219
67169
42989
95804
65275
21002
9545
96949
36368
30468
90622
58240
76161
63642
81063
48675
15790
61142
70798
15438
20697
36707
77710
7008
81424
39555
19502
11308
80616
61242
67741
29885
22380
61847
19853
71460
19995
16812
74452
60634
25579
578
19425
21636
16670
96822
33304
59470
21350
75023
56483
15254
92509
78169
57981
62862
56468
75962
54365
35372
56967
83839
4404
61564
44564
44684
21407
30095
3193
41214
41919
53298
50791
68819
48687
43437
14395
78384
66062
7189
52939
17888
74919
76704
30491
20559
1267
99327
61419
69840
96174
56611
83456
89055
69377
5376
54682
80074
69099
84851
53417
93412
68459
5407
23517
39675
61424
80191
20183
29085
58016
36051
49502
99383
91903
64481
49031
51123
79859
1751
47415
4232
53755
79656
46518
11336
63381
58757
2779
81809
52316
74069
38658
30679
34710
19906
21008
95221
16434
60621
56642
87261
52337
52864
75976
91494
43121
19249
38051
80476
19162
29296
7771
6769
53668
47961
17146
44004
2622
72325
62425
32321
83810
90132
35667
74662
87699
32138
65632
37591
93403
93773
72888
57203
94450
40127
46117
780
11842
83983
66467
55882
56519
46221
13431
63476
57277
53710
53282
85008
84220
84388
13848
28193
96845
86742
39332
76324
6667
85473
67431
72563
63541
43431
19276
14799
29664
95881
15926
95549
48011
66861
75455
60196
94512
41659
40446
43630
17533
84588
22527
83047
89504
43137
27085
15023
43661
24594
80654
11372
38196
53099
82844
45621
81339
57576
72071
50324
21053
81196
95111
24392
41084
69928
39015
12140
33387
44599
46047
1074
51348
59741
41506
26485
16253
85123
86455
78193
77339
72200
51202
83591
68902
24014
864
68087
12628
60680
31336
23187
53367
96128
92685
40553
26695
12415
27106
50323
46634
8456
84486
93289
23736
42252
56836
36736
70233
86851
51039
82338
61643
53020
71979
51074
42979
83832
11195
15597
47896
37105
36874
19881
89969
84901
42519
82358
44207
16446
49148
7578
82179
77252
3530
13820
27689
12038
9557
28423
5964
10360
2011
48969
97492
91333
48033
21142
86150
71214
36354
92522
52891
5013
99791
95076
38936
57609
48147
3674
71637
65322
20254
13065
95824
19812
15095
20936
83557
26091
54389
23068
18364
78269
29919
8004
19833
98689
54212
26031
41075
19483
57521
71486
76584
20180
8065
22949
22772
67536
86219
85199
71095
55646
56410
67057
76510
3670
42129
47698
65950
66623
75300
48149
49158
1166
28656
94217
27563
10047
5967
16907
84855
20219
40155
60590
44444
25203
44582
58259
73989
91896
66241
76228
65628
5633
69784
549
4986
19778
4088
85943
9026
68275
7307
99601
96862
22949
44497
15121
4384
43637
28720
33254
17129
17345
82631
93493
48720
61461
12680
39303
69551
97136
26378
70212
17748
59190
19996
52968
42900
39556
46453
7978
82574
78204
21651
30683
87961
35828
94548
65885
14189
95259
46588
26949
33590
26527
98563
79361
28403
64258
60363
70940
68695
25729
20538
82140
20844
63837
24934
99998
81127
70037
97777
929
3036
27991
50131
32658
32301
91865
89893
66571
73179
21193
19113
689
81867
35745
18075
39890
58686
15040
15758
82577
77251
39854
43208
5722
50586
28601
7320
24831
54530
28320
66442
8969
60696
53229
31678
5185
2080
94584
9503
34722
83165
41298
42519
19916
70926
80204
25729
2062
93557
92811
74109
78759
91167
84341
88543
12367
41616
86513
84715
22028
11274
63577
39225
72518
99410
63638
57456
57483
4163
71138
61094
60762
56038
67454
96586
90470
84483
11469
61334
29961
43479
63454
50427
49761
56315
98569
20075
897
62915
95048
99450
33914
98755
64594
45232
14196
33859
86409
21796
52783
35319
96491
84752
52332
1681
49094
275
35433
88683
64894
14518
69924
72013
63088
13518
22944
85283
71005
38539
83965
47248
84603
61936
5547
88178
22241
84843
33201
20037
2137
25791
44215
75709
68139
94968
67741
96388
21777
95299
37631
97195
88381
53194
21695
99838
36848
91694
69264
73552
98225
85630
87603
24617
59321
50385
97789
7217
12401
34569
54819
54909
89228
97759
45286
22722
80580
77025
13923
70839
33627
35697
54262
74126
78852
65615
91435
55395
1365
80162
54777
99445
77218
66241
52493
26901
50076
69924
98350
74451
9890
19010
21099
96374
94591
48459
32455
50543
24847
73513
70972
43210
37835
7080
90185
67589
96967
82764
96482
45872
22845
62585
69075
87120
8259
26439
45359
56545
79829
46169
30322
52144
82235
49175
54260
31388
4347
4244
86095
6191
21049
96534
17203
76761
83150
7872
85109
3399
39450
66702
93025
20537
13171
56521
92502
34718
13433
20981
98350
50367
49693
32355
55317
67960
2717
68145
1016
80046
29448
11550
88882
54834
76506
46702
55751
94732
80475
28141
55811
60844
88842
34388
80945
74679
35973
15023
21519
1822
81508
50981
60769
36241
29777
57832
53988
19407
49588
21682
13338
71669
33319
91885
93999
50613
19487
55796
74617
85999
88604
34971
44865
84059
56885
93559
13857
14464
45333
99955
5940
66225
22483
63189
6954
40169
64389
84177
44798
9817
23515
36974
80800
38219
96264
79886
85014
55255
69534
64106
73849
99549
99131
19979
23239
81793
20035
89708
22836
63792
75955
1199
61178
89325
37485
16539
93734
60835
92027
16895
77394
40023
22668
55736
44096
59149
55389
12185
48394
49538
6627
58269
76474
53630
66582
75858
50177
15365
1607
78705
31821
53134
75914
74824
54604
24263
15902
80874
1523
49295
21263
65559
20029
71934
33595
31353
62585
6876
27771
32444
34827
40071
18929
81008
13634
75968
19774
86900
18057
77223
94304
54883
28549
75004
72848
1953
92703
12622
77518
40656
3724
29172
64245
32130
28426
79883
48824
2639
57356
31023
44911
77093
31929
57374
89336
11632
10359
84118
94903
76335
36377
75002
673
46277
43207
40022
41443
18376
26697
57344
25780
6329
74056
75830
74212
86237
67075
31965
86906
12886
25041
31218
42750
41258
33389
59571
51215
20075
73683
62306
89670
22672
40153
12762
91266
10883
97266
70959
94076
84416
7738
13921
49478
19244
10202
10506
46726
97159
73086
37292
74095
26262
40857
89237
72132
16457
9883
14076
22047
60189
48504
74247
11181
31448
79740
5111
61905
78341
61223
69189
52634
73303
26712
46709
21730
4474
56702
39571
19616
72133
40085
3627
93670
34851
63949
35328
66722
26473
31451
37961
99325
76016
89285
86187
57632
77175
95184
15095
87602
97189
48594
28611
2434
65688
83415
24132
73665
1044
50801
42423
99471
10439
3912
3427
28816
70727
96040
14316
61138
49786
51212
76034
3907
90311
61737
29703
73451
86182
16292
4402
93261
2142
394
26160
44528
65306
8479
44999
84245
12546
38272
81433
62089
37870
3617
36054
24914
636
69596
59207
35708
96184
82860
81631
99672
86636
9739
23365
96178
31604
39928
34962
23992
65304
64813
90117
17801
54026
57145
70483
7820
62067
72349
59012
70656
61680
87679
17394
60837
72793
94554
63087
1868
15956
80221
4325
72115
56924
44875
13310
96907
65017
19885
41603
82082
30463
10387
85923
56139
63876
58097
68414
23290
60898
71580
95451
25982
1819
39865
82329
50326
88167
13470
8454
98688
76181
46485
67002
5313
27088
19344
49033
81058
96210
77444
85134
84476
78226
28095
39544
9621
46542
32968
37295
15795
11521
51934
75679
94001
12985
32487
63995
43585
9669
32375
61713
56412
63860
88089
41751
55035
1752
44102
99326
60431
50992
98221
48542
49650
68368
67831
63469
48050
82198
44569
82820
9585
3299
84132
17395
23244
81886
54673
69330
47878
77357
2819
49166
7485
85067
3894
7444
1734
62684
40700
1235
48251
69338
85080
45378
41984
15854
46606
17603
39765
8741
15758
20868
84211
34842
44298
76191
95454
96382
5660
80486
10647
57120
85189
63153
56190
96494
61626
60546
9677
93549
84600
25665
68472
81580
93733
36364
93856
59943
75727
74439
56091
58171
68608
59623
29739
11938
35146
89058
77444
50074
63741
96892
81399
86935
78171
16887
41626
96994
6879
11369
11514
10981
63775
80880
42921
87321
84821
90316
3923
58570
59973
11986
77365
14763
68116
53915
46828
29413
79286
6689
96361
18134
47652
34777
17649
57996
84806
59397
64359
6975
96925
14300
43743
33591
41766
36548
25006
67195
11197
8228
21132
90047
58575
18514
6644
77478
85510
86024
71292
40361
84188
74375
34503
13332
57882
85575
20793
39649
92226
70482
48924
63554
37613
73100
53553
99815
43391
44241
17804
61064
82185
50453
59124
88519
95863
56597
11013
34931
7133
25076
15808
70335
2642
35515
93475
8023
54043
57511
53143
41531
42332
84065
574
95113
52899
83226
75848
74739
18386
6065
69927
3806
9613
80044
24440
71036
24579
57752
53506
84201
50641
97747
37497
93282
61063
306
44004
20013
14042
33450
83524
49438
55172
60590
74181
77855
34658
16881
29941
9391
21218
17874
65894
28467
4344
64857
28029
22910
98255
35118
89314
57824
91405
81831
19119
40942
15689
32873
36375
92639
97673
44502
10765
70798
44090
50815
9527
8359
50864
22709
93178
14971
84679
16708
15073
80776
73334
99343
27348
64906
50108
28960
33385
51777
45574
78355
17299
82940
48859
84498
38444
47443
60076
61027
34629
67995
25255
16194
45397
24602
97513
42449
58178
13528
83579
56663
85487
75750
6876
18096
77296
34042
58042
99600
10604
70754
99911
18058
32274
34680
54900
86542
11558
69458
72822
98319
85953
5671
25412
92162
20885
9368
58759
24448
51333
49411
53148
64455
98111
51991
68947
68246
55669
94325
11968
79193
3613
53262
86641
49344
63133
81463
39393
19139
85688
65779
8668
20393
56777
33530
88954
60652
73939
93596
99780
12224
22510
44607
78984
90224
87840
19111
78031
28965
39969
3632
58819
35028
33758
13663
37052
20370
30294
78941
95768
16681
73920
97193
5938
77579
25164
887
16388
71881
87356
20026
79938
86610
58938
98819
19860
58587
10834
11515
47473
84631
79211
63511
60600
28210
90771
62783
26170
66377
59413
48411
93701
1850
34877
82751
38197
95230
54241
95108
22643
46964
58038
98023
42267
25315
33081
56499
90124
41266
10950
622
42128
86251
25166
82462
30896
76147
24907
75823
38395
5350
61690
58719
12006
78675
59710
98745
80533
88986
12614
68447
3322
11837
87494
13027
1304
80294
73291
48289
54076
6632
57632
26612
32032
47602
51719
61308
50531
59041
48124
95828
65037
71608
54647
36031
17666
29778
73803
54290
73873
92756
5897
23354
81281
20657
87417
22435
79698
80365
36727
45951
20733
62739
23650
507
83993
68914
30919
50443
11481
15606
36893
39866
15531
81298
19455
60099
55155
50822
89430
85824
65994
27208
35210
55893
93581
57778
97325
58335
27205
21642
44219
3783
63626
65898
48605
8795
83292
36773
50937
32732
44689
73010
47826
6678
41934
94717
69348
40322
46014
71087
24799
64272
81199
52161
31541
84938
15731
5154
79496
52158
54079
75494
70281
39551
89762
2432
34799
80035
63611
58285
10109
5367
76976
28453
42257
51343
56745
3747
78129
74990
46505
12122
72839
91783
91113
89773
5759
502
39181
39406
15020
60608
49460
48037
88664
99656
12973
84075
7334
41581
15615
87509
1138
80520
84984
12216
67309
36382
31725
22842
66282
80376
44122
39436
7569
13320
98580
21633
11470
87171
93755
42897
63337
38332
7860
75065
72837
22962
17788
51592
20455
34413
70057
33890
80789
76450
63581
98897
77689
1883
5996
77811
10826
23030
44220
40097
76924
76274
10206
99581
78654
98321
42107
19769
7753
13517
58227
71949
24247
37529
9820
21077
35755
84162
31277
15294
35806
13676
57624
37249
20223
22821
80888
78284
97427
96304
5085
4658
55773
10749
38266
31355
10763
1694
16141
25644
18994
67740
86809
45
32849
60842
68721
30510
39939
59305
88653
72316
24156
93906
12658
88067
8750
78985
23601
76237
54450
52811
6000
84344
18113
18184
2694
46546
40530
32227
92903
41337
58220
80612
9433
36034
23219
38258
44034
43522
31124
14901
12715
83013
84707
83600
45497
27577
48636
28082
83415
23069
73493
47852
78081
98772
96681
16193
17992
61023
26036
48236
48001
62096
72956
74429
73033
74181
51473
36885
81323
3559
34579
95012
