65047
18127
46762
61604
88133
3061
23623
97541
54754
17494
97022
5584
57296
40314
88730
51477
6640
13520
57481
95323
61068
6513
37037
61913
72927
67879
8463
73552
42568
45455
88509
82401
39659
55273
63488
2913
76628
13920
24049
88010
93312
48525
65412
2629
81173
2739
45961
62022
48392
1182
27833
58062
55996
33967
33654
66667
29796
89169
62087
54114
12098
37524
20728
84303
91896
51478
97942
65889
58204
449
4738
63670
37434
27542
22713
48761
22
19139
77424
83518
563
40916
88014
37798
66284
68300
83371
27030
45372
26553
50050
5243
48170
37154
75618
90702
85440
16114
49891
80788
176
85386
49549
8711
85718
24106
81826
27975
788
23324
3141
80785
69512
37535
38345
95190
37497
15656
37982
2458
6195
19257
36132
83245
33430
75765
73976
86977
61216
73455
94074
59459
93233
41387
72345
88005
80570
51653
81171
32844
34524
63751
48554
14187
9773
74154
54772
59394
74846
29952
75667
66778
68120
97269
61614
95495
76390
21282
27398
28806
93412
47115
5661
65163
60612
52211
93349
51341
60381
49023
7131
8393
84312
65109
58083
69984
45039
22420
7245
4406
97467
20790
17959
81044
98248
68923
28313
24230
98046
29268
24988
95336
63387
95009
88661
34941
28596
66529
16859
35755
86974
38109
81846
63255
94005
40752
21507
83996
41461
38759
61434
5962
74809
22374
86454
17372
91759
81948
87441
79764
4851
78295
39747
34538
151
32776
73412
46531
64144
45580
37126
28996
23328
60568
57075
31587
14612
95146
46525
96640
26912
97230
401
60333
79246
87165
37927
27316
9791
90537
84756
75241
47658
8363
92889
30026
36116
68310
91101
18143
63078
22787
37665
73272
59191
82805
25115
59122
64979
43308
25617
88928
55992
66870
33654
26540
45299
86866
53491
5852
66849
53656
71750
65305
21075
8458
4199
43506
90197
41154
89730
32163
85677
67136
53651
4859
1845
90943
45304
68335
90067
47870
7815
9891
97527
33550
48938
59995
28173
95096
93037
98672
52244
32826
34985
48929
10622
60969
24299
89569
6682
76174
64584
2829
66369
77665
4188
71568
19544
43132
95549
12547
36887
80739
98120
14386
93645
5556
33018
2231
8208
32241
86537
59645
43636
60722
10876
1282
63415
27226
34332
86131
24170
66744
52378
99817
38576
56784
79714
39524
63665
4663
71073
45386
88212
38809
11393
30317
33148
77135
94211
73739
97887
84935
42696
6239
36957
54505
52552
22948
4158
29473
50746
89644
79543
6546
64435
64327
38406
55847
54168
49758
69862
29176
68670
74524
8143
51074
92480
38029
95513
54806
25887
63185
21311
63281
80194
46553
83815
35831
75233
30116
7998
12132
18708
69530
91764
58088
86130
48471
671
59299
52101
25304
31457
79875
51480
66532
99292
81196
23689
94835
38351
55304
65891
50860
26536
27721
21926
88740
9189
83807
28805
57167
67722
95740
26692
29804
34299
34524
27191
85497
98832
50231
25064
35999
46453
58732
74811
48222
30520
9964
28495
80445
44215
81186
34004
65896
60026
28600
6435
27616
84367
52984
14326
27669
11289
55596
78004
73924
19523
78263
87630
12112
88200
54905
78779
38954
53528
53559
22348
91442
66342
93226
10700
68048
87750
55402
99591
36210
83514
34481
66571
53549
98457
79297
74031
77386
32677
27677
49432
23455
53680
74010
80822
64000
18948
44184
49818
66821
61546
68668
51051
79307
24357
80920
89168
90589
74369
57585
90834
72429
85807
43901
28116
17961
53938
14659
81336
91499
42081
42017
15328
53396
71076
93959
44179
19226
99392
74011
54203
47407
26197
51672
43039
22633
20863
32961
25681
68875
87617
39280
46035
53615
65675
18591
46312
49591
91901
52808
95964
85543
43417
49088
56651
96841
71640
73018
76817
20569
11543
10386
54830
40923
9411
47103
32840
2125
75159
60889
68279
31953
63411
87779
7145
74765
74694
703
62411
1951
17606
69502
6695
26651
7666
46559
98383
15431
98870
23337
70275
43254
33406
49599
65937
24687
10535
59932
40447
44532
59968
13056
15534
79524
28713
58146
95924
54450
71478
74202
360
57224
1296
40773
46041
55958
37876
26316
27180
19592
3508
58289
42252
95180
60365
96768
99631
8151
16942
78269
70349
59283
2483
41619
52652
12459
91722
52169
4545
64222
42208
99866
57741
45596
68177
75213
78507
39577
92401
44797
79040
92773
23332
74177
94632
92050
12536
84838
8574
52608
18199
19903
88482
8829
10095
42587
2075
29715
83422
51260
7189
31000
23317
82152
51523
92089
84509
21201
2747
4393
93766
9651
68413
95349
43754
87256
15856
95401
19904
6142
66588
75814
70566
24435
60503
91602
72011
46943
39948
15120
11274
43572
98989
52352
81441
9531
60478
47746
32999
91505
78208
43378
45168
50467
6864
26280
16408
14648
65299
21026
67476
64995
41065
79621
34599
16657
33657
55283
45973
61295
90115
99567
98
88095
9284
4500
4150
89697
77713
7573
83422
65802
966
18302
6791
37497
24868
88917
75243
79438
25095
11910
12241
79334
31145
655
98664
59675
57194
53058
47965
88365
64907
13115
90961
82245
56485
12906
1616
62471
24862
15509
8688
16998
43803
50843
39042
84363
6246
35167
8148
80357
65072
72480
58991
61417
87058
83013
29096
71389
2379
54314
34382
64381
74931
62102
25901
30211
22801
59831
60858
90648
16454
86051
90468
84954
20292
70980
93001
93516
99113
13328
79774
36815
79400
52061
4681
23775
27188
82679
24719
97077
50266
82951
51442
82782
7826
94903
81147
87570
89488
36557
50819
59204
50228
25254
80520
20488
79219
59539
16212
12393
91161
82480
19029
62201
7
3306
30972
80511
88434
61295
36402
78919
86155
22289
26292
68121
70932
52413
43604
21164
90429
23307
42147
24950
70986
4237
63238
1964
13341
13652
45630
86899
4348
55150
45725
46536
84137
71459
66555
14781
31553
8738
59834
72191
70481
50471
80891
15582
58693
77849
90981
68297
86685
13530
14647
1807
52625
6000
72302
35083
90581
91527
43139
14183
51861
66102
26364
96247
80381
17827
16282
76908
92992
20429
51565
90933
60368
9582
40379
77922
55834
49952
1464
13322
67403
47177
72700
92163
29043
48398
68958
1899
8181
74820
75542
60630
83105
13717
49792
1167
93147
18834
76032
65348
54013
8599
7389
47252
57653
25886
39393
79762
57999
45733
43527
20350
2788
74896
29330
3681
91202
16681
49553
35933
13648
41546
51247
3124
82863
96283
65234
34104
80264
85327
3098
92219
68168
62666
99797
1395
67319
82133
61126
98152
81378
22407
77270
2280
80285
48584
23264
74705
4914
5364
52256
35816
298
36375
75152
94211
70391
20801
13602
89060
42457
33759
64228
21154
74635
56392
63512
72656
81621
32456
84354
28655
86561
19127
60477
55257
73820
87094
99352
96131
37304
3448
75947
28782
30068
6323
37228
91976
67801
79326
42471
99704
3630
43945
69758
50906
57809
6177
27589
44493
6280
18776
76869
67360
27352
26021
3194
92746
66727
24217
44937
92455
57142
13294
79849
86884
38950
24782
48130
87061
38816
47573
27979
71747
49338
3428
36341
21075
28650
68941
72246
78463
47405
24323
63962
81554
769
87394
7742
69753
15484
83617
85755
32
48080
82532
67999
93383
37553
5746
96823
89031
62033
41203
98162
70552
76931
61039
83246
77489
73567
83764
12833
3938
35712
69695
17168
47776
26447
38045
30982
18680
3037
79514
49215
44650
41820
21923
98913
84531
96778
94112
55506
70153
80214
10527
73350
18358
65192
23193
35631
81667
53512
92234
43323
28601
3059
53042
48873
28017
31636
66933
49704
56433
55068
4691
73715
95737
90969
26602
47964
45029
59125
69321
20545
8235
96903
5082
2765
79827
35110
53252
12245
25836
3637
41066
48643
24528
97661
46374
51855
46805
60731
53724
95204
14142
82467
59188
68614
99967
10594
21125
70079
40725
68100
63587
12340
32973
23186
58000
76326
91291
24919
49975
34473
67929
78025
92740
38399
60222
30884
84695
46611
20252
77067
56054
82099
19310
99962
26298
12798
20748
41089
78619
75997
69239
75312
91410
87417
76324
51085
55407
31774
76268
42077
26263
43248
45686
55410
51737
34062
18270
62157
9819
93339
35592
14238
20992
76781
20901
98481
70517
37309
49778
83202
60259
13056
27013
23172
75856
37914
34848
49470
94893
15442
8254
14398
72292
84521
47246
54694
20465
14089
23333
8197
11940
87531
74410
25572
53671
91262
82512
1262
92993
61743
32382
946
85593
78044
46177
97219
6345
52926
86360
86194
33097
93119
35936
63034
84534
11681
29638
23739
34383
35854
50251
73869
41581
89791
95733
41560
70888
34959
21213
61008
62458
30908
65354
45129
53681
42154
60748
74149
23545
28986
62192
806
96517
91833
30435
8672
42940
31099
43468
63095
37946
1037
12852
88949
46577
36205
81228
35838
1147
12322
53283
48578
35354
86215
77306
32893
290
62592
68832
22293
52144
6495
68027
33044
5795
7424
67314
33979
53335
99861
15584
30283
65872
44811
28007
29213
51158
23502
64105
922
19006
96177
89898
56402
27514
81708
8312
94778
74908
77726
22256
91015
40334
57629
3329
18650
7247
45164
85543
87222
24770
37721
87267
43130
21921
15421
3215
13095
51439
20908
73849
12764
29532
87553
36871
43724
61771
59668
40912
61292
63186
45602
3983
81638
7289
40456
69923
70335
91454
32335
88192
74183
39094
7298
36240
33277
47120
2159
45384
80046
11774
70322
38036
58683
52616
88633
59245
59565
31999
26754
42576
78892
92227
75594
21463
22616
46422
46510
8527
32151
32748
24767
32583
78962
42483
13174
65604
24004
8104
8245
62612
63751
38719
98813
3189
89533
61006
10290
17949
8913
97493
58202
91486
37867
58908
91308
91613
23112
36501
72396
38652
32132
94826
83624
12362
80041
79348
70303
40084
55412
66153
68042
62057
6365
14204
11225
79979
20243
13384
11494
54672
4432
45202
11334
12517
80240
180
92493
31170
86501
87444
57284
47081
24160
58814
84314
91273
52954
41414
26988
85106
38543
44904
22809
98733
11504
86582
98640
66404
13246
63183
77389
5824
32526
67297
23439
42062
42342
38972
6178
6496
28387
24008
19437
56149
56302
22352
40629
55168
80264
61334
68882
12520
43901
81557
53813
97050
73007
76395
79448
27661
55098
42867
78499
30866
2370
53211
72465
17075
11800
11642
37248
6501
48761
62300
14489
16966
7078
39713
69427
89098
98932
5119
47824
41823
89626
87439
87974
59345
45899
6558
84708
65783
40872
87332
88171
82466
67575
6524
72649
7645
13328
72200
64607
89581
96897
4489
56624
72457
17430
86234
10054
54518
64329
44729
82423
55061
60739
83686
11544
81540
21037
91135
43177
3890
16707
69333
63066
5146
81658
30402
20743
24408
50167
34423
19772
32185
23215
41501
37896
33418
45537
5371
976
53134
4085
69278
57387
73899
89857
82052
47632
16871
72078
26156
50043
50065
64255
42377
17246
29961
49219
93198
25016
13585
88649
94757
41463
83476
87438
53599
53102
24887
31262
98905
45081
13272
52397
65162
49340
85591
9520
80107
4017
28404
6440
74406
28972
89348
82322
23773
8208
56392
24894
47815
16168
43521
48004
39711
29936
91945
42428
62463
50406
69221
38853
52583
9539
22003
54129
20920
7492
92685
28430
34478
27957
84001
68925
29757
79804
5921
3357
78515
10049
26899
55345
2363
27246
36854
24755
31134
4101
93100
1284
38700
30311
36792
37396
72059
14746
13750
22321
58039
98276
45426
20675
93747
91407
46769
824
32040
74514
35964
20362
34790
92952
39597
44165
83755
91333
21285
33769
57406
22181
24155
20206
99564
59477
62064
9619
26156
37212
89300
60951
19439
83403
75228
34094
68734
12546
78407
26246
11692
14100
20984
42968
65017
25028
85278
71099
41790
94947
32739
54935
97047
1069
52596
15908
48611
33699
47839
89735
67538
23066
5765
73048
13458
546
67255
63044
75187
98024
57267
12302
46373
78870
94997
33903
78967
3998
59576
43473
17394
401
57761
52734
48797
16644
67151
54415
36170
79690
34144
80803
31335
11801
36633
7916
87624
89948
93361
14298
37970
68755
17133
98437
34367
45253
93781
39884
24619
83853
732
52468
35456
10075
43555
17138
14794
34576
53780
32544
68615
18264
96435
28235
7025
86036
59904
53452
20019
11065
75176
15672
18896
82894
59199
54605
37133
6880
65611
891
52799
37821
91096
32243
60694
71543
46482
39202
86422
24048
51937
95880
31547
19131
86399
505
81569
81341
62707
24478
46969
22742
17288
9991
46789
79804
21855
74259
86558
71858
9681
51892
44097
58122
23832
93113
74535
88195
78399
70158
72603
95030
54752
42173
51769
54929
20590
79056
95003
66106
95902
78542
3281
8048
17274
68787
37327
33136
5151
22035
27251
42148
27412
36422
53673
15528
57178
54051
52366
46315
31730
17987
32926
30029
55345
42796
99868
316
7246
46923
21883
80925
60538
72093
75817
25529
22228
18310
33874
14714
9579
63774
79175
98118
36431
56981
32606
17749
11237
61903
33205
14879
76280
99453
73699
76794
77063
39152
59651
4051
86938
64458
81681
72459
57437
50218
34935
81950
64457
19144
5722
80409
71986
47366
39852
32825
4216
19667
21421
78459
63360
52205
38256
49841
37262
83231
46804
70389
34363
80061
24537
27604
11494
30883
6170
23456
90031
73792
71228
64894
68843
28211
3982
53360
75528
36894
70622
99662
8596
93349
46685
68575
15480
72503
47490
33646
84207
39590
98194
36905
48007
3021
78697
64111
49427
49295
12161
55227
49872
20283
89564
83495
41526
12129
94975
84691
76004
13112
88658
80105
46722
74705
71514
63995
13017
26580
76899
86051
41627
64901
89096
96600
43729
83223
9037
6843
21896
67649
92546
29421
86693
28014
56575
74255
58700
15598
89150
43680
88332
22090
95197
31885
76909
12167
77629
35643
84127
54991
480
76830
81362
51513
35246
39172
23997
2123
46453
84590
7335
72366
28911
29427
92913
11367
88688
12205
721
12398
48569
72159
3329
95595
46208
26683
65197
30018
77344
72653
39619
58118
20927
27534
69471
53331
55341
21276
66253
33530
16909
67282
90194
71223
62664
16143
52456
81373
83101
70620
28302
71921
61438
15084
6342
35202
15708
61778
93814
73037
13595
18315
93950
87498
9681
59434
3025
71935
4684
20856
4153
71958
10541
49664
34245
77239
32997
68356
1036
65689
80572
36490
20773
33706
5700
19147
24026
17966
10239
72214
38657
12092
84825
20380
80919
35366
57753
54821
13360
40765
38206
1279
91058
91045
49323
46334
36950
3252
82094
68612
23039
72791
16153
29675
3055
2123
31631
53806
35475
72568
50588
95305
7862
8376
36497
43314
17728
1981
3775
29802
76555
9009
62239
94573
87526
7018
59166
31698
32716
65144
89225
56979
919
62065
17331
45476
94689
18127
83217
57498
34141
27167
99900
34691
45361
4238
41684
31085
74626
89800
55099
57486
51605
5013
36788
57735
69394
54785
49852
76269
85219
30818
21474
88165
89327
61955
85384
61446
18727
79746
74850
20507
74931
35937
47739
79394
80715
17709
73781
89018
94910
89297
82121
87733
31894
41264
76124
65904
31239
17638
15498
67560
21121
29182
13128
68137
5560
33227
16914
27045
3341
90380
5430
89095
54919
50555
21942
26006
95317
76115
50986
28536
24539
23034
25196
95606
81112
36280
92012
61987
25133
57496
72074
81523
57129
23036
31889
94619
31258
68862
61327
77814
80671
6143
55103
87895
67201
87294
10994
95399
93362
45336
53056
21780
15883
78098
46249
28674
39478
51152
43445
30673
19499
86405
99804
51648
20104
21504
92842
48830
98271
20945
14877
76375
97283
26240
61195
53818
71593
47584
23258
27951
96207
94298
20678
45111
89539
88914
7068
32237
27604
72835
33372
81529
17623
30027
85796
15589
73350
91569
36393
90976
71804
46337
92825
74642
37093
20290
4168
42233
78457
48669
6829
7819
45371
25220
49197
84111
47079
98525
38390
36085
93969
93236
69711
61691
43869
57686
39658
77511
10785
78908
16341
6710
3687
43898
87991
38758
85331
44638
31127
93216
86665
62182
60106
62320
5246
1624
10428
92912
20085
68469
17890
54975
44111
91321
1847
92817
83856
88847
56809
89816
67158
23607
97032
83906
54422
78514
62163
97096
97041
10516
28963
89184
27522
74342
88663
63802
15011
67902
10425
38263
70517
20557
77099
79389
17697
59889
41785
20072
8209
59650
7470
16068
48717
45362
12520
39312
90331
65941
33982
32057
75418
54338
58411
59830
49444
18427
18845
46303
87248
45769
43925
38714
25032
3403
57871
73866
53494
6996
63510
42173
1867
25166
46986
94246
95888
57962
75981
40015
90698
18218
66151
34569
60958
87029
10089
75747
72055
56554
60039
77554
78466
8552
68762
75852
30059
89846
17911
72365
39034
69945
79260
57403
87680
82596
31413
3283
47317
14693
46732
23260
71493
67506
529
92408
34394
75077
14983
20896
15830
84029
46320
60700
72334
10154
32316
6300
65199
24723
30270
52403
17559
13812
78686
41579
12987
42936
73424
95715
36850
23536
70293
59632
27879
44659
46025
59688
48086
95328
88508
48440
33414
13627
59555
1653
65416
68162
6233
85828
25144
72319
50895
14203
59143
11319
92855
21837
6795
63269
54742
66247
14059
29584
60972
40467
4758
60969
24612
7967
92819
41460
47334
74797
26143
49531
40730
67498
31122
86608
3412
49322
42825
25060
85664
26865
26513
63755
4805
6114
92470
25195
27677
60914
19006
52055
52422
85939
52691
65377
49878
25511
25725
24556
15057
91276
45095
51636
21481
72170
56152
81349
49579
19265
84761
33214
79258
58030
45799
32246
48919
18734
16809
12003
88312
28593
81074
38283
50795
29311
13078
50963
60646
55418
16158
22396
60707
7877
23127
94767
78888
53779
42616
36577
13824
1625
64926
61624
98253
27591
96279
7476
6307
49399
19833
88824
96522
55664
36778
7470
20457
20715
86604
34426
5571
48302
65670
31125
43965
20778
66748
94425
36831
27581
94092
12409
11898
80735
2550
59601
58299
80172
85191
23484
51652
46778
98686
61284
94880
81002
61039
72894
40598
652
54424
86409
1424
83918
76091
87667
10472
35932
90127
33641
75510
72129
42660
86791
45872
80976
73942
58467
79654
44198
74947
49896
43360
49374
83131
34251
38896
63613
43532
74680
43081
32552
99285
21518
28367
35842
76427
84873
54210
34216
95347
56508
65728
63588
70000
18214
51043
32607
84822
34083
37800
58754
82330
27181
43971
13841
61983
77809
67579
35384
46627
64955
92839
11486
90653
90399
81222
17986
18435
60558
64586
18755
60305
81057
35405
60168
45812
15217
99845
14445
4568
29193
1750
96129
22308
92056
7473
92612
6407
94677
63439
61910
6459
56196
5777
34017
42947
66191
37917
45950
78302
84445
17339
91838
28228
20145
34071
84503
74751
87887
42502
3370
21941
7858
99171
35254
84762
15134
28904
7004
43125
47399
57894
64967
49005
28278
68300
17799
35256
86436
69731
67389
10115
36488
71849
67503
68414
59030
45845
22670
25695
41936
19219
31284
72339
69814
9838
8002
22554
19409
89145
34141
70672
80258
51222
50799
7433
82290
71471
67684
20719
20260
21545
69250
70560
85544
18566
60163
28767
83475
89
13493
35077
91974
57061
72551
24722
57737
76496
20905
88058
45959
76269
99058
34915
74413
62675
56879
73492
62359
92790
26125
3006
80090
4870
78575
24736
84374
56425
27182
37405
16201
59168
66146
6514
60244
22591
60603
72356
95583
2765
90884
70089
808
82193
57284
18104
89918
80592
1284
80360
47060
45077
12323
85177
41598
64143
11771
94129
29285
93069
26777
25600
29607
40759
79747
82808
98578
79299
63527
88833
18052
88798
61738
39759
93380
14953
74163
43822
21746
26637
83340
64057
10818
71287
17806
28408
25330
7926
35712
93679
17911
51936
5374
76391
25003
23339
19590
9658
21108
89953
71273
58659
13768
38939
8207
15703
86438
15697
30364
15587
67880
56393
70509
19853
63121
36878
72912
64075
44248
56469
89042
40147
79264
2887
60352
47045
22522
18058
72423
85077
55853
10776
79564
80524
88622
70443
43520
82160
97367
75889
74310
57562
69904
14579
49050
8915
33657
4677
63853
83114
58320
33038
6563
50673
68486
65376
37627
86628
12542
57439
10178
4823
69722
27431
47903
60780
33194
90280
334
19268
52462
15180
58070
29031
98702
35086
32996
92274
5808
29642
11179
92696
10598
17328
10695
45585
32028
43380
80493
45161
72579
61206
33618
97016
9099
66841
22132
80739
91459
69918
44155
54230
52455
19205
80360
9430
46556
6180
75802
23128
92554
51509
61824
9108
3776
37250
40800
72195
45074
75533
88014
85767
86759
95469
38373
20566
24443
22211
45005
61097
16716
28144
17019
96420
76563
205
56559
70556
10683
83603
3319
68442
39365
34801
26239
99459
82465
81361
67808
32229
51430
21855
31907
62765
93344
30941
29483
95785
84776
15934
64565
45701
36729
65833
81266
89562
46787
9841
78119
49286
32975
13373
14093
88536
43301
18457
16585
49177
28189
52087
61292
13236
29051
71603
44687
2290
44500
96439
87206
60236
38080
95639
18491
65823
46725
32601
79608
69014
44460
54359
57488
48823
61365
99688
15495
22337
37179
96558
97405
1022
56115
27072
48227
64332
31520
3569
39838
14451
394
75972
33080
40443
57356
62578
28600
71067
21183
26531
78090
91706
84688
83887
68824
96578
68453
51494
1171
11589
80614
31372
41515
21301
45071
24654
78212
91770
74120
44627
54187
28834
26938
77443
95726
51657
7512
80498
15669
97414
87921
34907
19961
30919
32498
86416
23623
29737
57287
85300
22434
9999
45377
73859
13111
50861
53614
77905
54930
21191
90862
1169
68998
83857
9870
16264
93109
32078
43171
54127
15669
2132
28701
64071
3392
87807
13186
18333
24836
69817
57261
72041
80682
15076
92082
55984
58488
21220
31272
10565
5239
30720
73272
43322
35779
27278
23662
42383
82400
92002
4001
93648
28966
15608
1069
44555
60182
73020
27710
80109
46386
56962
2724
85487
83151
59164
88871
16280
41076
20648
30772
40112
5895
98763
71310
87225
49934
28387
68152
83666
83826
89755
15140
21098
92242
50476
45419
3536
68889
4018
60393
25824
41178
37726
44023
63535
13277
66677
11048
2769
85272
36576
3098
16863
61900
40587
55226
80601
54532
69339
32175
88288
20927
10475
21728
16818
97339
69072
31450
18191
58801
49030
21363
2225
83087
732
32299
29571
79413
7607
78889
4872
65987
19921
60867
31541
38696
64293
70499
17661
21046
284
7856
40523
30817
71713
7953
80871
95700
99102
82423
14403
97006
57189
43127
71265
66049
68021
94288
75378
54177
80544
13319
11417
17574
68147
13450
38093
11296
64909
13753
85407
6913
25383
82226
73103
93746
23349
5418
76127
52174
25308
8321
34146
61483
42583
65413
75628
83928
6973
68595
83611
76008
97851
17754
94437
40176
12429
77971
22725
89899
99416
88999
1667
53182
58095
96290
8611
95882
64621
8791
31238
50091
16707
8914
44848
81872
22414
40184
88734
47922
69204
87894
59032
83627
56937
58066
53113
91600
80686
44836
84056
68670
25119
42536
107
3612
36311
50522
93963
95435
79512
55027
95280
88377
42903
64263
10768
85126
63068
7236
15340
40259
46109
62114
62457
30948
98784
35485
40252
48428
57070
88559
653
66450
34931
68481
84721
95780
73941
66630
52392
8924
41260
60185
17033
79739
34166
58493
99072
95034
4154
98383
76257
75662
35268
21032
96262
40575
73355
42818
39642
71694
81182
74957
19073
77164
30248
62817
78046
33316
55319
27963
90972
99653
41971
72274
89563
63058
80723
77164
49799
57513
88724
81818
45783
89373
65532
52359
13949
74337
11545
86636
80159
38270
8368
13399
89519
65078
52820
14672
98093
53465
60033
16739
58245
29525
89676
8579
14095
7725
32400
56039
17029
15870
63417
28679
27295
37892
64281
12534
11346
40032
15525
64519
41429
31649
14939
11406
7859
11987
84214
66221
38118
24734
63270
49902
334
58368
31357
7756
28075
3175
76864
73015
84558
36995
23263
61539
83313
39939
42443
49199
82623
53674
5637
68650
51694
39060
45970
66620
87767
70474
31551
44035
70684
96359
67592
65559
22208
69793
57900
85373
59393
6235
4274
27555
48005
73558
7327
17718
34721
80941
79356
18691
99312
54779
80148
17332
39656
16533
4106
67346
6515
53745
71100
14532
2657
24943
14336
18145
90303
44648
39542
24144
24947
81594
97522
36000
51961
62347
10550
94558
27031
19892
66088
92916
15936
25646
92070
56307
73664
20241
27236
28879
224
30977
16757
83702
18648
71892
23562
69688
63133
6777
96561
12610
47716
61431
49939
27952
24431
85342
83396
47691
74782
57576
34350
5417
42726
23893
26480
56282
10935
77752
56755
44084
89124
30883
71594
18501
69935
78462
28148
79735
85962
27364
71914
53804
25753
5257
62773
99767
85804
94718
16655
50993
8625
53974
90217
75883
83986
2210
55586
12256
33502
76240
77790
92726
22287
19138
30274
28405
77829
69498
44212
37349
4400
76826
76556
7630
49830
59044
95479
73043
88087
56965
35785
75339
25584
8061
55959
45776
18860
15987
66628
63608
93564
93515
42286
87125
33117
75197
55707
92682
25091
52229
98829
10449
83499
45880
74933
33716
97200
71241
3615
72338
63926
75102
90733
16926
19082
45533
69611
74250
66061
93957
34066
41856
2398
41071
20248
63396
81178
52328
13678
73119
13298
96959
76164
98977
24472
45215
82818
78954
45026
28565
82435
31716
43358
44356
44772
66606
64149
47108
86381
73513
28490
85187
85476
93918
76666
24509
76512
44980
89085
95446
92057
61460
6832
80980
7630
42380
69599
46688
34350
52532
48368
87756
73187
48290
39119
9516
48672
30129
20646
96912
20578
80120
35818
15456
65603
65195
71461
46632
94123
73353
40475
73199
69048
40557
72740
73326
77448
66464
33513
63781
58629
74332
75038
31422
82735
2568
8250
1394
67340
80902
20621
39876
95030
48167
60512
48366
52882
1605
13187
26273
11969
42272
51648
99344
32249
78584
17275
25541
75279
74433
47574
16354
35295
8967
49863
89518
88027
52892
13250
37113
27720
92033
24796
53263
31396
57882
71020
32872
94738
90714
66618
88121
58032
3698
71687
59473
28890
54096
76173
80039
43361
77717
87125
45452
26552
37073
9904
53885
42096
67078
95543
11325
51776
29758
34680
56301
98959
15593
17769
27402
99256
34770
93098
34330
55589
22602
28795
29514
89302
83534
2590
63800
1609
62939
32358
62450
99895
20354
75864
5714
79637
79042
82241
77895
3497
21444
4347
51048
78672
71830
58381
47990
64292
21679
10913
9267
68625
39091
35300
95478
19300
16601
18597
96478
52548
4824
37684
1635
55861
90636
41313
97177
82133
86139
64184
52466
19602
55451
94166
11217
4506
78488
23059
21854
61718
46761
8150
17224
64149
11723
77222
28378
73778
74595
39219
96556
85129
15399
40404
80219
71783
91253
96952
33020
95803
91155
17395
61485
25560
87673
97797
19221
42855
87550
17686
39599
60432
12935
66215
82023
39965
79288
33983
82087
32923
65665
85753
56718
4574
71981
73165
64597
12391
72146
69698
11640
29007
24873
34031
77498
84366
78412
33836
93503
36844
60291
90124
87706
29846
81690
9126
88850
71390
70366
9205
97930
43061
24916
5753
2799
48059
31037
55762
35145
88669
18704
35294
93073
1003
46131
32975
14879
18471
46112
72098
26556
54170
39609
84371
13058
79798
31304
86426
36910
73467
93501
23829
80803
18805
52799
54814
20945
99050
77689
84655
87630
68805
87493
86220
84657
22368
36216
18866
27780
18313
26090
16307
31136
46862
30943
97582
94659
56539
69205
86741
16265
81481
60351
21182
99547
84108
37655
98145
77055
90228
11539
7736
23162
89476
15719
14950
66366
55986
26459
64290
30521
47938
66697
22100
94771
27352
4052
51149
56616
15214
38099
41718
99485
4353
99923
41026
69925
42131
42641
65901
8859
63649
81521
83142
61796
61125
75186
52328
80789
46739
49363
76885
81935
39252
12892
40558
18789
32812
41620
20500
72120
49074
959
79242
20815
13578
38890
61011
26648
3720
7665
75769
50037
33307
76389
51401
28877
48755
83197
87558
74722
18019
20114
47204
44889
86417
68754
79940
29010
95859
71920
82933
62549
38976
18897
83280
2792
49219
19990
95116
76768
25084
90355
15475
41859
67625
65236
9307
39800
33626
2561
48724
38289
78783
87408
82137
87725
79748
62519
12310
65910
99674
5741
56557
84521
11718
22617
72932
21719
17950
85152
61935
62626
52786
76942
89290
12329
50719
1380
82961
50933
73635
9633
55539
48618
23995
91492
24687
66217
23996
38496
33353
55118
39570
77080
91776
63180
37280
22905
66223
64712
83741
30037
7664
498
5260
99227
99863
94875
23144
46948
99506
8424
53124
60797
81985
21781
93679
78015
40138
6690
73807
5070
4874
37332
22171
1048
31958
52534
62170
74762
64515
52998
11767
50473
12777
54965
43682
64662
74587
41159
66635
93854
69036
24019
33969
14602
83734
27976
84041
47876
63953
25801
8918
93528
56378
16348
96700
91854
84015
68375
87970
56989
24842
94950
61125
27309
38097
86914
19752
45342
59183
33195
9708
70981
57108
14792
83240
20591
99546
61357
46987
95054
12971
14985
77039
74597
2467
2903
90612
53272
18061
40744
30045
54389
23986
57183
10722
11384
70500
10868
5816
35511
50876
85742
9731
56021
26423
87039
88740
30718
74433
53064
98514
50812
45034
84919
89473
94781
11041
32334
84374
44864
74378
9364
81722
20340
14833
37570
77544
70070
93406
33762
78961
76492
74693
6097
75104
2621
40591
36616
76441
19009
14255
28999
21261
422
11706
42333
70394
7341
39449
664
56550
12619
29854
89249
70474
2577
78587
62459
90381
89333
22029
49338
52299
27576
824
67701
78374
52516
70463
54726
2619
45237
22198
8966
31208
78307
46690
28675
95905
67463
15099
285
72888
81320
56363
73084
99271
21422
21504
92605
90813
31549
94376
47935
57182
45191
43292
67611
26025
75374
92812
48689
12347
51274
49118
65460
50341
37877
233
56664
1596
78360
41472
40191
71672
93945
48954
56041
20714
17286
47549
98497
29887
15826
97877
76717
6880
29371
63510
69078
29740
16969
11640
71754
94983
74926
21172
74013
99614
92941
5417
63492
22516
6542
95486
9719
69155
4148
11267
19172
87721
26999
112
31980
20527
76586
25913
4120
67515
81093
38953
37912
50968
84968
37986
98951
2122
3667
99834
24793
60258
69419
98328
37023
71856
16219
51329
68304
80755
82364
30714
6659
22513
86662
39684
11625
33766
11949
87761
75926
9129
63510
3780
65173
11562
66227
46413
86974
3122
50967
40561
62497
43120
49521
68623
52737
31818
90481
62037
43950
70725
44752
68938
89505
63727
30794
61634
4990
37993
90063
57936
33029
63952
32659
81573
80524
4702
42887
4707
70855
73899
56203
36825
3916
72103
92349
23327
16177
55797
15879
89972
45101
20058
75083
91945
11296
85610
29133
16558
63752
11835
32321
57527
80444
59604
75665
21449
12264
55364
72743
56817
70968
7814
48506
79395
12037
98176
76389
25082
93964
39408
64555
1124
38115
89745
48529
2457
65628
92794
77875
64958
36518
51849
73266
3402
23406
22627
89338
27309
50251
73125
36421
38419
66270
43116
18889
27556
20870
39118
15829
46526
91564
26837
91242
82770
84863
28342
41886
44729
69597
65755
62747
61297
94178
68250
37207
10063
97931
78295
5293
97211
17263
18277
42721
74466
68696
75496
72194
22980
57134
14398
44145
55933
24036
29414
70004
70721
59811
2857
15193
15603
90213
16182
59884
40287
13172
11215
94467
69366
15268
17718
95601
9586
36597
43985
41786
58016
16334
54404
99856
2943
84223
64014
18546
96472
94955
47456
7443
65681
65316
36792
32554
18106
9543
9513
80960
51426
92604
31517
32889
73344
62886
1523
31991
75283
14754
77940
51955
37961
27070
48146
25155
60147
88748
60366
54087
25019
66812
10894
81251
48842
26078
67955
17859
39910
13152
48772
70636
78585
80490
17745
92127
15215
67531
50769
57256
65287
56483
9656
54438
42647
24831
96374
88472
28198
76564
17501
76828
43526
51401
35488
8770
51674
47256
12205
12815
22912
86286
12987
71036
55120
89264
52317
23471
87896
1596
58200
76092
49484
41694
26701
74363
62508
38065
20334
74206
15560
66674
33841
66225
44822
62798
50437
9866
34913
88275
64685
54899
79383
11449
60397
33910
10451
50063
94934
77431
427
99332
78359
57445
30324
20171
98254
73331
88707
45756
10316
54170
61403
41809
23402
91168
40762
39710
89900
84795
74580
92424
2630
60692
79439
57743
41185
6063
28992
32178
63052
44303
45544
86829
66705
92787
54872
9014
9886
75787
53477
41427
89164
90029
41735
65682
87357
21367
70254
70561
65344
78451
96279
68380
47379
90591
5714
21391
43474
85745
95475
3331
39462
51005
57462
82857
63469
95912
10502
5223
55495
74004
77329
84224
39352
3295
28855
71600
81637
75306
60399
71694
55082
11741
72062
5020
31409
6730
92302
16655
15844
44242
1474
4201
94289
46539
71657
94057
62057
73000
14897
14874
22786
94864
59230
31999
49710
13383
23777
21268
43357
13231
76235
55844
80309
80574
68730
46726
11101
90769
81652
71156
40884
92083
79168
30592
87491
57527
96077
8946
68023
81828
55413
12519
78599
26645
92822
4622
23202
38042
79916
52802
89707
13891
77020
99740
4573
58330
51866
48491
60383
93953
68959
69401
40849
22713
88207
30932
2768
59203
93074
37028
16759
84934
37020
75244
43169
94390
53801
77913
6795
85434
76906
15402
93334
30388
96557
77964
21827
4577
96095
7893
85346
250
57393
52326
31493
95104
70139
37682
42500
82848
85909
96784
61878
93658
142
88807
56560
26808
5760
84856
67963
10708
86830
99923
29480
4986
72015
86418
37364
88260
77621
69846
29747
83564
25596
7219
23737
19042
37007
8882
8393
48158
74674
9889
76904
45032
9389
86272
63987
95463
84317
54451
23425
13189
55125
64867
41865
22792
35692
98047
49771
91827
50260
13386
54885
47610
47798
86783
23660
23088
48371
17086
78948
20005
68877
14215
8748
98581
41269
78368
98242
98063
7759
56893
55741
62017
36128
67682
94365
39624
4647
44832
38715
98546
39152
40141
26466
9846
38217
22193
92387
8452
27559
53145
90975
85445
22462
68256
52279
78988
10291
16101
89057
9398
97527
75874
75756
78148
60924
70425
43790
96866
44029
35839
1140
2863
11319
38211
63968
69543
58834
80977
96385
74618
76146
33764
75043
86991
61724
64302
28147
33761
14787
22189
92487
50647
4671
54920
14048
251
92613
38019
4998
27313
7537
40368
80593
76407
52013
21900
26798
97563
94765
9743
29007
80275
19922
30587
7011
91425
70942
62621
48844
21188
14138
94619
13632
70538
63164
28647
91570
79871
10789
6392
47524
96161
6583
1561
97955
33932
18833
89444
35171
2309
65986
74792
79898
41330
87573
3066
42961
51936
55418
70946
44306
36344
11795
71577
83444
73286
87144
18821
78617
22516
90417
13595
76901
43731
77566
88882
3879
44911
30769
38758
4172
3480
47130
35783
11311
53988
99820
84547
27900
78211
93993
91572
61433
50137
90372
32669
66005
82943
51260
47378
80640
85944
83241
59785
47741
57205
348
52294
13600
5128
66015
96280
56560
60662
48769
86592
17110
1092
99026
30767
54881
51598
36346
79086
64617
2562
37625
27733
33323
13488
62446
6858
43560
24692
17954
76244
10133
33695
61110
45512
23204
33216
11678
92314
29883
77439
90311
66727
71079
49632
84141
58582
70681
32480
51985
64057
36813
57022
43194
81810
99727
65782
67559
72424
93112
82335
78463
56303
6834
39287
42542
28888
9070
83020
96870
57583
37116
10392
15468
90904
93861
61567
31514
12443
61714
83146
55238
2205
62573
7590
59317
65429
22927
71095
89316
49071
55021
15760
47554
65914
21116
72637
23106
66995
5919
15538
39454
74234
92798
90671
42285
91275
47047
72856
72801
82203
24530
72854
48651
48404
9541
24345
89922
98194
55403
58968
6246
92264
84695
36594
98810
15154
42946
98056
36452
18161
24362
96657
17307
79661
14216
41157
43777
46893
29891
14396
29635
11941
60089
96121
24154
88946
16319
86043
98502
97966
87771
74747
71311
33555
22674
83534
35183
89562
52929
78998
15809
19479
14178
42803
6723
89339
93617
98773
50403
91438
45357
707
474
76219
8025
3793
12598
47784
98723
58888
84058
94744
11908
99519
23366
14666
26756
59848
38940
66180
97075
36436
61193
22886
70652
26295
97185
83035
5439
10992
53326
77189
9073
52629
51312
35535
33649
16659
72613
66241
92356
94061
2840
715
41142
41046
36550
19464
80163
39850
4978
20783
82250
1445
24143
45107
28091
65939
26585
30339
26397
18287
34552
11645
7383
50330
42244
74379
69974
14825
19715
84666
67832
18347
48428
9434
58608
96931
7494
67562
25651
26659
53693
35461
76082
29091
63121
51077
74023
91312
37998
65683
63663
66267
62020
97283
33733
45328
74829
55391
47221
42786
34930
74425
65656
30206
61247
22506
66496
46765
88137
54911
4815
73949
23946
60689
19943
58123
50907
28364
95398
58567
42772
15170
49162
40723
80841
85690
42523
83706
35965
82985
531
69088
86322
82185
1322
24946
84374
20591
41788
97696
94549
16798
84988
83834
32832
66199
32418
43444
19905
94580
15110
56673
6149
96478
80239
57543
72243
48735
18629
6173
25241
32681
65028
36611
11885
92791
27534
36849
17938
20583
81358
57784
21297
39832
62418
98280
48647
31907
19167
94884
8014
32208
87359
22054
2949
78041
10326
27224
48198
98331
23381
26789
37559
89445
76378
13523
40059
78947
8759
77658
75506
34614
93389
24258
80634
25290
53291
30298
45427
46225
70831
83051
19371
41571
76391
32486
80646
94236
90173
3100
55842
16415
95804
2930
88157
56801
80826
5513
64037
43877
52897
77807
43500
42086
84990
87440
72710
53362
56706
82059
66822
20571
18082
19087
10578
50397
49147
22366
50091
74057
45432
78085
99110
27413
93109
70907
81550
83612
28920
24780
97765
6830
34583
64620
69577
30554
43488
48678
3394
99605
44746
32032
6793
76014
48693
82741
86522
60075
52676
33193
45316
52789
70726
87687
13201
4849
77107
97026
78580
28321
43762
67423
79031
48528
84679
34171
31381
84726
65550
46458
42879
43677
42093
56310
59180
30406
9783
10603
33902
33493
31344
40606
55180
6837
98159
21585
92522
5388
63348
65389
97285
41717
32518
64157
28669
42439
89619
85695
26676
88055
83994
26370
14652
38301
43123
22464
43050
18187
73121
48696
64980
59450
60700
45047
96348
37311
35307
42475
99564
35306
10389
30565
14672
10484
80580
2476
72293
7100
29692
70819
9775
2900
29121
41147
19509
93474
84006
28718
75280
33274
61459
90410
2296
75377
75403
63367
15758
23284
42064
13090
96828
45703
15154
18595
26579
5699
57146
95411
36533
14554
15056
34641
15881
68341
17879
57490
10814
8052
51519
33073
8962
45538
18663
50645
42094
3810
79318
82807
26313
22976
27092
39954
29644
45713
67949
83909
86899
63247
69203
88516
39854
10448
83831
47434
17273
15169
54084
57163
38493
7706
90528
53329
97682
45280
77468
59186
67862
71491
84756
6617
49858
72564
76979
11911
26794
31008
53956
86934
43346
39247
30833
51602
13317
54465
31526
81612
2765
48571
80065
68738
6193
38143
20190
3073
14065
80648
20906
61157
78872
14831
54874
64375
72680
68695
6292
59912
62798
20531
78662
5724
27497
16530
42202
98842
97581
41732
99066
2576
85751
70518
7174
68508
31615
84203
47188
79717
68757
42232
15916
98121
76302
27001
12392
86611
69802
94306
92934
86028
66978
83671
18269
47442
43825
50521
31357
20673
97396
93906
58415
25027
28649
30158
8162
16531
921
80661
70660
44128
57192
81938
46404
18105
79179
97726
92567
79023
18045
12448
89628
27124
47223
6140
98850
63538
74210
87660
70739
90896
44839
81238
41919
37997
11012
91008
3131
27722
76836
7236
59112
82407
92119
37369
95305
81403
32017
35499
42384
50259
96829
13319
27844
54794
23899
11370
9202
1803
47345
40548
85413
52248
63131
80235
6626
25877
50181
22351
13627
7568
33217
45148
1132
85555
86663
97940
55955
80890
56366
41052
90038
95162
84697
14090
77723
67671
48255
7036
47645
67725
25296
4471
8420
40524
9346
1097
57210
45703
15153
87136
69202
74221
57302
5159
8950
72577
82993
40028
48006
42920
53577
51361
96122
84923
82759
34251
17810
76989
39651
6696
17869
51123
44209
63361
55780
33316
83535
53296
13855
79460
85199
77122
18061
34997
97089
63948
58796
82546
95792
47057
94206
1185
76473
38653
90622
59523
46707
26490
27670
42600
65588
9490
98231
14705
21391
30053
63289
93741
1055
96682
10438
95669
60065
87565
22523
722
60832
10505
82718
46369
52251
45546
72054
87088
68981
72564
29556
80169
28167
40891
18821
94950
28918
61004
61414
3692
68501
95133
16432
13959
34914
40524
85551
97835
92013
6483
77587
30627
96254
61175
85466
36605
87163
93675
95012
47748
92021
47023
99167
81579
77607
88672
32114
66137
96470
7149
16263
42679
14923
47982
88663
95507
58809
92347
62225
26805
96370
47246
72226
13265
30660
81349
68048
58979
27692
72069
22601
72111
2546
307
71049
47745
61399
27207
34865
93840
83597
51933
50924
5949
32722
1687
86210
206
10502
10365
93807
3319
62859
85392
32682
67564
13507
21803
47374
76322
40319
48461
13300
11958
97047
42011
36144
89206
76391
22334
77466
86045
70966
56911
80839
46870
22988
668
25433
88689
25346
12497
26118
96666
33107
85532
52610
17916
54216
70341
67492
51278
73330
3034
34453
86807
27271
13579
60078
60461
38129
16166
60863
21814
48448
22583
25359
65294
25384
14390
80510
33830
1951
49868
42249
33723
92389
10699
21107
9702
21016
306
87569
3417
17770
7350
73504
12908
79475
97116
85197
61608
35469
45993
47603
99752
15080
52844
51439
14743
6742
43596
64918
43736
58616
1579
76286
21940
27407
6481
52289
16506
52158
56861
67499
10505
86802
12170
13937
64092
4938
2741
92257
97655
13321
44093
68854
57687
84529
17000
35255
66847
72577
64472
37422
38359
48533
51126
97335
19731
1169
53212
16999
53437
86968
81092
37784
27488
97371
627
40294
55773
13798
76557
43002
3353
40283
37022
62693
67695
21198
8849
64178
52331
27741
33944
91803
46505
14717
93085
83194
83445
37274
6283
90859
305
90985
8645
74178
2382
52692
97034
11454
91731
74029
97301
64691
13167
62074
21242
8235
35780
84100
44470
33178
95566
23993
1553
8696
35910
64700
96494
44341
85054
57883
41601
95780
54771
14234
24077
51684
33841
24878
16272
910
28649
87162
91779
23080
77737
47822
95183
36682
96935
8708
34704
41084
26588
69824
54865
47863
77099
14646
56793
24445
18113
22772
84570
71957
96487
39963
15094
22646
68485
3441
85694
15007
28606
68506
842
53013
92603
18835
67604
54938
34652
19254
25438
68377
49648
8756
1847
60185
69052
75391
19433
9509
25782
8222
11821
2945
35626
19594
45249
30146
56079
79409
93280
65309
93825
29951
17519
24300
68132
22143
89511
21044
77055
54752
89917
6201
13210
47843
68513
40279
74945
52326
70926
42594
11186
11929
91163
3517
16935
24433
30761
1203
33363
14191
61051
80729
59059
31960
21858
75373
27496
14654
92112
79850
41002
33314
46571
75178
66606
13992
24087
86575
67429
40689
64107
87945
88235
97860
17824
48155
6743
98060
22816
2522
64756
89561
32984
74826
97198
98534
78991
96921
96916
85673
57589
57377
38177
63067
17234
70593
44104
14496
31774
88778
35768
45257
9320
76064
83113
33683
10250
8274
53226
8390
89753
86442
5106
11442
22381
69341
43830
80953
57212
84273
51018
65687
420
6281
95949
47139
4312
70058
66013
26502
77649
34099
908
40293
20754
59630
83685
78273
66039
84414
31063
31163
66605
77815
56539
62405
65712
92608
62674
8657
74923
49068
8857
40470
277
74372
44294
70475
62122
45167
55955
1518
1184
91147
13855
85206
12432
16817
17254
79769
10123
60567
37557
93549
84860
34722
72186
12259
3904
97882
69657
21297
75295
27208
9304
54767
5144
71643
6823
50472
48369
72334
37538
80551
16409
38330
93361
84503
56909
9366
53288
11583
95351
56920
83466
62764
66496
67958
78104
90941
12535
98757
15918
18913
28380
10502
94335
75857
79976
89816
39870
13810
79821
76246
3054
27988
1387
46010
27499
34242
53151
8639
24858
78407
55200
97024
16700
71456
88496
39883
83458
96236
88390
89995
76711
90736
13875
57934
53874
9785
35194
70275
83251
49626
32950
18836
6060
42839
67901
15732
52195
59191
75064
13913
94780
31682
7189
32244
17954
4047
23294
28042
62944
98368
19946
99434
48937
22190
87756
83717
31905
4488
89753
3862
82446
15592
44963
54624
83863
42201
7655
81243
46757
17021
48463
27716
64476
39090
19895
94166
17035
90709
95105
364
9509
99899
74820
11454
3731
15230
42543
80532
54959
48903
22681
86803
56031
52484
4123
7840
24302
97962
25860
42514
1335
51017
25019
93073
58757
57763
90512
4297
91211
15761
12253
44055
60340
33885
92475
94048
46687
53300
41400
24874
73521
66524
14424
10312
36831
20315
93791
8425
87723
62030
2959
56157
17631
15258
37155
61428
86670
98235
44647
93822
88200
83062
89974
73376
70170
10680
90001
21542
70904
91205
19848
72334
74150
82671
80280
41789
78586
46617
9045
2814
56060
95018
94055
39092
450
81207
77664
57938
42952
76129
54845
50465
36485
46317
60949
76099
95234
95914
73887
27409
64722
4439
26411
14797
6420
17939
26010
38526
74118
54724
80350
96068
50081
64915
62948
74776
88980
47807
7167
50693
56579
53129
14657
39741
12242
54228
43986
29949
86088
20713
12686
57847
1162
40702
65720
46069
76727
51802
4355
36980
69663
63236
56301
15412
96743
70729
84795
54117
21229
23491
87190
31756
91836
93442
75617
91316
78816
10292
78273
97887
86142
58465
7690
87554
27701
24271
88204
7537
65307
70756
28011
20079
81919
31579
81369
89851
17872
62490
55775
98241
25595
31708
29617
6748
3393
31401
22532
42710
33727
4223
72822
93393
32901
51420
17243
97352
89281
84072
75325
28463
62700
52022
87126
59241
32468
72455
50998
51588
88231
27074
47253
93256
40965
6525
95287
44297
85326
54099
92325
90512
95623
45492
88088
43934
86025
7569
19291
13324
65758
88425
55780
38507
25542
79178
2257
21001
48066
93568
9835
37251
27317
44995
9532
50282
23845
91816
71365
92866
69995
1163
21398
56523
65920
70735
33799
54688
22769
32477
21315
83122
6131
18810
93540
56979
52678
74865
63702
28381
13150
92399
48730
63428
10748
50496
60001
5019
82549
74839
67780
35188
60394
67172
99860
96643
39164
50750
4961
43339
76574
8763
92043
53366
77614
20041
22681
70689
26233
78662
28436
67289
22504
83186
65389
64774
64205
63649
46648
48651
40550
85041
99480
69724
57166
17698
8476
67266
3273
42217
66144
62455
9141
10533
38109
51887
86807
41713
54657
70594
75438
65699
26785
75142
71478
11179
18218
92039
64417
92003
85036
92052
64521
44589
2310
59281
47444
89841
33968
65849
81434
42812
1558
22215
55247
12201
51259
47407
13768
36629
54607
93207
96444
61111
65909
78725
82062
4896
15148
52911
38027
88921
53570
97858
86446
81714
53286
84617
75102
74444
64177
72096
4540
15843
69926
59466
94774
43370
62382
85717
84805
27170
52413
71816
3581
85269
20772
95579
7365
90245
72359
53173
74224
74710
70185
84188
68262
649
40573
44262
44330
31021
60493
61801
22203
51654
39371
95279
7911
56165
13936
50517
25589
54799
52131
28464
10176
80060
87516
6100
37296
86089
37813
50300
64982
50555
50872
15948
74364
35347
65115
16366
13441
1442
87508
90444
19562
26852
53843
45287
38924
8374
30764
37036
35442
20158
9487
28137
90902
9556
67558
75672
5194
86719
11718
98161
18097
2864
70407
93752
22563
7271
25571
48456
4470
61803
34266
29040
201
25764
25849
3519
52706
11741
71640
85868
13163
9595
49034
89277
33648
47440
11762
93779
15256
27694
82912
75497
58682
11928
59573
33071
20730
67835
53400
55825
38666
39777
63021
76018
72702
93967
54073
2680
27325
46950
89395
51892
88430
95520
72783
75856
62394
7158
46861
71938
92000
25089
83255
87982
11838
99001
34473
94890
25697
3060
14385
52695
86040
81068
72028
39277
7068
96476
64612
50353
39044
2534
66000
84680
58624
41047
10203
39386
82460
1318
66410
37284
1059
299
89820
93859
42049
94958
5055
58644
10805
19289
12988
97073
99318
34321
49115
69867
24286
55043
16405
24197
98981
24435
77282
50044
35288
65935
273
21802
84919
64740
68619
33422
98957
54721
53723
80687
29705
70783
73776
19330
17750
88409
69852
54834
32493
55429
30554
66807
79520
11184
77688
60803
34098
22376
761
35933
48218
73888
50284
17076
95979
16275
5822
42151
79392
64586
26870
20551
70887
72413
83031
27030
46246
4770
76289
69246
85893
76917
22579
77539
67169
69410
15616
98481
92809
6949
1256
1967
5237
81270
23333
1269
95526
91130
67011
74073
91906
86621
75040
28038
10704
91815
22943
541
7855
10013
45793
29312
32358
38839
22896
97212
17448
45666
96343
36813
79481
99425
22353
19694
21210
73064
89108
79365
45590
56977
72868
82228
23006
6088
62974
60598
44897
45047
82493
67212
62267
31501
35264
18072
18204
75610
85341
98055
34001
95806
49503
66632
9249
61421
64547
12369
88372
58361
47623
61993
16866
75896
20652
2045
11286
43665
39407
73813
48381
60814
17703
15043
9767
72957
99807
14233
35793
29823
85741
27
37108
57077
25592
11628
60174
69110
66753
28329
51962
53309
59340
34378
54516
60851
47226
79035
66729
82365
83366
57187
30387
53263
23229
11299
35547
59029
61281
24144
8141
58458
99517
10208
65148
86974
30290
16155
94964
79681
66444
85595
51844
42013
69486
68972
31508
2581
60665
61664
35550
15305
54466
63596
45151
70017
10141
57372
76154
75835
65230
18859
22941
41124
89639
91482
16936
85913
27650
11492
99944
91818
47421
32604
19809
4316
10229
73988
36124
50926
26903
65607
57166
81658
70436
47051
71628
65340
76528
81413
43994
34117
36894
29939
10711
73635
28463
4045
94549
28566
46129
12508
34198
87979
20386
93776
93795
58363
12578
54837
70156
42934
78682
71142
37804
23928
902
79329
63867
23662
39328
21688
76970
13975
52818
81920
88124
30799
61500
74799
47603
51485
55567
80536
20753
4186
62845
15027
18831
65023
33496
62143
89977
33951
16250
40119
88929
77526
66754
1243
78608
90014
98948
51004
30483
66735
27068
57901
38443
81955
66195
43985
22363
335
37670
25175
98682
96747
64386
83255
80652
14863
96977
80160
52638
99857
6239
10950
88493
51492
86096
48332
69328
45571
99049
79096
57073
491
86324
22549
33927
19276
19111
192
29649
33872
1148
94647
23967
642
25856
41412
26020
27580
63590
87374
36370
60920
8361
46600
9330
7527
48442
56704
9635
18581
74053
80349
45590
98151
93509
88493
24243
95216
7307
3789
36352
91971
2794
22361
66327
57316
14389
22526
5325
95451
68382
7626
25475
42558
76251
59168
4544
48188
99807
78148
37627
41215
92218
53768
51360
51306
66094
38540
82059
6246
63896
32548
53016
94497
57882
87383
72656
5207
97428
69654
76307
2223
88283
73067
76243
97968
86247
30499
73456
41396
65429
31032
22944
33056
51913
30615
47965
18465
31317
52701
95512
56017
79267
43747
98072
18503
51190
6815
11312
22505
31827
75218
69406
26290
67181
46865
44166
75987
177
307
86230
62790
74223
91604
19304
88062
79848
1072
92541
72019
17070
66968
42429
85194
98663
71632
74190
80131
66468
84913
40522
4426
50063
72224
98756
91111
86866
83681
52572
35726
66077
51262
26101
53398
98956
4467
96910
97564
73679
11068
68768
10579
14899
66703
13591
66499
54030
18303
62601
8506
22514
84380
81484
59582
30252
32538
64808
51198
48067
65812
7455
30623
4634
81277
99062
98279
19041
93188
88028
18112
6881
13569
51217
14269
43213
76904
17754
17646
64336
26809
91168
33205
25945
17416
96306
91502
34210
82391
19019
74326
27526
93779
22630
59328
86079
67584
51164
29491
76102
70929
22399
25225
71685
84046
33423
92642
14010
73739
66854
94316
12117
69546
68349
75415
97686
18998
93995
53762
36288
85149
91579
85535
35738
27289
31820
6359
76839
49148
33968
60734
21622
41857
94180
93589
41227
12868
11284
57820
7651
24574
2494
63028
85769
29606
62934
60751
32061
18558
37188
2802
35155
5103
61212
46533
36187
81788
23611
47359
61680
83900
96885
78227
3802
68020
3600
64319
94892
65569
41090
47046
31445
80431
20077
92046
18277
80390
22992
58737
86252
75109
50180
64571
43572
92326
90857
92242
23566
53528
93160
68257
5018
47774
46731
30243
43562
40326
15044
8821
94448
31988
14480
96562
30337
3686
18878
56556
94113
331
83061
19771
85409
56397
89210
30338
118
66642
62743
55963
83604
27467
24321
62728
8612
5697
86430
469
51270
41754
79190
11302
63356
26505
92148
73205
67793
51139
74136
86561
39622
52194
9026
34102
23368
62655
58466
54007
98205
66684
43600
63128
27005
64828
63024
46155
88725
39248
41341
40367
17371
16737
1365
25663
58994
6889
11914
75989
3023
82178
26352
41896
26406
49800
71306
38914
19755
11111
21847
46944
22586
57007
45306
65727
3376
65088
82569
49430
27182
41962
87125
22255
75341
47642
75445
12979
50714
40874
9285
29780
79417
29607
89992
68118
13952
96856
93622
46754
20107
47976
89066
40728
19055
78938
7826
64697
51343
21554
16857
68739
85544
18212
53476
7248
31545
27696
156
95275
69464
8939
70851
47599
47544
76633
88594
9325
41926
92189
65013
21968
55762
67189
11589
43717
80673
50159
20120
53868
11138
46152
74253
69292
13629
88802
87155
56123
36018
58693
69353
29804
61443
94047
22252
31779
38001
75867
61025
40603
45631
40295
87466
8156
32453
26402
93333
38670
62342
59458
22501
31
55944
67480
10779
53925
38726
97899
91768
57026
14309
51251
53797
95746
98178
39269
54574
92534
10867
95616
65774
22851
92306
89776
28008
95940
52267
54237
39908
41710
58976
47402
63805
81723
89116
45250
43058
26026
43041
97929
92620
1821
30324
83529
82120
28558
22631
64829
49384
57115
29465
31159
36262
17232
95469
71480
25572
283
93877
92374
32287
27690
80806
42293
59855
91764
58463
95468
50856
62422
40720
65151
94272
99151
96611
84316
89393
94521
46320
69989
36570
61902
27618
78005
91154
9579
24461
29889
18742
74672
63582
74618
58773
82611
65384
24034
98649
88575
19923
15626
96374
81704
85262
26783
55689
87794
87766
70842
37573
99265
67982
56370
39786
48413
3344
42819
90047
72842
43806
35638
33545
65783
81882
74704
39697
95826
59862
50950
30962
87878
55429
98997
15489
45126
77848
68461
20808
97842
99894
33043
21464
75469
71327
37952
34394
2603
41575
92162
10215
18989
13549
77431
89579
20547
92928
21605
98905
43751
3589
84454
57855
68155
22668
63962
6652
60602
46203
38493
91716
33913
89943
2137
61263
16975
47020
46429
3673
46108
11433
97690
83906
73396
94724
34428
21691
52890
80792
20611
61897
55572
78666
82733
22507
49005
70281
60643
81692
31085
67758
18611
51769
76664
70018
91100
82986
57041
84600
34593
90316
2918
5893
44087
30592
99567
574
18871
57534
38883
2622
20577
10752
21657
84911
20964
30435
60084
66370
76250
39392
48476
16175
33566
82274
38027
27907
66180
39543
49187
77067
76313
97700
46750
44138
54787
14311
56056
55473
46605
9216
66540
32421
36704
87457
80128
62522
57012
60551
90485
58187
46782
95752
86179
89532
78521
16258
80958
76509
44872
91482
4486
52098
852
33191
50889
24871
54396
28006
80775
36166
40257
7711
2762
55266
71285
76999
4979
17144
64481
69995
65984
8828
5248
47305
44629
29392
82219
58142
45684
44858
21935
13556
39043
84468
67762
62685
22343
26638
91154
67865
49950
72316
57530
93218
78900
8827
40124
68339
74738
50369
5179
35779
10513
95353
34536
87885
57211
75230
33697
2002
85499
74514
22282
77173
98160
21003
78732
12633
20840
8815
73569
13632
45029
42082
60892
2281
55236
21060
83418
60843
14861
35159
61496
25169
58725
28089
56557
61107
4332
83794
37120
71170
60346
99660
2453
96778
51064
82894
87257
70764
26029
15456
82222
65155
22758
87890
80095
28606
5651
518
4351
83073
15025
96865
55387
52136
48681
72241
79999
72112
15124
39405
2910
57941
87484
31399
24385
20502
32569
6549
87692
16749
53790
12793
84418
61548
34378
91831
6876
23032
62496
14279
35478
84416
20044
71014
25351
80018
16702
89728
45613
36735
63341
73022
79228
16458
61141
39307
64016
52498
13294
65953
98019
54642
36647
18430
436
132
47875
12878
43027
25458
35478
1450
2679
82604
98135
33955
90835
57030
52950
97846
66430
27877
1271
25576
62134
5818
33452
1665
83583
72527
17880
46840
9113
48242
23431
55857
72723
55864
30013
78346
41599
43885
18781
91327
66592
1184
41487
92574
76048
43324
30224
50969
45730
4115
81052
45314
52498
53640
52281
28237
50639
85136
91568
96257
36488
18800
82681
49559
62124
5368
36335
78538
60247
88444
93871
31526
40232
14117
85379
1032
10259
71871
24074
36274
53028
83709
23884
50120
30317
78150
10326
17262
25401
22945
72533
25880
99414
43641
77610
71047
56349
49115
86323
48808
21543
28093
94246
74127
9762
60583
66586
98930
47103
64486
2167
44878
53744
30776
8746
7238
60351
56349
78127
56974
40717
84135
70537
17312
83924
40478
70353
92627
60567
50524
71746
72613
45383
69708
46668
1344
942
80617
77309
6921
46891
352
93480
11696
82156
16638
1078
43035
96475
26647
62874
41208
82010
97198
8530
12616
77889
99587
79161
52732
7794
86785
81545
30099
57328
79625
17155
19744
57392
47524
9138
27018
63117
45514
14156
41945
67658
59686
81666
23786
17632
37417
19535
53607
38586
89620
92732
95718
40822
81446
62718
60396
78204
76050
87612
52229
92437
51786
43873
12757
71056
98350
38916
28039
22574
51414
46866
86079
5418
20407
60569
80843
20633
1606
25689
63638
33264
64421
52151
58203
83160
92684
71844
99138
53273
1547
9411
99485
68389
30170
41325
48073
129
64287
46795
14948
54256
94529
24349
52918
13348
11573
53653
50004
35000
66690
99244
37030
27396
8177
67179
107
5785
32954
52685
8398
19359
86358
95690
29619
4456
97073
39481
83846
49208
21695
23399
54975
76808
5367
71854
57275
72464
22390
60699
8542
24927
2492
35517
79187
11007
4598
60907
31534
17203
14216
19249
75998
16965
93139
43489
35304
10316
46515
29880
95836
90993
40240
5689
3293
81906
49930
80617
96086
21282
43814
51118
99009
31590
78720
3167
94300
34817
41677
28145
80717
28036
55537
37507
65716
98775
57601
83329
26405
65485
69077
48087
94947
9182
72274
72248
57882
44098
45286
29870
62375
25712
26453
84169
58588
33307
96587
55648
80221
5609
1472
3708
85209
80717
22495
96822
62789
81314
82952
22390
84183
54963
48038
40886
32647
35824
12810
73125
32772
95758
59088
17869
52875
85246
68541
74968
73134
8370
34973
88248
70550
61730
54917
50799
92355
43781
58822
4009
68183
53866
38153
93506
37953
79486
63872
57138
81378
61400
36899
45543
62680
73784
48748
4234
74658
8607
61015
15911
3751
59963
80536
45000
85870
55901
35890
59018
66628
77899
75324
65216
31471
87542
9163
94693
47423
19620
44819
297
34492
64005
75195
91526
9000
5118
71749
60735
12480
20051
79586
54493
71291
98057
62433
75298
62219
34836
92753
66929
9550
32941
27779
95695
19557
57605
38611
18625
989
4792
66525
68642
34376
52277
97752
31249
98749
13777
32415
74173
49390
28263
83435
50840
7730
97212
49105
59015
37222
10980
87440
8766
78160
49742
15848
99178
9085
74208
78595
5541
46979
65573
33979
33515
76488
32369
4238
45208
13048
64262
32292
73375
5810
23553
67912
91780
11631
75331
8951
63398
33906
78090
45224
51041
48219
65179
52556
77541
51074
9720
81883
79133
19008
711
82464
11724
36803
4175
89255
86238
8019
85345
30980
97385
63477
45789
62739
81311
3569
59582
61662
43188
48414
40569
49768
98496
59951
24874
26244
96768
4
74818
90414
79353
37892
93961
99227
7944
27049
66207
97424
40439
9020
17871
41417
99143
19385
56033
84642
32200
15752
42392
69835
93308
41152
97524
84838
41760
81641
38320
51833
36929
20645
38007
86594
75350
39286
57519
32891
59915
85796
63191
97891
19675
88541
17409
95075
41395
78252
24996
57068
64429
73928
40738
18741
87398
56316
57125
36964
81901
74373
97888
69523
93322
57645
85253
48221
33112
45860
72864
9262
74942
75254
5409
2048
10896
75047
39540
10425
55971
57542
46782
84212
87439
45128
65071
8155
27949
12340
92828
1169
82080
19575
24054
89945
41661
18133
10149
61233
66886
21400
7419
72967
21001
80405
39964
5754
88698
64100
58237
89846
66355
28231
82567
64972
42442
5745
16987
53911
61408
61307
80944
76925
43445
75373
35510
4267
28598
33985
30859
61148
58672
40770
82570
85346
45491
22021
88727
32366
45800
32859
33612
68053
71458
82339
92315
78906
41130
96846
640
30128
89207
16937
81451
38323
99694
12914
79281
76713
93964
91911
77739
53869
1184
16091
74421
15722
5920
53409
68450
64545
14288
71127
23658
37666
76949
5660
69989
96481
25831
23527
47962
91708
31389
83123
24097
21397
40138
40668
64848
1594
786
91633
12264
78477
52196
75702
77836
6659
57380
81696
24258
94790
11322
36380
18979
58600
5556
86243
87660
60571
83004
98717
33083
19512
31925
43517
94444
87101
7589
77413
16462
94630
91185
70470
87520
19920
7258
97068
89577
65112
28451
78578
33568
15504
4832
27697
83079
71912
75896
93212
91223
11813
96638
56945
71822
35693
78597
2723
543
8979
14885
88141
55186
41979
10614
38519
56014
41928
7924
88158
13089
31804
79222
57096
46902
8964
62285
14313
18841
39863
86274
7621
66590
37345
65241
40284
22161
74529
85097
68099
39696
22274
39752
44957
16602
17543
39885
3036
90205
66332
5823
26447
90203
72584
6073
50360
87786
83437
40564
75192
23151
38384
88755
60578
90724
86654
28693
51366
49819
99084
81117
65273
56293
44808
15448
66875
50570
23785
57211
25116
30725
81011
86596
34312
89207
32892
46311
48675
23582
46307
99444
29915
74808
94861
97623
13042
73095
74785
86713
77821
2466
99659
18594
85547
42626
4358
9515
74742
4637
11190
66101
16225
40973
72181
85237
3643
40354
64003
23050
83169
54045
64796
67396
38402
86103
22091
4046
28183
78044
12924
30755
89866
87779
51599
68146
60281
26041
28313
51013
88488
32931
14663
86529
60293
41004
92871
17630
36105
86642
95591
8781
15989
75284
83869
50578
58831
48656
74290
40988
67396
38546
12247
51009
6428
48756
95536
53844
4124
37035
721
16878
66442
872
77095
78286
78692
63681
20055
43445
56349
11920
87646
44538
15927
71464
50465
55363
37724
4574
97801
27467
62253
70733
49175
33806
70587
38942
23461
22216
16864
39825
56460
50191
95670
79897
9207
59460
70257
81151
47680
85131
68971
75270
72073
10090
48494
20410
21395
4255
54871
95487
34561
6287
90043
4499
5261
72710
98710
4951
46400
29298
80021
78758
19360
65410
80072
33041
73967
8100
56367
41301
92291
4672
53361
83210
69762
83036
92730
317
52262
22949
21737
76050
49833
17602
51540
38993
84414
94792
3957
87870
36858
856
32915
25841
69750
90076
60437
51655
23222
50312
16940
43745
79396
50008
60715
22117
64564
82995
62064
54927
60459
84444
76058
10170
99479
96040
47549
83117
93390
83055
15404
37700
58616
93315
25262
20315
80316
42372
64663
47498
48520
4643
70201
87646
43150
87378
9992
53461
38894
61833
23172
75298
43591
59717
38864
51905
24997
8568
65647
4156
14408
12812
14704
23201
82414
42603
56301
7894
84100
97737
19798
98050
35479
23860
50242
62605
88840
13067
2036
68436
95448
78786
10030
7577
58220
81947
14980
45456
60712
35412
40850
67735
88774
48111
89127
43691
23398
98436
91842
45779
57715
12574
63914
34723
29609
25910
93403
58454
39916
90545
57130
8779
43920
39060
96938
79335
6609
26943
86492
19726
10491
32025
11367
25947
8786
74299
138
83801
95332
81381
3091
48289
48868
95147
8335
79190
98485
93562
29489
59896
20560
82893
89122
26248
62892
56112
95973
86019
68787
60010
94656
80048
93220
85207
79283
87916
79809
32473
81975
96693
2583
72853
93562
64814
51815
52208
48607
81744
67454
62047
70014
73099
40038
81117
21775
92415
27044
44078
84991
53398
50307
37647
