24844
73890
47820
28190
15875
51175
32319
44538
20710
30570
54930
90289
94619
36702
31516
60551
4031
75606
95231
70882
38780
9713
26491
4163
90788
43822
24972
38025
83218
24735
274
89262
25020
86556
54963
97506
39085
45062
84518
75325
96753
63797
24740
68462
27528
81004
37944
63107
17803
72267
33060
60964
8709
20329
86249
16336
12555
53925
52092
45765
94652
72353
43704
10221
19336
49626
99378
93962
70294
4976
61688
48589
91475
54097
43377
39701
30355
75863
62486
11077
10048
26711
35310
88735
43207
98925
76865
53815
63397
30944
95671
53615
90494
50766
79022
41404
80424
60016
95742
18173
26368
20365
71769
47090
22918
11326
95750
1855
8009
63451
69701
13932
84275
88294
20040
71394
73595
64997
4685
9098
6066
80112
4051
51907
85741
88562
55162
30957
17875
90575
3354
72753
32811
31753
6826
34214
1020
91051
32184
52181
70082
2710
49921
67391
61877
78553
49367
86790
78732
74720
11954
47672
12512
22509
38814
31705
40732
80244
91078
85469
87097
92765
48549
19843
87134
73851
81200
3948
71678
36170
62810
98704
62359
61809
96649
11971
81930
46643
12950
74781
26722
58909
72306
75362
51930
68925
99585
86817
9645
65657
67302
25962
77732
85827
48499
81630
71062
98424
2356
26026
10825
67684
45323
4871
35353
85854
61481
35469
93518
65811
52431
79232
22281
40710
27800
73057
90429
32296
63906
67868
64498
55718
66006
54895
30662
13950
55814
47564
74286
34139
67815
66535
69141
86084
31550
43088
49932
55422
59952
29090
81251
83962
19111
84514
93447
42390
58089
82463
72372
40378
97812
70925
8968
67046
8672
41231
11583
59514
65425
52654
86767
81051
6285
96096
8039
69324
33199
83107
56147
28433
87158
213
45966
73453
49030
27936
14816
14056
47431
57245
25135
82976
58404
75004
33343
74747
82171
85436
83712
65326
35665
35824
8099
23725
95698
43105
62191
47214
31956
71109
56051
44801
93646
25163
69163
86290
1942
40979
27475
44585
8674
58664
72129
94467
41466
36759
86283
44405
83228
9742
37878
13353
80118
50571
50635
12462
24386
78800
3360
7319
91593
16608
44155
52749
83028
46751
24574
4205
4850
38216
75351
72914
21944
99549
31046
31119
58959
11209
28899
40400
22195
71452
38136
35900
45399
32222
72012
16318
86598
43219
37302
90259
54647
63572
45535
51601
51069
63118
16847
92839
84550
95846
82208
12199
70229
82054
45634
46504
47986
7459
92988
26774
67991
30505
22082
20581
81249
17899
55663
56349
70844
14748
58791
30095
17892
15681
94876
21055
34866
53009
14749
35048
82989
76983
71657
53540
33841
93911
91703
53439
89181
86054
19472
87683
81517
2569
49500
43372
66920
11097
56669
79935
42730
62526
42119
96755
39769
27709
27107
86478
31719
32886
16230
60926
37713
75867
66605
51814
89521
17207
40964
73452
55102
70782
73499
81756
22549
55806
23721
6019
5197
91056
95254
59724
72470
93765
54036
86587
78368
63519
17573
13607
75262
8822
93032
39194
77697
81098
58174
34587
97438
71655
14750
10967
46320
12445
62269
5228
70130
20369
39490
16130
38697
7890
149
58228
24708
47921
78906
81735
69488
80241
39319
53224
46890
10125
32667
18732
72046
96033
29728
68071
84825
7505
18752
14192
75696
92271
73372
96887
20558
74076
96077
89848
3420
71460
76881
13887
74633
32904
55901
75361
17902
59929
8855
58761
97402
81740
98894
98527
83128
59750
33095
93198
23740
42210
40856
76330
3607
96448
51709
33907
95078
4754
32506
41997
38334
34120
34089
70176
22283
93105
77758
22223
65916
24189
40641
64300
96000
83
64479
54074
33485
36316
95144
88728
11194
36080
70306
4146
65900
51728
36008
28283
66397
25959
95102
8343
80499
57456
94765
96860
38279
24401
19877
42505
15124
51462
63177
88603
99165
49075
86323
46526
29745
29690
6978
35384
40041
24171
71185
70943
70635
42571
76416
13127
45624
72379
2958
87025
52298
72899
56652
76620
69864
46593
73371
91682
92670
97509
13162
98391
77566
1125
61902
70996
11596
6015
61884
52805
67221
45491
44182
66136
30664
18620
73543
69450
10483
80315
72180
16797
26162
22110
93663
30688
44561
4827
47976
95256
39790
23355
38823
41922
65990
18032
53035
86468
16241
1229
12723
68570
7282
63072
23459
58263
16096
12988
20819
16403
26574
6967
78611
39675
79779
94917
37699
76919
26949
21048
85911
72131
89889
10662
90402
31652
93301
83769
463
85644
24826
66246
32562
9313
82872
38068
94688
86343
39998
72590
20365
83265
56925
76407
50404
7892
67540
22710
55745
43817
41071
29577
72889
41995
98721
44754
79593
59089
23225
69058
94758
20389
15762
87924
6620
94115
80839
66646
88633
46558
30267
15047
63703
58746
79257
61222
86471
12386
73441
4384
71242
12965
19553
84092
85840
81218
6049
73167
80597
95331
26173
83570
16132
46538
9623
86071
15096
87256
92707
49550
49501
42086
29066
90072
45069
27625
40919
77837
56056
54368
73955
20235
71510
27207
17906
25403
11334
36329
90829
95736
85496
5595
3887
19365
91873
5036
39654
13241
94277
52505
3442
85318
89263
77252
35917
98179
93941
55233
37951
28911
49533
11760
40557
59954
57053
47127
11896
32885
25925
1161
26270
32820
97505
86683
35912
33750
42675
84489
1337
45149
91580
16866
91408
54442
63028
36307
72233
17968
78208
51941
94421
71342
85500
54949
10047
41671
80214
94702
75131
77075
62046
82420
99314
11464
11167
79613
96132
75775
5562
16431
22619
59636
32083
15702
52007
57983
37090
78457
45134
15333
67394
67188
52073
69637
83620
86224
38494
54331
3035
54586
93381
50048
54415
7683
46452
88359
21769
70158
45504
40139
28693
88330
10342
71219
32402
17059
25920
20006
40360
47116
64195
19196
21618
20971
50449
77961
96133
49105
87811
99881
20771
23589
67443
20291
66133
52401
5947
83881
27373
36913
10077
19775
10810
68341
61586
53177
95887
83528
79893
49044
13162
12693
10929
825
39866
36967
17370
56659
80242
60431
71402
9617
45537
34974
47784
93053
88693
1201
82843
15517
70345
32382
12169
40448
966
55735
22104
13796
26187
96919
94428
30198
28120
19873
47199
2312
21224
28044
75175
16045
17782
39469
95813
56715
94930
66150
13503
39802
34480
90554
96434
84585
87722
92061
37829
10309
51260
78489
68348
98976
38069
46248
11253
97236
40771
1310
52707
134
83025
14050
73323
26386
70053
33457
51725
64738
37339
64212
37367
82143
8469
54376
93586
28697
22538
585
72491
76923
81389
93719
96211
83355
51697
83427
11421
70592
49121
8438
28244
83575
86640
27469
58250
72329
19102
4405
18101
84926
19034
6360
31029
37655
55145
13520
45264
45711
91783
74207
30463
4823
44377
83796
47208
60411
8276
18202
51031
18461
19141
14653
45483
17398
5671
9417
46948
1004
20530
57760
57602
5604
27430
56902
33453
194
29271
26554
24335
58025
34296
79765
48391
94082
64023
36704
33995
37682
16529
55129
44456
44864
75397
53769
28799
73792
82679
10668
26568
26728
1998
96849
60188
42767
54504
59627
33287
30322
6634
16996
61964
66700
13763
46458
41527
76851
97009
7071
41157
45092
55084
26148
22531
23972
90395
82855
89643
98180
44141
26961
16088
909
97591
79550
95104
51750
51343
5756
54361
61438
36126
46629
90640
47132
33659
115
65874
27415
43637
29552
79755
9625
98220
34696
28694
8971
54009
24687
61370
77903
13702
54699
99223
16505
98024
86618
49629
21658
53056
51576
75231
16413
93034
35860
22377
39710
88416
58367
26601
65835
2193
91793
99812
97452
23292
6754
90050
72847
63884
4598
75849
19936
33352
74465
65688
50233
96217
19367
38236
22739
60425
69706
37569
37690
15334
85479
18327
38732
67137
56656
63358
15434
90028
49849
21001
38818
99906
81926
78646
30888
63063
77279
82339
4787
78556
46170
38009
60794
86589
16884
84015
64170
41924
28836
74363
14263
74856
59602
78034
2777
14746
83025
58026
46470
26355
46243
37788
59286
51041
93576
91564
33047
27964
85489
85993
25384
50118
78411
46348
4849
11718
36270
86109
20948
20258
99466
11580
96287
5669
2100
58809
36611
11600
28294
72294
21631
3884
45846
22206
33670
68964
93860
36551
44460
47643
54686
69034
2152
58658
24932
97238
32680
60240
14805
49946
98144
69891
89398
80625
83675
3454
71880
34282
32846
26682
84542
52541
64124
96582
56005
37427
71556
76987
62973
52622
99549
55111
94983
46964
41505
13682
10136
78937
82421
83064
42853
83067
50184
25857
52030
55792
99771
94978
4861
34484
47880
5294
50185
47221
45678
50379
88067
67592
31840
47334
16056
60058
26568
28144
76202
20641
82610
27356
24895
41017
78084
40622
82567
60077
32353
8373
39581
41916
35404
89253
69377
88983
27200
56320
5505
95516
44351
40819
49972
76484
84510
92425
9555
87373
76287
58151
92472
68601
90329
83118
62864
67078
93045
37040
79619
37653
42353
67853
59915
85979
98586
66840
69935
65083
3581
97435
81088
34393
62318
60882
89351
59311
92083
76928
38410
18379
79826
86921
46236
29963
56666
25161
80272
69156
52039
17506
28346
15674
89081
32967
18984
18949
39863
67630
36277
27850
89175
87681
93626
48993
15968
50849
18228
18842
45130
47544
50011
71231
45200
37702
15042
75507
71490
83190
79449
46946
35888
57153
29673
22776
99888
16232
79851
93228
42337
92326
56188
57243
3161
56364
32219
26827
53906
29245
52946
50431
25486
4420
64163
52267
51351
45253
89199
93079
14377
57497
2700
12298
24121
2033
66359
6306
16292
81005
77906
16063
29139
54347
61149
347
39847
56078
3014
65561
78630
57887
21822
46948
73836
68519
33702
67963
55809
84000
50368
69060
29578
44976
4706
58038
78588
64328
17465
65214
91738
64459
94210
19303
45124
13124
77970
9017
89163
97071
95610
66825
72456
53688
53823
96609
733
57377
75278
68225
12950
53684
75651
41393
72904
95820
51201
59875
55916
85517
23547
79936
24554
84148
97942
30628
61256
11116
66789
25504
23708
56091
6849
98322
49017
58048
23158
66469
84221
65119
63734
94744
56894
6966
50178
78016
62087
97057
20959
57462
28593
33201
801
29517
32220
27165
52573
48102
65199
33456
89163
87398
16757
30046
70414
14135
99498
65397
40515
33819
47820
79150
61367
95802
61725
49735
67574
65746
4210
32846
57001
33838
18940
8904
94720
81313
68432
19134
66696
34486
263
9058
15867
36470
46707
53786
38110
74977
76651
56376
68281
30329
71204
55735
3208
20709
2569
82384
17104
66496
34926
70634
69688
90622
23285
76963
70751
7455
8796
84008
113
1710
54524
65293
75566
50326
8639
75315
32067
18231
90044
91583
97405
46528
53561
23184
26657
36626
11416
95863
10737
39435
74508
77499
835
3579
24695
73072
30320
92412
2236
19823
15693
78533
5853
41899
72436
67489
81344
4893
33255
93742
15521
26976
69370
4
41180
91741
26838
60603
75654
21742
57656
32749
95061
9805
57750
13270
23165
37128
24335
36224
96748
4164
53137
90131
51769
85851
80610
3895
58565
37177
9727
7965
92750
91093
36507
6746
86281
78852
57121
15018
10919
557
41355
94169
77324
38858
79712
11908
6853
97353
38276
43499
9080
69459
82266
63876
85694
80917
14319
45490
95930
80623
82188
78344
89087
7009
63077
59182
75836
88093
54301
14366
85877
84536
76747
91580
21439
72659
25157
82305
83496
15054
19129
28567
19785
62511
77641
42532
41169
11527
7029
21932
41833
94003
29699
9284
39824
67450
75180
21118
11030
31571
19710
88560
41910
28280
65948
22947
93821
59965
90899
49113
59371
63297
70814
67701
2312
90837
19189
44584
41172
29296
47378
82150
71319
41344
82006
19856
30657
12006
79668
29005
63783
19774
48899
91419
28632
68395
88271
77973
42988
13874
18490
94604
46151
70087
54301
97656
5253
95597
34980
63565
66213
98507
71586
74375
78866
61443
66637
69717
19943
68015
47955
99143
88458
61745
53958
94788
60733
91934
66614
35726
84232
91796
41240
55991
91427
49660
39579
10302
72301
91237
3800
79800
30259
42157
44421
89590
60225
52756
46138
85649
70144
4595
7083
11086
39425
85174
84379
29263
28494
51047
28312
62663
83163
37709
21664
75055
41091
71715
1457
72014
94493
602
78885
24511
90042
18524
60032
25632
5519
23371
49309
78348
25216
72164
84329
9822
53966
14562
70711
69114
23312
48363
43307
74316
83171
58843
82621
87606
71398
35273
29145
85470
10663
48310
9712
21734
93776
49901
55785
41617
71435
18035
71238
46029
78606
82657
77675
54966
97474
1716
11027
25342
32885
6947
3390
3057
90398
37011
9046
76960
84523
20021
22319
23775
65041
12034
83335
32233
65399
48897
98874
75325
2482
29972
72317
24124
71625
56448
91342
37288
61814
19869
3333
31149
50932
35560
18313
7686
55923
63532
86539
78544
64956
91133
94705
233
40475
587
99614
10449
21116
94152
80174
68937
12021
82461
59567
48184
31300
60081
86308
17564
86131
42246
57520
79901
89264
94535
61132
6902
40248
42209
38888
78546
29843
88302
1436
92131
42308
67064
2683
6830
7609
87926
75596
55902
24659
64307
37171
38315
26887
57811
49065
93058
40525
91170
4428
16007
85092
30340
51252
9491
6283
72026
32960
50746
71391
23672
45391
30578
54183
56877
53883
15918
42606
87038
73781
38301
81724
90342
46522
50997
51369
48075
97374
43273
8446
19036
61007
62405
50027
2000
32783
1211
62396
50649
41790
82099
93881
76609
31976
60778
60714
99551
84349
87966
3867
61372
15323
56461
75358
29139
10044
63043
23730
19326
67832
49391
58175
21384
4921
91749
6454
52618
25193
83436
84002
77736
72241
42417
48405
24819
90310
2801
10777
13564
13921
73740
4494
4
64956
29841
72658
61097
19541
25342
79378
89627
8357
560
98373
75932
7082
67574
14095
69747
60296
47687
29021
13188
36866
13945
87013
51806
60184
62959
15317
51006
48816
55419
90363
68870
45696
73758
56058
17408
76643
53885
38549
93016
54754
4008
29191
26444
5107
23356
25341
93443
55885
64237
20886
46970
1256
47571
13894
44485
35087
951
64490
3412
50438
1766
37660
86173
57298
94533
30956
69163
25549
15251
12260
17826
50573
82678
42730
40933
37202
68607
71379
50014
44325
67959
50757
69485
25498
99567
63395
84029
38034
94246
97571
42180
16045
81820
9993
32476
98029
31422
73245
94262
3587
55836
56032
12654
46405
92092
10722
23532
64644
72258
21194
73686
87648
14000
99318
25186
53332
21535
2302
29860
28030
77999
21127
74128
74255
18569
45336
39937
23906
43759
18847
80041
66112
16731
80468
64466
35558
18954
33791
85500
54662
92734
1616
10820
85873
83004
39023
78370
20511
41512
85820
34152
48184
94448
71120
15564
54379
21427
43862
43771
86481
26013
74683
70752
44511
26257
22159
37437
28816
92168
20348
68432
11621
17207
66686
83091
41723
6599
1
83849
62286
79764
38171
75751
96248
19462
25368
56841
26833
47362
70982
26748
98108
57551
67417
90883
66851
99172
8357
98404
36639
21515
9262
79222
20907
62573
66423
81370
82395
96951
39609
54488
7596
60652
91711
69670
98473
35178
58181
43873
64281
6028
29892
69686
45912
65062
55046
2146
50970
48508
29828
22948
60919
25311
72970
8977
38884
4470
56626
13078
42797
58211
74253
30240
62554
47729
24987
34810
64630
30798
87018
36599
92348
93707
76134
51973
30237
33991
16898
11750
7274
98683
78678
32210
28537
15789
56219
1823
59908
71038
26505
68702
82131
76641
54581
85920
51558
89813
81111
31643
73247
96923
4248
17247
91267
48208
2160
6718
35280
5368
86027
92023
76549
19018
56796
62078
40982
55460
466
83497
30536
36431
81603
53068
13422
85379
66127
36056
49863
72228
43606
4125
88883
58430
2009
17801
49382
26457
3085
85682
24304
10392
67587
43398
11314
33145
84312
74032
77629
22278
13607
31414
2931
98203
38740
86043
34701
71381
38969
55609
48368
29461
541
53712
78306
56677
68372
22023
88854
62540
11546
33341
78472
700
27491
24646
3725
62073
6389
86304
98127
89313
49697
52917
30240
39604
53816
71463
87476
28580
53800
60692
70527
54724
79487
41952
19158
88249
97993
42809
35653
82231
68512
87281
67851
5612
6556
75348
66806
69800
20262
7129
6977
88830
52388
74314
53201
62720
42107
72841
42271
35198
3662
64401
97495
82520
17379
2993
13666
27340
75723
29259
45059
28264
15180
70221
93499
97805
55667
86523
3244
79447
72286
86163
54072
26719
97418
96293
71740
76759
99161
41095
41803
28910
86574
79462
19722
59761
84787
35225
79249
53114
59883
27600
7690
69909
13397
97326
2084
96616
86557
11351
46286
5867
73318
11048
51897
31831
63188
72376
73217
8782
49051
90794
54429
62271
37958
68171
10873
70143
33189
18948
67607
38583
57372
82287
90149
37652
34341
91203
95912
16512
72050
61554
24191
32544
51497
60792
875
72992
4298
81640
97610
43710
12041
91610
84115
38852
92931
24161
7175
81654
70588
97073
30348
59149
50750
14466
28857
51126
12216
70354
51014
5799
27443
21118
88591
44470
37287
65997
65972
40936
46888
43866
93107
63760
98308
72121
52226
95244
79623
39433
99956
6646
78304
24566
60081
73356
6218
74852
28440
96267
87142
36099
86386
70914
29590
6513
72034
79139
74001
56315
35857
61466
85086
50546
12054
27331
23845
6137
55395
40988
43231
70720
52131
66481
12145
87538
1183
29712
37618
58825
89346
91043
59171
63839
46533
92450
37651
68738
21871
55373
95975
82923
48100
11747
66261
3086
53721
24168
92300
97271
84736
65263
30571
66303
61437
46725
32344
11371
60728
48385
81611
76959
29494
23123
20957
31868
34964
96905
9268
57430
45545
33398
55022
20229
17006
72251
7937
11485
28394
18757
84094
13996
30363
19599
71460
42950
19947
94725
47272
33701
43166
51107
14625
81038
6120
33871
92424
31384
59869
40265
69867
52951
17787
66197
6296
67290
87792
71463
65838
88888
37800
13540
48267
33057
51509
41714
80157
80111
22104
54002
59805
56783
9554
76636
15075
47959
93419
15568
88859
51999
35668
45076
25895
18457
7322
34539
6256
30057
27598
38748
5506
30293
62763
54128
32394
66248
88671
65604
97306
26832
42606
52474
91527
86996
93003
15588
17389
790
27924
35669
11059
72847
77905
77893
74061
77946
54146
61635
73109
48354
17119
42310
64735
24879
87281
31221
65530
72935
60646
62195
54410
91502
1121
37187
45278
33582
29809
24797
71664
91036
92302
44389
67936
5809
24638
71396
74319
82878
79347
30853
86286
57756
34843
48231
84850
34571
72912
69001
84909
49607
48438
17688
50235
33143
68347
11963
48996
37226
32517
18574
4617
59488
5741
45557
88658
488
12010
74480
40540
96841
99138
461
75673
77904
69874
34922
95364
66103
18674
91269
64293
62544
68466
13282
65340
65278
75290
32586
3215
42394
4291
44142
11768
27251
4343
40589
26579
32162
23780
44429
7797
45182
85494
10178
89252
56024
65502
77822
16656
76079
22833
84524
35208
16730
61627
13610
49880
84243
10311
2500
71762
68100
80964
88808
44272
98559
18853
6340
45162
67568
52713
43636
93515
73636
81903
82556
50410
51887
58148
20280
69663
15519
49732
30546
85632
93156
69518
26408
51775
80518
86927
55823
42160
43846
43742
82747
85269
67435
64071
90771
27
54006
57490
15557
72162
60785
69960
76702
76129
23265
76842
91223
38593
99364
84466
17678
88419
5708
31085
85804
98415
52219
74636
84417
90858
55803
68102
68830
41003
9700
61670
91298
43796
24127
20036
58035
69981
53626
33673
33541
69691
7442
47110
26136
85701
35215
82476
8771
43759
1329
8262
69057
92626
75407
77652
70165
32857
44071
2079
84165
72086
88870
78553
57464
1383
36943
39885
27960
59522
94948
16084
3843
64382
29071
47529
83144
75063
27746
18369
96228
75321
7524
64719
70947
2372
84804
3965
48840
29500
89179
33126
62787
57750
4546
26567
69224
73651
44072
94663
88335
28081
77370
58656
44730
41577
45778
71019
14886
6994
42444
31065
89795
87422
58520
98989
48769
86910
47960
51477
34283
38719
5891
60778
30311
41296
45893
76836
81271
48945
21825
40493
18272
95104
57218
96468
87802
58766
21390
90765
77001
46667
34226
83900
14235
96929
36676
34073
98429
94221
75009
17217
81816
63023
38557
28532
80669
30879
13299
26262
36972
52597
48101
30477
55234
3531
70672
45178
98729
67685
38898
79265
10344
20842
13772
92353
27186
31298
75957
5983
47475
81588
14736
21950
62314
67172
18184
59550
39511
69156
78290
96376
16826
68051
55977
51316
36121
36650
90004
96637
87512
36999
23060
98614
76250
60582
50907
60526
9705
6703
95197
94699
40472
37782
50098
29227
51569
2707
83008
78560
57066
84805
41254
19443
43497
82793
30038
52154
71753
26375
89469
39536
98672
12602
79646
35594
6842
77139
84604
70686
19521
25541
57521
63047
33843
80832
93624
17881
21809
83701
19444
79686
17175
52772
52084
37465
5810
23535
39680
19704
63667
21916
83273
18312
74333
954
74747
35808
85310
32296
8850
76212
43156
3323
69683
72223
83290
45426
21191
88917
33060
27356
45075
22893
48572
2303
94370
61428
87220
15595
15263
67256
45558
79872
62516
52530
2463
10187
19295
58532
40928
55920
75508
43159
4492
33722
12020
92320
98288
85385
3234
23692
40811
9506
92750
35258
56122
53414
16397
69222
27853
38630
27189
21334
10501
83092
39187
10441
31374
2399
39648
43673
51204
48545
25159
29702
28233
19151
60788
81037
39794
33847
10055
71154
43119
55264
50790
12335
38546
57015
12670
85633
79907
82897
41751
98134
54516
79881
26692
91051
46433
23841
27907
20288
98524
78789
69943
93115
77242
65580
98050
89310
10185
69107
8205
73927
9530
23808
92755
86220
16615
74166
80991
66503
92807
36662
84733
56805
28453
36331
88406
14566
57036
10852
101
22166
3866
36756
7286
75655
48344
16151
6663
49807
52318
12624
25383
61713
61826
90625
48906
80177
57611
93552
36405
35693
52083
91739
84563
25173
47414
21764
46040
37291
76146
12528
89137
99490
30374
16550
39659
43836
96333
46323
12959
70326
24734
44380
20356
56881
55183
76443
45428
46592
22336
49300
90242
5075
60216
14401
55643
13818
69878
48127
8884
56436
3069
54665
61083
1438
19856
30605
74856
33755
75212
89651
90035
97836
8196
98938
86014
25909
55392
42981
91766
47535
68214
54985
21175
46527
83613
7044
58282
58336
87447
81416
74635
46292
32973
5825
92555
27041
73844
31800
37692
17871
39092
35279
84029
24012
34662
55250
14581
92599
50849
8498
76303
77783
25938
44295
81598
84418
14203
23986
33409
28592
10276
93550
81457
66629
69907
92723
90309
22938
98994
35764
34709
38525
51703
8819
59557
7484
72430
75223
2480
25197
96550
2362
44573
63825
58826
71414
86948
70751
17432
13770
97416
84395
7207
42293
58409
89440
10913
62857
72476
51117
54313
53452
11896
41365
11322
28541
90159
88572
13339
25406
65644
73733
39738
84206
32076
99293
28453
20127
86351
15499
97822
65575
96229
70987
5304
97324
18566
36405
65008
53269
49714
14379
65479
99722
38611
27142
52627
13606
86687
47446
21434
41824
69058
68671
64204
5086
29448
83456
65873
83353
60563
88047
91435
42824
43256
93135
44735
56627
13562
23738
22279
45743
99062
31137
30989
28579
16153
11
92375
2895
91711
19502
36204
43625
27870
98410
7383
8449
34307
2778
86671
35937
99288
41182
13266
990
12073
3072
53416
305
7927
53929
89381
54507
51568
39100
61120
80988
78418
41783
82501
8393
1434
59968
12391
38597
92181
55427
69936
83624
81137
53545
46588
11788
35695
64148
35584
54242
35055
68262
70232
43178
35298
2656
76166
33721
57124
69454
10559
36105
54020
86181
55063
97282
25984
10987
51493
13890
46553
96026
73326
84951
26698
69789
37608
24702
17591
47184
53922
61905
21193
15742
78378
61278
2740
72579
19976
57671
45066
98383
70170
88604
86114
65774
85197
51460
99359
3698
89752
90351
70710
61333
13754
83306
83124
89043
58380
63575
74342
88456
41466
46233
5270
74866
64573
31730
66428
86155
54168
87079
96192
12825
9202
81482
8871
81461
33682
88737
1412
7149
45798
13316
72998
28585
11158
54269
72172
56338
52392
41756
19022
91600
54357
31253
60482
41930
64919
58333
82558
98830
40863
54168
66995
85548
10858
71513
82598
52993
71875
76507
62978
14974
77514
23239
17171
96881
6766
36665
34469
15232
28017
19839
48720
65224
10336
3875
81039
62069
36358
20330
91212
19085
15827
37119
53053
13287
72835
7667
14297
3556
47845
66650
93263
67941
38255
70804
54589
26012
41355
97071
772
26521
28372
56143
88650
39679
5017
86065
51853
6222
88664
28214
64605
14833
12209
23973
23473
47319
54416
80211
18713
66802
58283
27220
318
88847
72870
10180
88596
14136
49510
71451
11812
51820
70883
65909
16564
77200
66384
73066
10118
50411
76648
98765
21323
72454
55643
4573
12712
62424
72280
25872
58364
10182
24439
91245
90198
32180
6970
72815
39316
59690
59473
57177
16653
92793
23877
66679
98184
13599
97696
67638
95347
43354
34446
38303
32961
64278
38345
75385
78140
23908
49284
68877
11458
33034
59348
11348
6703
18042
48777
49393
14156
55136
12552
24168
34053
87648
29067
37712
54852
27910
97521
29843
69153
99525
97993
14253
82506
39287
87440
60278
39685
85587
80886
53872
82358
82133
33131
25268
94740
61060
70815
36754
33385
10630
46462
54373
50538
2988
95117
38183
88459
25428
58257
20595
98218
6484
63896
79138
93620
60927
74793
39594
32784
51479
93130
40790
36197
51528
7214
11802
40332
13463
30993
48294
64614
18591
2097
14163
543
37931
66061
96715
75313
9120
1552
36848
86243
42833
36859
77817
91840
43699
65369
44740
21153
8977
77881
96031
60135
55871
43265
91699
51952
3036
6001
92698
90445
37038
71313
50573
74109
94371
48274
69969
50331
55118
31505
20362
56356
44555
74945
5110
95596
96832
75727
54228
86911
12020
15917
99311
62565
62569
15293
85121
22078
39044
1374
33226
8953
36228
84659
46251
72178
32343
15391
27218
11735
60126
57440
3642
98359
63558
11796
82600
34221
73597
86498
74500
39499
8474
14648
9619
18553
93803
60949
92257
29648
10117
15478
56783
51169
28548
29893
14136
27734
12183
12901
84806
89477
36509
68195
18021
76231
8829
42926
73371
55519
93867
66995
65011
63052
91311
46044
24919
46765
86965
26067
24466
98740
99586
9579
14531
85428
93152
48787
47964
84043
55239
75226
2078
8359
58381
96740
25979
85831
15610
79289
5650
19179
23463
39775
99155
31473
62851
19730
36880
38594
37196
89611
13262
65153
66207
29345
30937
61212
50358
25654
29440
20808
72478
69830
40451
60225
98033
52065
27540
53998
61708
91263
17353
11532
14895
10423
34086
69309
16689
69515
45809
1466
69859
62388
36415
78907
27614
54636
57651
39881
70398
69165
8363
40585
14172
67889
53061
46107
40868
61055
41150
52559
80005
29194
3567
3985
88905
19748
22188
20116
21003
29366
90441
85608
12680
61933
91147
92175
32235
8782
56359
22555
48905
49296
11697
45754
76032
79952
82074
82332
48202
72869
95593
61330
471
8816
21858
89907
4523
93451
94137
42317
42271
41651
21625
76382
25112
35483
55660
25863
12644
78071
820
34500
10893
14095
14219
84503
6456
91770
1122
3088
49448
87743
60420
59721
15017
56814
21569
16075
48318
84048
80757
72557
24451
68066
15876
17866
49011
49079
23503
25480
8043
6180
45728
99388
45974
76004
20686
78375
39799
40300
60898
4279
74794
19233
43225
83924
12245
46265
24759
69029
81605
90189
61342
88581
3357
86244
70502
135
63223
44835
11734
92041
23856
6910
1059
84422
69089
95094
84419
3428
53126
19048
15766
82223
7172
21047
59510
56005
6048
35048
88042
8841
37242
50099
61499
19965
56376
29653
58816
76721
34667
19430
67844
6650
13350
83769
21281
68466
93684
33051
76923
98030
57330
19174
36144
78309
9996
81210
6600
75775
92930
14547
97963
45868
66946
64474
15017
80670
61039
85367
23393
27721
74051
1644
44686
54334
30670
4275
99104
96033
6319
38905
37798
72342
80279
38466
37909
7924
53952
60380
4661
49010
79418
88908
77921
33420
85216
14134
43737
79720
759
10627
89974
96885
73692
52977
73122
65632
8280
38854
27956
23561
94814
55309
3525
79707
8202
97424
55599
5133
4115
75479
66629
83330
39371
82063
2584
31716
93785
16962
87678
97874
58750
58827
39285
44510
31036
40308
48024
37374
39281
97689
46339
75094
3755
50006
22675
89900
23311
21846
82728
73713
82776
80333
49514
23935
36512
92482
94568
76811
88007
12441
22252
84661
36008
57160
45738
89934
32963
31474
57455
18153
13633
80856
78049
25381
10507
76908
31338
38654
48971
42026
38102
34918
15807
19729
67537
70276
89086
31883
23840
95543
96995
4603
12360
58582
1001
15338
50262
70544
58398
42295
58516
9595
7893
67001
44740
86500
70445
90273
4805
17233
6725
31527
94405
9085
11151
61517
96560
88781
15869
77015
95887
19775
64527
62897
50644
78665
90844
23178
7636
2499
33655
91864
96066
43857
66119
43776
35577
21232
67656
68253
46504
22376
56980
51846
91045
81010
30654
95645
34515
55562
37500
18192
39600
96823
774
27150
68964
61223
4889
34996
28051
13287
98304
78649
2590
906
10433
81742
8212
86222
91510
10162
80003
37176
1478
71994
17075
66353
96035
16842
50211
62140
36855
86926
35582
47499
44949
60264
130
45935
84482
95165
2655
39280
99605
14445
34347
44361
68238
77579
49661
56603
8906
48615
8538
82891
72121
18317
33719
38902
9446
73541
9492
76306
1500
23504
1538
50128
47066
24584
35752
46583
41977
77977
55662
59368
5192
78401
55188
41828
64079
48112
97105
39691
44828
18234
9984
77965
46553
65835
36990
74010
74593
8155
83389
48829
16641
65375
48861
26736
38711
2920
88213
68320
792
20852
13457
80712
41525
71981
51557
36409
50129
62217
54851
50253
38851
89885
44958
40741
40517
37136
50154
49723
54737
90823
27227
58734
82368
80991
76993
30312
84218
73372
20177
71327
62188
1543
74367
65247
35707
48833
7476
80993
56064
57487
97414
14490
33954
63412
46693
62285
40305
19655
20165
40246
28229
62602
34404
55709
22147
18710
30953
64310
51832
30707
97337
54481
52523
9574
63135
48473
70622
82494
59617
29248
51871
596
77081
32167
81525
63483
28052
89555
16880
52942
99897
40665
31416
30138
13388
67390
99728
83258
27719
97504
38300
55353
13073
7003
76644
57419
18681
55014
56375
88810
87863
60835
2283
39724
95940
26902
52050
25418
35012
2780
63070
81503
56986
94798
3162
48381
76932
30805
48209
23488
39869
13038
74221
9148
24757
34743
976
56839
82939
49822
52323
21364
86697
37918
6873
38756
3723
66318
23217
71023
19150
82241
85926
23970
3262
10660
34855
13886
93003
55746
24217
84830
81904
73836
58085
18601
75624
98222
63534
996
23048
99136
7911
6144
720
83275
97766
46341
70105
98915
28538
97454
33223
51000
65785
11673
74433
12585
43221
51224
4406
15136
82848
21597
14819
34973
66019
52963
40203
60878
75585
8549
23259
65483
54924
9465
40287
32447
36867
47664
82886
49875
96660
63621
85643
16043
66783
24230
32694
4569
99972
73495
89569
84517
36913
90187
51305
66806
61984
95125
93568
50512
19653
68862
87438
74348
97979
74558
93490
76749
94808
76509
82703
20588
35733
31704
69912
57457
14329
16992
69497
1579
96768
71269
69261
20908
26749
20576
82584
12029
54143
84799
20212
85662
35067
57538
87818
5659
96452
62688
40491
80451
12390
17462
30623
31170
44989
63929
78648
91919
80818
66163
99418
24726
16616
65320
49856
99693
58966
87112
44302
24525
7641
98335
5960
18237
64522
31756
43575
28887
52419
79009
88997
84192
1158
45622
69382
46481
67642
61305
74701
72234
98493
91991
99890
38595
21666
46966
1195
70570
59512
10853
19477
36301
46666
80635
51259
40877
66002
5878
94145
29339
1984
67824
2897
51906
67441
24011
37124
89692
84283
89572
48446
10500
9037
73824
67013
42771
92703
30328
29017
10074
62392
2257
46104
8852
65487
89680
60747
47366
82912
36746
94191
19080
53252
34644
8955
76496
8130
22118
44738
52086
51205
12006
82733
68533
98574
50807
30804
39732
66355
46803
27317
94228
92753
96301
56017
66326
27029
58187
70303
44363
10683
92094
99181
55014
73937
42578
42084
11381
20712
809
35941
32595
22359
17433
78730
89528
78164
17344
79479
79139
57376
81478
83413
60670
25426
67513
79991
14697
33206
71651
92293
96459
71124
50776
89627
66314
37727
40730
64352
28312
65141
54917
81454
48912
2602
43650
29332
69739
32995
95986
76408
59083
19522
16582
24613
7605
50432
63810
3815
61791
63606
12370
97434
50692
15095
30655
91881
84685
8807
32609
94610
32715
27395
79116
70801
79661
56721
12093
61458
9385
18895
13377
14646
83172
67980
67939
25709
2852
35851
46369
98560
47518
88879
69019
51871
43417
71678
91435
21762
57495
40937
34670
23180
46590
43598
27818
11392
7123
87726
33454
33620
59233
46746
20258
42283
56990
93989
42564
13683
43120
54558
35793
22884
40469
83427
92390
46099
53393
52111
41919
84856
61415
21323
86194
43995
52410
90033
14464
810
81742
19413
47031
55084
48803
26251
2336
17433
81365
39012
71862
63506
90874
39003
14091
94110
33444
73833
66299
47689
14740
28708
67633
83179
83725
62959
38321
84360
35626
54603
56246
99011
31726
15276
34582
38955
77039
12381
98646
94293
45542
55102
13390
73948
82432
1582
27816
85467
17012
48300
20975
41232
3756
5958
18640
2261
76929
7461
2469
44326
34061
94871
88135
99395
33948
62599
36097
28597
3225
51768
2398
25821
57616
49588
62870
42984
49528
76972
22297
59473
62035
27263
29056
81735
19558
35451
77135
30497
43227
22905
80745
59454
84823
97538
1240
61970
99905
66363
94009
21699
88761
30653
59661
9089
49943
58168
72869
41848
93332
39280
90791
82129
44630
48598
22006
12675
83221
74940
35294
3747
53896
39389
19780
38043
97233
76823
72906
97122
9118
1764
46888
8341
64128
40149
55848
34567
33769
14580
97933
30431
32184
4519
45819
29449
84150
3875
5899
68567
66415
75423
67987
9413
33748
71905
27283
34799
31043
83604
2686
85045
52000
41925
96113
22908
37323
9269
91667
65176
65136
113
88700
42504
56307
12184
95807
66465
97634
64012
86379
91800
48150
72235
393
39615
66455
74779
79768
34718
21009
25355
1599
23654
99369
65605
90944
46550
27709
16212
30820
39439
49093
52143
92031
21416
84127
85466
7178
2985
59641
97872
98619
22999
22260
46457
36239
80052
87443
45828
21643
18203
62486
66119
6126
26742
39550
28541
25823
26813
35950
70164
93329
19186
39491
8253
37582
90259
84888
60005
22224
57363
19549
31911
86791
31799
66318
83242
56606
29374
7348
81638
22017
44913
10923
90535
41062
26685
49704
68642
58862
88924
87319
85393
46590
35540
13424
55502
51780
75277
58717
72418
93794
47874
8136
22486
32892
94601
55089
975
43682
300
32149
16256
97155
73522
55214
93655
66573
2961
79737
42384
55825
31476
85827
46607
80079
22145
96317
70308
15576
73930
21364
30273
56488
22884
4233
92095
41358
13165
78965
28834
27183
94109
93800
10729
97764
50945
97942
59518
10705
70570
8994
85901
68693
3685
60765
90027
50130
83399
56594
81786
6108
77200
4197
61084
71377
58196
23745
46800
63204
42781
71873
77775
82341
65110
60716
89395
40043
46992
48289
8554
83140
13662
27511
12841
49528
37286
47290
41499
13502
75171
5884
81852
52905
46442
57964
50123
26781
44311
22260
89615
96242
96243
62814
50034
90346
40204
87587
82211
46235
88026
14028
3365
54256
11268
5996
19354
16029
90627
87514
24255
88175
17553
62224
77288
3623
51971
45555
86114
55167
63621
3320
80815
92852
30394
8124
52606
29041
79871
85155
90302
33457
60200
84513
57106
63616
39819
78335
30241
72280
35268
38321
51323
46849
79769
90789
85774
47945
5937
3356
47359
97242
7179
34173
2621
59338
86554
59426
39333
14803
58109
95654
33780
87782
58649
85114
27752
89543
9335
50782
22090
44700
71663
35951
86090
19304
49183
83188
28761
33043
56420
50614
25047
41021
8836
34437
42976
44457
96506
15889
87522
80521
11614
52677
73905
51083
75942
90814
39217
91706
85929
72945
79255
77234
58019
65825
16215
81561
86139
61776
32864
59543
58618
17834
72929
79241
28689
94802
91811
86571
32658
57441
70920
27461
48056
1623
33379
37469
27505
72339
76185
43144
40436
72013
11506
18875
11938
30218
782
20676
44416
45369
61359
85095
40378
79556
47883
78715
17031
14552
88278
65531
53680
45197
2746
4657
57150
75522
16110
36190
55967
51871
68418
431
83858
19887
33944
82008
58928
7270
57079
27456
3841
79697
28315
18608
40768
21311
51387
19039
22188
18720
70992
16926
7566
72710
43173
57898
66220
28908
85435
81827
42165
90243
81925
43229
39345
11373
82353
29036
14597
40454
13120
46421
24840
91847
895
23591
36283
69437
3051
87770
8571
39593
29427
52355
2484
61298
20225
34523
40560
95001
70248
44795
11560
30485
64744
88995
43921
16608
79873
91752
46279
46202
21737
87850
68316
27928
45418
83783
53286
19922
87383
67298
20133
38267
57318
65085
36860
9337
32662
91540
78733
83799
70775
53098
94913
71488
63088
11964
88638
78821
99971
25494
95521
4933
62469
83138
97369
81782
10002
99852
50257
29314
31509
15750
9770
33623
82465
76329
86248
45112
47751
91324
6107
53607
19921
79509
19128
8244
43921
58955
9736
59340
80803
83336
86860
92107
42640
19898
45399
15268
21907
52168
85105
51865
41912
93465
28688
29075
93838
18594
67153
72949
20112
72707
75279
91467
84957
12575
64195
38718
78453
56054
40286
2294
12376
10698
80972
57334
86235
43181
35888
87954
36476
71908
36937
97262
9810
97483
85658
44382
91756
58115
38060
90001
59201
9449
53471
91702
41742
53482
10973
86619
74134
54675
83919
5840
51386
36095
35393
59449
90354
89274
61158
37545
69160
54101
37214
24456
75691
49023
93028
52636
95000
45982
45196
79395
11073
53904
27570
33875
23818
50162
3345
98052
14927
53822
14341
5530
98430
47523
78888
41669
61743
61519
87425
24275
47676
4987
40731
59750
22946
24698
21159
87927
76594
4425
69670
59042
38600
479
55185
66134
84613
44779
49420
29939
68528
65229
11933
58033
44026
16397
69861
8867
20340
55892
2555
50632
59677
331
18695
67074
21844
11338
22111
97020
46020
54461
60851
39090
28906
12300
25378
89031
98966
70333
34524
83649
35838
8522
61895
25969
86761
95335
73055
59177
24835
76160
83616
7245
78228
62
12506
71373
92460
72775
3567
23837
91335
55519
4036
16457
83270
59814
44226
9232
42316
16619
10008
28041
22793
36639
3853
49660
34073
47274
39444
26237
12753
96853
87864
32307
38669
81338
75994
67657
26021
23865
11658
29922
55146
29905
81549
29149
73652
51518
99444
76540
6902
52251
57255
37854
44018
92307
27245
73070
1401
48985
14200
11161
64725
86797
58176
50285
73312
41025
16169
82265
24924
7002
3258
72225
26323
14000
45931
49349
56697
14223
31586
93104
6875
39651
40899
97393
60261
41995
70145
659
67980
89032
66361
45894
26069
84891
3554
50520
81150
78176
4027
27711
94605
2661
61004
84961
20224
5685
16386
38624
20759
55230
74157
16000
97443
35963
7834
74771
3351
50869
13968
43803
26622
61854
38417
76016
1054
42459
86592
74667
66957
65558
20528
91640
15262
48345
29517
44071
58240
19879
43328
76498
14449
82671
43340
62111
53260
97784
57318
46804
98899
52872
80098
63949
29991
88140
24192
19108
12915
75524
27702
21211
87960
46289
78972
94773
20774
1463
97544
87454
53669
73659
76817
99743
36122
94121
33419
65197
93627
57427
52600
73972
46749
210
56668
97249
68081
76269
44901
80499
44121
84159
90841
22503
85979
91238
99851
83489
54873
33588
54932
75271
20037
42728
37412
81055
34809
20542
30432
81979
41665
69379
19898
43331
81859
11585
27863
15336
83466
7292
75565
89100
45779
84376
62790
54006
20380
76216
13948
857
14984
79840
30326
15232
11746
69131
44213
13594
49586
15132
53278
44833
20561
83105
84598
9830
25830
41518
3928
34511
75609
59460
6339
36192
32667
61524
32379
73044
58835
82224
61568
69303
81686
62353
56052
85982
67021
43969
60710
22353
69514
17232
17478
35352
6447
52349
83454
38384
81849
53800
20902
94711
19555
27741
43347
4094
20577
70955
15429
48437
5210
52932
75165
23705
44599
46121
55852
81315
17998
37216
53407
7194
37675
16753
67157
89649
14159
61886
30424
54916
44459
61456
86671
53865
41229
91152
39356
67530
80005
75575
52966
30368
1530
16336
17953
66338
20138
25885
66401
17165
54748
40145
17495
52653
91299
94238
49620
2471
80907
10986
62295
25847
18701
79665
98418
29092
98865
98072
8562
35600
8027
42283
19158
18191
56153
86192
21705
35048
24265
28712
815
20067
44245
16789
1717
92489
43595
94152
88815
26986
42103
19554
57921
22443
821
65135
74755
77225
37978
25460
22123
89918
12671
2820
88514
92092
40159
34367
96149
65123
91156
16963
72285
45079
30263
74333
19173
69720
28889
8232
6948
93076
46926
81810
59034
57845
61310
15003
64686
24693
82857
76381
7760
49607
21042
75689
14978
35254
23458
62507
54309
41683
48720
78744
99886
67655
98155
67121
96441
95728
79984
63613
27377
56640
36890
22727
48345
87785
10106
76315
7846
86208
13323
39409
6990
93014
7958
4009
76893
37355
86453
9702
56538
24431
80869
3591
67932
22118
89381
27175
83048
72750
86891
40297
98794
17869
90545
47625
55911
93412
91960
71263
10327
99781
79851
45811
26432
42195
16691
26020
8867
79800
26106
7493
72508
76238
73261
52807
89727
44616
99294
16579
43629
9160
24526
94254
5269
42788
44123
92539
55763
79955
74738
84645
33284
20974
70838
80730
75462
33425
67984
44816
48772
73340
70003
65779
8566
50894
60523
673
37643
34885
13391
23479
69298
54772
89573
64904
52319
10613
48637
97130
72131
31190
82486
39478
90691
73210
8525
18288
51230
71813
43362
82981
33100
78108
82308
23101
80204
95108
63477
96921
23954
89628
67932
76615
23861
63015
63869
80596
17250
45922
3097
7331
25407
11629
28985
48148
19415
66094
78917
47778
24468
25163
95839
73933
32646
65506
40857
59743
75065
21230
4229
55180
11109
82099
24948
43990
7096
46050
60953
19481
39888
24879
33665
23757
80280
15152
35278
20214
61759
66147
39386
57390
18056
50220
80007
3830
69328
84506
18182
61764
71735
42866
85246
79484
60646
56838
35215
48651
92917
50086
50814
22427
62227
90533
86801
57702
47943
46860
32438
84371
82351
2012
84361
61511
41062
45397
93149
38898
11665
43616
73278
50997
24305
10652
905
21887
88244
13214
59522
73682
55418
17577
44195
92099
84205
87383
45664
9361
95258
48946
54562
30941
95385
56308
27858
52922
89858
89338
36016
23769
160
83842
51219
75163
53982
14277
75701
21151
57593
75267
49005
56437
17799
89130
38186
4644
59199
99417
45897
5148
44259
31121
6612
48406
66877
44351
73428
47065
17959
83620
57827
29789
93503
21054
14676
64430
22454
55075
78100
9474
26456
88266
8403
87330
25959
6387
4782
72274
40540
41707
32607
5932
96303
15152
7252
84508
36427
14224
20559
59138
13747
39276
21069
54153
35286
82994
72465
51378
93435
91071
77921
63201
94536
50710
55061
21845
56640
80114
3817
2475
14929
23506
47942
72619
96157
18809
90921
76903
821
40434
61794
79037
56138
38177
16449
55817
47310
68904
51861
46317
56801
85284
61667
44129
3273
84771
36230
29583
19003
71654
73414
8668
12752
93741
37783
34656
60008
29298
18889
86744
55993
7632
84695
4814
34245
49524
34679
58589
57836
82949
11930
66112
80152
93669
66079
4379
65051
46238
92177
38778
15419
78146
26869
88754
94443
34286
28096
51876
26319
50211
88679
8382
40846
95400
77143
44187
50870
69151
96794
56521
73645
28264
30526
29650
34012
15290
28879
42173
84653
72100
15183
91254
79523
42294
70387
43282
38225
59236
77418
90495
13626
49881
84971
16707
89403
27155
46963
94363
64249
28223
15197
74848
12683
37018
75447
88564
38704
99305
31663
7300
25160
36647
51131
28649
63618
88979
32680
44256
22523
48162
44748
7411
9106
17298
76871
57758
35335
49591
72011
92300
53087
83753
84332
96116
89134
3117
48170
84398
90954
35093
54565
91196
34179
38222
32408
80582
47148
52718
38117
81087
74572
40064
35620
10367
88536
13289
48924
16823
66229
82768
84344
1531
90702
79564
42921
30940
47867
28298
70817
24490
87886
51954
73153
63975
51923
85084
60366
35921
14993
74491
75029
53035
84571
10543
20094
70630
45938
62611
88743
14621
31702
83013
69380
11067
86452
34377
34689
20036
144
61969
19767
15163
10497
57326
678
86343
41566
77125
42355
37389
10170
83620
74580
37450
41232
42811
52457
12582
71954
69717
97254
97823
72704
61878
26378
29349
32595
33688
50848
19132
40924
5533
79700
85311
60545
84678
3031
71210
62796
59682
43004
97407
75971
10453
33876
9031
94693
77057
95920
48791
75703
11802
28726
77642
66110
43343
4876
85836
75527
38662
64886
69557
87240
67003
9304
22063
91131
9327
99376
11845
39547
88670
32868
35544
12537
96023
11580
69985
98756
6099
54385
36532
26121
13044
51962
32397
58516
55652
91423
16035
18394
53089
72675
24796
17121
56317
13511
27465
44703
65421
75664
17823
68022
6472
89285
3592
72973
22948
10228
33292
40934
52227
30719
72044
97155
61342
27415
74315
55173
45137
35118
82032
29775
29935
67525
80725
8902
21430
37905
77479
64276
78528
16738
4498
73479
80292
47688
90438
46456
57307
25964
80663
5109
78144
3988
89785
14200
80029
63538
76808
92124
62247
27845
59641
62787
61872
60668
18739
19677
53728
6748
83870
72907
69591
63002
24291
84137
84368
69919
36103
65021
38966
37597
45461
7716
60685
87902
41958
87385
44117
82582
31217
97125
70859
94783
23773
81970
17046
21887
19142
58079
62659
81002
91185
95978
19942
5355
83572
464
54039
52623
25938
29413
22640
75491
47856
92919
81298
59890
15883
59452
78587
93581
2777
92181
85001
47748
54196
40855
38725
82232
72420
5453
49263
16984
69119
74322
61637
5932
98417
87196
47646
17798
63258
94297
13534
77453
11774
81255
98200
45365
57478
89009
57629
38829
69741
11247
8678
18095
90204
5203
73291
41381
59921
34657
69071
35941
71147
48177
37461
370
6735
83751
38797
94809
70970
87572
32285
75215
23281
74002
61551
89206
37886
12684
41176
69851
8403
80223
7865
45592
2363
96736
18169
91921
30429
18378
89991
3520
81484
44139
66983
7329
88656
47018
49844
94169
62494
8324
8148
99725
92612
53646
65030
87870
7205
54548
84645
55550
24576
73430
2763
22068
22743
446
80564
71271
2450
8470
22133
6227
63714
56148
96334
86706
40209
77663
59937
59136
37239
76721
40981
19616
27096
60230
79416
25921
3049
64416
95283
25226
44906
66656
43619
51106
43569
71581
34755
62679
67364
74115
31989
47429
29275
69164
91241
33456
36630
67591
26214
25488
78991
16081
39930
72019
55780
89191
90926
37982
20444
91320
39166
46379
19917
77051
66864
35024
95269
228
14965
83544
65191
95230
69722
97042
52257
48855
37180
17881
40057
82298
28560
56797
68770
1668
35458
91463
91047
72772
94382
13686
58477
9960
85516
30822
29400
65214
98461
8325
99855
61376
17312
11987
35580
87022
10460
27953
92257
1050
2909
34404
31165
96337
35088
81245
9663
78543
86080
762
31054
29579
44949
40858
73843
83539
4665
50561
51361
19381
99824
74304
50524
32122
772
65941
76884
93989
205
74553
92784
39919
11939
5878
83657
31350
38620
1917
70668
18322
52454
33473
87685
38727
44479
51474
80325
35763
33311
25501
9463
18251
4048
30913
29938
56331
89719
50440
81657
92174
31995
13229
53761
21656
74389
27197
77046
94677
80349
73872
17041
12468
47375
69573
47140
55947
39825
49295
92642
97915
4838
97765
25740
91578
41114
10958
81802
13481
76869
35435
55485
59068
28052
50778
56307
81097
29075
96092
95709
6724
66757
47594
2975
16698
6355
87219
54311
46831
83231
88924
29301
82746
59532
85767
86579
39270
18803
5403
68164
30874
72061
5592
79282
75439
50773
69212
56551
78708
6753
3639
79155
45149
96596
70343
28197
76521
70903
7963
59514
12115
57108
86732
22893
4981
3711
43056
29536
76970
65889
94750
26060
68979
12942
88810
24011
82830
61513
63507
65862
55856
11185
2464
89280
27673
54433
11353
39371
70703
10867
26001
52998
38771
39181
63729
30221
80765
65833
17581
49547
5709
17548
10570
98411
17680
6257
29182
9945
7908
98430
71314
35586
49118
74095
15574
66128
90634
76258
12294
1093
8059
94772
39565
56337
184
38274
97240
40377
87553
97634
12703
76029
63251
14564
99207
96959
61792
11769
13445
93820
77342
18837
25120
73846
40454
54546
14651
34214
96788
55843
87626
48897
56168
61160
41825
2685
8522
65352
69308
34353
67203
55203
10151
17293
98649
29615
46884
37684
97574
60968
29407
99634
94782
81370
31095
58779
9964
98278
80207
31904
74257
23200
25595
55796
94036
43180
172
99306
54646
90026
88721
72310
38842
78907
40836
47605
86599
64170
81535
29725
32567
33852
72233
86097
85437
73404
41379
82125
87562
42037
20658
6992
92104
80834
87274
43822
84400
60959
24634
16568
61602
17520
93354
56325
57916
23177
45813
10428
52331
24526
85985
34739
79939
4045
9446
98574
50962
39718
4774
3385
6140
35496
44704
30401
42143
4385
95917
80216
52372
81367
34513
2014
37949
78653
21228
62233
36736
3448
72188
72256
28317
45712
58174
15805
99182
78389
61787
3037
18842
16084
54912
19852
41466
54135
55401
47182
25941
25305
20501
2993
13262
20778
91321
13795
90116
20667
28371
1862
18838
52902
24283
41645
8421
6760
16633
82351
64642
96473
16749
9766
63641
66847
33489
26510
54104
92692
55935
37425
63219
69122
6424
68647
45804
69454
60190
35397
45557
19996
6825
48495
78518
96047
34510
34182
31835
23710
39876
87541
38191
26014
70362
80190
68420
95630
44958
20573
85117
41062
55363
82846
30246
76977
54369
4000
88833
97010
41478
33498
35789
89688
35457
45094
87548
67598
46879
84971
20809
18882
40700
31779
53402
9946
29507
46439
70113
74712
80902
5867
85781
99074
40561
33194
84193
65207
90049
4119
86658
65562
39125
19974
57338
92966
21826
95823
45640
27600
48245
14968
85211
8836
22833
7274
99939
45889
46317
48847
77139
45431
71236
92005
76193
81972
5457
7771
90023
77999
70716
81769
72277
49580
26511
85492
76129
47786
56000
71844
38136
63485
348
17101
42229
8859
98378
89379
29099
27204
62679
8364
95850
77027
12959
33340
56186
67342
91167
16523
43493
56571
35607
49314
25096
62724
6575
2289
32757
72565
82331
32345
14546
21320
16541
73586
6189
80154
62945
49518
69706
74676
91332
76283
54429
81146
6253
3738
56890
56932
30450
32084
3946
74468
9068
59602
80884
63907
80941
5048
87641
97356
9568
10412
17246
78760
34363
13589
15784
2122
86839
54056
27547
79410
64069
82676
56098
5314
96514
67481
96560
71509
36836
95953
811
49205
65048
82597
36297
96180
45455
19117
34219
67344
27763
42357
84396
79971
27172
72472
6159
34238
44626
87460
67137
59847
2371
64623
81678
88611
43124
38990
71490
11422
92263
78935
56654
73113
49833
25905
49448
7112
29462
47944
80550
29723
5634
13982
5466
90913
45699
77205
52468
25090
89369
95152
51342
50304
55491
42783
29817
90083
5943
90156
7064
3019
82209
5777
36718
86110
31314
62884
95809
6374
36755
64795
70265
47190
5885
96411
80335
39732
68362
73808
66301
53157
75655
87885
53843
57090
80676
97941
19334
71153
2432
99586
63827
38719
19109
25314
79073
58614
89119
3810
32466
26729
45046
87213
89911
35596
23889
37210
81752
96258
16388
33322
97740
20630
99519
15407
12692
73547
61809
9476
4004
27584
10992
95946
76383
41139
42220
57887
30476
58466
93955
81389
98915
94148
3504
40749
57345
80067
17925
69318
41075
83539
35882
74433
18001
11902
50255
38950
76493
22606
90576
31823
15228
98909
99391
8036
18378
34548
56204
55411
58974
45128
60701
22946
97170
4038
89183
18045
77344
2290
95676
87481
4132
43542
95656
53233
54875
4139
74979
23247
52120
68567
3353
82769
39578
5449
34407
17280
65551
40012
95606
38161
12974
30607
59834
38895
75100
21983
23474
5229
52720
45991
8313
79053
27567
20622
34748
33106
57862
13359
76272
51733
46779
19978
31678
94354
2682
80816
58105
70434
60255
25514
75629
40685
16388
27333
72813
54586
57734
2022
34773
77811
18672
22440
96808
67837
96468
93404
23032
84919
12958
21306
7163
87246
95588
54757
60705
4793
61917
47793
9237
50698
60347
66875
14959
66037
13407
32751
13152
9422
1095
48902
58289
19855
75373
96090
13293
21058
81191
67955
88148
78381
85413
6529
14018
83731
17824
47591
77908
11005
6463
64267
94895
1880
348
69578
64180
25470
41410
12847
33767
82335
29577
75208
30952
82286
89436
4657
11741
3338
28122
55850
79801
51689
55113
6403
11329
87442
85092
47272
38982
17791
99277
56961
66530
90300
48298
72265
17964
11533
95967
88835
65842
28125
73544
27014
8669
47100
94965
61236
10070
29578
51196
9419
89435
71637
85307
2656
46153
37325
56456
3609
48941
20129
81234
80826
720
23510
86954
45584
79311
58529
51731
25012
68690
70736
75666
75268
55894
55496
3416
94496
33289
83946
35575
91348
15407
53872
19494
2855
33630
89868
64313
49821
66839
48886
62391
94133
13873
90048
72038
41311
34781
56857
45907
38896
73557
15112
671
54944
23130
61120
69178
26603
744
66803
41752
11401
90866
73076
19649
48975
89987
31296
63797
19357
35679
421
48851
37749
33409
80192
84232
47813
68451
60538
93246
65744
67807
86060
46235
70849
38252
62518
3255
43728
48713
32973
79557
83977
57484
73562
44860
95212
69672
8162
5646
27145
40194
85944
8751
92691
4462
69292
37703
53736
20110
75834
920
42480
84593
32891
38159
28231
71675
33371
46389
53547
86083
38766
18325
82446
81413
58186
73368
94995
66672
96045
42697
33931
91
71843
95647
75964
23431
81947
11688
24799
15739
12980
58630
7628
60185
23355
45468
87773
78548
28008
26419
83750
3399
25482
30580
22279
33568
47844
22868
97927
41485
46680
13786
93843
93899
29534
63670
9649
39334
59932
99075
53264
32280
41550
83189
96883
49888
24605
60755
49186
97293
75910
57766
78631
142
79335
90247
87628
78321
94956
65447
5735
61603
24528
16812
50458
4403
94138
33379
93752
6074
18248
13153
5782
38365
47864
1207
45446
92683
87589
80430
65984
47181
31457
90949
54704
92992
35117
56107
92540
73703
48683
94101
22838
25525
68481
22851
69536
32891
72631
11852
96151
64983
79442
21203
53282
32262
58336
38958
24089
58114
64600
61718
52787
72040
31716
48900
6847
97098
59950
58726
46542
33941
96674
72329
57113
70760
51313
76857
38554
55400
73709
89730
87636
77027
52048
17042
34224
48638
60275
49972
98889
48327
89946
82275
86603
93733
16315
82530
34669
64737
69217
90490
82700
63326
99269
60858
62280
80493
77831
97271
47749
64084
2283
67137
34223
28783
44378
28193
62992
53362
23698
18058
77883
69413
11930
65457
99994
10543
72909
48200
6638
992
11157
99243
90436
3819
87057
83587
33479
6571
96106
43574
25143
7931
61774
76899
49177
99348
57961
32212
73434
43965
89839
84743
93030
3558
75055
29946
65488
58620
68087
73819
4850
35308
83148
79892
54357
3896
31586
32264
70935
4744
91837
66249
35980
71624
48516
30352
39054
25155
65505
62122
5094
69260
22105
55316
84958
16476
43931
79356
96104
54227
5974
93272
35774
57952
84565
46848
53526
91652
11880
63118
56455
6349
18094
15055
22866
29328
43123
61502
15521
8883
32693
75476
21764
65651
26529
52750
60415
26278
17318
31598
43036
43444
45188
85506
2907
57431
33498
35756
94458
67502
76327
99729
82787
98367
43588
285
29540
66989
86445
50106
61698
89755
30589
91654
87899
17524
50807
25463
95676
24328
45381
66629
35607
4168
53483
17710
30984
39820
58947
93557
83708
15081
96797
13693
15337
95808
76447
61211
57535
4141
42691
55687
62756
965
70505
13617
78603
48544
44819
94490
33851
2790
78896
86084
66421
73069
29855
19448
74962
43236
62957
36507
21286
94326
64073
25164
40404
97668
24124
65443
73745
11699
85235
84724
73189
51427
50415
54162
1292
52636
11619
19812
54811
39764
9774
45326
62372
51446
59010
98951
3281
35480
85031
20847
5914
42457
319
80034
77654
78364
886
94502
73353
11912
45275
21835
14975
18792
13581
68452
67990
95243
17493
99148
39244
38522
24908
36875
2539
24554
64226
7416
90276
11575
26618
31516
17341
9266
72838
6040
66279
86447
39347
4004
96178
66556
42468
22842
91926
77370
87603
53879
62098
835
53118
42048
17718
88827
52247
37008
26263
73746
9720
38405
24579
5039
4352
27888
30870
86211
8767
18416
67388
32278
49356
28067
96321
1734
54221
7303
16283
26763
44686
47031
45484
95884
50856
36643
70601
47446
10550
10062
49794
13118
50568
14846
48227
4766
28123
23559
13257
25508
40722
74982
35055
47279
11395
74683
69109
70000
4643
69552
28821
97594
91979
31558
38016
42513
94445
61582
91927
97391
8616
96769
45677
47298
92590
48127
19539
59074
20157
60032
11945
36547
28665
49987
65894
72580
97962
68757
71090
15942
53118
10960
21271
3445
56058
33310
62091
74036
69177
48676
12687
66704
40142
72956
14366
23332
73191
40065
25437
79007
26000
49332
59161
95306
2462
82901
590
7965
37327
6881
77110
47391
94597
18911
34501
33701
77954
66306
92196
38104
86225
92285
75255
98265
83512
89210
48633
55862
47339
79620
35948
40815
28479
28183
98903
47782
75532
70994
94491
74380
15934
93545
16654
7731
67084
22944
26360
52486
69443
4038
87682
5675
47954
16056
39114
7526
59764
60584
4873
28866
22402
11282
64435
80063
43725
41327
20181
29450
75979
32430
92010
89360
27949
23396
57087
12428
20992
10888
96150
82488
36801
2678
1891
11210
67235
93861
68439
7963
38364
30316
1040
99241
61528
77218
10534
66806
53947
31148
26792
76549
12902
16746
67451
60938
64211
88256
38373
81601
50347
37185
85926
7351
12466
95316
56634
27339
91483
29749
94205
41246
23822
98378
31795
79402
85820
54194
95898
25008
11249
7817
30844
47236
43250
25871
89502
43816
92136
64193
82044
46162
91090
4824
26712
31085
35557
74600
46583
80943
26416
28956
94899
81460
38881
85302
29943
63743
6495
2648
58688
56098
29983
55592
94225
1168
84419
83196
67475
10696
50905
99549
11449
75392
2283
20176
67451
48172
52325
55989
57974
25291
83219
1688
937
39512
53795
56973
99266
71051
27739
4078
78062
62850
23055
28140
35600
78123
5728
71112
75719
36494
55628
80359
36264
67864
79121
40753
65216
91341
85277
72532
23117
82832
2738
60498
51235
62510
99949
44448
54522
9729
66213
33960
38863
84809
30792
91850
91532
77821
74730
21971
11538
55017
77640
67151
12926
9592
51600
46107
19799
37150
24156
90522
69950
35323
93719
18333
98577
30500
28879
60038
3757
89032
99867
25064
26504
15238
88762
36870
59780
94185
18031
48039
74524
73975
81173
575
21027
85871
35139
39977
12780
7635
94773
27420
11177
50058
67102
18156
9673
19582
3865
45988
10559
77778
94963
23725
90797
38351
40538
38839
55506
32622
17520
95855
65415
725
4262
81835
2694
17181
7487
23309
29609
77511
30767
54749
3963
18523
7180
76143
27115
70016
71095
45944
2434
40757
35887
68285
29068
64052
98306
92317
99407
18508
7239
61528
56940
59621
54172
41873
26865
79993
28295
75395
47095
28558
28369
67929
55236
60735
96007
85134
68342
63873
35891
55736
95208
11407
14241
88927
11486
86304
78761
86453
75194
10889
93634
49519
44188
2320
4370
23854
96336
49605
98922
81955
80559
25810
95998
81956
33251
85625
73933
55527
36697
898
26518
41284
50126
87775
81939
53052
40644
11053
84559
71983
26448
80510
62816
77044
62896
30765
68777
64348
15810
41690
49090
85201
19285
24525
66283
12418
25112
94724
51719
57732
76040
41219
25856
99624
36410
52715
32848
12539
20168
533
11122
65438
9584
88890
7855
8601
96
40735
84667
72105
89943
78796
59294
81979
6956
47032
11527
28576
68342
12081
83314
46873
17788
19522
21915
52589
56527
451
46794
36324
87465
27072
16814
71804
99855
68705
6786
2600
6680
24608
92578
71696
94004
44375
44647
33186
90808
13713
57657
80311
16449
19996
17464
76445
58518
44768
36618
61501
68276
63546
1726
41298
7032
47763
11441
73948
24648
8425
55576
50119
29043
10833
77643
83935
21276
66216
85935
76320
43526
55599
15943
98564
34483
62907
7119
45922
72546
52404
37967
54433
68622
67770
52313
63759
86965
60087
22136
30140
79447
80620
60134
85105
234
86641
77052
89026
75793
57573
48168
35755
61567
10907
81627
8044
81586
68914
4719
50033
74162
4013
45994
15962
65446
56623
22043
3699
6773
28585
20287
60714
98742
36091
1764
26744
83939
15875
70070
91285
72872
14330
76184
33450
41043
13729
90020
28028
22517
92436
57199
47556
44552
91051
94995
12704
27253
70070
92156
36493
38798
10831
60948
712
65778
93526
96815
98425
65496
64116
59098
98606
6
69900
80924
2233
22935
51466
83044
74228
89362
47005
8575
38417
96733
73615
61017
17857
51465
76351
81136
10958
76656
40493
72963
63243
34975
18379
78951
87034
55800
80962
34279
6253
44875
41643
24905
85701
5551
7216
10492
25915
80908
34445
99397
46388
42053
21428
58279
18259
15941
39512
47705
7802
59143
10786
19427
12030
48335
3159
83994
59317
58923
38658
15582
16
27710
5775
75506
66341
75716
24172
70067
70420
28675
8011
93296
63497
45940
86880
25827
29003
1199
63770
35608
52233
57317
6821
31456
51757
45143
98274
77706
53536
95518
4741
45421
94770
81127
19313
21157
98567
82403
96469
78082
94706
43209
77233
65260
62856
26376
28884
4874
68706
32091
92013
50576
90079
32120
60544
61727
28211
83162
50122
41044
24481
99512
47520
2953
56818
92034
49644
7701
37031
11423
84369
18934
27995
161
69981
41682
19753
24538
67478
90386
70085
30018
69424
12818
20698
44798
1913
1650
27062
38193
8341
69300
17223
4318
41504
68723
11077
12403
47005
10465
91241
39030
61551
38332
35082
25770
15479
92611
10364
86964
67558
20908
41307
37565
25438
38422
61941
89208
33778
98036
57683
66051
33781
38995
86990
5998
26227
24689
75829
46834
47426
95038
16602
63237
31193
62178
61948
16010
17205
38962
74297
14376
94053
28476
14755
14443
89210
90614
53458
67967
71797
9021
71075
2149
37213
77712
49240
92783
84824
65505
61244
95201
61780
83781
10428
13833
53883
93258
35841
28395
23926
67053
46157
88399
32469
4069
25151
76776
39221
39428
64984
80224
27858
4161
72494
64198
10882
81425
4435
72880
513
35322
30485
35994
20893
76183
58195
43498
90771
90757
95126
20482
61308
4216
28699
46970
72777
91614
3878
15248
62548
84233
84727
43115
6226
26216
76659
54007
46209
75769
68558
8200
6043
32669
15453
6225
81389
78580
45744
67144
55966
54160
46905
34369
96657
92991
11569
71939
20300
55255
64199
47737
50050
61710
38304
88015
62429
45545
93179
90073
78626
87837
27240
99931
97809
13726
80317
28650
91558
8642
80065
12904
33560
51212
15807
51171
86516
28110
78233
84921
38909
14820
34378
3731
409
12506
8631
40688
82452
814
24354
78858
405
7127
24699
58464
31706
44136
9609
15403
87524
39287
47511
92982
14389
56086
15110
3305
26040
48730
89823
69810
948
32561
1856
91630
61028
77239
23860
74643
60638
81717
16375
78905
87101
48727
90868
15922
46385
69489
71744
86026
92241
90402
26319
59484
18708
64631
5642
41835
27074
66703
19329
71441
20715
76003
13714
76541
96402
968
41513
87565
98603
49535
5357
89773
68275
85109
49790
91728
52580
51315
67139
37031
62244
34503
31849
18932
84517
93192
21639
96355
66447
45428
42614
23127
79813
4022
32959
7153
59565
39192
1502
43335
44877
60668
63373
71076
31794
21006
56876
61606
84090
63550
56363
37816
53233
29581
91667
3317
2102
4991
44210
42378
93278
61966
14727
49166
48126
42758
67685
