16396
157
9456
90269
87327
78396
47750
19787
59587
43244
56508
76969
85540
57191
74160
9303
29452
30385
66698
59741
10274
62226
37357
81384
56070
6327
50029
79924
50119
9961
80195
45715
26730
94394
93040
40988
61876
99956
97137
92422
31848
13772
43167
24915
44
20669
39640
97821
80960
9209
11138
70918
38768
50917
91208
46828
72966
89238
98025
63292
25894
87185
41411
85460
45552
98043
65625
97904
66876
94128
49372
65137
7803
67304
49547
71082
61341
69144
26826
39702
3381
48337
52865
16515
63270
61571
21070
34106
81247
21438
81447
38013
12668
46767
31442
17353
18202
45314
47738
96743
81039
48151
57436
38782
92195
12134
22386
16701
95125
22507
28641
91262
55556
20253
97323
51736
66551
58223
47330
74390
89630
28162
13010
51268
34806
1736
14116
51639
68653
54633
21763
81404
1025
5273
95946
96954
65341
76368
9906
83030
18188
61467
17151
83
2867
74905
66564
52374
79718
19253
82685
41538
19350
19382
382
18006
10140
18376
67201
38161
31208
40530
79939
59429
47678
97708
70538
73545
84617
52689
58488
47994
7027
90520
88464
75456
91259
91635
98677
69946
56620
29278
55871
92749
49423
41282
15004
45936
2505
2653
54393
49209
18709
83488
31041
2079
69459
47072
93559
98296
72781
68020
32894
46608
77604
33179
78766
248
7999
92275
34523
26465
96111
33192
12670
21192
98094
11365
87583
16212
53029
81784
70548
15702
19043
36726
36441
58202
35996
47052
86612
64803
70385
74876
84550
35230
40453
49497
23381
89764
60432
2639
624
7402
49870
64674
17600
24689
45670
15313
85984
16895
46109
95537
90503
92767
67669
78509
69275
40708
20811
91251
17001
24618
67228
47363
37702
38737
18885
90883
70388
79524
96938
59475
58236
2406
76287
85031
70509
80914
55138
77682
6632
95720
18856
90424
72960
51344
9628
84080
62224
42574
47875
56076
63988
19631
20472
8042
23025
1618
56611
84679
16434
24650
89538
18054
47284
55746
41390
31665
99332
35210
23495
32098
86490
72362
70476
89294
45848
4587
62786
75198
32361
66453
55107
79503
86807
37707
41780
54600
64760
60320
88278
35509
25749
76220
37112
24847
3461
91002
22784
67847
12139
41665
73797
60371
77254
65034
85923
75242
30465
35665
87675
96564
57973
26427
34214
62095
83320
35015
81966
13550
49009
73799
48363
13948
15885
75979
14115
36982
94769
97339
70212
94995
25536
81299
78029
83130
85919
84564
23996
2243
68646
63908
47457
6582
38785
88121
49699
20974
8276
78815
86493
76764
5714
8471
31623
87341
56702
46627
41491
73395
44764
27261
47784
64890
70087
30890
47170
1565
8189
96387
20966
83274
769
84355
51872
8304
90359
52341
35365
47374
50866
67087
72398
79583
16816
29863
95161
8638
73983
25295
28752
62604
22237
25301
8652
20861
772
76387
35901
21195
49132
24029
12385
20865
69025
29300
9018
14159
82578
13584
15697
37259
69889
43272
3990
55658
68491
46929
95590
87525
95228
36683
89762
91413
24315
25377
71967
39934
64996
74824
90306
51455
20429
67770
48098
68273
98431
44387
36932
49317
83507
89188
32735
88104
92763
84031
15711
5239
10387
79802
68000
22185
55118
70514
86693
21484
82571
14120
48323
82110
60513
56405
8119
182
11918
24034
2555
27336
52948
93337
83362
95655
863
64042
97342
20880
82158
12929
91136
63096
58267
58276
98414
91840
25582
89888
10012
61386
48209
23065
66675
67414
95483
91951
89499
98772
11221
97754
95743
56963
62758
34150
85413
28320
65006
16058
94317
96061
14005
70903
40762
8175
81814
15562
2004
70151
54654
90373
30024
4167
81837
18372
33435
20878
64138
59745
86583
137
39286
43448
99401
66694
33861
40673
76720
87493
63191
53130
36099
7531
40277
17637
94226
28428
60736
72239
22004
51130
61158
38188
42276
3833
7420
9621
69667
46694
68669
67893
81871
22160
28071
83604
99464
69078
10047
5878
76409
12746
73351
76129
61017
82973
57420
1624
51992
25929
48109
79737
61610
82829
71654
99788
89300
9440
14605
82526
40524
54896
552
67133
77101
4788
86454
37427
53539
1503
64179
39318
3341
51463
69388
98800
96245
71412
6466
34115
59778
28527
44138
18121
53906
57722
76505
58944
69600
76723
3402
55589
22003
78414
9406
33174
73117
98302
77060
54718
5853
75126
22572
44285
57120
57982
2614
89699
86783
33785
63846
48780
38544
50039
63612
67874
26440
68634
37592
62014
22921
60602
27565
61899
78395
77946
95674
20739
46037
17709
34033
46545
53737
64993
90887
32698
70379
35994
15845
47643
3283
82684
46289
84325
13546
2085
52240
82606
91034
37842
1460
71882
60606
88368
48459
37808
96605
85924
83750
84676
53530
20892
65451
67968
9823
33421
7647
55411
11048
23656
7620
84861
68802
76556
73356
78375
3598
91503
49608
31963
77507
5711
70689
78010
48252
27866
11802
66339
44536
88230
87695
74726
12729
86426
89018
6675
60574
75842
88049
21927
70440
70603
76610
53718
9955
11251
77152
43651
61716
99795
23099
96726
93800
43319
6485
1120
59097
81291
28653
24852
34740
44108
80443
2195
22203
83455
52331
68159
8237
1288
20727
52790
75518
84681
95986
3410
84970
4013
96397
47040
55492
47642
4644
54936
94689
46224
53364
39363
91236
40243
78412
4892
87108
13681
3670
70237
19518
75022
44537
80313
39474
80687
8635
41467
10940
32088
39586
93383
47303
55256
75537
30923
43949
2911
43048
48610
67405
36292
15154
8891
1899
86363
7792
88751
85798
43690
4558
2801
31626
82608
32893
86261
38243
24540
47415
55479
31854
4122
49279
57042
9118
75595
62723
21144
68734
35034
24204
54904
49748
69712
21085
63499
28298
12400
81300
85122
15303
41743
72212
64205
33401
85154
36941
22167
49499
16196
49656
44544
76754
30726
77724
88702
37565
77357
58994
40753
23856
76811
37240
14838
19315
21454
41806
1069
66668
15074
78642
63006
95405
2645
66693
68032
40571
35717
39578
16983
26758
54804
34059
61081
32240
67500
45991
52091
22780
80759
57672
33485
60274
92362
3691
5939
4204
23526
10079
58330
2659
71937
5838
79933
81429
42779
44468
45958
91729
21208
98286
8401
69653
52111
37786
1592
42569
4194
25572
1787
90400
45262
43061
11770
95866
57990
44585
59478
4632
11539
36604
14371
87838
72974
23947
6162
65943
3228
91032
35647
34575
21466
22473
6374
22838
67611
44242
28878
86362
14000
52528
12809
2976
22836
2247
24035
84472
28169
48017
66655
64768
47451
86714
55776
27319
11505
41733
80971
79695
27709
5566
7447
6446
90991
18257
25966
98879
48546
28860
83694
13392
1775
54532
43242
32569
87622
55777
98847
33175
20665
82278
19717
64034
14330
41133
3512
36077
9536
10366
95351
96413
39444
28433
47804
26002
75353
31001
68809
94301
11603
83566
30282
57764
1055
84995
90300
14950
94439
38355
51727
34694
84288
14101
72995
73905
69796
68737
87625
60979
7176
24309
65443
90883
11198
96498
17070
95573
40119
54369
90597
2216
25960
33302
49329
31894
62186
64656
71508
12396
60062
47596
842
68415
76323
8277
15053
68991
43326
51444
83614
7315
68137
113
97206
40485
77668
78711
83276
66673
6445
20896
29462
54586
28192
88633
8059
2280
91718
57410
63001
8153
54102
17047
18125
89897
96053
28720
88968
34053
5459
50902
31994
35919
59219
27241
20869
40323
31158
31706
51669
96039
9257
53050
37985
29225
78872
1483
94821
8755
7109
30104
14483
42480
4199
13967
81123
43208
98700
68811
88704
75085
64610
65292
63486
34787
46761
17755
93353
73921
22939
46216
32702
19202
17159
12781
25213
54911
12759
18403
11524
21471
26261
14470
40417
2688
51199
95239
72358
82538
35101
27192
47381
73037
41811
76493
77483
88257
56964
69931
19262
74248
63104
18654
54863
96496
97125
74638
93386
89644
91993
21990
1835
37580
22236
66310
97526
14262
80375
25539
19765
87464
71455
66342
61748
38641
19670
23504
48651
18976
12326
73670
78490
93805
99034
27507
26668
97014
23230
48181
64660
43958
72654
65826
56497
9754
97336
99382
92486
15863
65184
29569
21116
50448
35533
88343
80580
48699
94352
53100
83582
77013
18957
67903
62125
32789
10478
87101
17788
31098
56208
93725
30251
8215
77947
67754
11593
68129
88146
66737
82391
11679
78371
64714
53010
27063
85667
87805
45939
33261
25982
70508
11311
74691
76843
20791
8504
86321
153
43815
82571
4162
96311
16019
89886
23349
51653
89104
75923
45156
39387
68796
28759
11238
19786
93881
40781
80938
48356
36970
77002
53654
78270
76818
59348
66647
93870
11036
88303
62301
31568
89866
50997
11035
70337
53015
27722
12369
89302
528
6484
18699
65204
6112
75281
83687
94402
33075
32806
68257
14262
86227
22109
95545
53616
98816
95996
53131
61901
3590
18364
11025
64740
92154
68207
39621
37097
76596
51118
3927
28908
67649
3723
65882
6202
32079
66288
56950
31307
93258
8340
88823
12964
11965
12023
21863
9461
96643
87348
38616
99834
22409
28453
32533
86736
43850
77049
95299
18407
18467
69652
79174
38646
28644
93884
40392
73442
81470
28906
1550
51027
61466
26413
59753
15589
2692
13323
76063
12341
3166
36684
27360
71000
25195
84699
64334
79147
15165
76821
94680
51512
45999
51809
59580
27393
3014
61100
95923
50110
24836
50592
93104
63626
41089
8842
45326
11798
32906
27849
83717
49038
22568
48315
16203
65785
70819
89307
97010
79979
4209
88415
16184
49171
86492
39679
89987
26818
61080
22582
96229
24636
68879
78281
58630
57427
71991
9237
39346
51692
4317
84892
10194
38538
78945
89162
7754
92674
89832
34816
46122
58425
88906
8076
5695
22188
75496
18756
3146
18823
70743
62055
34116
45873
85325
17059
91297
17809
61326
20291
90028
11748
43124
56367
81965
52874
17652
13898
48410
20825
5828
23630
5127
6644
32802
19583
59368
8837
20365
29557
81294
3528
13042
87178
21139
72966
2249
6684
52986
64669
46112
97994
78104
35914
79257
7805
28601
2935
52161
98482
61154
64194
21503
2656
40155
41918
82990
64311
30703
29210
8375
28641
86201
49092
61478
66101
46090
27909
15086
34105
63095
2919
93468
23880
64201
75797
48603
43382
65186
40453
82985
39058
2740
57977
98680
95803
37068
15113
98108
76646
43383
4818
59312
88518
98243
34135
79941
8716
88007
48764
63047
94608
16357
3869
50585
35850
89001
19415
98959
47723
53660
83861
58769
9085
76957
8243
76651
96696
61627
41142
92180
14728
96283
47162
46152
61734
81652
7603
53754
42551
13810
19191
91642
50055
49421
11575
97039
6090
58872
53675
80868
36034
37817
13444
47474
46974
86737
52823
46012
27616
28314
92794
84760
25620
67800
31831
38153
55815
70128
13742
40873
79734
34661
72566
22410
8937
55918
64340
91540
75715
38782
27813
52345
95792
11118
50889
91678
10541
66821
83544
45146
18627
36247
68559
48225
52469
81287
68024
60222
92290
26485
84614
30450
98620
81650
86061
45301
73605
25659
86890
18929
20969
17127
40613
21610
48633
7260
58512
34067
46971
66272
88621
12146
23889
2914
2771
48065
59247
83016
20956
27997
38549
73575
27106
59031
35438
29345
30190
51113
61783
85073
90747
51656
28780
28722
58227
78428
87372
30557
66367
65529
60503
69072
40350
77128
46880
39577
71309
37563
30303
89263
46458
73609
75398
44549
72618
12194
13156
83024
23325
54833
5513
65085
10212
59806
32670
6005
94858
16763
3223
96999
81611
54660
80084
38773
17031
93649
1748
87450
42297
63091
47444
67134
36630
5213
64103
2632
63236
3195
92996
28354
8992
48461
22881
35509
1564
544
27594
15944
35838
69226
80743
22216
2328
57996
84233
60304
11695
90170
46331
36099
46058
49669
4916
38979
96355
44305
34720
7804
23126
2481
75517
58269
5095
10557
58362
26130
45808
67905
44164
42989
33264
34441
5908
64650
97648
38713
69811
65846
50596
40804
45491
92551
31406
57166
72639
36673
69851
21310
18060
98574
60325
67424
12316
51232
36260
85444
43676
39718
53292
91092
43351
18158
5161
99018
27951
80178
57925
93436
60645
3236
17834
14613
65618
30968
40768
69656
61074
65478
97999
36987
60181
17843
37890
37543
87103
75655
16378
52870
74223
73320
52784
24856
54685
62624
44880
7985
51302
45392
57160
33472
4941
14677
8165
46187
36786
91310
48372
82268
17798
36111
27281
91031
96368
78904
39026
58344
9656
78193
42386
87139
19660
94886
48075
67900
10463
81792
35943
11008
82384
57073
88641
39379
34140
74562
85061
1844
82402
97139
16055
91793
11194
69245
70760
4006
34796
58473
75150
58218
36593
24441
99735
91284
28404
27214
33204
40979
64555
96082
72392
8005
98589
74647
95720
59947
57698
7543
18160
28148
67358
12241
5884
32844
73609
91798
44415
94812
26105
40398
85852
91895
31110
21672
69531
47642
82815
78530
35367
27405
6653
79426
48358
11244
98483
88288
70705
53821
76827
85579
64771
88336
27161
51487
90054
69246
54908
67868
55551
45683
94543
86676
95307
12643
1343
62481
44710
53888
61712
14139
1159
53770
26236
78966
52924
37107
57349
49324
7493
78979
85804
35738
49733
15495
97997
53081
51754
80937
56890
96009
22046
20844
74169
78701
48711
38978
39419
28721
93372
36534
10348
54432
72799
43383
92448
25872
11425
40100
86025
50049
18711
66441
7109
16336
54468
73470
63210
28501
22036
46563
27097
51181
30515
78177
17132
63030
86421
22288
18692
6831
40085
22774
59102
41611
94578
5252
11443
60957
84458
33176
1153
98730
39006
4006
12916
4891
80774
62462
31883
34876
32368
92037
93645
51162
43423
52101
53288
17654
50737
73818
52207
11662
11681
31206
42904
44557
86040
75876
88421
75278
66052
83348
45983
87440
52738
36273
69480
26500
2971
54069
11476
82814
63285
7946
11756
56574
80663
72775
85622
83373
1979
77628
62475
11009
57158
55283
3600
53909
26344
46214
5224
48524
65778
42604
23625
39612
90831
34273
420
32800
79229
56078
3319
26934
3168
24455
86221
39358
21892
12234
40359
73821
50336
20425
25350
92077
692
80468
62721
22414
89445
93550
45909
91859
68526
70606
81100
29884
41560
2401
46051
30899
34477
77765
35526
57643
17423
19633
37337
9265
41693
48033
57918
25208
95726
43276
76801
57109
13056
7223
62093
73362
28319
12035
54945
73717
34197
64654
84277
65045
95030
67304
83119
3076
94029
40615
54907
59426
3837
52584
20249
18254
84443
94108
62011
49833
99940
91714
79541
41152
24268
92423
40942
48541
32488
51993
36324
42212
82340
77924
54125
48057
69734
52876
79017
46000
92785
54605
99444
27716
75678
79564
9471
92450
46455
21065
53661
44965
72827
79099
31677
46426
61526
61552
31427
73079
20086
18991
83034
51349
10827
72768
23132
51115
11368
17468
28366
11326
87125
54231
7487
47842
90931
50132
70602
70525
43124
15321
66542
67331
55895
34504
82485
21431
44382
73960
8572
66608
62220
34436
45182
9700
98363
23707
61451
79848
63139
77402
38496
58081
27309
94954
54944
18894
65874
27163
85961
21536
82736
52508
5429
11605
90591
18560
17526
40032
87516
90474
69343
16935
33410
24373
48464
6107
74920
78968
64833
81315
55223
6438
70391
35611
5310
48292
48824
7166
11681
86072
37345
96061
45229
6581
68178
28489
38534
27603
11876
67862
59576
44719
75748
51725
47583
38854
66764
74141
5070
65282
50694
44623
30077
80574
20669
60665
41162
10048
55240
98582
46435
38795
28970
20774
95534
81858
96122
60300
27518
90621
18601
40208
69952
79051
81103
27468
71381
68217
22361
97286
97592
70695
30059
39661
29715
76471
74595
68452
45771
30274
88245
92694
81106
40664
76936
44887
8005
59158
83607
8189
63951
24693
72454
68281
34648
39023
51224
78640
53537
54739
50067
38094
50792
53205
92699
85008
64538
5961
56760
12768
87130
3764
49937
45183
3670
40734
60093
46997
22923
56164
6203
39198
45371
94080
73280
47180
3322
9791
8875
77380
83507
48062
41543
41466
57709
33218
33580
40329
27392
48501
15375
70110
35645
86120
64230
89515
43715
1276
48481
96670
85733
43813
33747
9536
57028
45419
45660
49447
65300
73540
4393
38881
79008
755
55931
81143
68159
77722
71397
71929
55137
96298
48348
32602
31137
9850
46144
25871
40581
61352
87193
10667
7478
64582
14493
65140
54655
21700
31246
67265
98301
81115
75998
16971
78938
69580
11091
19452
82129
3726
53806
54303
39112
27781
22041
98241
24810
99371
59721
63906
8789
37909
23267
81491
32940
57880
56442
78520
1787
74697
91225
10562
24068
7650
30371
55534
94046
39069
90873
33259
43183
15486
6234
87105
93630
39962
84912
70841
8236
57363
7162
24048
27847
61018
53865
16368
11689
24390
69499
16238
40339
46841
55576
28371
19935
10730
86137
90003
95961
9166
88552
84870
46795
98941
75133
48330
60781
27377
20328
93333
60563
10022
32803
1546
78193
83414
30038
80339
25234
85841
20975
29399
33651
40201
57875
28939
54882
26636
85774
86596
74190
17543
71718
36415
48158
11809
57614
38606
69946
96501
60235
47208
55192
7204
34654
99814
4691
30018
4678
61325
79475
88557
73449
68813
79274
5974
58100
35228
77290
55407
59895
50321
16726
22194
50115
52695
25010
87867
12071
32730
31325
13589
81293
42128
60406
77809
37617
91949
82978
69885
27613
78500
65229
90277
65497
84340
15208
31688
81053
67048
11734
29481
32172
87848
26304
39738
10959
10747
28731
1014
94256
67611
24201
73070
51311
61658
92393
61256
17466
14339
97619
24712
23996
56651
26162
56563
68733
81535
22839
32363
20847
14224
91668
87681
79453
15326
36500
47683
19192
61272
11060
27576
49047
2433
61189
39979
1835
4788
11309
97855
98135
94244
85687
16306
98672
15946
41619
84482
57425
59324
54620
47419
48355
98363
33289
72457
45422
35818
23695
59718
75215
75385
92049
13638
93722
55339
83867
62892
813
83211
60300
10794
1522
48957
54484
20927
44103
86261
62670
33328
27096
21204
31700
20633
19285
58606
97566
97479
47573
6767
3912
30710
46801
1488
29157
17657
44087
52444
96143
53263
16742
68648
73056
73348
40788
30942
61714
45621
95691
59360
29520
3105
50658
92324
77770
40564
52835
7185
29084
14632
62704
99935
71283
50637
89349
34648
50240
69455
68851
74496
18153
35701
52487
27012
15152
33048
34889
16580
78469
55555
44713
18693
26823
37386
6343
5832
87447
41300
71713
91115
37052
40983
56695
19509
95750
29959
59009
2800
48260
57614
18264
24139
86474
8203
15128
86258
86663
24504
57235
75645
77414
5355
12951
49356
35519
22674
83405
29129
18918
63906
99472
43454
42964
8759
99544
25565
43551
72314
18665
55536
86694
90757
89433
41071
34698
99595
40512
91758
32221
98189
39369
91922
81789
38541
83933
60044
45711
4739
14956
73391
29470
28661
81210
84477
14371
63134
57922
92558
33546
54861
18818
86007
83818
50540
93173
70946
12295
6235
90028
94148
96803
3983
77767
83641
90361
21986
80359
78254
80907
65354
4952
66139
85911
47665
68756
89326
45961
21882
467
40608
73963
49239
69167
12816
58867
77401
87243
64724
43676
69593
42397
9888
21887
13103
41653
33761
86524
68688
5488
99579
77889
72597
93941
51836
92445
5958
59896
25083
93460
14314
3027
46194
84396
1979
61865
47757
84846
6036
94671
64673
57431
72918
70342
99131
55043
27640
39337
74898
23938
17170
9121
62828
74790
72464
29827
59483
96302
86006
97778
90007
24876
60166
9757
90553
92049
63582
16307
7954
26523
4008
54926
51876
27455
77668
5582
45174
33454
19389
93390
86660
50417
91642
66299
26560
40336
19407
76785
37859
15453
8536
86197
88601
56132
85514
6953
99500
14889
79513
34708
38393
78616
79866
74431
72110
72252
66232
18766
82715
6135
45861
3087
95186
59601
79567
23047
10659
20749
18075
2204
34500
63031
35770
96506
54844
29330
80883
38693
23818
56617
39634
79022
64528
9050
3652
88433
99163
8141
84886
63162
44390
86669
93078
92510
71057
50862
58461
2327
49632
74
75351
55956
66902
23715
49766
97632
90594
18680
9776
135
50204
13340
551
15283
8474
54227
39352
32960
40007
53026
74831
62181
78571
88122
22989
30502
49399
56804
26206
13359
20068
13550
50724
35266
76837
94028
57169
48519
4914
20039
47187
67279
25146
44785
81992
85304
936
479
14453
72452
95685
11966
59128
70926
4060
78885
82551
5276
99730
96290
31223
72917
11447
17622
30439
81679
19897
96055
36568
33301
43910
39776
98660
48411
828
39434
17020
53138
30425
94992
44220
778
41666
61529
42878
20568
76049
6221
2044
53901
77997
32080
45842
3776
91850
58049
29544
55971
52950
27268
29353
47393
66514
47925
3209
49257
56467
44905
40309
50721
45742
69476
66962
35124
95172
69032
36380
78550
39899
97311
84782
9364
717
47424
54446
8738
69447
46832
67383
13746
566
74669
17849
66534
25284
15081
47602
11805
97917
67471
31161
67200
46357
23381
85134
24902
37393
10841
93610
33768
50080
61483
14964
55180
10928
19755
57577
26859
14903
71289
71805
7234
63987
78401
45650
29814
30736
23329
73267
10860
45100
1023
86003
70055
69856
73149
10447
94870
73135
77478
97316
80077
56463
92243
11809
2422
49519
29316
85407
70225
83025
61579
85297
23902
49208
57912
35892
60057
78808
66496
615
76099
63980
85282
88295
22034
15246
75794
11663
4680
63882
2044
63890
11400
67707
57446
15849
77002
95581
20912
38282
68925
2745
86116
71230
29264
80791
35934
75401
80620
70538
86318
69299
96287
85627
75584
22020
9091
40582
64921
57910
63435
30145
84290
53743
61886
715
97043
50979
85589
5044
58229
46965
7868
65217
82995
29493
19937
53685
32927
91538
55581
96775
25417
11478
69476
23192
56765
59515
48326
88482
22706
26171
1059
56295
8956
27651
64257
59926
2760
93200
78893
46606
5605
39771
84963
13637
57415
70508
41652
22621
82121
64196
47667
35918
47941
46211
39134
42679
86423
5858
62951
70381
76842
51021
69369
95845
94267
37260
3410
51020
75390
31559
84737
15488
625
88382
307
63056
44811
9488
91738
47211
62116
72177
48409
67678
8844
94508
42965
50021
40466
47734
29981
1046
81719
59970
25929
37329
25246
10694
17455
27886
23393
77
92811
92124
69461
55973
54056
89143
65232
1712
62784
9333
39972
44490
196
91000
86976
35041
81971
59185
47467
7938
79376
43484
51572
79111
90100
96617
25541
77424
81248
17301
68103
37844
26578
21804
37426
20158
66334
34580
12315
93543
60269
36827
92871
15804
69719
47599
92176
38969
10118
11994
10702
44739
29406
18221
27578
57060
47819
67003
81
4613
21444
17200
62145
26871
52953
59051
44951
46413
74467
10263
54540
85143
41447
13955
91252
8762
16774
25943
83343
26698
47214
27926
28211
70209
11603
74688
76119
17492
18300
71434
44230
45653
10852
70630
673
20193
78118
31290
36541
32335
41280
29783
24151
39513
30005
66838
68300
76036
22059
94557
33768
9183
65039
7992
44223
15296
15487
70798
2513
39292
29276
33873
74626
58856
16525
98423
31794
14967
89783
12124
74214
68588
7070
96840
59977
15339
31898
69058
32337
42804
4579
96666
50099
36862
96555
46630
53720
95792
53616
77706
579
74315
43803
9547
15709
74230
50332
25981
67621
91485
58297
6030
86551
89915
99205
70304
80658
95800
69470
64949
56763
70036
87580
66459
31454
41652
30556
53078
60362
1639
41451
56291
59982
61157
60954
35180
63390
92737
56284
25490
77168
35736
76711
90122
70649
11498
19166
51473
93926
38378
42471
3221
77011
62360
35046
65862
7279
7643
75407
3410
41569
21648
91273
69147
81391
80759
70310
94650
5596
86540
21407
75975
69338
54211
89645
7248
77455
12372
9818
15070
44391
76845
85528
21451
40106
25124
23512
30021
72634
86639
27046
34220
3776
21599
55032
81757
92636
48972
98360
6763
75508
94293
74213
35963
85249
32395
7179
47560
56022
40130
2689
87081
68169
4924
88083
57369
56215
82566
33927
59067
8660
37241
5254
54632
42368
81184
45048
88444
27394
7719
9289
74274
33359
21581
6540
73396
2050
45987
72815
28276
28528
11790
84599
53037
12951
5094
29072
45176
44522
57260
71194
96396
26658
4533
82992
96142
73787
52852
15987
49983
45011
3493
37059
35496
22009
57118
21619
75178
39175
61675
72339
36359
43729
82967
169
20230
47607
15878
11265
8661
48076
44076
76257
79425
31494
69156
90430
442
94473
44910
94783
74029
3649
46056
1731
28575
42745
83989
90051
14846
74434
73561
56652
74302
21990
43337
74299
64045
21284
29323
41773
36381
71624
81052
37261
43188
63296
55
80408
29618
2256
79503
90548
14872
37052
66389
54641
98469
13226
69510
58784
62534
19045
47596
37502
30560
65310
34150
66519
40067
22613
19238
37439
83445
17294
34874
6934
23849
79602
19599
48608
47769
34615
6781
11201
89722
59107
11621
7976
86964
67526
68234
95500
5769
80537
79985
3083
74868
43277
40202
41171
79379
6620
16197
99259
13617
85219
63724
99304
96260
5298
17141
99592
43302
56853
21449
51697
93053
19407
67952
1781
52305
78445
66487
92821
79855
56425
8166
9777
24120
73157
11328
63181
82952
78388
38371
33870
34722
78800
68447
48433
43431
38172
19699
95882
80378
48540
95844
70378
90387
30838
33885
30999
17945
27572
4304
79085
7166
78234
92750
94426
83000
97784
99701
26100
4437
50703
60390
70098
71618
93263
6664
73808
41834
31589
58708
74925
42019
16369
28983
30786
13705
86633
80360
59866
96006
60536
47240
95799
58435
54930
65675
99192
48343
87415
62068
29340
74454
75990
86031
35582
39621
35772
60687
17795
46020
21051
58747
36981
33009
32488
14047
12367
18019
55325
52697
65357
24236
49512
56110
23631
30330
45133
84109
12560
80751
30562
4700
58688
50065
25092
4528
34837
75028
43248
28741
48682
328
71176
93552
9794
218
74266
75583
90697
69434
24719
55813
27785
4513
85823
10089
90444
81894
80103
89283
66495
56221
86582
66600
95099
34097
57200
78929
80920
57795
44400
33689
81752
62012
23913
49019
30057
20376
84860
87082
80517
44451
32752
85542
84013
70590
75251
38958
70001
51259
58397
54977
21354
96373
18908
54584
66812
76054
61594
15492
69094
13792
77373
62921
73411
89978
17931
23021
27968
64534
54872
33048
97669
92329
65720
24766
20771
20653
69653
26675
48082
11665
3329
2556
21060
63717
14723
6843
97490
45581
51142
24209
84567
49313
3528
6898
47116
2412
24715
50624
15401
16403
69102
88484
35017
28778
31441
47963
60437
64499
39767
55163
56905
28431
53376
91843
45810
87613
17695
57374
78887
76469
99054
96578
34016
43803
76327
80613
21611
77633
47132
15414
81144
56737
92758
90488
83637
11995
93304
48672
42057
46976
78053
88101
77790
76371
29296
82542
34120
88857
43756
55448
10901
58302
32692
8658
85281
78651
10409
64171
9912
50657
39892
74259
95747
18399
72521
92158
28479
55401
94154
47374
52562
78968
83411
17422
67035
3312
77061
15549
27715
1739
23042
66823
80094
82320
2841
56817
96821
13227
33768
84559
67397
5970
42088
79705
45927
65252
43639
15430
40472
39153
61560
31647
81288
94403
21323
92299
84100
60607
16329
85279
90204
90981
11130
76260
51314
9310
4334
5158
82378
51112
60257
96931
44609
46530
97731
33097
57204
77136
35802
30515
13136
17834
80632
88276
952
55966
87100
5003
6529
42717
42836
56368
13790
24954
55757
17758
96123
32678
14879
76248
39394
47769
9082
67437
63164
57056
71861
17273
37850
73073
9339
79468
26026
56112
45150
68936
17891
90525
1681
35865
7080
83423
94789
95219
44367
83261
37043
28288
52118
81187
1410
60571
35300
68321
25474
59780
61508
38910
59309
38817
61692
48927
92925
64773
20540
59822
38689
12602
22069
4052
72057
47315
11973
64616
3568
60456
6598
79694
81152
96264
7610
60449
89849
94812
82454
86112
75843
66235
36786
88758
81003
64162
604
26442
91919
12558
45380
97159
25577
54177
73686
56755
28960
16151
67932
12175
53674
61897
35589
48889
83256
66959
50199
26638
74518
6843
93631
77676
67164
22482
60479
77194
91537
62414
25923
37596
78123
31021
39832
46044
34046
20486
28732
30452
3577
22951
85991
24588
75788
4550
79811
90960
19277
12245
88983
73521
45332
36447
94650
35335
34966
92807
85552
16487
95906
38204
90390
58039
94067
98792
14597
74690
76524
70797
63311
81860
13857
88643
87230
85323
483
48
53754
58025
58513
73577
62419
21690
20335
33866
32382
40534
54216
78356
1285
69299
92243
10970
76988
34654
78932
7595
78876
92481
11308
30891
49856
22513
84572
94125
79321
97569
85429
51059
29607
75766
69330
48991
63605
66492
59441
8944
17780
8657
74842
99412
62352
84827
69960
28275
47909
36980
35932
70416
24738
29166
30385
13310
24139
56549
57994
87353
73395
19490
92133
67597
30039
4823
45327
68318
2736
48947
27265
98657
55784
51105
20685
18151
77967
72833
67569
95511
30901
38502
80828
98728
87262
37293
62827
63341
20510
10214
64618
51884
23949
15518
29654
6374
32788
99198
38630
60861
18696
88497
89630
47669
3164
58919
38048
81222
21824
73551
42248
87029
51
75373
77529
4459
9708
14144
57116
25169
80280
27543
80436
76552
65470
32768
39989
74648
22285
46233
41845
46809
30537
80093
64978
33562
25695
27108
3673
45257
36965
69170
8493
41488
38882
58291
19333
20881
34918
52155
33572
47454
63065
74202
94882
61574
27461
64808
10719
81232
99707
73839
88274
20290
45702
78920
21858
95509
57108
86913
74986
55134
34883
47803
90154
36098
90898
13718
1987
34351
3015
94770
53259
84270
89550
87187
75232
67356
59548
3254
13095
41725
37861
76271
90194
54935
75417
62650
68934
92176
87524
19601
86263
21134
99065
22774
22697
43874
558
38250
73763
44461
14409
81782
5781
76520
39692
3462
25843
53527
84288
14906
25478
45879
3319
40719
3818
81483
90906
12954
8930
80751
17739
91499
16710
48886
10778
61375
96141
53847
58167
26992
63951
72227
66415
88019
37656
55166
44812
20203
88351
30524
58897
15237
55479
6727
74150
10776
88784
88103
44312
94788
14898
10606
37964
64943
21614
14997
55162
42714
94029
54867
84789
69955
2399
67272
52705
48894
78054
66828
10670
71907
50015
70335
34286
24790
99681
96988
13261
71864
42628
70515
17367
67397
37607
88409
99495
30755
9604
81519
84122
62338
6142
24474
5082
35138
92918
91479
89511
15030
58838
46161
16183
42103
29142
46314
48738
4097
63220
86346
22161
32210
75184
29416
28764
70581
25215
49326
37566
38020
75967
43088
53264
44996
85236
91383
88612
52333
99382
64332
2823
92314
48916
26221
21912
64869
10816
42659
39794
23302
18951
94611
51616
80250
63269
26543
88792
77504
11920
89104
78939
1843
85508
65095
71051
14148
44481
49176
5653
52465
67231
17879
72105
1438
24204
63598
43197
7036
15116
80365
6754
14627
85361
83031
75927
3990
83957
19344
39886
58335
1300
74087
9682
45281
88175
51086
64225
44791
63724
62173
90553
55921
44265
22609
25115
47714
86094
78736
2329
35107
61918
22668
79222
6129
65372
19616
95771
96656
46451
50175
75894
35659
2116
1123
36534
51670
91263
22206
49527
22349
79686
76076
3376
56240
89988
12844
42459
67194
2797
1391
30516
11033
72035
29099
8496
41422
41274
59436
53002
74574
35263
84749
32990
31775
61947
56211
90144
45104
34954
63065
99297
97241
90185
98688
78574
30735
22711
12604
81825
7448
95115
2396
91673
84612
17697
7759
13083
65104
87684
96405
84752
30976
8436
31504
26241
12857
14772
29960
94014
8603
76894
78182
3559
38983
49228
8800
20362
40119
39075
57124
19281
69718
27251
75827
80685
5813
12583
28799
88833
62785
8008
23991
60265
7216
12402
483
16924
34425
41163
47344
72356
30340
46990
51280
92097
7306
72661
23787
89881
82537
65729
76438
79580
29766
75642
67200
88513
78545
7611
85108
86162
20353
69874
58283
49715
20308
24708
30575
5745
64737
25155
56394
54622
60517
72653
76504
23714
565
56024
84520
93399
80372
45768
94456
87932
75118
53765
81136
75156
29842
19835
99750
84843
33766
66764
71602
85308
7415
53981
17267
98361
81740
82465
95706
89907
47859
70891
93077
21519
22413
47451
33361
13542
35253
18906
84204
9741
61359
35587
85044
61605
10072
93251
40352
66869
93150
9339
54959
23248
90715
10376
44772
73521
57393
38636
12427
96769
42504
50544
82042
48537
56790
92115
11235
18451
30447
54131
93551
91916
87069
53513
46119
71198
24470
57140
84110
13255
31111
63248
10
8499
71819
80605
32925
80899
30299
4604
31137
53866
39642
95343
59535
13426
10277
70049
56271
8070
93317
13505
62174
24498
1447
68053
16095
58329
93293
84244
93582
4984
36316
99127
25832
20658
60041
95916
11487
16272
16554
13531
48903
26733
66448
5086
50310
12830
96858
87531
45959
51893
64216
96749
14510
17543
17695
58840
864
77335
62219
7554
64925
31395
70956
38962
69222
25025
67681
31061
95577
52080
5700
27220
99298
79882
81585
12049
92754
37767
96606
95028
59756
43871
95134
42444
92416
51417
28861
26679
94800
10943
80769
80215
86173
38950
40127
83832
52609
56735
96187
62799
52741
17398
22982
9575
97098
25599
39022
18378
94882
89518
69107
57499
86349
75683
69593
43083
29711
26869
60710
69658
24972
90382
85271
23226
8440
73484
93468
89433
43012
4073
70597
51298
69006
7688
80771
79162
500
52878
91518
68150
29953
14955
98709
25475
71949
97524
13305
24289
32848
61400
31624
3808
24814
97860
81831
79482
23270
1948
93315
65071
77439
96788
3401
91246
89066
39245
59772
18913
2900
96929
79975
49440
39840
75877
88533
92314
32030
52632
25943
79803
23119
41854
19551
85575
9093
90703
65021
65901
74078
84173
64705
18826
31968
13894
36861
26512
55582
57034
15575
79386
46076
50459
94094
82738
8972
17634
76266
84009
75993
52812
96911
54670
69683
62583
22989
36789
55959
60429
73700
58126
99862
22855
64144
81012
65238
60231
56425
7893
26959
10604
72921
11545
36569
53
35063
57989
62368
8914
94163
54690
84700
39466
94584
51357
7541
10968
16721
22304
12156
96587
83460
417
69860
45158
14953
38373
98807
15265
80372
57739
24843
83855
81286
74977
12390
69611
39084
18604
13498
8957
7399
46475
87155
34531
64526
28570
51413
74156
34069
28252
76932
36404
18432
75680
6222
90338
10041
80923
44077
96043
88029
56478
30472
60310
10328
36685
3803
53269
53934
87499
1666
49509
31631
64494
21922
99423
56066
51308
88569
64919
42861
117
60809
28713
56948
13997
74560
29799
85643
25158
48486
74529
91162
64358
88686
3450
28067
11054
81040
60876
10135
83367
52169
76412
72053
5338
69475
73459
52424
20552
7276
87397
13157
90138
96412
63664
24811
84069
73535
86936
19486
2485
98549
86372
75495
33232
22785
74433
98713
39475
22754
68387
13603
19359
62175
63800
71811
34845
85827
56515
30853
97570
59582
66482
31755
92470
87201
36182
72661
52098
19166
44823
95695
69382
41571
96161
27760
31806
53169
7670
9693
76526
83412
59385
56744
16240
74842
512
11772
25250
10910
9368
5896
3758
2149
37658
23112
175
22619
69911
15436
96363
96398
55700
57356
64
47261
91794
19423
10645
47010
26475
57760
38286
69749
3642
60030
57737
64099
49202
39914
97592
34518
40626
71684
85178
32017
67549
9320
88701
10352
96643
60670
92841
22433
52073
39592
26700
7524
64664
62629
54287
8945
81089
45726
68102
29598
64904
29040
99317
56247
96466
99636
31488
47260
61745
2464
35472
38408
45730
63216
97648
78971
49896
36335
10631
23667
64446
31672
23054
44661
52497
18032
38545
93585
98632
28492
52114
87540
85907
12040
82107
83774
83144
94265
6265
41093
18094
98683
12200
96542
63916
79568
65282
58698
53210
17589
24590
12968
60252
86760
97118
79069
95677
34966
89624
64789
62589
27248
21213
55825
95725
8168
12050
30879
61360
19481
47079
17607
7444
36996
85375
31574
16443
20499
63364
97487
93643
61455
98050
2311
84433
73861
79188
53531
87535
85742
81837
6984
58594
73833
15651
62183
28635
9943
44655
18187
65396
58078
55331
64656
73288
35309
39349
95078
15137
26291
2742
56626
28956
65457
47663
86986
17220
20327
19042
45308
26522
87255
77551
47598
67092
86355
39515
40574
23692
17862
64632
16567
74232
67353
98230
18300
44052
63938
82983
79544
41213
15784
2026
94027
6271
25349
94626
62083
2959
50067
21323
25670
2185
82585
40648
97816
61727
18824
77784
17981
44714
81000
57112
69359
53557
24944
59498
27022
62580
2331
42130
9537
19586
97622
60611
87659
54263
47419
16848
17227
89412
55694
34795
82571
83426
15150
69031
59669
57287
50226
96286
83902
45443
25343
45610
26678
11035
66479
40444
67065
98516
29186
41148
88777
82181
3497
50725
61989
60623
13505
26757
37441
94709
13927
13283
19939
63451
80020
22209
15088
14765
36022
39111
84239
54216
88091
76973
47122
94313
91813
35432
39665
75093
44401
50558
30130
44366
87541
4883
92631
59680
91768
24908
82084
81218
9674
23564
44311
84115
50151
23782
37122
42008
40236
22221
145
4245
26223
7158
35636
57748
77179
55215
84581
18381
27478
86472
51806
776
22806
8841
93170
8303
70404
87669
97687
54796
97571
1051
98963
59944
17593
25471
8404
56659
96196
95647
96780
40388
19970
50324
19124
53049
8854
58173
75948
95353
10563
78515
27243
83061
60276
31697
3625
93954
3734
98829
28443
64928
61854
88788
14120
63496
26975
1813
69780
31750
87860
38621
30613
70969
22701
97496
70472
6411
30768
60186
634
3153
21092
53408
11377
85679
99981
21484
55498
8557
89085
54752
28966
62374
12667
75833
54388
60067
28375
72197
50280
59088
92893
14908
39357
88485
2791
67919
26799
64568
51007
81744
82323
25355
45435
26997
91142
82981
79456
84146
33525
55539
8371
38799
50939
7260
35907
17886
22934
76274
91476
64951
3930
31729
79092
42548
46055
28275
76125
25802
4535
82779
85936
40908
70946
32261
23313
27840
89897
7333
94792
50146
31066
47485
59562
57874
69256
68567
96117
95289
48966
10936
23398
16200
70247
19458
33700
87964
51980
16247
69371
50526
86214
40978
64758
50512
48681
59351
67621
29955
29364
60751
85336
22001
94
63652
64080
51256
78741
29006
80889
73716
63806
18231
97625
33199
7920
95350
57963
75134
70181
89380
99242
74729
82037
25214
8539
14786
52681
54386
66202
16115
74847
99314
10365
11561
6404
31471
98322
26480
90922
54005
8414
78000
14987
48058
89948
83110
34110
83077
14754
68623
70193
80515
82236
56540
78127
51694
93996
37304
89381
26069
13178
54375
34303
95080
30966
7575
10784
81920
60605
67153
78473
86627
7085
72586
29183
60873
90452
75778
88045
80864
91420
56090
51327
72444
40621
67890
87211
20035
81733
37328
95494
27276
42019
8259
1114
8548
24458
18882
2335
40999
615
11717
57769
96325
54768
44149
29852
58051
88915
44775
86052
27521
65881
1887
32429
71865
93728
74952
50188
71683
78454
83730
15603
7972
68878
45043
62591
81246
60882
55552
76181
41813
10815
7475
12165
59715
94314
92263
10220
89379
67049
19297
47507
78126
72727
13662
19375
76568
92123
41649
57750
19643
37739
11300
52993
85753
23232
80794
52904
46072
34295
32011
54265
78936
74658
88170
55212
54743
72887
26220
79531
91978
63459
71200
97318
12907
28062
92712
48139
35398
153
15015
4553
70111
89340
42774
3787
7436
79622
95646
48974
61981
75758
41600
99905
23956
36203
8456
88963
10367
40715
59599
15071
17166
34429
85825
2146
48962
44828
43283
68471
36248
76432
52055
82348
11059
48432
71237
70317
46060
64347
17731
77430
37272
88620
63207
90781
57974
47638
92342
70005
12151
45962
66573
40932
63703
51155
30897
21962
37921
27044
49392
42116
63856
98519
33692
59191
49681
98599
65752
44885
71177
23789
45128
93190
45201
18104
49929
76034
72420
45351
12180
38555
88261
68190
71630
66612
21301
96991
5575
36048
58443
40538
13341
21598
53620
17434
66838
14858
16336
105
28452
62858
90703
28059
88069
35301
82210
13947
50500
36445
86825
95333
47701
48157
60470
34875
29796
92423
57924
36040
59763
67837
83290
85287
40554
63684
59137
31901
38080
18720
44205
64810
20232
56054
91307
18931
35142
34502
87946
9241
78904
13839
80535
42526
30236
94822
83062
9625
21502
51373
41252
23209
60125
66665
66480
27625
30882
54564
70896
44726
22271
69234
17869
33053
75618
74476
84260
25137
934
97395
53220
26562
35535
26832
4537
74555
32910
7122
72492
91727
53520
64073
23507
30420
40752
22481
60269
93554
53245
19390
51221
63909
42857
48458
62218
37476
35079
42335
95447
16573
23369
71511
5280
92968
45995
94081
72073
27836
56960
2784
87130
69236
46513
69627
54328
2679
4960
63799
75332
84666
50403
35976
30201
50230
42742
18794
61232
48759
84456
97907
69312
86727
40092
5765
63233
26240
92180
80533
84703
59049
34262
40913
20907
6259
9616
5948
82712
80118
40695
42610
2059
82475
18152
69898
76824
16943
83954
43959
35374
72258
32408
14165
55282
42660
21487
74468
60172
37420
87008
66458
14921
85233
75395
12137
54217
70071
79505
46457
21206
58252
14279
79357
77864
82245
7594
60218
18687
59841
94597
65313
6577
94265
81659
86410
16307
18135
40194
93947
2233
91692
99392
16257
48833
76453
16845
90204
21892
27145
23365
84494
50539
40740
76620
76107
50144
9497
5417
64964
24026
87871
73543
66244
23827
6118
93349
72784
89873
75539
30007
43068
86150
59954
97963
15386
74143
86491
27909
4031
77947
79642
7280
41750
84060
92617
56215
56137
65847
78177
45185
93441
60663
93491
25392
27350
43624
78550
8238
46486
35727
13502
15683
82407
10713
90733
36358
32848
46008
89440
76083
64031
27062
39810
84423
35208
7232
21991
52292
69425
94402
86876
23462
57754
20113
61517
42488
29120
86365
21860
54577
78724
4961
44100
80520
18835
26810
83351
27405
38399
49105
73294
23137
62313
5111
31308
48480
17371
49851
72976
90564
63848
95330
27102
32932
77709
53459
46237
26723
92611
15498
49542
60334
32873
51409
43262
9769
46773
25323
58999
58316
77877
87920
10884
70907
86406
28793
29793
23556
21462
95389
55143
96499
46992
3763
85665
41339
49639
77864
31781
43301
2026
75507
29664
20157
34728
33988
84942
31452
36315
89043
17953
63435
60502
13150
96639
82470
38522
85958
16277
61834
90252
81136
24973
92933
39557
96062
96268
99442
90967
33902
97558
67352
87117
90082
33828
93135
1797
40712
78195
87570
76042
90121
86530
3894
67837
41529
77329
32297
35296
58285
55059
28179
68146
24515
1638
39095
67259
93500
33238
14391
65386
41768
38059
64618
82729
74746
1537
35061
1742
86625
72777
3142
33369
4135
77223
10914
80320
50836
36054
76736
34858
14039
47540
97290
59481
99739
80716
26997
76582
77302
6079
50977
29289
83215
50805
82691
32406
55874
87416
14365
51968
34894
71010
72993
20551
26850
11159
66433
87324
98055
20381
52307
14199
14989
1633
90799
30176
93344
89797
97199
39675
79869
49017
49508
31362
56781
98262
1397
26188
4360
1681
57671
39492
16920
57821
6193
74036
68494
93268
93011
7022
76424
17380
35253
21054
70224
24445
51260
9332
43877
99988
53881
10276
22492
36381
5951
49664
79776
68131
61628
17040
88840
16440
88178
47332
44665
35898
66664
10177
3354
29522
36546
33064
83695
67633
53595
74642
36760
23465
31828
30459
92020
99187
13375
73087
17947
68723
61562
36743
40513
28874
92307
73240
50731
55308
24675
65515
89766
79845
78402
15007
99474
42180
36125
16043
59153
79932
68793
18640
39017
56933
4743
80298
82888
31793
26907
81682
94273
83244
84246
14630
17683
6686
79505
197
93285
61189
47589
39743
36964
71675
23672
1839
91829
57472
44933
72771
10614
88588
69459
43393
59423
63744
1616
47121
95400
73138
7484
94593
44412
75030
32486
78312
59854
92866
84553
5606
83035
90329
7012
359
32185
95847
2436
18125
73247
41669
29117
68317
12084
69806
13857
19438
35001
78012
79691
33213
7339
47435
39256
96449
24046
1008
46721
86326
32811
19277
82408
19516
47797
19912
44254
66932
50734
19140
4419
47385
79164
41338
14934
90696
3322
67802
81166
47170
13905
18595
94327
36190
25085
73433
25446
93159
38243
87503
40439
48210
70933
9624
23961
54799
46215
24715
38046
46212
83348
26743
20595
70726
41064
11849
40614
44792
28346
96079
31755
44370
77737
50106
7650
7618
2074
57114
33747
56818
5607
72639
25303
57662
45785
42124
44859
70200
15686
40975
44140
47639
27872
66364
37391
82486
76163
73607
80445
57996
84285
57925
66030
58885
75268
51487
73277
3457
41362
14284
2164
48726
97050
3499
90653
61739
52082
6325
87925
60026
67058
11496
15792
59786
56953
58573
23228
41943
62282
21459
95233
96542
44282
90307
92658
73228
1188
27546
47659
25809
34379
1272
59495
60054
24138
83924
16227
12496
61918
67204
56429
10336
80865
37445
96913
8117
28538
90308
8054
8870
18264
65816
51919
5795
26488
7992
6138
71164
85612
21704
93744
10956
45737
34992
83997
84620
509
9550
27356
67809
84733
34703
47644
79946
76444
33859
41695
43115
33511
89778
11661
45299
52458
45253
88494
61595
61052
12110
78113
88234
53471
40083
75456
71419
2525
78595
27959
81048
88193
49850
18932
18329
25475
49181
74250
79977
80438
72192
50645
79147
97651
89343
53526
55385
38733
28832
96440
94507
54436
38409
5366
90815
48471
96510
32953
82925
45463
3087
23077
43007
1041
30886
42005
36569
49239
86513
89894
86492
966
99498
89870
92793
27976
51738
20139
57942
47878
30122
68592
29123
14416
23786
38372
55432
46280
68719
1244
97070
49235
14146
60531
83658
44410
24151
53255
35299
17239
16999
24799
43820
66410
99168
28423
83404
21603
3523
97388
83781
74981
64409
63700
96069
60513
30209
45159
74065
67336
98009
29845
29184
46558
78972
50523
696
99092
53831
76691
13788
31423
88764
35778
34041
94377
48005
21471
16499
21548
15756
83871
32381
45284
54988
67746
51315
75752
59278
37499
81625
27084
64977
77620
33428
12770
19511
63581
56283
69676
80475
20986
86195
10381
20951
47945
20783
7719
30806
80115
97110
74382
40276
29869
71082
25187
9716
57042
23924
43974
21424
75233
19338
91280
83397
81517
43938
42511
20753
69306
70385
47650
95430
82686
96396
91284
87173
46813
56307
64255
98575
65815
91060
28733
3168
2495
59515
48011
60545
39797
47539
53246
53694
84472
52068
51618
57073
83729
57470
38880
9512
69946
72451
27015
1238
83045
65870
35260
73963
47607
47088
22260
7436
45197
70315
57581
8314
57338
89568
89761
51556
27246
57970
71017
39285
34957
36468
17843
70088
27173
4114
5562
89601
4723
50076
91843
60538
59885
63170
33380
31685
79059
52623
83281
61189
33845
35683
64308
6857
10274
76279
78344
50266
72982
16993
69844
49937
38125
88040
43973
65697
33833
99865
93705
3228
48500
46276
49756
9222
69240
11822
11671
45330
54391
5929
86337
78348
24910
13262
8350
94687
19873
5637
93813
7025
14118
38481
79080
13106
70873
50241
90726
48338
4089
93477
4633
87870
44425
40690
71182
67398
90334
4755
93853
8585
30859
82433
58965
89813
59293
42472
65996
50446
75918
48
74836
48905
13500
13938
74044
29880
37944
86463
63660
74068
89446
40803
63115
31243
980
90344
25363
12570
64772
34186
28593
99008
9069
41827
22262
50192
33133
44117
11268
70549
34337
78273
56074
56261
58733
89060
62896
2429
38933
56767
72606
9345
49804
50605
36448
78176
25949
16929
68841
91247
72770
13120
94456
15925
46238
49450
48925
61218
82343
85985
55520
56811
21816
74968
2150
67016
63015
87395
13339
96334
33786
80662
8963
27966
35535
85299
71633
52677
40171
28989
33044
56462
48382
56777
28028
12376
7200
97249
425
7316
70947
87611
34831
36045
88681
45066
59857
80317
97108
3939
23136
54510
54801
67406
86460
15163
17909
79883
12703
53008
79461
91566
69930
75442
48983
7082
74226
33028
11115
17235
19101
31546
65157
77673
94917
37306
34485
31852
56440
62620
64353
71124
11078
79393
61748
49471
60419
86050
46133
86485
66547
78198
81856
98668
65428
5142
20306
80683
40920
43883
66171
91505
66876
95066
88981
73121
72143
55749
31119
90429
17336
93757
3885
18606
92797
21843
56545
27694
37784
89501
35674
45822
1685
50556
49069
10425
90575
43631
9616
57771
20780
4099
52708
73854
44114
56052
38689
49303
73172
20263
80627
45771
22134
9616
51398
88816
44915
29726
45505
60321
85048
49014
98925
74721
96901
58950
34735
92024
7499
63947
67121
10642
47134
25946
34911
37552
75933
50327
17397
62568
3418
1589
84237
9708
55037
90495
68574
17498
77252
17073
48812
11909
29593
28735
61573
64476
8418
91935
46426
86972
87717
15523
25982
69730
65226
40676
49336
13221
23466
9254
13515
51570
83440
36034
42416
39179
72389
45486
26614
23013
1267
84117
5481
59942
20459
36013
66857
62570
49795
30230
72810
36349
22365
78738
99191
55256
75729
1073
78947
92850
25569
28701
97058
85348
24295
14469
56074
38420
92914
3709
36027
76272
36072
75863
70242
49435
5917
99504
60553
9084
45424
45556
95887
42616
25745
4193
61962
79231
16204
89634
90948
37643
92320
24026
35850
62149
96995
18227
54406
89950
1632
23909
1115
16620
1275
25346
88797
90443
6309
2739
59214
59691
24279
73245
21185
22950
60722
36374
18926
15306
82712
39779
20904
58893
62905
76184
49065
98827
40771
16143
54950
84123
1798
35082
10845
72287
62979
85596
82175
93695
36590
26687
28620
22393
16934
3051
60936
42214
73165
98241
43948
64442
91043
57503
97604
43730
77761
38735
39848
87879
47432
34808
64452
2130
27713
39309
68689
25101
68129
33935
72255
42957
32138
28239
26393
11471
20928
40595
6875
62703
33291
29605
40718
76819
30430
43136
3155
65583
46667
87250
97205
30405
8183
87754
24737
47065
69115
23619
23072
50863
9404
45729
8658
30659
70378
8171
69425
66371
74214
19366
94742
77827
80526
66467
89318
12213
29579
84438
24477
99791
40953
22344
76527
85641
75991
35632
9089
86076
47057
67616
55938
66945
14254
88161
55701
68259
49952
77538
29572
59035
73792
92277
84954
19024
43433
66571
2589
60235
15376
98895
1305
95012
51390
29977
57834
18509
70582
87542
86624
39577
40751
85085
49415
44653
15908
56141
47912
47448
83472
71479
94310
44287
23985
41945
11707
78428
99800
27527
69209
74585
3711
41913
12528
40411
81998
38835
22651
17294
38239
99266
55052
66442
45944
14117
72981
99104
82353
80190
93084
78103
55151
6785
89025
80042
76249
44437
93118
86932
3715
53342
67115
14578
32386
20014
65196
26509
32506
21334
47713
24207
68236
42348
88298
73850
37925
65882
18061
41846
4689
9218
58437
43641
16426
29728
2679
48260
31745
21273
37620
22014
82661
81302
11887
33109
9138
65891
20852
41902
74871
34249
5239
70905
55667
21146
49857
68603
50668
55369
41238
2313
26265
28365
89976
40553
24779
99339
48158
50617
45229
59939
69424
43565
5698
26643
47885
77693
188
36798
6871
85685
98631
54109
14003
69451
49424
62109
88505
16177
41142
33058
54671
54692
94730
39627
33151
50334
72841
54763
8475
94863
42014
54035
99225
85360
27240
60847
881
91841
42595
35122
33633
5528
86245
50525
85637
81457
48104
87580
78949
56559
34552
268
87939
94258
46
68242
83157
10123
96301
40618
90860
88378
38315
5732
98195
5316
2919
37269
97115
96408
88134
91881
78050
11558
58570
13054
24337
5066
77415
90022
97798
5997
70703
34635
27767
25365
34969
97511
56838
23987
12244
88720
38177
53054
11109
72640
12211
18221
81759
60768
25332
43066
60338
57550
56368
87686
29548
37464
71426
29796
21929
89681
72241
69067
80481
65743
23586
62891
88005
67712
92371
65047
8552
72462
24991
74620
23801
99540
9098
73429
43981
83746
97063
9499
74378
42176
96440
94107
8838
51447
86720
13825
19973
35126
29152
62541
71081
41357
28629
20935
15402
66422
20750
21351
69769
57078
13378
72298
8438
1104
2631
64258
3328
89876
40221
65865
86801
74532
12208
63872
27973
3979
91076
47909
52999
92193
4267
77325
68144
9009
2019
47218
82211
5582
43612
19921
98737
78791
86840
8404
65466
15363
5916
95586
86704
58655
62598
58692
57693
19613
89263
55774
91124
15547
96772
37679
58777
83644
63106
82158
48772
93282
75755
29309
95712
50201
6015
82220
17621
84788
6867
33985
77389
7647
13612
16439
41977
25629
79622
90444
17297
90298
45717
50685
73906
27676
37155
79846
89458
4205
67880
6550
58614
87364
73301
42737
18990
11677
73002
7776
99077
82765
16566
45291
4608
39723
34829
58404
77472
25113
33605
67461
20931
1649
19716
88224
59528
876
58676
72322
38588
35946
41279
33743
99468
87010
2935
99855
69825
14990
43935
58564
37088
81773
47298
16732
30989
44974
36563
99460
78236
19786
30217
35453
8706
89208
44165
36920
8124
79978
9650
58436
52416
90368
71789
66173
23076
53968
6953
29413
41109
95225
83490
40699
31449
94678
70099
25666
13071
72879
51646
8461
11828
69248
6111
95132
92323
37457
67860
33071
35027
27229
50289
93746
64369
22598
41819
55413
2410
47220
72269
57815
84400
45243
78939
70254
56751
73979
3863
52108
50804
39878
96646
53935
43175
60217
4526
75246
51211
59856
71233
59066
81440
66976
72295
4082
65260
41143
92943
36762
23670
62977
44560
68346
66446
89480
85182
12540
30826
8027
15611
94135
7468
70250
45243
42122
58871
44338
38596
24850
88875
73521
68493
67555
4419
81298
51337
24349
65703
72845
49822
11470
82982
84684
58310
99188
33981
9800
99319
25638
90946
40049
97124
37438
96364
58284
65260
3102
62379
12971
66159
83990
3657
16522
79966
3159
71217
24394
6467
81930
31018
6643
12017
55135
25480
46360
70517
84891
87790
62065
5068
41647
88205
7304
7054
42219
93870
50514
57639
44041
69421
88497
81079
67866
26576
74550
94876
42618
41111
78179
25847
73619
48491
84548
84362
64672
80534
10218
63577
52090
22313
29866
21483
21007
7292
26793
64930
58682
71564
57806
33917
96348
35039
23760
32451
39413
4324
58633
16012
2021
8683
58249
96894
19783
10587
51189
93357
52239
14113
98665
66543
60455
14762
232
62710
85608
64773
68266
69673
23429
8414
97650
66899
7630
15881
49244
85749
35593
52691
43079
34378
62477
36574
38352
35028
8909
35079
97855
90482
83560
64222
49627
92853
53469
8446
46555
29976
96231
30651
1245
78919
62819
60350
36098
40573
78265
16422
14740
24783
73336
25125
79278
35969
26334
69379
54028
19822
57704
56220
77038
27848
78628
47489
54444
28598
10083
83000
90595
23945
85793
24495
49749
50608
86508
44155
72321
86789
77184
47130
71293
95752
57333
42589
89142
46708
38993
33599
95882
92528
18073
72139
43738
62205
86436
85615
77459
63819
64776
64227
80180
85182
25440
24894
35422
55005
37868
52914
89015
50800
37124
47306
19584
25680
27372
92263
52908
26837
5226
65168
9734
16696
36776
36667
58274
12914
28327
16186
87268
89168
33229
85910
30237
44
99356
70981
43
50203
21666
7663
68773
4201
28356
19000
27087
54301
85543
56947
80067
57119
22252
37778
87111
6614
6514
48145
45369
21245
86985
48366
38625
30089
39065
56348
84916
37528
23436
60466
42494
67899
66558
33022
61191
2057
45630
14648
89499
3594
56303
93793
74273
64913
725
63443
78191
94802
12151
43211
38019
91940
65063
97707
99650
93655
63634
44898
25197
21037
99614
60632
25082
82387
62484
61601
7045
11553
56566
82920
98303
75087
55979
65436
95998
25212
11893
33958
22498
46190
64865
30078
84409
1310
2263
47097
91622
72297
79966
27442
61340
98257
84436
20670
97192
16065
90085
41898
72695
10884
53474
49450
77778
13124
86374
82447
29056
18014
90475
24088
56503
87953
74888
85684
55425
41781
13455
79893
23902
20793
4690
74175
75478
48273
98886
4661
7854
13244
74507
3310
78014
88029
26924
85127
30382
99740
71253
42261
45071
43334
74597
76945
14748
64133
68268
36748
48148
88375
47204
33581
34931
216
24979
65283
13537
10213
6688
51758
81766
85518
821
22094
75229
10436
9386
63935
93729
47216
74960
31710
43158
93429
28360
93399
11397
90774
27820
93526
86013
10839
42877
77487
40034
46128
31778
42048
97824
96180
57183
70718
14347
94625
15363
16122
36899
48975
3516
91428
96720
9763
86878
22397
46025
16021
24593
97382
74728
53050
87177
30183
70459
53101
83551
60661
14331
24708
49505
49975
94978
81437
16563
89317
66055
90596
74972
14932
68896
26930
49361
37580
22137
56427
58553
30022
99525
4822
50420
23374
75758
85815
76627
69638
42645
52313
96472
74078
37524
82489
47873
71096
48371
87910
75950
58544
76796
89891
62742
91109
63350
30320
36035
83250
16149
34929
82809
23731
89127
87008
88452
27211
5575
65332
98822
2900
60490
31279
17713
49272
68543
79238
2515
15659
72760
88292
7350
77709
44067
93804
24373
24507
78062
60954
73908
76631
27907
91923
44549
71141
46093
77524
12009
67085
2991
83890
46033
52066
25482
72076
96481
46743
56100
93791
47005
15040
70334
11920
90233
98932
30602
69288
93006
37906
36095
65958
14523
98748
8013
71032
42552
23626
3228
38001
72286
97396
41351
68871
14102
13129
86926
44119
92635
80799
36962
70679
69006
89416
74764
68908
93420
11141
45204
45079
62042
71292
99724
34547
28323
7575
99144
50630
31486
27580
49541
34814
1034
68943
98763
66498
72644
32069
98545
70315
91022
43580
48610
91517
85545
90740
91149
33315
68054
76008
23733
93814
13474
48474
97859
50248
27673
71783
59646
13419
69165
69344
60938
88082
9845
87463
91216
74184
52385
29708
12928
37606
53473
58177
32962
36633
48636
63541
27417
65854
46646
55030
48922
11845
3285
2422
74627
94671
76706
58505
54506
33159
68343
48918
54950
24789
99333
74490
82524
61742
19536
28579
55239
64535
54045
72633
59336
63835
56891
9497
10507
10295
33548
27126
17158
8395
73423
76049
28295
97719
76464
97409
4127
9952
65028
43542
57655
79208
10676
39884
50243
26865
87239
10535
6143
86391
94249
54790
77939
24156
24700
53333
54999
57203
58684
60203
64380
24764
46652
69795
52183
79374
20143
96223
5432
41022
64277
76682
71665
13841
19264
14725
36666
83249
5398
78049
94820
50355
80625
34033
13766
16146
60644
50731
10438
58252
85525
96579
47211
39759
6998
46937
52858
24585
53328
80798
35467
34717
6640
33735
48266
64728
68850
63141
95372
92150
96222
32898
92072
55510
67482
80848
7325
17874
8418
95129
57154
59524
83516
37255
12932
14364
10889
9756
13156
52407
560
1194
25266
33613
37588
56079
43278
10083
10156
74617
34705
71195
12916
7997
79404
45804
69256
25169
72123
95729
36305
53671
2898
23348
3919
11512
40430
69723
31166
23503
16608
27503
54238
11936
62228
51115
99375
66381
43482
11544
6737
32906
56735
57448
55332
43902
6159
3424
5273
51890
80574
99903
69181
44075
94878
5270
55339
86967
69572
15043
80097
53586
8093
65954
96064
20828
61171
21711
67423
88927
56089
41049
21397
69727
49349
5482
21919
72351
81470
20326
70142
27478
50783
5986
19176
1893
16386
82421
71775
96080
84614
54691
67126
19861
34152
48226
21879
93815
96341
95413
37873
88286
68893
27074
2984
36766
2185
20807
65919
24754
77481
40726
3342
67613
10624
15422
92436
49510
17398
7995
95631
44820
79336
96409
55476
32020
43045
79381
43227
33567
83582
40537
76348
65603
15114
77205
53617
86290
28535
46578
25446
16449
90338
64589
20145
30933
9164
64793
51014
57093
77645
42144
1856
78766
42555
23208
78746
36098
21042
80453
86295
21481
91028
66906
64638
44721
30708
58654
73333
27601
35643
76314
3152
4384
30878
40745
47390
98235
20432
9738
74331
18207
78517
97852
52564
94305
74336
69818
46679
49751
99599
2202
14111
85033
68493
16868
49549
97655
68868
96886
49356
99965
90744
96088
23781
66448
22828
93307
53910
87149
78809
90491
46216
71020
70070
20842
17824
73931
34337
30620
25375
3686
46543
54064
51603
83435
68659
69086
52320
68167
67890
45800
36805
89666
67288
89648
8729
22851
6301
94946
4448
28516
99370
77232
18997
9703
4954
86206
90347
88617
73426
52292
46948
49382
46652
83450
86703
74500
93014
7038
88911
48806
21352
43165
3569
23206
42196
21159
35154
63284
99675
36315
80352
49658
75270
20495
85226
61545
76055
52213
25058
49410
317
14191
78383
43551
30320
81645
88776
28578
77715
74733
81959
87628
11364
62684
75728
49397
20129
80362
62397
85118
35655
66388
36975
8856
53528
54474
59203
27118
99804
53854
59293
48170
37326
87538
88244
19705
29024
79336
35436
40551
28236
14940
58086
63267
71781
6891
83764
12800
48229
97395
31138
56127
31036
86992
98269
61785
54507
87810
55789
77072
96123
74405
32183
93744
65377
51751
76905
58516
6658
1145
59751
12801
3660
18911
62896
51502
80580
28345
45394
42463
5319
65160
29778
22326
14452
93759
27041
32482
10749
24959
72976
455
62200
49337
37191
69232
35500
23562
50169
75532
99095
71304
36605
29779
11752
11902
69352
285
24392
44773
93923
27042
20488
24088
65779
48528
70644
86067
55091
54718
68165
72687
42038
12480
62430
1610
14959
44799
89316
69167
25003
29102
82668
93302
28535
84997
69874
45103
65108
82634
80534
34548
30510
99306
11089
45873
38810
5083
48845
12304
23989
89178
6469
61591
81404
1876
13925
23133
83560
16645
40844
9392
82535
7828
75182
20681
78379
84936
81005
34323
95806
21224
66000
79338
9759
89378
10367
49289
43029
13416
6422
67228
17229
2199
90549
15172
51640
28195
26572
2235
50997
42292
37983
88857
16837
92815
20520
95181
13713
43612
18854
73285
13818
11767
88991
20501
87258
10350
78789
8613
47174
4162
46550
71997
47775
1087
47281
83243
41360
48534
66266
73938
76178
62522
76385
80596
88233
86766
54960
187
12505
32592
72789
15521
26721
40165
96112
89441
81256
87065
14925
87529
10932
28196
78842
1986
68600
1394
4267
71756
47911
52266
80161
48758
67633
76076
45897
29772
98877
60118
38018
25665
90271
7476
30308
4967
31739
54176
23105
15332
6194
2163
76027
69991
60491
16598
97230
12107
43225
21130
72246
7401
90853
93977
92020
84168
47601
15579
81440
78099
9836
51914
92687
4301
56397
68368
63828
62687
96014
42231
52230
26064
21098
77177
53240
48332
10494
22030
80144
81937
83445
97698
18192
72137
15288
18014
25612
68206
76781
337
65197
99043
47469
39856
97380
76727
7898
40902
67369
32645
70490
1965
61540
53283
46201
98042
57051
75117
29190
34143
17543
37933
88928
6009
63905
98718
30919
6335
66331
26501
92738
84298
28307
15014
26112
62083
44432
44482
15183
13639
74049
75766
52471
79858
34180
74652
80079
93771
28367
71051
50991
71430
7348
95304
58796
91592
674
43297
7980
82663
93012
52005
60881
70122
58305
11970
24478
23259
77015
84323
22899
3810
64283
87847
62437
93281
34848
33766
12664
18409
57806
88087
12157
90846
18736
75045
92564
47235
41318
81934
14317
58097
27626
96600
72703
39348
88958
82016
81986
98208
47514
35812
45240
90064
98644
46747
27365
14375
6716
61558
64379
32259
99241
87383
94015
41587
8401
69088
11699
68887
50294
80758
8133
37746
80407
83568
61155
3795
82620
94120
25375
50766
89545
7261
17195
75468
47897
42519
53115
40612
65071
39002
81303
21395
16274
2537
3680
57813
46537
69431
17973
34714
82845
11525
86628
26171
49180
53760
99698
49211
69778
84120
20688
34701
28402
76740
17273
29170
25933
42765
15112
39352
42478
41880
72264
9587
71294
8852
87293
88276
29504
11803
43642
84880
18642
24089
90043
53355
70637
34772
55914
37087
10250
22931
69756
79065
8547
22125
90462
45751
42748
57226
46689
46393
62726
98826
28276
43988
84876
64018
74686
16885
37169
89038
27992
65586
33067
89287
56708
28108
84347
8730
64534
8765
45703
96930
89116
55005
1820
48880
48247
58530
51169
12195
87969
66617
39023
7276
52971
77393
29766
82139
86067
47154
81840
67712
2668
48153
82814
56643
72958
55515
21907
5112
77965
62154
82000
18056
88938
64538
33662
26369
56909
7496
12268
12024
73371
4767
53393
58900
26447
53294
87268
3514
73669
95637
78447
53651
84987
56056
95753
44331
9446
93855
63291
54771
5873
65648
