40451
61289
73635
46713
90441
3687
27944
7664
24242
87019
6245
31942
96178
52252
97986
47655
32559
82455
53546
27576
75836
56569
18371
75590
81364
43931
14342
13609
64400
7126
37739
90635
43875
14381
49980
63692
78151
87623
46477
60399
88780
45394
9876
49053
47430
86088
51243
90809
57208
13026
8383
30028
71939
64813
78052
10538
40005
99126
47079
85325
52547
31750
67046
9006
61431
38659
99968
9149
26108
33102
75719
30259
9679
34816
82242
15957
70298
81967
3035
34595
74278
99236
85865
85456
9105
92053
39962
88027
60099
99777
29195
32631
25905
45882
65573
57413
50597
42979
34886
27378
81221
159
92661
27804
82711
47591
24915
81713
15002
20812
69510
76478
84580
62965
43160
35044
33906
2570
19993
41835
8262
21668
84537
99166
82715
18974
18319
23084
8535
6983
42871
16123
84686
64072
10832
3052
8465
65571
8024
45767
3282
16411
16902
69130
18345
42515
36926
82362
65202
32088
60118
63275
84335
69066
35136
27595
99304
65968
323
50305
7806
91355
31286
54993
35287
30121
39651
92861
12255
48937
24380
78133
6054
24391
50124
18637
25423
15974
55297
16786
82272
38320
40859
36833
25808
1834
96869
61093
93371
44606
84906
82827
19287
11328
76929
38346
86742
47548
2529
43110
51964
89210
82223
39976
10726
37399
2950
87911
41039
64013
91056
29773
18104
84135
18698
78798
38914
25152
41089
76547
56013
69540
62575
805
62507
21362
36447
36704
9746
22344
48181
60182
20818
9482
9410
35275
82038
4520
99232
62688
7752
11319
49347
86959
38149
56785
77526
90353
67763
95308
66350
66105
89550
72685
92898
5813
3591
80300
89933
14144
36447
86166
42080
99878
31774
30037
81616
30529
76937
67602
38757
2035
45940
27077
99562
20130
19730
93612
29252
85281
22744
74899
54265
81842
35347
45393
4630
46516
15067
59779
88954
54782
57333
40806
13491
35562
2278
98762
27166
59215
67085
85856
72173
30462
49734
14283
31419
69301
74983
36770
79141
98556
26179
50084
94145
1764
43621
54231
31596
81721
79935
98886
65080
39020
45330
13493
35146
9555
24359
22314
78787
26840
16553
57552
54760
71696
19983
42461
74496
70853
50915
37244
77201
87763
35364
245
50686
71154
78904
85173
70428
79773
80231
34778
347
30228
5288
81308
35914
46105
65999
68545
45769
68557
54372
61662
11956
91767
11619
52641
13322
48489
23403
76249
6917
2162
82551
5457
94853
30565
72007
15699
80902
71059
85131
17638
14053
6849
84031
52341
16953
91424
58730
19492
22743
85156
20970
27952
35140
54629
72073
5664
64576
88336
35072
23999
79850
19651
61694
98491
26055
8969
94856
20717
18028
56317
92559
23881
25394
67076
68876
89450
16181
94104
89249
32283
67094
41232
33816
94083
93631
72994
44530
80375
77891
76401
22145
67929
32213
50720
43096
66691
12143
88607
67830
56980
78989
13510
95980
31522
16099
26344
22562
20770
23154
32426
43243
89217
31551
24096
25555
63761
42385
41910
95293
94884
96319
13931
70135
94186
61710
29739
83138
18244
41996
98569
42523
50802
1300
64243
62116
41880
43797
84818
97489
14067
21173
2582
89694
1856
97640
79811
15321
71752
54763
81111
71182
5629
83545
46804
84285
76773
48886
19284
77535
78714
52191
69227
96872
80196
7966
30037
7210
90202
75915
34857
41226
58499
76487
24434
81195
99724
9578
33833
91911
56814
78532
82063
5760
11782
88436
3414
34081
63590
67225
89304
61554
45307
18124
69977
4211
60890
13180
70101
10101
51268
55417
51387
46158
66238
2849
36081
80123
38840
16911
37886
21695
53079
69094
90495
84012
10210
28120
35393
95592
83557
8759
86334
81845
94736
53325
82295
30157
86377
91700
95343
84917
44583
72007
71691
79433
55606
34543
77101
89154
84074
3888
22923
68212
6305
17247
599
28934
94506
18397
74732
15060
71918
7948
9966
38753
59320
88098
93383
69554
41275
8734
91265
55458
54488
93771
9378
43985
9407
63782
8842
37018
16774
16621
93764
68385
58821
87799
32119
48923
2445
43656
14113
52514
55378
70204
66886
18635
24736
51608
79095
73070
17766
9332
68408
95201
13685
75299
82877
99773
6620
10433
94863
32315
30511
70963
2681
1952
85414
18670
85806
87806
72420
62061
55026
40063
64267
89079
81695
89615
13809
76248
76527
41374
61282
89278
67059
9857
89718
72292
11
66334
48717
59674
11291
26999
81089
82082
70733
39512
62141
52143
70881
93006
83407
27788
11910
19071
89217
79974
16087
35105
11166
10504
30086
30898
11385
1780
75642
29962
59059
62981
27647
92376
61166
54021
16718
7812
4720
15660
18120
81482
69138
68984
36419
38557
55918
83184
69258
89002
6865
68953
51929
61078
67358
75913
21788
20145
48697
72706
12819
91384
53226
79221
74051
67182
49543
35429
25849
21769
10874
91421
42879
79699
37904
50487
22331
97626
69804
6305
62210
84864
9190
71983
40668
91286
6234
30623
25857
83802
56830
86378
74767
90381
1017
82597
37299
24366
23274
81152
7911
46948
59570
23153
67536
72606
9573
60663
5543
852
18882
5403
3521
44774
90563
34985
87194
72252
59351
18322
51740
85256
81730
61129
25002
93184
55260
27334
6150
56364
33716
84519
61185
9398
43772
6677
23203
19747
90253
87116
30927
72829
68765
25585
91601
91205
93078
15797
95094
85323
7315
74773
277
38774
74098
68680
99971
8200
40470
40411
64284
74639
20994
35030
67474
66882
71366
63395
96909
64665
61465
38644
94056
89830
23588
85069
12708
99473
63285
1114
51545
43065
57187
85236
68484
27385
11615
44285
72655
14218
44408
38848
72771
30948
51746
8816
72153
63997
46997
25694
96721
38284
85649
59487
82891
22238
43485
80512
70124
9724
83465
12519
59169
81771
73925
73370
38386
70739
24970
86389
63633
35205
20914
14259
87460
51197
97672
18236
90155
87499
80025
63961
37287
13586
61035
82274
54751
42599
71811
33927
27183
17998
74925
51963
83348
23225
62250
72057
69962
42090
66070
13542
29912
96484
20807
89473
36284
14379
20134
39418
47553
69717
53058
8762
62146
47626
37622
94710
12306
5127
73492
66100
21596
38398
53153
26047
5969
93892
42033
49398
45274
18712
77588
19523
31447
9450
93402
95296
392
30034
86175
51297
84935
85631
75137
36201
45550
26513
58839
61012
45274
18668
690
15282
55947
19454
99654
17833
44156
73372
27489
96985
11880
37489
996
11197
59696
13152
55870
4103
20220
85043
10784
46297
13613
8076
46964
17659
38065
14374
84668
67506
71990
21170
81860
5203
10186
57824
6717
81569
6493
7521
6381
36555
57019
30723
98257
7675
54807
13666
36071
75152
17896
61075
92489
16800
62116
32423
101
83418
79511
88538
12586
90872
11818
97277
77247
95974
55966
39441
96748
90425
10891
45642
72289
69745
80698
17077
19227
39595
37230
48491
7521
46901
76273
70220
63143
9851
63029
10708
89312
27514
56477
38537
5729
27142
38865
35134
52655
95882
76910
17113
51419
97079
15213
24395
6463
35188
84972
92443
98808
52660
61817
53762
7517
31596
37880
74508
88185
88042
98478
20085
37938
41506
19819
96782
6990
31408
55409
69587
3671
61855
38818
1764
75688
77311
48158
38832
68050
12582
26263
86
54872
4426
61817
72138
92255
69100
83969
40581
58585
79552
84815
97053
43788
10769
77759
58519
46171
29447
825
81020
33879
26434
4664
17727
37354
74042
91440
31108
59569
9292
88193
12144
76758
90993
92835
50303
20774
78990
78818
16372
6820
13883
76340
97743
29691
80464
87427
3711
78626
25640
26438
92533
15478
18243
37484
10767
88682
95627
19460
65978
15240
64983
16987
36815
93357
34870
61344
10162
25790
28724
27174
90789
84499
63815
57880
52247
97743
50225
20290
49344
79279
74190
12000
64171
66084
53975
99417
14001
14921
29591
68339
20385
31189
23130
87441
23092
89921
87134
95067
23078
68494
44674
28527
67599
45842
47629
23659
18822
82362
83422
79157
55366
18598
80360
74561
19058
28148
70558
75056
77273
41969
81287
44239
24321
6305
41416
90850
52895
71829
99186
12819
62145
82630
97432
75780
76458
45151
3363
69244
23959
89267
25944
11072
14437
92290
15831
97483
47871
44912
60346
52798
69005
62496
84379
73713
71190
62408
27837
63136
40170
17533
96053
16355
60074
14198
59921
58147
13310
4070
58437
88881
41349
87945
24682
95298
34996
36650
5253
60634
77949
64918
17352
30096
52347
1641
39182
14295
25897
96416
30919
83688
47445
11501
57308
13615
55546
41908
26184
15771
53313
7900
18528
17450
63151
94714
26819
86076
91892
94202
37797
95777
10620
39805
42594
9921
60777
47201
96501
11266
26059
85332
49597
20761
23659
75191
76216
99752
6006
70968
38645
59804
75389
6167
24789
48045
17102
78916
10841
8195
12037
78781
40883
26150
23828
9515
70444
6141
52732
29202
34384
31009
16993
15677
15927
91192
43742
65084
87632
34183
24014
60840
61375
68088
56161
78856
85114
72582
83630
27498
34202
97163
70317
20195
91789
72140
93784
49695
77236
42059
82624
48179
18837
38343
26938
84080
36234
77605
88221
51295
45691
52692
44599
97556
65396
30898
6318
64064
46834
29633
44483
50834
90246
92987
76803
73440
40504
15518
10896
65640
83843
16921
50308
96593
54481
83018
42009
2379
83943
20743
12634
43010
22426
80470
16943
57983
32142
55506
44360
4564
75865
60104
86448
30669
58118
35124
18399
49247
42338
9524
91653
86782
76623
34997
47256
68785
573
50794
70708
94786
20887
3851
69315
20347
96383
53649
13057
74770
37951
66271
63328
86368
16192
44933
6605
19105
77653
25763
59183
59334
37383
94442
88864
39839
25908
56327
15877
24246
22692
87083
47085
80223
19032
31717
64057
94274
38610
59006
58828
45901
81102
41521
93345
37729
22332
71107
63874
10183
58010
28755
93608
13316
283
6317
25883
7830
69289
34461
25965
32015
26272
41432
72079
88214
47878
40274
69879
58010
25490
9587
62120
26622
76934
6851
43134
83767
67654
31627
26434
38975
9763
17526
15259
89231
83872
37738
82602
68510
97255
38022
91399
59492
6451
26019
4370
16769
78624
7388
49548
61187
7931
63532
19971
97230
73743
84618
93790
74731
25224
92433
92113
22015
50679
11215
21860
52099
43148
44504
7364
42961
58904
77752
27136
29253
59425
57931
73396
16607
93120
24669
57770
50572
41788
75935
66141
66696
99612
92616
3736
61867
85060
82304
78335
7338
33315
13999
17833
35466
21824
31437
53121
47251
95790
45585
98374
37644
43430
28585
52293
40860
14205
32506
93052
45763
73338
97142
64338
28170
19764
9666
55870
96486
21163
69729
60629
99743
21590
83958
14196
66173
91169
92337
60487
1907
99280
81272
33655
84898
31828
99972
6490
60637
66792
46294
83299
91479
38080
91104
97622
20010
93849
40469
54639
22089
2427
28944
44788
48416
31374
26640
37422
56540
19182
91300
53364
52616
64740
6067
40274
26741
74087
47946
2829
31597
2106
34711
73474
45828
42299
24711
36561
10813
32004
62426
71608
544
79733
52329
20998
15681
92233
49090
92883
35494
52873
48430
41475
90404
12758
48589
8156
24945
60614
10188
81687
46092
1332
97074
90026
12308
21323
9899
54275
88657
54809
96304
77244
63304
90836
69107
74539
8466
65360
85813
45063
78918
98636
40185
85933
99883
57068
8336
43633
62761
66073
49151
54317
33954
99887
95675
81838
50104
57591
14468
12866
12363
95936
29800
54650
28941
17871
26723
13204
12119
11133
86266
99942
53581
43943
42208
11172
12438
20205
71631
43262
8393
97567
34141
15138
81328
36144
93322
17906
7103
60709
4740
31330
91435
59113
43537
76435
56999
97763
20911
80010
78634
37620
26711
67691
38772
28147
93895
531
24349
35804
35028
32997
62553
68940
71904
34502
1699
42517
31525
36053
43371
99090
35481
59474
45716
73900
34363
55806
21775
55888
62582
10749
79620
27537
10481
43812
10880
48291
4598
66740
62722
51354
36374
73048
91763
53293
96080
92292
59196
28869
19499
38679
24344
44989
30044
96235
4889
54989
14756
86074
23401
18945
28134
10661
68856
10928
19851
2891
45635
66659
38385
6856
88006
80191
55384
94744
40674
56288
22317
13620
63991
50814
36166
28856
8844
79855
70871
53275
68824
1573
43148
62005
51418
98196
56484
90662
14840
44356
62397
54770
12866
60596
98429
64874
81432
13410
87764
93040
43865
8447
49803
31808
40527
74726
70503
63198
8468
68469
4098
15003
33624
57515
89934
83167
89959
23119
69782
58202
42476
90648
78247
98924
77775
70838
24211
31104
96887
13853
80085
2410
78084
66132
12850
30467
41540
42617
43787
34671
62664
20868
56652
28791
57144
71480
12051
89481
95355
82160
47519
70778
71059
71785
62284
45352
87849
43082
72612
37330
16306
41362
20451
92325
43850
39833
80746
39671
29276
75777
16988
70346
68027
91262
97203
46286
67617
71378
95086
62474
33977
54800
33060
25703
98862
48598
83625
52968
60511
36918
49721
5767
97783
20324
76186
92084
93646
12842
90871
89716
48904
67579
99071
29696
74902
74167
58736
52431
56446
46799
44718
56542
13319
21987
54262
99942
33192
96444
8710
70006
92441
56242
94661
74206
22354
57337
86209
12071
3542
36389
68358
79142
13106
62003
70315
70542
68745
98075
96720
18262
2959
49914
75046
7575
66299
70835
76556
74786
50426
18430
80351
8214
47496
48261
46173
81505
69865
21517
24398
90549
94774
8873
16519
2245
57349
36015
17492
20758
78138
41066
13494
45514
89268
87059
48256
88426
36050
79361
66701
58598
25042
83940
25134
49366
8618
32901
53212
97349
35166
63594
80666
14177
85219
84457
61040
50330
88852
84530
48582
73390
95052
20628
52097
98330
74863
21347
24050
27025
9990
43325
60163
37019
82545
31070
71567
41131
21715
55181
10164
6458
54067
76171
66298
99072
83897
14157
45048
99423
58112
93273
46067
15458
87556
33942
74996
90912
94164
64496
64007
12164
53608
82822
42948
1032
11060
66031
66928
62387
12221
70498
6207
95550
53863
20431
62726
25403
59877
97359
5607
96281
11741
91198
11484
70648
33629
93535
75317
88742
46658
45725
27860
64863
11
25567
56541
26200
76756
30784
80813
21335
9990
31447
86598
42723
41893
12472
77112
99565
97492
19211
18484
29062
20445
69860
2258
27308
48019
91787
29993
30914
63753
80711
73574
54476
45136
14455
45312
31083
52244
98364
8212
49975
55815
11783
32875
43759
69952
54773
49664
85274
76322
46142
85813
96073
69085
37294
25768
72206
63066
15116
14811
39484
25139
22945
84772
81639
96306
60559
39369
15394
72283
72135
75374
85046
43985
84161
98743
53763
36820
11263
2781
98365
24654
34225
15213
97408
62059
46824
35342
40519
53706
23986
11015
34322
97615
78596
63929
49958
69495
40327
45158
1100
68225
2295
95564
85107
41862
49687
47507
42914
81934
2451
40544
97489
12890
1283
56916
58715
41900
90002
89413
26418
64999
15656
70188
85201
64035
24675
38777
66325
81442
49169
45984
69685
33374
41318
47761
98503
31034
32628
43190
10861
43962
73451
93764
31589
97428
83733
38604
20098
67965
28729
21146
11070
71797
26391
11819
68103
81010
71948
52872
90720
56672
77571
13248
56801
64922
53076
35061
7352
23276
5725
60375
92483
82600
60386
76971
76035
10678
43705
38535
39580
71908
47247
56458
287
39705
32187
75870
8904
36941
43585
89923
46420
50989
19830
9872
66267
28824
41507
20396
47440
41656
62944
50480
12943
64286
6860
12041
38599
39209
81163
44695
48807
57458
73572
28500
46413
10827
42817
69498
58905
12573
68288
18761
21283
89249
56495
85230
44568
68138
17650
65082
42928
47568
90808
15489
50769
26153
65312
58583
89343
8406
5963
69380
99711
17526
79584
98783
13448
75137
52183
986
2697
44640
8241
54124
31968
37208
36098
15734
73297
256
6254
19342
23018
79142
68994
38575
19000
1478
84366
2501
96802
64843
57454
54262
45526
2352
54657
98669
64142
83708
96895
94225
57168
51474
4401
70351
27442
22016
21936
69772
21013
81774
7492
52809
24590
4790
59747
94489
11268
65979
8908
4244
46763
35951
32203
51161
56931
29090
36483
83262
48872
89100
99363
29018
5605
18056
74722
43593
73253
10004
96129
9479
72839
79203
63124
98207
24120
43227
98322
56056
76987
10613
15829
50921
29574
54198
71034
64667
76542
19976
84340
50554
44893
56380
30649
45355
3544
93201
13909
33405
46335
42213
7489
49330
34155
43950
33639
62788
45531
19010
64413
33126
40193
72609
43313
28650
37117
4649
61416
50151
30960
39174
6964
61765
96423
21944
44647
5027
10602
74537
73105
43868
51883
46061
70105
25786
43983
64819
86249
32517
15965
85600
69732
16131
59150
25278
47781
48143
68097
94779
76645
99366
57414
5195
28783
31705
70392
69631
90528
55125
41783
56969
69625
48029
23303
85812
15842
6994
25839
10516
69847
9327
16970
25769
91408
95805
40118
43856
34673
30600
17699
13528
98116
48779
57659
75056
56847
17267
53070
41480
42778
72829
11085
37667
24790
63562
39946
68417
51408
33738
79677
57430
97093
43820
58067
95925
93255
69510
53892
61202
68553
52334
29426
44581
28772
74237
59050
82790
54548
19018
15284
61457
18929
14768
90893
57980
62599
79161
96794
76165
29464
16000
65376
76879
70482
39094
53661
88075
53511
4691
3562
73807
57938
84054
29755
24116
91862
44167
71270
72206
80631
12946
57670
41905
4894
19005
74340
7633
31797
75191
22556
71391
58982
36678
33798
19364
18734
71676
33232
61437
36720
61493
22495
70383
78926
28823
77642
38285
39138
3403
5524
55928
97386
91365
99735
49638
52502
60287
55238
44760
52333
23880
37872
2208
5637
50978
39318
12591
54568
63547
50518
99732
62773
46762
25352
68682
43792
99048
69866
64717
18492
82022
15712
1310
83534
99981
44299
62715
34442
28862
51092
44699
56332
70758
94326
35646
45633
4660
34980
58105
46483
80005
18337
50460
14078
41099
77712
50530
79006
64816
75127
9606
62086
656
18173
28565
83357
54569
67929
66011
91095
55287
83666
67316
6157
50753
5987
34807
23107
66334
27088
53232
85601
33465
50187
99670
93505
31576
50848
88030
73926
32964
12787
15592
25841
69103
36141
16335
25381
76363
98104
87758
3358
94648
12008
84771
69182
41813
58718
40467
22052
73760
58937
86988
32412
67364
88222
60995
98231
45338
16117
80099
35401
98231
22833
56105
44615
56145
8126
18989
92792
76962
21672
70401
4318
19246
57524
92241
793
13502
37293
98239
96738
4315
6415
89670
59724
93686
93581
95893
53062
60792
18645
54664
13589
78534
5670
52082
40607
9380
14675
97470
88844
82495
13638
48946
98349
76884
80425
55861
9572
44300
86900
68424
70507
78522
77099
61519
47209
46093
42469
37788
83479
96463
60778
15414
59783
33371
77119
4125
89138
31783
79587
49559
86506
57015
88267
75875
73331
59476
42039
72806
60645
1918
82938
21948
43566
68293
2097
74769
77795
25278
51583
26609
28181
44372
32315
63324
59716
80289
72441
77166
75653
75423
28523
47083
27700
49637
56386
39862
84537
55693
36376
16149
2300
13369
52876
35449
5071
68823
13698
52298
1621
3491
87905
82259
45222
32928
84577
90041
34570
36013
39326
47577
94653
39360
9562
12285
77761
11340
82345
86756
89067
7236
97146
48284
66263
72525
91049
38899
90819
79623
17409
72761
74085
74146
28342
85087
15508
17607
12915
22063
24504
97716
4595
39847
56066
50680
86276
26882
51035
64088
93344
114
79222
56958
43447
64431
50455
1558
85396
97669
65696
59300
11431
3205
63657
72128
49679
62525
6639
16877
65842
22584
38306
33679
68725
67652
72908
16522
22266
60786
8005
38420
37034
71504
76263
67641
7138
19175
33971
62871
14823
33915
22353
71494
26497
75482
88494
63779
92766
18361
12052
26657
96593
31484
21865
89177
21269
71700
9387
55084
17306
49787
54881
37102
54580
94553
89135
21154
64765
68300
93775
24064
65040
61248
69179
87161
7663
55986
14875
68860
69444
22614
50425
54298
208
99261
71492
93263
35654
90697
36375
68899
86738
21719
63259
91550
23963
30435
45975
66851
55023
74728
4034
1019
45266
660
31147
30452
83468
32232
36800
76661
40153
71093
20780
10269
82092
21289
85777
44159
62311
6911
88706
31619
7287
28784
54757
16012
35160
25535
48382
99429
66317
18342
32547
4332
55110
23570
81080
44434
71426
31041
93282
881
41265
95812
60713
83229
73666
16529
80365
4715
66815
42094
22821
93532
18387
78587
18985
62817
20502
68362
16370
67250
49568
49803
83471
68854
28408
82646
33606
44958
10262
80260
90940
46360
6693
5044
73624
2311
22998
45332
94464
7935
84836
21181
23229
27686
7905
42701
53429
27356
58291
59004
13357
34801
80396
31901
31491
1152
68496
11057
71762
29928
55783
21338
75679
2161
38536
7250
39256
70512
71455
64054
93621
28335
73357
40744
92811
66029
20407
56059
75620
44350
80529
37045
18603
61139
54050
88873
36672
5442
18859
85163
93108
12546
49186
1764
56465
64444
32375
95269
43990
87642
88795
67149
57921
78812
16196
90223
95035
91782
60374
61076
31179
2102
22015
99906
3938
73677
32766
2454
16386
409
66015
73624
56464
71611
3348
45534
67864
52263
98060
32506
48818
397
72316
11019
78665
79466
63939
96411
25776
23052
13987
65014
14173
42382
62412
45007
57455
76457
97478
76769
16137
41572
78010
8722
41970
51761
77096
42147
77525
12591
90241
56733
76517
40739
76084
91079
4308
90733
86425
82067
11919
6
45460
41396
14130
53448
35295
38383
24232
14813
44333
49788
36265
92387
96009
99031
52162
89851
77002
62593
58301
70809
97590
86039
79458
29446
15503
78975
73517
57266
48538
48888
77987
74877
65477
25520
2897
7856
12078
10685
6183
63301
12141
33410
77154
62467
80866
39604
93583
61442
3439
47304
1295
37856
21572
62994
49215
20691
65696
60184
51140
33804
39937
52976
9281
27847
13597
38842
93333
41225
94488
70160
5434
71418
85476
33935
71883
3964
53152
86244
42572
4779
16453
87908
47733
79902
18236
80625
25626
58429
2246
57390
29716
13730
88867
18849
38339
2767
45596
6648
20601
36194
34088
9902
60474
22935
8653
76240
47214
65222
30311
76828
5169
60644
34315
29843
43858
17857
41557
34585
86741
43991
66788
69590
15406
29402
32751
40255
48415
94055
49574
86418
74019
23102
11253
13231
38442
36977
33383
30886
18605
69434
38681
99130
8235
35730
83457
79618
81506
94875
42351
16056
13443
54100
60514
79227
24445
72826
38444
87254
17014
55212
8978
68813
14274
78887
92388
81254
71026
34806
64221
53084
65492
64922
92308
2800
81507
79538
40914
91685
78592
64391
56143
49013
1603
4030
97977
90656
22308
21651
37419
50308
73217
93720
16223
34846
69586
43176
85062
32847
28688
2419
69902
71470
16014
49907
3119
41995
87568
7893
45059
68564
38792
55486
30802
29857
47722
33235
53525
38622
26103
72365
85507
55720
61441
93402
55991
79326
67978
15190
60719
99792
57919
67377
99942
16276
65599
64363
47917
94795
55061
98082
22606
97786
89148
77776
10231
625
40257
74566
49204
26949
59029
66491
86768
61629
17357
38462
7955
36680
75987
97670
715
25876
35805
91950
27481
28686
86752
80880
38860
24200
28864
51795
50615
34466
37008
14755
77640
72584
67779
56980
64921
75456
78750
63220
37597
83483
80528
74218
82219
29724
30437
21778
31118
12433
88982
14699
20089
89171
12572
56900
28425
30980
67386
81162
20089
93175
72723
44752
9768
26187
88051
22855
39898
69515
79687
10223
47748
49876
67879
95000
11479
10935
79081
72379
66735
62260
90534
260
53554
44829
71193
80193
25212
78926
25753
48427
74337
45283
75402
20581
50990
96752
44042
11585
15348
37076
89300
76947
5160
1072
20559
36370
22660
58297
82200
7832
71667
30466
91042
78013
84633
4948
49346
2623
98050
62594
19160
34507
43432
43250
84733
11234
30086
1632
48760
76148
25597
60272
80712
42995
83995
70770
42991
70552
96848
83236
98803
28251
57674
46837
16231
40042
95577
94361
14187
66660
24742
22332
80382
41920
7577
14206
6671
31026
79069
56503
49395
17246
83049
89752
39901
80241
32295
81953
97758
37792
12356
92451
78557
26118
79847
56773
24432
11509
13593
48717
89241
31497
61912
57966
29331
28702
12436
77634
6816
2854
71361
85706
5066
18787
6399
98975
59857
8296
26943
60264
55275
18723
67367
24550
74673
82922
64470
68816
24952
81698
4899
42804
10091
25705
74603
44583
17728
83603
23077
36053
58219
12417
39289
5674
12009
85336
66522
4347
98733
70958
89727
55204
25134
33342
54255
71660
9508
46162
72029
7478
15229
45262
73835
90816
3427
42308
2212
23947
82225
60032
59565
34021
91203
16087
48177
25835
8673
43844
12504
98883
95226
59844
48326
57533
89381
41460
24641
22505
88031
86144
93685
74703
43720
15751
46135
32218
17251
2845
89504
9974
60204
48592
66856
46751
10520
34100
70586
70194
44325
35333
64865
91681
19734
42038
9993
56857
33086
12501
30197
1480
51312
15244
89037
9573
90716
84697
31473
64482
82528
24342
93146
56876
18777
92760
96901
40933
60381
24303
97173
80406
14282
26655
2391
64676
77426
6479
44350
91842
44483
65856
96159
14859
74024
79183
81037
15995
90157
73551
49639
49740
82055
5276
27
55684
31627
43711
97943
17553
8463
91294
69603
16351
70820
19912
64719
70850
77630
67333
36122
29567
39376
24994
77887
12724
29169
59231
32013
92702
74125
96776
33759
61744
73584
58634
53876
28966
90080
94635
3712
64266
74999
2189
790
31044
43974
25469
21190
13130
60304
66620
49201
74268
10707
36911
83173
31435
5360
66356
52250
86802
96911
38938
38342
78162
61778
2825
42202
92829
61670
97512
41629
94554
86794
30266
59053
46427
81148
14361
29254
57272
70318
64523
50619
86932
1336
88043
85143
80164
51944
92292
59689
92536
4261
92958
72200
82996
77647
49843
21054
47963
49524
48979
71208
26950
8166
88726
24253
57645
47465
36969
23699
87078
25157
91641
50286
65312
76796
9837
73595
67532
88235
97985
72955
72865
17532
43670
4863
50387
45949
38883
54455
67980
83001
21874
53133
77213
47647
93105
95437
80928
38594
86814
25020
82337
25920
38428
98280
49335
79399
83590
4015
56801
64107
18636
26299
51796
27746
63572
78649
65249
45706
19093
6570
52654
65270
96780
72252
29633
84916
10030
87566
33152
75013
88924
91177
17730
72390
56071
14605
58712
17212
84248
17003
79428
14988
61568
53050
65577
1781
9614
3059
23183
96863
29586
46837
14700
3226
73018
23838
88588
71378
98481
64261
69091
46200
79768
62744
72841
3267
73480
92139
77681
26058
7047
38032
77605
41946
74927
10697
53012
7824
77410
71044
96591
11790
45855
89606
61643
11656
93769
99803
19867
61510
44450
2014
98450
26550
61338
22181
45994
23175
64077
51754
24497
92231
62291
33587
30314
38689
40014
41259
3261
89051
20336
50806
34877
15923
58205
62989
54607
20259
12093
69084
93197
67101
51219
69483
76358
51313
20222
37773
89464
65994
52254
58994
28249
48094
17805
51663
23981
98992
78003
19713
6158
80156
31697
30069
13482
69940
64167
37259
51469
90090
67433
99478
19992
74500
15561
47013
80235
23428
22679
89182
98480
91688
9893
85505
29453
77306
13505
30454
66953
86898
38103
95497
85216
2098
5483
45267
38818
9589
53915
58323
60971
79672
47781
41857
39731
87276
76400
85832
44936
71877
29156
84524
9633
71101
85414
59095
8967
29449
89931
40146
24318
86705
144
80246
11044
46020
84503
25257
64006
36930
10185
85768
68692
93230
41367
78166
91232
57999
98652
34082
63358
92089
93414
95868
9031
87850
92558
32061
37023
4503
22418
88916
92449
26321
21913
6272
79619
41373
21377
19319
91427
35756
55364
48829
51991
36015
62885
73482
13375
55928
8105
378
16471
63839
26262
26206
49997
99589
20628
24730
84011
77548
18201
82826
78424
67025
64788
796
26167
85126
80260
54917
36483
78509
26112
18971
57338
57563
32191
94430
99586
4568
86026
9256
45383
11117
32890
41753
38730
69067
54298
76221
47662
42506
3908
46739
29703
76012
24899
23935
89821
72759
38240
14078
35178
2946
36609
41449
42670
50743
28296
2264
37502
31418
16009
65968
15181
35645
23609
48797
80303
55583
21129
14028
66692
9137
82695
82829
94088
22260
36530
64256
39097
29405
39680
81591
93308
86107
31029
20572
64194
89769
77808
4218
68091
82751
4545
71674
12250
47189
15878
25280
78017
16364
54232
73802
50396
28610
40747
33594
52702
79745
92188
73269
45737
21664
26589
94663
29673
57756
10129
85976
38703
18123
33603
16242
68409
26060
57639
51855
30350
75371
59123
27435
31889
80441
78017
31586
87384
37542
72576
46075
60
4940
5630
27650
70449
41592
44649
31072
2550
46677
15610
40469
47908
48120
25849
17275
7981
92834
75194
55974
2674
13651
4502
42114
7700
87772
28860
20265
1901
82824
84271
82654
67049
21780
18940
52287
36676
71708
55327
71695
32780
17857
29593
51888
5532
1953
16182
46090
79387
30522
66662
14923
18168
92035
63980
61838
43314
59144
14991
34838
30425
16688
69127
75809
40290
65755
35317
10924
88376
19545
76233
197
53760
17041
36496
39848
75613
65241
33735
61671
68739
98690
45395
19264
79111
3754
33315
60155
41128
60303
42669
91764
43631
92855
98774
23542
7867
89340
24776
55501
72047
60572
92432
60457
79206
88168
55201
24142
50440
12157
59628
28642
78329
62750
98306
59398
19657
91042
69583
33679
42058
93770
5430
31676
6610
23568
52888
51710
69868
68471
2673
24985
70634
18985
88684
91848
76285
12543
73600
21206
70668
94333
91215
88650
83487
19927
40016
96555
51228
11149
30181
77652
17824
30155
31874
14842
64044
28791
70941
209
47583
80146
57126
32062
65190
25567
41815
35208
15939
36246
82554
3909
66034
20641
95484
90220
32875
10767
23313
29197
9424
20946
69027
24772
868
75595
13806
57165
48053
23542
60047
85581
82286
25053
99045
88489
79795
20886
85298
75699
63296
87044
63576
23176
42966
65595
48206
25751
42399
3551
47912
30317
76366
5481
77633
52229
91995
82605
31576
59391
93309
20678
1615
8452
7819
30686
90178
22687
98373
96842
16309
58677
45647
36212
98184
81494
29587
13622
46557
52021
82341
25154
31409
90439
24622
97187
31510
68342
94838
78527
34379
24917
7380
52633
9367
74969
77529
44853
32128
52190
62839
7040
22741
8018
61883
56655
60715
94453
14543
14028
78708
95557
33481
88385
45370
32726
89472
50202
9019
24188
29761
3282
40121
47550
78062
65735
7615
5358
29690
65136
84441
47519
63053
64470
8327
35308
55137
12405
65133
91487
82020
79268
33450
62773
86647
92777
87362
23542
88344
69519
78655
81127
7906
85665
95804
79179
37231
63674
18150
3416
24016
8665
1705
69018
92581
91306
5481
22070
44669
71668
27307
26206
76835
99376
67486
4710
58502
53553
2874
92019
90945
39086
4831
87590
62293
11262
34317
9640
86230
29235
91039
26183
78037
99729
2213
6386
12381
35837
89267
50920
40872
77932
52062
14130
53160
10748
12819
64569
47877
7506
23270
34269
18738
80117
30967
57354
17587
34055
21720
4027
1206
75088
78310
79671
48608
16810
98478
52820
1809
58627
77985
15257
48660
41854
51538
36660
20782
3166
71827
6010
66702
16946
82805
43538
34827
77139
24833
47320
37765
36483
72437
36760
15564
27316
68315
40287
18665
43715
13185
63474
82555
28912
26387
74945
35511
45301
92733
84373
28686
15656
90447
70300
11317
3445
85235
99444
93661
40677
40760
49727
45316
29469
36728
29769
55903
73652
78414
12548
47387
96067
8297
222
15618
68296
71679
95989
8127
7443
39401
13665
72497
73198
34877
44020
86169
10489
95861
67632
10842
11764
52230
2515
41900
99618
11015
96128
73915
36051
40641
89368
11812
62580
82049
32136
27719
41252
30550
45690
77410
80096
65674
59552
3491
44226
24348
83583
67862
71660
39940
23909
9984
57610
85339
34868
62061
92052
38260
27221
9618
31634
78149
1946
67100
25326
63087
4173
44932
67897
71616
50944
23425
20248
64780
8744
40199
38976
91215
6316
14391
35448
5130
59221
65789
11332
87238
82940
87970
12774
84203
33112
78271
14723
82111
75902
75060
62585
5016
34533
92049
15474
75709
50495
64168
38442
64913
60030
85709
4947
56374
98152
65554
37572
929
10235
48781
71530
546
71609
36152
40336
81138
59549
67086
84856
16634
33650
63414
78969
50578
67253
27200
23866
22882
31492
59
39391
47155
36191
8378
22631
64059
66025
5744
95006
9640
29547
11869
32724
9485
78136
59768
71411
94683
95660
51919
40646
98084
55949
48700
77410
88120
15834
86021
97527
11678
62134
75528
83931
36673
61675
69586
10627
33028
51056
83913
14458
55743
52837
62915
80750
8311
9087
64699
21943
58315
26162
2757
74168
97767
5450
90592
94974
17886
61642
43013
46218
21949
77095
75439
8245
43328
49548
51558
80253
11736
67424
50310
92028
87221
27443
90088
54217
12416
12813
32348
28860
41525
69267
81735
64479
25297
33628
13664
63626
23088
67482
38138
32963
83143
13178
34942
79299
84460
47878
64010
10870
90681
7170
41087
25333
49351
53647
83406
32140
86516
85150
80738
48628
94733
55874
16886
92365
20203
47672
26712
27414
17107
47752
78607
25143
94584
3127
67872
75779
83108
96403
53980
59093
58569
18667
37656
75709
13846
95633
4396
64023
18062
60329
98579
15817
98114
29934
90624
85224
83211
73794
71092
16803
61134
22473
47079
1226
97280
8872
12347
71220
6954
13126
22903
10423
42334
69877
41074
80292
53288
46361
80972
60040
82963
18475
69238
47927
17501
56407
75798
18619
64353
29441
5108
87294
63717
32005
11476
1420
53226
39471
94671
16280
46403
34244
99789
69808
39100
71214
18623
60550
37656
69985
44119
12078
83525
82400
49186
53169
62637
8232
57768
54549
35232
84061
15494
13823
47381
29844
18681
64939
40893
14681
80780
74399
63575
7624
74621
36290
72023
65004
89100
10963
16322
93163
14286
80238
50519
41151
23028
91181
44348
42109
77038
47887
46292
94190
67342
73922
81125
24417
67960
11010
23771
18135
45446
89409
58477
89261
79485
43575
86380
9443
70274
21700
85947
18903
26994
19123
79358
40200
85504
98730
389
88929
99530
14988
76006
3832
44585
58506
521
60936
75664
40692
40412
66246
50870
96831
76919
74192
10616
12319
780
71849
23830
12531
99539
45012
99749
87374
92980
97363
20826
7944
32132
33856
38157
9920
92128
82958
60681
42402
3808
4523
63694
9340
50748
7693
92395
90715
62569
32621
64945
95263
87454
88691
7845
67955
90601
76266
24939
17336
56925
13830
69749
68895
27269
16473
32254
98649
38781
54573
54763
79858
4348
44660
83593
28277
40449
17306
57980
50767
4935
25450
30523
29726
47140
98651
34477
16686
14543
12674
47466
73618
19148
19639
10755
11154
46508
99077
81226
47592
78314
99411
69550
45713
65610
24447
83486
76174
20752
26621
87044
20081
17140
65804
45389
27307
86968
25246
23397
3252
75642
10505
6303
52526
87348
4049
35725
71827
29599
76722
31229
19995
2136
58371
86169
14450
88068
15606
39350
65618
57817
74844
85264
71246
65493
41079
91331
39070
25842
98200
84403
26159
49090
20054
3138
33529
6510
11541
12163
6991
89326
3597
81165
93755
53197
30423
77917
55474
218
60503
33629
779
12540
82989
75172
69465
77236
95676
39038
50448
83620
79530
12874
47656
57966
80834
5150
85999
48010
22514
7815
12745
87585
60242
17554
33173
43194
99347
24504
66364
7216
96190
82033
20477
65252
58850
11036
16925
968
30737
86485
55859
94046
36427
42948
82902
77543
82489
85315
83082
4488
16469
42122
44575
35145
70627
82951
68465
43255
46070
98142
33825
11417
92172
57972
59081
97138
3026
10662
85037
62059
54997
2153
37443
48101
41621
40137
41249
52737
69703
68551
36416
97152
51519
51059
71787
53381
93751
43446
51989
10453
79390
81498
48753
4866
11590
56883
15982
80237
90342
15470
77298
46889
23784
47521
1012
77563
87173
84868
97829
10270
78367
61241
70514
81582
13184
44882
61652
57939
44401
41356
57654
83295
54984
43673
71408
23615
51285
66490
12140
20532
2019
86687
72758
12152
86601
184
34745
98437
43853
75496
11833
31571
96220
32199
33851
14725
78245
86809
6324
88501
68070
14382
85938
42995
62338
46502
50229
14360
52332
38953
37991
45490
50914
90318
62968
1730
63938
33765
95157
65514
51214
24596
94475
21848
14062
96880
87047
84476
37318
15772
46320
49132
29595
44305
23796
63278
65964
23938
51308
53436
68193
98061
37503
37127
12530
23461
78483
52986
3381
16923
84303
49096
149
23351
69065
40264
3399
66794
33749
44896
1333
57187
25512
69888
32340
937
43228
73979
47020
14224
49482
94604
11184
43821
42596
61125
70735
46378
78279
38174
83563
15823
89358
37701
90219
22488
22179
93126
55962
36751
29464
34911
19750
43280
17607
22951
59398
3624
45813
833
77559
14825
90970
38543
74283
19835
57863
47808
11550
92527
86181
23081
46730
86573
7728
76940
25257
28924
44032
47715
32758
112
99529
46028
16940
56070
27049
10862
66393
55489
91154
52195
73276
22410
90135
22572
56674
95717
86476
12783
14092
52248
62179
90293
97851
63244
51894
78840
58626
58007
78545
81695
79436
39908
45755
76652
43056
93015
83844
48272
7666
81051
56004
43455
10788
8121
29851
3760
92555
34780
15814
33780
87630
51392
90539
65816
67195
51712
69290
48828
38695
43683
6906
65249
82229
45875
9865
23562
86093
40975
30429
58410
28076
4189
7776
83801
89001
14803
26575
30952
998
95753
29090
56954
52761
86835
23984
6456
90986
5807
14161
20936
2663
54022
73243
53839
80008
53039
4008
96672
24933
90506
20827
54999
20417
65775
92487
86876
37374
17466
2220
91251
92501
34103
73146
57718
4284
62221
64942
11572
59815
24790
77455
21978
81666
52586
26011
57744
9395
41948
44623
85352
69576
40525
81726
8433
88166
92903
71141
7230
49763
92979
58297
61937
39802
79011
1985
71178
88729
79381
84796
4619
11595
67653
91178
35669
4570
50311
48936
66785
31696
49501
44050
28972
14310
43501
95701
83999
78672
97624
64936
27696
77918
84149
32153
64189
46482
51861
16709
72264
77522
20871
93734
65169
15802
48267
38753
52006
85038
20932
89680
5045
47007
33229
27967
24974
29586
9208
23036
12499
33914
93822
50260
52238
77216
14520
56589
45795
70970
82455
94738
41910
48157
1123
51991
69313
75221
77035
56027
17432
43726
93179
72161
94376
19619
47401
21460
77780
50746
51279
60649
23657
77103
12584
97796
97978
73825
7393
86078
63476
65657
94822
26930
53619
57993
1400
33562
90301
74387
83544
47018
39130
63018
49852
8729
81508
88340
62049
49939
35154
39848
49425
88690
75024
53022
46411
96114
55116
23260
10553
27644
13851
679
98095
79994
18023
33454
70208
10123
22705
55183
31931
75236
91966
25749
4073
88330
97839
12576
88955
41204
14625
66941
61560
44845
66681
24422
56230
42984
20526
90955
17504
53834
96981
84314
8910
40454
46430
31556
20131
12015
89812
72827
30163
54004
35346
65023
49227
93631
36876
58388
57168
48713
2336
50055
29871
26107
86998
22229
90
96011
78404
61597
6892
39164
14164
95420
37864
44198
63901
54163
45390
45058
41886
48381
8565
30657
52757
4568
14435
9478
40648
83465
88668
10629
12399
39043
92566
21519
80038
12626
2454
35756
26870
64128
99446
11614
89393
29686
71348
73244
70847
23032
98645
76845
44725
97569
7609
7013
15109
18833
90152
17409
80538
96650
84881
18867
10088
82936
6306
88806
8201
21882
6126
88809
94187
10007
9121
37605
61534
42239
58413
27544
32299
3740
89942
23328
27108
42876
92405
70869
61071
39788
46361
66351
89097
70618
46800
93196
75962
25508
77113
24419
31939
44832
66707
34829
92023
62922
79389
99980
67018
18268
96722
42400
62604
19397
98980
75109
21300
56036
71803
17171
40730
72108
10339
49219
17089
26804
60637
55499
93132
41062
63405
77016
33458
49317
50490
72788
54332
7882
63982
93191
57322
39394
26888
12175
71026
10898
17380
24136
38044
56850
47602
97470
79940
22804
15298
58713
48136
31357
66870
2740
13502
56280
25531
31220
77015
30705
83174
84528
169
46057
53266
46322
13779
72083
86378
26019
42846
72867
53995
69730
70567
52477
94328
43055
85329
48495
19305
45443
81835
9537
11641
99606
81555
28764
70685
99754
88890
53892
79175
43270
47759
83804
39193
87155
31361
37614
79660
88087
89462
48904
83577
12818
8726
78369
26242
56315
46021
52450
39360
14974
82506
75771
96338
93752
57605
96654
3133
56870
96488
30625
18808
75968
62341
32747
117
35517
19389
80582
38665
30172
6064
17002
2129
91279
51199
53984
85098
325
27513
9962
42805
60143
27971
57160
7706
39054
52838
9025
681
76268
9607
11239
62496
27042
53706
9280
8099
35006
22119
66455
82631
62744
60053
55489
18058
17962
48063
18668
75647
29196
79038
63901
95283
58062
18493
3684
75603
12515
10663
78467
61870
2596
95735
81733
5672
17318
17507
27947
89355
13708
6857
12457
40988
67585
57469
43077
9590
75204
89662
99881
54411
64003
97401
48345
60312
92427
62434
27916
48084
58432
21100
38434
17092
5488
9510
51676
95688
22177
70909
254
88659
88315
67801
78814
20554
50264
89952
83857
93053
88198
75696
38746
24335
70338
4165
14781
46005
25484
58742
90530
78678
91626
1356
92885
75521
18105
86635
79516
79304
48700
85200
23565
8795
56667
66808
39067
69510
37431
86397
87713
95526
27215
62700
64663
59856
69032
32690
93435
41281
87458
39857
59289
67610
57957
57962
76548
77466
83025
76694
57800
82864
13321
92882
82911
64073
75907
36103
85661
18722
81433
13426
68168
57067
88847
37773
22227
45776
2111
35558
9061
72636
78847
52092
86766
1366
52388
78275
46541
45258
82883
29526
6971
51414
42547
61651
15167
41390
83637
64727
36495
38041
50648
36567
9667
86432
43834
4740
25848
70078
633
97254
80978
84671
57803
83757
51983
64488
70331
42258
75488
90176
51395
88425
72317
16015
20713
3970
87004
32815
8926
67040
21092
34367
6319
13044
43572
33979
4128
94664
90925
75502
11805
41783
4787
54378
11549
51036
75073
5673
7770
95283
1681
11770
87933
4056
62563
72175
86441
90625
7246
75512
15357
71384
35458
63202
50771
96640
12525
74714
17112
11348
57823
87355
40401
67461
19398
39805
8521
72144
93819
64845
24267
18257
44793
64092
1102
28420
23097
36814
76189
71901
52614
1903
63886
60232
13878
41473
87671
22427
82242
1839
49506
8652
9366
80565
22873
92226
26739
70077
96118
51753
84780
69058
80919
21939
37175
63900
21821
35120
63890
9058
18147
70599
42061
55981
60387
83733
6556
7631
90412
459
92905
4902
73428
94989
16478
93968
5776
43657
48594
48740
53679
39708
4873
79430
10504
50268
85957
82371
33713
2285
86359
26409
41906
97356
97666
23764
22355
24673
75215
34154
23619
91833
26878
58990
82033
53626
22881
85458
71655
83414
39012
65245
45277
80445
94832
6961
26952
82312
86566
94614
571
48946
27704
37456
76978
86138
89506
45305
12779
26276
95769
61220
63894
11749
83110
4012
32041
26387
8750
4126
89751
39909
20164
21971
89290
31821
33486
70976
66906
89699
32081
1318
95959
47410
96503
43204
29137
93167
99193
36175
9391
25868
22458
87342
86940
19969
13099
5141
30395
4905
12705
858
31834
11820
80404
3882
65992
97347
30299
13007
75659
6872
23527
41396
3989
87767
66287
95462
3271
80134
30511
443
76218
34358
5081
94686
29879
58406
40481
77737
26263
34076
90400
75455
30282
90799
75684
65781
91537
15335
54379
58555
24627
61390
50268
15732
39187
37303
16523
17948
63918
22133
89426
9937
27112
51471
64380
65887
17871
1822
42799
83766
80379
98931
19049
58649
24957
65357
52671
96939
6725
82364
57346
85854
83576
42045
79241
27691
7411
14384
1231
41813
61420
39044
33014
88157
41780
55522
73742
16810
5642
58218
39085
61421
12178
13623
93230
71773
65201
80099
21708
67087
46916
79416
20000
6852
5454
40447
75503
15297
72264
14198
40985
58210
49234
988
56385
48780
18303
42251
57249
81559
50669
26656
80012
5453
71297
22383
46924
60932
36817
48385
86343
86709
93991
86226
29471
74295
404
46713
50199
17771
91098
58388
42159
34253
84683
78217
6420
39072
91232
41766
95056
49228
48426
41063
74374
37713
77875
13156
5785
61621
99876
11752
30607
19745
13182
58428
50867
12462
72042
79288
366
52156
35101
66671
9107
37141
64108
29814
65340
42878
83870
10639
86372
93898
18907
54455
81144
48112
5094
33653
40444
51709
58076
840
96060
71893
35113
172
39583
85166
9996
93114
68983
18132
53280
9644
18779
81251
33412
16820
59146
49498
12603
38580
86012
82129
66951
34451
22703
49071
42235
11876
11404
48300
27895
75996
47134
56192
64583
85766
78165
15467
63146
54634
7142
61721
71837
44396
36260
29887
78478
31160
3625
98485
5229
45359
42912
51894
57907
84620
82707
53134
60691
7531
79114
41020
46014
23187
1700
71344
10349
14538
37231
24405
14527
95015
40077
48783
88553
88169
97691
329
87087
45641
10508
59448
22118
86334
66954
85035
16321
74448
17945
42729
66293
14485
60416
40482
93614
35138
12690
78184
15471
48235
97448
36920
13318
75181
29589
62921
50936
52064
10297
20276
48836
76634
69085
75364
78990
50151
46211
71526
27441
11602
5895
49775
18834
80397
35923
72477
16886
88805
33109
39272
78185
22902
63353
91444
39404
69116
59666
24096
4572
52367
92659
76838
95414
41996
20013
55517
7060
10542
41351
76294
33995
84635
78319
93821
16337
80062
35461
76187
62585
54742
9431
72307
24166
90888
62450
70582
48005
21169
34308
50381
47542
95993
85081
25634
55849
54851
68349
27232
62573
95602
10035
77652
40025
56263
33888
98800
60378
34526
91817
82840
24131
66512
2947
33729
68143
89649
60672
71321
72000
32225
39329
30540
88936
15390
17402
31292
70080
78359
34324
79619
87573
74846
50086
59646
87108
10836
77469
60472
49773
9804
32415
43057
15147
89120
9955
66797
34145
47032
95312
53313
18877
19727
40553
37415
30531
40632
38933
34085
92282
82709
77910
52637
76335
88833
78563
49318
30525
87523
45820
15494
41348
39868
2381
98360
98454
83731
71777
56563
69426
56751
59386
87356
3343
67838
28491
34245
13144
48168
72520
41239
44911
90865
22246
89848
69767
77770
4797
79902
11186
81915
59817
28659
89751
79997
81477
58997
12053
10537
1570
72137
65524
57447
61687
41802
57329
59285
45819
81868
57693
11792
3332
97703
3181
80453
14293
3092
89726
90136
89528
23597
74881
7557
79216
42361
90136
59522
3492
4570
71272
25953
54041
14102
23643
64819
67504
53985
31493
7936
33020
21084
1924
80740
9675
28627
98941
10145
86041
90028
5708
53738
68986
37681
49270
75575
39482
63094
56857
76972
96149
89534
89903
65364
68060
51759
3427
20975
73115
8052
58804
30997
61492
81690
13238
68090
96721
82688
4109
11513
70043
72523
14136
74972
91945
70724
46957
4413
19120
36524
86243
21795
50964
41852
52784
40002
79324
8664
60318
62311
2658
15138
75117
82559
73099
92662
79783
67303
88900
49092
85536
89057
93947
90988
80832
73876
99848
41662
49973
69956
21708
33910
19311
38313
95749
21195
75301
77636
23671
84989
92427
2322
20487
4712
41453
26096
78396
51116
19262
70336
40391
33315
13956
46393
25259
90304
79439
55157
74609
94016
2803
95933
8798
51177
58577
51117
30647
3643
42891
35927
6190
7628
93150
60074
44582
27140
98005
25769
29965
87769
7718
82046
62692
9465
49595
52406
72831
65808
77194
88387
85731
77845
15553
71944
39086
36695
94788
23187
91736
84724
28903
88982
61715
81261
79760
10849
44579
1627
2236
41351
86233
19330
12030
152
52005
88440
93002
17251
3133
46188
240
63398
71957
43301
75659
36588
85793
76626
76020
22463
518
51095
19193
86574
92795
13797
20941
36995
67935
84747
61191
30913
4744
46197
68356
86266
56714
73088
10173
36903
18662
69334
3153
39066
60311
37113
36147
148
36
99551
49167
26587
93205
85615
10680
33317
70206
61144
16756
75939
79776
14389
16532
8701
42173
97096
47050
42250
54799
67799
92712
80983
50371
60546
72295
47364
35140
21077
36363
14841
55102
12469
24672
47196
13331
25840
90998
52401
73071
51625
8068
80714
82064
54405
14339
65974
80317
58313
60299
44470
27636
6042
41117
4939
40766
41509
15920
749
86466
5256
45261
41292
38290
45140
40108
58104
81989
69452
91390
50725
92093
75805
8905
88957
84137
2782
95276
80380
52621
46812
93713
48876
93500
61383
77340
98616
99272
4563
2272
30610
41578
51347
81660
97392
45175
8629
64439
96084
23459
8875
28776
20340
96151
82876
31589
62085
52128
16745
10068
64039
88285
83649
39031
26031
4792
6814
12602
70791
48686
87219
50901
36220
57753
64109
11238
76958
21150
34895
96721
67092
20391
64115
62903
93487
47773
23113
3770
21581
99694
79630
47173
13155
22099
3595
84660
18801
57163
47443
73728
51203
11999
9870
56236
915
21791
18484
34808
5195
1602
79041
91689
16475
8000
29768
23587
98928
50625
51745
14391
85347
62515
26703
51312
36854
20632
84956
28194
65519
4889
37083
87101
78995
66686
19960
96222
88823
42330
90051
35714
78119
36514
78601
5738
79988
75113
41337
62814
87898
81401
20574
20153
55604
47197
29207
35944
41572
78597
25294
45821
70342
99420
74272
26043
35858
42185
73310
54766
33285
6170
2181
98234
44519
73511
38138
27100
19991
13999
14147
69347
37235
3318
8535
5303
52379
28665
3162
12668
38022
54240
82153
95566
34217
43622
92443
87318
30779
51483
73608
27877
18280
60357
55747
72845
9940
40744
5865
34819
8024
76138
52887
50877
9124
72122
71495
64557
90410
9288
17317
1503
94989
69356
45150
11660
64629
30277
79533
11289
30511
8566
85989
36607
44232
43510
19113
92523
50176
6109
81515
41063
82264
7908
4993
20220
50874
40647
82967
81238
23102
40526
98755
98101
83324
90214
42836
57665
30733
47879
55565
86381
23408
47303
87743
68442
12480
79855
66808
13681
4795
53512
49521
5761
94660
24793
38224
25697
90311
39912
61422
64606
8804
42166
55089
79879
33782
32965
10551
16096
93603
26804
52298
79053
5801
42742
45429
35632
20409
47317
70770
65909
13752
21870
90365
57148
87862
48046
97171
74000
15181
4536
36849
66207
25423
59148
80959
96903
47456
4739
72086
52549
66345
55950
44910
64783
32596
39344
12848
64784
99749
61727
45262
25051
29423
54370
72758
30674
66736
74283
38680
65641
76862
75514
64507
26909
66376
2661
31096
55350
97832
39744
19722
42618
1390
23748
95519
12725
29763
69157
50026
68225
41279
78638
30860
46078
3520
1010
16669
96237
59610
43862
13902
39857
81761
21360
8072
42703
47647
38862
66500
87683
94329
61638
21806
11805
85799
90014
76855
56281
40233
97793
42811
11157
43053
41232
94971
74516
37641
41552
27363
90728
73900
86143
52559
97759
39089
10729
62068
56344
47590
20321
20986
75226
57658
58445
93253
58204
87226
77118
70566
17904
59032
82261
93044
57700
7478
83335
85038
32543
80944
22480
9856
98695
67431
90300
12028
50971
7636
50214
92654
18914
81645
39841
87515
7057
68597
19300
68736
18391
51458
97541
84625
14582
47045
3660
54934
89408
73270
19039
68406
66609
28287
70226
89189
23947
211
50127
91279
90973
18639
40474
17664
55637
68418
23752
19085
35568
78715
69748
5774
14179
19124
9850
45346
53081
34084
40901
78374
602
6600
91531
68769
81831
70993
3120
95328
65720
76597
40568
80501
76148
64209
43188
23489
9705
19695
32342
7198
85842
57616
63486
8792
88035
79516
5748
28805
20827
72516
58651
13459
61648
89935
14867
76553
75100
28677
68159
25527
67289
65524
70115
53153
51772
86358
76532
99130
4521
16950
85384
59556
8024
65925
24512
31630
5647
42970
70279
77584
26979
21893
42175
65727
97746
97987
36469
16711
45581
86275
70822
69606
21833
71427
28714
33
58742
34708
3756
11942
65108
61312
51094
16181
37742
40944
11507
11690
14776
25186
79903
71323
34770
71416
65860
28426
96696
15374
97070
29151
83667
65899
28986
55602
98135
14354
14915
31494
97212
8534
54345
37821
52370
32512
39534
86815
25457
5581
92752
61237
71607
29862
68243
1782
46673
20743
13035
58409
20604
61260
46115
86764
67234
74989
9215
92770
94437
56062
96969
38617
87498
13202
34554
86671
1080
19116
98053
50568
6294
56967
64020
87583
35411
86888
74623
35128
3732
80467
52230
72120
17620
3096
16357
95844
12477
11520
1163
19655
41219
86783
96547
60175
4768
3800
96690
36136
83338
7838
2111
20816
33234
14821
41616
50215
17297
46359
30499
73440
40271
95947
30524
95936
18148
4265
81579
58962
7279
62982
57411
38040
61280
86077
59147
48742
47718
50281
62880
1956
2322
77742
43917
32816
80871
93120
62251
75713
91271
1245
95689
57001
48238
15809
2174
58835
27601
33208
18914
57394
33800
92141
39622
22675
16659
67064
6478
83497
65979
77263
51752
22840
79181
9084
64611
96115
25230
78005
98876
10211
30176
56573
73157
65096
1654
79085
51350
82438
88056
51923
64439
67630
90283
4443
59938
51830
94187
76893
51371
1869
26114
6635
9863
88056
65485
76892
20414
27955
91983
34893
6688
55141
44664
97537
401
69897
1388
45493
53057
74534
33670
69965
36941
40063
89533
35285
44985
52663
31983
53946
99940
79718
28540
35210
1664
49527
66449
40153
97956
7389
68206
60687
97552
68739
14894
30180
80659
18051
39578
21457
8414
17090
38145
45054
33217
83275
46668
98391
33474
50598
99695
3915
20561
56175
80510
94339
87071
85224
73043
35184
71460
47763
47410
87404
78702
99659
97178
79309
53045
45314
13461
463
91094
49091
73912
76135
4778
90234
7487
68781
89561
83328
56402
85779
73296
34685
56626
98523
54402
42033
80814
44945
62692
64179
9398
11198
54437
57546
75381
3849
56685
40744
82380
64053
56006
38114
49741
18197
58801
30255
71955
88550
93590
41003
95297
71841
69933
47697
92914
19402
10326
4178
62948
98349
12818
89999
73492
7076
62942
91261
8848
97245
22974
36653
85268
47921
67811
80266
71188
97040
41925
24319
35868
81048
16340
5601
16643
61578
54424
67137
21635
43520
28682
30742
5309
83383
9724
51871
71153
83110
43140
23026
21435
78468
48465
50474
38718
33358
2869
67403
1166
59779
69570
463
30937
78779
76269
53708
4608
70734
66513
9724
44434
75717
49936
51293
43609
98809
47242
81152
51789
93094
35854
55193
26282
93588
93441
32751
26315
9089
52891
63371
26080
52272
35439
91051
91421
15488
48722
67484
91650
63643
28526
39389
30948
6581
78802
86760
90797
41077
57027
24778
77106
24214
93125
16640
99589
70341
93557
94061
86957
46336
9296
25648
97737
98233
86305
56504
55704
26267
45484
89069
77357
75163
43484
95944
76173
3598
52389
33996
68933
40789
81367
17715
87303
12556
20457
62294
35871
29422
35168
65758
54902
53205
64646
3964
90358
39807
13096
69769
80378
82804
57628
87412
57605
47729
99330
99609
57059
56968
32048
27426
22246
34302
35531
8505
2501
96683
44921
69402
61412
92952
34443
6432
26792
95578
99021
2488
74489
42014
62001
80161
81724
56273
42929
20623
28265
92028
63411
17704
79992
39884
3480
28903
14179
75678
92616
15048
39716
98759
81778
91912
79980
85951
98652
64445
18268
85175
29443
40977
79678
25335
60068
74249
15355
96839
87368
10743
74864
24783
25966
49278
95458
9972
69837
95698
55188
44368
80020
45279
61351
32984
72222
58025
39770
92736
88633
64022
76980
97205
56659
33062
9296
57585
67723
38137
44224
42090
38704
81287
61464
33364
87340
93947
9625
69019
87412
40742
27278
75729
71836
92154
14859
88073
65332
61386
62596
38650
91026
34904
47644
26615
99307
63415
95416
39221
53339
85143
33597
87279
33938
82894
1183
2789
28227
90292
75941
25294
51524
32732
16366
19501
59820
51678
89639
36461
44940
6840
32603
46633
37486
16825
80375
67588
45901
42903
67596
59707
46527
58721
70927
42958
91954
42532
90448
26994
67277
22679
22192
47347
95454
94592
35672
48323
56879
62235
31916
76537
39991
68585
67365
21730
46444
85996
13877
41499
1629
8854
12412
26469
56662
95719
98425
95047
69074
62257
71498
24903
41665
63959
1263
64584
6915
3949
3351
1069
6264
6603
48566
81653
6503
15983
43249
95390
40565
7191
13481
4967
38377
96010
89759
48938
92167
17002
19957
93072
54865
44997
42047
81451
47809
78429
99986
76105
31885
10873
9365
78496
8816
43149
9837
34153
61517
63745
11819
34093
26956
22344
27447
42800
7690
60600
28002
24627
78722
70724
99104
96438
64869
30193
80023
57779
1264
6114
11262
48075
17782
63311
81379
77526
21769
5065
52834
19902
35326
5640
46076
35186
94337
60012
53212
87589
2589
52803
58389
74277
24042
14956
40820
78734
50001
63750
76047
83960
6296
86186
83476
39046
67405
30544
23028
97313
31207
51960
12248
89721
33653
67774
99710
81537
33740
3877
46016
70463
39301
32854
22961
18425
45341
14628
70205
15531
99411
93481
38699
82565
25512
66065
61459
7389
65145
82681
96492
4881
28791
25015
58193
68691
33113
37313
7905
82816
87810
63809
61654
57429
45548
29689
66264
99398
17642
46025
77512
38485
95955
83268
4648
99117
28916
69803
46563
18019
16181
35900
15428
87655
18758
10636
87875
32632
95255
71962
48730
93075
98389
65749
99203
99323
31221
62076
50239
87608
47290
78006
77973
66192
42176
49442
90366
97923
85467
23960
51165
65225
52652
74362
99115
15574
42048
60376
69299
28551
13428
30026
55586
49282
41245
2553
73888
92477
3536
50250
29867
58363
77606
74285
9712
10441
55113
41563
7985
28482
43019
25041
37325
22200
44080
14281
79085
78006
21058
53588
29590
63298
43536
68451
39984
63843
15984
99274
49831
83054
33535
62136
62606
20574
99236
49990
87237
92683
66507
68421
30437
53683
87878
73456
39849
30392
37383
89503
65818
25930
95818
73256
6056
95636
13242
28570
57891
55876
50058
75010
39730
36920
24854
6390
41101
8129
14375
97853
73422
88555
88677
52677
90975
72066
24889
56511
66657
54826
55678
71846
86363
71271
20658
15632
24956
67923
17398
95346
80253
91897
36871
93384
23794
3393
57887
56946
24430
82933
79542
25196
99720
20712
11440
40813
99320
4786
31947
46005
25870
80525
23786
40752
87547
75252
25050
34412
90081
9292
81543
45858
59634
7326
16059
5006
97080
26232
88496
32428
43342
68334
46818
55188
25791
80369
69727
46939
46068
62932
43850
68521
83606
70519
58763
77793
62943
93560
32939
92237
88985
12698
76526
75488
15602
68274
67199
97018
58972
63237
39088
63837
4274
9991
748
65756
25334
92325
52868
256
27525
55852
566
83165
29899
71153
38210
91211
36572
35478
23707
14823
3808
71635
61447
24941
6080
73154
99211
77009
83450
63525
17018
22416
830
46025
3781
13905
81332
67614
93015
27321
48791
98047
16714
76074
81383
7475
21249
31242
35703
61584
44077
90333
40635
37283
48866
92813
85807
22860
9852
67826
11055
30272
48845
85340
574
60071
41309
88399
71184
3573
32645
78708
96974
14981
95412
21731
70397
20607
29219
81999
1243
65871
11393
53392
18358
83133
26876
24298
1360
24929
33574
95879
57932
47703
62405
91123
52894
40340
92062
70265
90839
11144
99508
89413
93057
586
74414
38360
83764
32441
71692
87131
26516
25811
83158
15239
8347
50192
49245
78486
42288
48560
42573
82275
87321
21361
13543
56277
9780
17707
52741
95439
66393
74881
54911
62079
91663
68316
45019
38648
54172
63584
40061
93194
65891
12086
99729
7819
93090
79410
53050
376
9892
46231
52888
44075
20618
53000
40203
39720
51943
49854
68887
66368
56212
38367
16194
68410
93279
5546
50447
35623
41331
46848
80632
73273
89953
36321
68785
55130
15612
56456
23572
49289
80631
22792
32048
61601
2134
78907
94241
42052
84648
7636
57820
17445
9354
7888
62110
65146
84274
84059
54925
64693
92910
15946
49460
80035
134
96744
46526
74390
32656
15892
42722
20952
11921
37855
60248
87929
85973
4938
43071
10326
58801
54173
29698
2176
41036
39484
84155
52694
14284
4536
31320
68825
17944
46690
33695
44268
38303
62179
66543
90980
61033
32202
59071
79952
64026
76280
25419
2421
3230
10835
30650
81050
40523
41713
3921
82763
76359
23831
3211
86380
62302
99576
16621
77225
14488
93108
20841
97459
73170
14768
73619
64125
99177
24195
8847
98483
10912
77901
12464
30498
72115
45826
67326
82193
34103
17843
67104
11848
62391
92428
92865
86093
22846
72029
37032
4962
68120
59813
93070
85004
29708
72197
44542
19918
70472
84886
37093
53989
70946
68456
33394
36540
17586
8110
59618
38938
67638
56714
70350
61410
47349
30315
55579
59557
14804
6662
34122
38541
47192
48360
33345
78064
70529
50235
21101
85732
19351
97705
12917
5166
81032
82138
35686
27999
27000
23630
15902
34274
21288
96883
15500
77273
31814
23153
2426
99971
17771
16796
23494
82122
47120
64840
31841
3760
61619
9422
91493
29891
38944
91347
50992
18919
48470
46709
48774
13529
63472
82995
91604
18846
78954
77309
19166
77905
99594
4252
45594
55690
17922
23842
54009
20220
30016
75242
5132
78143
55508
91984
56513
69979
33383
44614
45399
65740
68341
26453
5362
38071
28288
47326
40379
24296
66614
11723
27327
48170
79612
33590
64829
76907
25625
53611
48751
58849
50734
76119
85840
8955
70934
86113
98570
73771
78299
69886
8769
84374
96956
94904
99022
39242
43107
6674
91559
88590
16354
93070
50777
30456
25478
31948
83711
98387
77035
93991
34514
95147
19488
5416
56190
14584
53855
70482
76642
94480
65586
21855
54506
72878
75140
86684
15160
48210
41876
49808
95529
35036
72721
54608
81903
14929
23302
43671
47973
98731
87745
68021
62829
63206
69939
35220
57727
38964
8007
91109
88370
49542
3037
67147
35813
96292
38348
627
30143
80124
82046
56022
59459
34553
10740
34426
93062
81038
31882
78124
28400
59403
62932
70067
38878
2557
41058
57420
32201
87951
57478
47754
72913
3784
13533
81730
63233
11287
64390
19281
79346
80688
77517
33828
98874
71782
28070
31417
743
76847
87793
69776
93615
14321
5544
97536
47797
81470
33239
90707
49113
60735
17452
72921
73358
73173
55169
84816
91055
29479
16235
85117
20769
41748
54590
72369
80642
92488
98989
43706
56886
48071
72007
22211
32301
12388
99368
1683
85142
99809
88959
5370
62703
47881
47689
42316
23586
42867
54706
20768
32409
90297
24023
58938
63597
11136
23465
70706
75406
99079
42328
17465
90446
56547
66077
74913
39129
29615
49046
33755
26848
48272
9017
60632
78857
97248
71470
82265
62107
85099
88320
49094
66547
77820
35987
17810
62604
82875
94621
37369
23112
28887
46548
90541
22634
16431
97644
20474
50891
88526
44399
38938
79596
29148
58854
64949
68697
61131
31733
3552
17840
58094
37780
88743
49288
90192
54303
39788
23639
57718
16315
42031
93457
93853
11238
9998
80573
80859
48142
87871
94922
20335
3959
79406
96164
51068
13716
39912
17377
16618
27665
15393
20150
97722
28658
56409
56274
71038
24706
82560
50190
80669
54752
12969
88749
17510
27138
95650
16013
79265
30994
69643
70695
83096
25698
76824
34788
15359
19039
38844
11195
79429
84413
79603
50050
59390
81288
48132
9704
77269
56283
36000
4660
26396
25928
80885
21456
60660
69280
51981
59255
86684
77693
69707
9237
66612
53672
87710
41367
27966
15289
41009
54504
36013
53341
37640
59091
25192
89694
58614
24608
87694
78119
96470
97853
22933
42326
39598
56493
17619
32445
36516
93394
7028
63790
20031
35412
95597
77909
34356
52605
71603
14315
54627
49146
25131
48427
16866
40051
29101
81840
88410
84122
10938
66099
60888
29822
5441
39529
64955
62954
90476
42527
44559
43937
54961
32200
38940
16683
83980
99590
24751
82047
47958
49473
71139
41863
90298
10393
11041
49302
20915
51028
89547
2083
25329
18323
41378
3620
76364
55239
13254
52897
68462
24719
12924
23549
5774
53180
87030
85884
75469
90354
42710
87472
26802
99932
24158
74903
88428
74577
44290
49205
72390
5255
39308
42837
61838
64094
51975
95887
89268
54983
64863
73974
7320
89901
64375
37927
41117
70012
79608
94976
92788
38719
85037
3770
16765
78007
98735
42030
92520
2024
67006
80005
83350
33734
40631
