84599
34738
15435
93780
94518
50429
58154
97943
92439
61913
24834
99594
74668
33347
15989
43478
83078
81680
25566
69428
67826
69295
31452
17386
31915
1619
70280
25905
29460
38617
84992
93969
49117
56405
8491
96666
76965
58768
21894
9836
91481
89153
8688
18653
60704
23890
3444
53363
54718
25062
31578
65977
12437
95741
83975
47956
5886
17802
15723
80744
84138
39582
59493
45783
40447
85222
42820
21279
7176
3402
85672
17709
81116
5728
43318
31366
98512
25527
26776
33637
28547
46953
4545
29609
16523
26695
32240
15130
28466
29080
36124
10319
43436
50524
52621
36188
43223
918
13224
47594
76431
95903
60093
82331
65320
95766
95259
66592
28986
35490
22658
50434
94099
57837
72381
72586
31936
6299
83867
89969
92780
77328
81842
27668
34331
46018
74285
12175
15488
73221
15247
38483
1093
7134
39800
61972
9313
88806
71731
48514
1409
66018
67638
91256
63518
57297
25991
65127
69540
58317
31744
78590
98997
24477
28
14698
46357
54158
44604
54319
54981
73026
54950
68044
11579
78462
49873
37847
14049
27155
68029
86752
10622
31948
6805
45928
39516
14736
15690
99374
16332
14739
1314
81161
99954
84539
48009
94689
77445
64407
7736
80295
37915
64148
5969
37328
37181
71871
66878
41036
49010
66065
4614
48670
82666
45213
43476
18753
56770
85606
87329
20705
88985
80405
54452
59681
43236
62638
84779
10214
77260
82104
49428
53694
75919
88102
62633
7895
80217
3864
27893
48226
87297
62252
37810
52759
14343
46934
63807
38595
27337
74184
4139
33775
84454
1079
84226
17207
9371
92008
81782
95226
35195
75996
17448
70337
11282
71119
27738
92577
94533
12985
13310
51525
18609
37258
20254
46661
46338
86785
27242
40179
65978
43864
91349
22763
13263
92638
36948
83579
71798
70840
23356
72184
79940
20224
98400
82951
78100
45206
511
65457
7971
77062
85833
46179
77694
79959
89233
3827
65147
40835
2185
56202
72088
87693
39098
56482
71075
34198
11026
1470
30462
49438
54300
92808
97239
72869
39969
79204
2472
78370
68818
35978
13404
5787
93975
56132
76281
88473
10625
10261
61060
66184
87454
81727
12732
71800
6705
96803
97059
24788
21959
7444
32242
90132
84582
12622
61369
55159
80714
96748
21941
50005
439
92819
72167
33774
66539
39685
85087
99157
89075
9688
96160
80234
72468
53325
58479
74466
99303
36979
35440
57746
39208
90235
32778
61226
40682
92741
41407
21413
16793
2046
71768
77734
31944
96731
66417
40659
82873
98306
50985
91421
29784
19518
10090
89891
15863
85415
42345
78237
41571
1878
39586
40589
31730
91256
37114
71097
81667
22284
75750
67255
40604
68330
25494
44098
42179
64382
92183
24909
33392
9759
17354
47667
85119
1268
79468
86540
53369
94525
20307
83514
14153
69913
41844
328
37370
23195
31235
9949
23207
22853
90308
28128
10361
57898
5044
15723
56148
44343
78972
1391
58579
73715
51664
25995
35967
12661
22325
72742
57015
6023
86214
90591
33456
57795
76410
80211
99976
46682
31898
88080
41264
15923
8083
22151
69763
69799
80184
47269
26376
15384
45182
46334
74598
985
16614
11319
96250
6785
31800
17890
35017
87257
24055
9047
82205
46446
52181
92034
47990
54517
93473
23569
88094
74754
91322
76961
51552
22754
66795
98103
25673
46170
87130
16486
25406
93254
19755
97767
33276
77678
68233
65181
1562
31904
45166
95144
60126
42300
95221
99581
84917
60093
74234
77878
82606
10856
1204
16240
98376
17313
76618
87036
58488
56584
68319
55406
56335
27560
47414
23791
52655
60758
70265
95934
61441
68435
2699
96577
97377
70646
76263
2818
31857
65876
48730
34354
17340
34772
71963
48084
24490
10370
95819
355
9927
21104
36301
57528
40495
76435
4565
55497
989
69382
19471
69102
12834
54781
96865
7658
52877
51555
78982
82142
82768
4042
28855
51943
45555
92723
13080
82539
84385
49017
55740
24984
28766
34099
57493
73730
21339
31155
7455
67171
24509
35159
94118
22179
30161
88243
92219
74240
27111
23262
2356
92656
96229
81504
31924
27425
40495
41643
83641
68766
70314
19149
96430
9374
55506
7647
19817
22064
24339
88930
36917
81242
83094
13998
46270
8710
47493
334
73442
54237
79716
92525
36300
29246
41576
11018
87366
56922
11974
10764
55839
5732
61723
4184
59025
71785
38259
81153
69858
80637
78705
54551
21288
36248
74457
98385
69460
66403
47637
50407
28216
25623
62075
39017
36980
73697
20224
18681
1585
82533
7520
28662
17372
10249
39922
40516
53855
87122
81815
73174
39302
39624
51957
20799
30615
5959
44337
98234
27786
30949
65469
54904
46283
53272
17414
55559
90293
90163
88424
52741
37468
92889
28394
52721
72703
74904
86691
32456
71750
90350
47912
27748
88688
93278
56349
92477
98449
84487
50233
15764
40376
81095
44459
52119
99080
57116
47168
21837
86804
41271
72094
95274
84087
19412
77906
55779
3146
71851
40405
25801
3820
59022
92680
68932
88563
1846
12860
8567
50467
79659
93672
85147
53813
63094
48977
59942
11516
86497
63957
54018
12208
44052
67266
98127
92696
17136
6504
46655
46622
56381
18519
41223
67565
19215
74058
84714
23757
26744
3695
92762
54520
29641
80402
74329
97914
84815
87660
71032
65264
21734
11814
63391
16355
83615
32920
36299
30279
94301
70193
20075
7305
76812
12869
25215
56752
2556
54975
95631
32381
12218
89847
80233
10727
57682
36163
49047
18453
1252
83418
27176
63251
4803
76577
24878
31058
76938
23563
97253
40848
61862
35666
35609
75305
75470
63197
4916
33618
93684
94561
61855
64873
44456
67238
78888
44387
61090
30309
47446
21314
14695
36366
5839
52752
15726
59389
10588
54609
94368
3607
52608
8871
86265
52898
75131
65864
65909
15209
85627
43821
20551
73156
58420
83947
82482
36624
1591
86240
27037
14675
43262
54295
98944
44322
15295
74459
18450
83815
26197
59697
63278
97797
15125
92597
48136
46067
98771
72176
39743
43207
47055
80574
58046
9939
27774
80356
14250
64862
10952
27691
26067
23425
53689
20496
58390
80203
4397
20597
40183
82155
79800
31401
9091
31218
73227
99209
58509
14019
93931
40327
67715
16364
84042
59704
45652
25237
75508
88709
43330
55613
17629
78346
81119
56568
96919
7982
57941
36569
13809
92337
58466
20606
98581
36297
85743
3482
14724
48515
28275
35092
50164
31301
34599
86863
86003
66121
81692
85759
22592
52608
2724
83807
5091
25649
91770
10342
83355
89344
56407
35967
76246
53841
57141
79175
10221
34800
4602
75198
46265
86397
52013
95218
21697
23694
83626
7587
59467
81673
28623
32560
16689
80186
61493
17795
82904
87622
20260
78162
52560
55476
87974
30390
68191
41668
43140
12281
30735
77933
69929
17673
27433
8839
77637
48265
73445
73859
45591
17603
20252
84743
65112
77052
13298
88573
41637
95847
86827
65142
47608
94343
92483
23351
22715
66488
35667
43113
71518
15793
97568
26046
7457
119
44100
34713
66238
31619
86159
56721
5205
96809
86222
86918
5313
26557
39618
28114
64132
60135
39523
77386
18805
81142
36813
85550
98270
36435
28900
89913
38562
3224
99689
89770
26428
6326
61907
14652
55348
31653
88752
56031
95688
82692
90854
48358
64386
35906
85448
34050
3924
15546
401
19640
99680
5425
96734
35491
1579
6984
94714
34973
23234
58360
29915
10902
81637
54274
40447
96765
84781
50634
44273
10825
47012
43845
29989
69217
84204
67312
29726
60474
78095
46408
1885
94370
39673
448
89506
4415
24731
79548
70253
71504
35677
26287
1168
89425
86586
95998
90420
8997
79754
77682
1342
18267
54783
75491
74017
71399
44604
57268
42588
25002
35928
35314
63262
96628
81719
75257
76434
83572
96084
86799
40994
612
90371
11794
20494
878
18711
15683
60229
4161
17833
50814
27472
53234
99824
17704
15063
55039
6597
60380
66180
92366
55464
23958
65878
60630
77441
12629
57170
16700
92347
21418
85959
64552
55233
2257
64196
45829
65395
95444
37395
53322
1048
76628
89376
48145
62931
59378
73176
15042
2682
3345
68159
75919
92273
36048
58580
51497
90611
33267
37731
19112
88242
66309
70980
55882
48422
72718
44693
56595
92257
40321
24949
33009
30438
4276
47003
67045
16581
33382
17045
1713
80459
6583
10936
87515
44433
66927
7771
36766
44071
11333
91819
43173
72504
69906
15089
60533
60836
33119
18695
37127
62616
71918
31423
10642
30671
89533
37407
58323
74027
80629
22757
30050
62990
91141
50479
25897
82994
99872
87783
73497
4910
91066
44237
9638
99602
56781
90481
30677
59086
74184
21985
58092
51053
47726
63002
73193
14930
91671
40305
98507
71806
1648
9528
11455
2164
36741
7032
7389
26565
32041
17941
57223
6892
25062
68567
77243
82403
47230
5380
14395
6852
97992
10100
25278
25216
17818
9817
30141
44335
40943
38532
81690
38450
87214
85779
98122
65178
73614
20502
1595
85935
43254
1433
4895
44424
83015
33240
25961
73912
92155
85885
96585
96426
2679
14207
87777
37621
3822
61624
91455
99575
68921
58173
95762
46547
62627
12128
42635
69001
80681
65286
80490
54326
1271
37518
34388
59112
59357
12108
79816
67469
15755
37562
91726
92770
17651
91861
47111
99013
79730
58879
61952
55868
90493
20954
7377
79325
25391
94936
91341
66424
53244
8204
14007
94510
54449
83182
5556
98631
95806
53830
99082
30882
80341
14630
24591
92028
74952
53962
37968
13235
87236
33897
34484
18026
6568
155
55746
89748
33159
52375
53133
35854
33253
56155
24084
55012
85028
58753
48941
86113
54104
48274
72692
5504
53994
26407
5550
41683
72148
50789
50644
40494
26819
24233
20792
67537
29922
79438
64348
31026
38694
56120
82253
14011
95586
41093
60717
35271
13988
53237
90169
45510
26579
12514
29139
55724
98700
79930
43065
86242
55727
63317
24967
30307
985
65916
28247
89121
79176
22385
71114
98174
10232
58229
29920
73119
3516
28473
84661
86439
24257
52244
64977
45857
90685
60573
47460
7541
48514
29284
39668
78696
21054
44390
44244
90651
95986
63736
19353
72551
3898
3423
31013
81363
37474
30929
46466
82806
161
99727
66726
89135
21461
43604
1613
53812
68096
3008
51389
82900
76645
98029
78762
29955
9912
42556
40555
24981
9164
9654
50606
48759
8535
99306
62900
75229
2243
92206
52862
38519
21940
90861
86226
22485
59795
39071
70405
26252
52639
69540
35230
4809
99562
19047
27958
34669
11912
88725
63936
11414
65457
44030
516
87959
90481
8786
91877
95275
23699
34416
2147
33511
86960
70550
18412
57034
38728
76857
55232
74769
10638
60382
10732
10577
35338
52858
95183
7474
25398
75736
9360
9314
18363
58118
21224
77681
70195
39079
89538
42419
27510
67320
572
48999
10736
80604
88608
68465
95996
85359
3346
50515
85436
75940
93266
40233
74654
18938
87458
45163
98470
81285
61379
75259
27862
67671
75284
47835
20945
15246
25689
67932
98668
71109
77923
14741
52976
81930
82756
48826
29511
77364
7894
69090
78229
88425
57422
75150
88327
57119
49997
19082
12201
45587
25905
5844
42991
9801
63343
6657
4362
62570
87470
27435
46364
77068
48085
44194
95515
98518
39130
34693
99368
26184
75288
46416
78908
28442
20941
66820
72765
47217
55471
32527
25858
61933
34984
22505
33641
25848
57771
91117
89874
34272
31025
51042
3823
97769
37447
83329
18022
96692
54063
81623
11251
74043
73351
14429
21481
64010
33162
94234
50459
37631
54960
89167
62898
22156
4168
44882
61209
36149
56614
15281
82871
41964
93031
59721
32292
25774
40139
48109
52818
44459
68811
29810
69441
29149
31711
29284
77772
12994
13167
76429
19061
46907
59328
35529
40840
72931
93852
23738
63649
36586
19460
76906
95719
40377
1406
86698
88646
31089
49008
4373
37204
31194
98983
89872
21706
26213
88475
34260
14540
24686
37865
92094
20533
85774
91450
26692
26974
91469
19008
72080
565
58504
10922
69493
6509
15971
22829
63582
58726
10252
56445
75888
55854
46927
70677
1146
39232
83795
64183
89732
14411
28198
79495
45100
18843
22358
31093
28802
28527
39662
32385
35879
15367
59308
34632
36980
7256
91544
3811
20547
55120
94427
89748
72182
83245
56038
21921
22556
71758
68952
33310
33296
85454
31555
59374
73315
88892
98295
811
16441
93005
2902
64293
74115
93372
52392
37624
20455
76974
71103
11602
11534
42657
32980
19871
60912
48198
16390
87372
34478
4854
77375
99848
67742
36955
55882
52511
94277
50999
76529
9519
6919
15305
62254
45839
60728
47780
64946
31758
5121
37331
48630
10674
56473
14925
45012
46286
79499
65425
18519
2666
81956
36956
18849
26188
7149
56425
15239
35299
82360
99215
95735
677
50975
7753
74466
68273
38122
71692
80210
44377
65495
80765
38718
36106
27395
67890
94050
92012
32424
23078
41303
76840
68953
3417
74987
81828
51235
48568
88829
19966
43930
17547
183
85021
31678
80695
74406
70005
55536
79113
87766
86274
53516
57439
23637
85374
24148
38908
761
37627
99787
85972
68965
68770
98848
85229
14445
10031
92042
69225
62993
46360
69854
28806
27328
67670
84301
67700
35236
69022
88206
56176
1646
92167
60515
47466
89301
46647
92881
17518
48671
8050
47814
62616
98453
21222
79093
9935
79722
9535
14707
48767
43318
6913
74896
21124
88556
19834
48495
9667
6085
79805
30821
77423
67462
2665
34988
18336
38493
35041
63265
32181
83121
9028
48220
20629
5068
45617
59467
22253
79864
59491
16742
73231
46198
90203
69892
92011
52772
72059
17230
19170
4865
48329
65206
43582
2697
32093
83348
75751
86471
43221
6897
36727
28019
12900
98741
4869
46233
90146
23899
13059
94528
95379
85689
40600
82935
1401
51697
50796
39109
59932
93938
67475
35680
20108
9376
49648
26132
55204
46349
18767
43330
83908
48999
27852
69140
14832
92127
68814
34816
44865
92825
27360
82273
56300
19525
73122
4059
53133
7541
21307
70143
54964
22820
18999
37405
35946
6392
92695
30284
58853
18255
3361
61887
37814
99100
85293
53835
33132
35082
67114
37307
3657
52138
570
77881
23146
46205
73348
68858
61541
36154
60135
11040
99537
56711
19464
73007
46792
76567
25856
19592
49999
13172
28866
81698
1214
85523
22802
52762
90681
51894
36843
11064
14339
54356
37336
38314
40368
89589
5111
5849
93433
18731
82160
46141
98469
56029
59006
1518
15175
53
62486
84906
38404
26310
12966
5303
1156
17946
78183
46575
57472
37201
48151
90323
56022
10088
43239
14380
51261
87277
81860
97983
25966
26040
28331
40042
72529
23034
27810
25589
98721
43435
580
92118
470
39092
15870
80489
47473
43714
28766
33326
49792
49456
69394
32097
45416
9054
1768
30173
46426
29893
1745
78029
7931
61135
42993
34580
34239
97413
34329
75921
69722
62707
87351
34816
38435
29660
22283
77206
20089
55270
64215
31503
63302
90672
15293
70323
50874
57687
69655
90239
64717
11311
72407
19136
61458
9795
75259
21369
80866
85086
40790
60274
46653
98032
71041
19073
39240
65122
93786
86800
67387
70242
76297
52140
81158
15731
35750
41280
50332
50406
38692
81721
32145
33886
72365
60349
15916
29964
87089
92014
63502
87190
20918
30623
86405
76711
11834
31668
87523
33069
64712
12345
40384
29414
9770
97191
11100
2752
49450
73275
9564
74634
33386
1878
66898
59287
65883
66483
87763
31763
40110
32190
44454
60021
56593
27165
76400
75043
35163
92784
5987
76721
68268
7689
3829
52472
16196
11738
80358
37291
7271
42816
31636
71389
41339
66470
8032
36403
67053
72285
11282
41138
11528
65994
83827
61966
21012
54804
47312
96667
9522
64148
69607
1974
32965
17265
98502
81071
55133
8077
79013
87877
18768
27005
70885
77849
91126
37250
26997
82822
88030
42720
87982
72119
37263
22231
74033
79817
26207
92832
55041
37853
55333
84260
23044
56087
81725
6714
15065
49102
88559
43829
6288
88731
11417
46036
72293
35588
84215
3656
26861
6430
24516
81409
83326
82712
65607
45860
54887
66002
62338
95052
39924
67354
82897
98544
55196
4309
4537
71040
79053
63606
41696
89640
10804
21391
77139
84180
19743
84460
6588
43541
97476
86263
28281
93897
52580
23979
7454
28883
67741
50360
65148
79144
85012
26333
31024
95152
99130
11211
80738
48563
41805
68408
70255
11136
24953
76210
47933
27343
109
9912
86958
1207
71838
12368
35267
34064
15544
69799
21348
36565
21567
87181
37317
25044
9397
57525
32214
74867
20625
99138
6017
1431
41776
38503
8051
11848
89814
53655
54717
50761
34800
4426
97905
4105
10768
90601
49712
37959
32063
72171
88983
51040
21934
46254
81
24417
49512
93843
73917
63656
88637
83482
64434
58891
57037
78659
89732
67560
24104
82460
43647
60011
54310
51190
59868
23684
15966
95862
89602
40876
81122
21870
63993
64925
7817
42410
30684
62926
55532
97919
52436
14622
6863
93507
11051
28045
28693
74517
48171
10664
31247
74041
29801
68303
27338
78377
85826
20571
59493
14594
92940
5869
79061
7128
67974
22889
31385
85885
9566
40629
69889
73067
40301
85926
14059
8866
51812
20185
57503
19071
96852
22832
91451
71234
60105
24602
71423
89366
54108
35217
92860
47476
98547
63582
68219
61941
51693
86571
57725
48568
34764
23156
94063
98927
73362
84535
63273
34845
91157
48569
77757
44153
2682
20439
79887
22574
31195
60084
60053
3953
55026
93839
12180
43214
52708
53524
54632
7712
42612
3275
22681
55050
59850
6066
56386
40775
14501
63794
6192
74767
5937
66869
95756
25395
93129
58768
70941
16635
50243
17765
28296
96858
17193
21132
36137
11666
5149
6062
94188
6158
59587
65398
68206
56652
88389
63850
50568
27947
33852
74611
72468
44802
84219
13319
20087
46439
39581
5865
54695
31616
53337
55913
83449
47953
1652
9928
81088
25675
66331
21181
79446
59632
48789
24418
37977
3840
45570
59089
78288
57024
11682
97832
17779
7214
49773
21320
71827
46282
96732
51775
61393
91715
43075
60194
19642
4943
96832
1013
1295
98196
37220
93689
72894
61889
74633
5392
26814
6211
61142
8555
99163
8994
79198
7232
37466
39450
22811
7693
76660
16662
36842
36122
61477
87058
17885
83181
73191
21883
42868
36838
27707
31192
58055
47511
67300
19871
40086
10482
40299
16723
70667
7430
70322
5112
78071
3634
83684
98713
16813
94664
55274
20854
63048
51100
37408
98661
10256
13083
75922
20360
39364
95934
80085
23542
23378
10318
82508
67961
7632
28756
975
41288
58831
42039
75451
85018
7548
54242
54705
28671
42791
76260
62850
43102
7707
96369
98321
79907
48360
29970
12357
34649
40707
92651
99308
3448
45139
36977
86485
32839
31854
72393
24820
60631
88725
13349
62413
53759
1808
8806
48619
63606
69891
31461
59629
24950
7256
5972
28189
77783
62916
58667
86715
18149
68749
95177
54826
26466
62268
28585
4257
65878
13590
30658
75894
9734
61807
11224
84548
80139
15377
86394
48603
14516
49671
91553
94178
9440
47642
61174
71520
57591
25812
9359
48039
17568
14596
74000
8960
79393
973
61116
62051
5392
32702
53787
18308
7228
65381
23695
35217
42694
51754
52180
48338
24518
82330
11708
19321
54186
46506
93571
15051
85097
22438
61646
99623
95825
21774
36590
32795
31778
28752
17158
38952
27240
64814
6395
63172
68314
59631
27745
30941
71003
6517
35012
73109
74000
61730
51919
92598
43837
55630
31826
19216
42592
89477
28807
54252
10990
25652
65551
40200
29548
89389
40959
82011
13851
52826
61876
21965
28179
57446
89454
24131
83687
76442
75511
22679
73992
19820
29334
83683
37212
37878
4906
57981
83484
49508
1549
78675
73452
50736
8917
90177
10822
9372
21388
67261
92242
3632
59682
727
31966
16302
97198
86412
50785
42021
80753
19568
83495
8799
27031
60518
47159
94399
39775
88196
3918
89853
48400
9485
28576
95071
23519
6098
69589
42676
86189
18591
263
59329
84166
23437
80251
55523
74598
56470
77855
58821
10238
80695
56912
30687
64898
30311
99267
57767
86639
78434
32981
15459
17462
74157
38433
92839
65784
84713
15420
77196
67733
68439
92247
21036
9824
32900
85932
35180
14116
62447
20364
23489
61518
48481
37385
38338
99363
36908
5294
41329
72773
54736
93632
92411
55922
15260
68722
41646
91747
83944
42981
18806
11413
70970
78631
4203
21254
5066
54444
98331
53985
91748
47788
8291
61748
48231
28105
61246
6308
24010
93715
35206
18005
85110
52168
74410
79239
74904
30464
53465
53512
40916
21021
3055
59570
58372
83155
94731
35503
50787
97310
81410
56392
80138
30827
54482
39310
41171
54773
10881
37451
79328
30378
98314
3794
27545
78956
75600
15647
22226
9247
23326
32659
79896
14337
64177
71316
58210
64803
93983
24144
24922
31149
91481
17017
51640
97742
65857
28402
71730
9968
55609
27767
12346
88332
78371
79246
61487
92591
59280
78299
38678
98499
83142
35833
46267
71752
20018
99289
50232
38364
483
8724
72088
71652
98057
26325
12760
2882
70033
85914
14791
13473
36619
63169
67741
53754
60411
29922
36056
59545
79099
2166
266
87114
59109
89799
99494
59550
59281
21439
17312
81886
37272
36675
37497
94729
18523
15257
38072
46227
91050
33193
64071
18245
42830
70329
34246
67329
66235
2291
55361
53673
49212
68157
37034
49119
4983
63727
57094
87798
63478
49252
76152
22276
57635
94306
40973
21703
94557
16670
99054
78633
32361
76253
98688
90662
82220
92041
25553
9229
45600
57925
11886
17972
28359
36160
91469
8121
13805
83147
2627
52402
14366
47983
68044
45880
69266
69590
46328
5010
15069
90958
69329
60502
86649
40076
3426
76530
45041
97320
24249
79360
27154
57465
49481
47922
28412
15639
39538
5375
94364
21057
21418
16703
73209
50429
57735
13255
73866
79139
8947
99568
59279
42385
61867
49209
99425
77523
23297
93481
45314
70893
107
98807
97597
89689
96501
73277
61728
39291
85880
65324
9155
92966
93474
67774
23303
25771
42461
55178
34832
22300
99178
70005
24234
98801
58153
81177
35334
37888
44615
69685
42477
93621
21356
78950
60338
48931
16631
84231
28064
31620
78746
90502
75840
85040
18397
38628
89560
50170
54267
80809
80869
8074
86227
19038
985
66007
79616
43094
13820
69044
56855
16283
33255
52328
68964
56608
26511
25782
43614
59608
2632
39496
52048
98737
24788
57688
34758
58755
66019
6407
17085
76144
3179
66332
86816
38149
37650
85322
75537
29295
78379
86492
21772
98596
57600
74548
43043
49832
47897
96055
40449
98545
96708
9578
6535
64309
42829
30885
20537
22579
1565
40329
32442
66061
87509
5646
43514
21023
11461
2083
39962
67464
96457
73054
90530
98756
28464
29544
90519
89242
5099
36938
83619
21544
53928
60538
45735
46696
98022
94773
4562
80663
63770
33291
1613
88464
47671
22551
86939
82133
72118
75451
99847
57198
76777
68450
20315
97674
93319
7693
86801
45686
20555
18861
68826
25677
56283
72695
45583
72344
53077
88285
54074
24393
30851
88634
47637
33449
61500
5205
70991
96587
16548
9226
21981
7978
6807
91279
15682
53982
86516
92088
59130
92249
12010
1611
76405
32159
95133
72789
66003
55079
57015
70915
87882
13351
36487
45638
12566
22702
93934
71684
25271
54114
25860
48258
67196
25666
33783
24998
46732
13908
34920
89252
74425
29539
6921
40373
34248
15719
78855
13645
71973
58500
30147
72016
77873
54842
40756
51259
41484
87480
39738
78732
51917
48083
51950
70862
8200
63535
8987
73606
94451
3298
92841
85939
9709
45435
25647
41342
94690
18700
46396
93769
76885
59557
25421
76969
33426
25262
11711
70193
49989
13301
58838
58067
57310
97270
38100
86129
49404
25493
72671
74199
62923
29098
41763
98901
78207
2528
57910
29132
93090
79611
81708
67093
42023
7152
69591
95645
63355
6715
47925
51610
15877
30861
934
46315
74353
82035
39765
91431
51290
11325
42222
3011
35507
87691
65516
95681
46739
18183
28201
80714
25728
73510
45956
35547
58129
76055
22281
98085
93004
66096
7297
18104
34640
88727
91475
42095
45534
56187
81876
48008
42495
13258
13806
12316
17587
53613
820
20638
13730
39898
21667
39070
27049
50023
10971
61333
39485
87314
6797
51393
59663
92584
24587
79911
99237
18687
98982
49484
43888
38990
94987
97920
16451
93922
73765
13630
90722
40137
55844
71217
78780
56363
26520
8108
85217
97431
26877
47348
6879
49793
64665
63609
28857
66730
57482
38131
19925
97691
48608
17604
47351
62151
34023
3032
97629
99620
67313
51423
4643
20040
64061
68133
47783
98744
66078
88280
62116
97222
57731
97825
23982
90007
18947
61296
27409
82328
26700
80087
41546
13592
2832
13994
98994
81816
14841
4959
11698
70930
10331
60095
85602
56214
99011
48329
26742
64729
34531
71106
91137
27744
59131
1771
94167
78099
82010
48442
12897
31117
6827
65462
69796
59793
54343
43267
80597
2657
83194
44735
58215
17472
48152
53513
67482
98394
40341
11252
39488
64430
39024
34441
60149
33465
77384
114
14142
7070
73886
84940
84152
45108
37334
47049
2028
32105
50293
95634
926
60591
92170
32719
31296
82247
12899
96749
70519
23125
74722
71426
62662
58621
26954
58258
61897
50028
1808
38406
22265
50999
2586
5191
5178
94578
48182
85980
35533
57925
29429
95471
47637
91250
48783
93997
3787
94279
14678
73829
17717
51828
41242
49092
25253
30509
58707
46754
82515
74349
58865
32207
9821
24379
56739
29399
76784
18487
73959
6655
45885
95677
14713
63789
28480
4337
50220
85871
50222
2150
12152
87064
22127
15370
30598
85742
36523
96212
90195
57241
89400
61741
71755
70691
11762
35318
81222
2091
40057
76373
69171
77953
1348
68170
36398
38972
39271
58149
27784
4203
12774
55969
66851
91799
1082
98534
31595
83131
78947
97496
7083
20380
23894
25524
79630
72100
73759
4468
75865
86892
15300
2716
28183
29201
35380
17579
57475
42803
88668
89169
96837
95301
80917
71073
23480
36481
64245
51149
48399
44979
91854
9662
45314
62121
67278
56250
10684
80730
16852
64799
45345
67442
35226
44664
71320
56715
267
52423
60895
21036
89962
86057
33722
68952
20036
92698
21674
77508
87644
44091
59109
30119
90778
14228
28645
81830
85508
24986
68101
13876
31775
32919
19351
40300
38804
65340
74000
82341
16770
45201
8699
95008
68244
26988
61575
53522
4626
27938
71963
97468
95298
86779
35030
35665
48013
29542
18121
21099
17026
65230
98859
36099
91542
48583
63025
7040
49491
24086
92772
84238
31948
26618
17195
56849
96505
34489
227
48052
90810
61916
63165
84742
32446
18539
65027
28104
77948
86126
37216
62201
56147
18339
39644
71301
24599
88476
36326
20850
46368
42639
4594
57636
37389
98432
10695
76604
73373
97858
41639
96776
24581
12217
80798
16007
2563
89458
78527
10685
6886
26262
52047
97123
45403
97917
46502
99770
11935
54833
17783
81134
94592
62995
89571
86477
12251
21123
94807
9365
50589
30756
95882
74554
61562
89224
19665
72229
80482
15392
14308
97018
17816
13714
93795
32363
65881
66666
35559
44341
50285
87636
41080
75080
51453
12895
78370
92018
13628
19884
91942
62620
54098
28306
25893
43567
72289
46078
39814
31827
76760
51364
92968
40084
78431
44633
48077
31780
34281
38138
37439
80809
24203
42622
56156
14492
89058
62932
77993
3050
47169
15993
82252
95446
1240
54417
78391
48335
41697
40737
61988
99955
23534
41743
72766
42883
81437
25075
56699
12144
31786
11242
2071
39709
504
7044
93502
69384
50799
73973
86073
77908
72625
38379
34007
58552
6253
94341
53759
48192
55694
84733
33796
91309
90034
43014
36316
64736
99991
4442
83488
34364
18435
38773
93787
65660
14893
5919
17439
57052
91708
36456
19571
9019
9538
62838
9640
97153
59619
18441
43086
32570
32733
15779
83512
29240
65114
31780
81926
58714
37687
36147
94279
29280
7960
80829
5243
89113
22006
12314
91264
65790
30133
16547
33268
49027
67049
7089
57234
24520
73319
84419
42636
65859
96902
40559
37743
75226
39908
78384
53974
14537
83008
72517
13998
35760
73821
84718
59001
52212
95863
45671
29107
7335
49104
31178
70505
52482
44074
28010
68482
26160
82717
7855
87855
9176
2526
36830
81666
13940
69090
92795
99901
4609
58972
83153
54716
67453
60258
48473
60083
28631
98054
79331
45413
88492
13623
757
52912
31087
42164
53720
35889
4709
33599
88636
50478
75272
75594
46687
41
95408
59449
20375
44689
62341
93001
9596
5413
81242
31315
64199
69892
31058
53119
52199
78394
6806
73321
79035
64206
39439
81885
29591
63727
75911
20960
53306
90220
7023
3172
49900
67260
23861
23626
82624
3594
10399
27680
48710
55573
60676
33653
55324
55370
69778
56936
5374
5136
86407
81120
60292
33183
55195
96173
66514
49590
25509
59438
47893
34757
63962
72010
98347
79961
61130
717
94409
7854
44355
2424
69483
65632
96500
30831
39031
65695
32391
13961
77084
37158
5759
60524
88032
13217
2237
38284
14859
66345
71169
68442
56046
79874
85068
25727
53529
44349
19919
69411
69137
93635
47332
49142
87637
44915
83577
1945
15886
83282
57825
52934
2183
48653
6606
67784
51012
25302
38677
37152
53404
93460
78739
61892
23125
9298
14075
61614
81395
82639
69316
14333
74366
6240
62046
92536
47986
42852
47240
73971
93002
71450
77163
29641
99991
72351
88452
2953
36397
6742
80836
33245
86516
6699
64575
75158
52671
12723
33601
39983
2761
39129
95817
30316
36062
35682
99562
90693
33077
89102
40199
228
15127
51080
88226
74617
34259
67806
19874
13285
61976
33317
53283
70312
76598
97352
98246
63863
98626
5309
35577
17445
63256
65929
81565
76581
19631
76546
64403
19036
57579
30150
33090
83567
32114
51906
3894
48009
65462
1046
86500
87921
93349
75583
45547
606
86537
96867
78448
20772
43194
63368
90489
7157
64747
60309
49443
62615
12492
39332
91775
82841
27720
22333
33198
19228
87207
26244
82034
60505
75089
87982
24643
40462
7957
94152
57374
61896
57030
50945
50878
17246
13665
18451
80387
79421
73224
27511
53502
34442
5046
55900
26961
81704
92608
29004
72551
59149
44295
65593
93362
96992
41145
69749
39247
13649
88378
33205
77478
90997
75293
44008
50821
93259
11716
15719
90475
86876
32599
3627
11708
92027
23714
64494
9707
15637
95326
85610
39340
75183
82629
21372
33056
61889
71179
55626
76150
84108
2747
96235
84746
9233
80020
21835
63317
83028
33781
6875
9015
96860
20192
95072
16065
92340
71885
43928
5099
52360
87291
55303
65208
11982
94205
46858
36718
57006
52488
56056
57076
414
58389
13167
35919
74579
75835
69008
46719
12439
86677
77954
50297
50309
95162
16051
51260
50685
79482
75271
80550
67129
23351
57640
52511
5179
46653
69606
52703
23035
84133
40223
13371
6033
72329
85081
57579
16590
95417
37436
60247
79667
46224
72540
29860
7729
96499
6534
92172
5167
84593
82292
92367
88266
38987
57579
83057
60839
38879
40018
71414
1829
92665
18858
2219
40203
53359
33647
93061
87986
51777
70602
22639
2176
50133
15085
27842
67048
18762
20307
96869
72559
75776
61013
21616
3918
90183
17101
53544
13952
63362
11254
45210
34962
32427
92739
73113
98944
64
82641
5467
97061
24176
31496
41217
93261
67026
47007
31493
78890
26931
2733
42866
52788
47577
7114
74636
5597
2492
36872
50472
70049
17841
7276
99394
70645
88109
59690
91255
92380
26848
50034
13958
85470
52973
14580
51102
28334
56867
28742
95154
56306
88425
38908
94212
67139
68965
42907
71897
69398
86403
52385
65498
83315
9367
96714
83968
65390
18397
99619
44699
34993
76074
64386
80613
60980
50864
5290
2460
78177
63699
98800
53437
37334
90740
91844
41924
71263
38847
94810
47771
58152
65201
99351
99460
16911
67613
28766
51785
6400
55241
77902
44207
73048
79592
71129
90370
69707
33656
62613
36891
94992
22439
73486
61904
81917
19627
55894
93019
3860
68677
21245
39380
97574
49756
95406
76284
18528
34579
88407
25833
42919
76074
17545
3713
27766
80925
22543
47128
10923
55546
55377
1929
4949
90232
24648
83771
36547
14380
80996
45224
41925
9774
637
48847
84274
92807
14945
50089
15385
97848
6199
77968
60848
22545
11434
66568
47402
57593
84687
69120
54838
58254
21576
86696
32124
60208
73931
11078
17624
49952
95075
37179
78559
53628
4600
57450
53695
40301
27363
34061
44777
96204
53470
8657
30453
36048
25555
10723
13386
40440
2872
70756
79952
31508
43898
32506
92366
6996
44563
6146
1628
55771
50829
56800
53867
97221
50647
77125
96486
28651
98266
56756
93827
86219
32623
80979
69348
36835
78424
38605
49256
15853
23108
96345
16916
33999
8583
33392
93217
23326
14795
96068
58927
99152
85168
43336
68298
6296
93811
59212
18593
98613
42151
6127
57921
91545
88360
82955
69353
95034
88030
32110
69437
71009
55102
27655
30676
60264
20077
76848
53429
36890
13104
88280
89827
93538
88719
42473
64356
65954
87546
58256
98889
43030
55914
47819
38619
12036
97156
13730
67180
29023
89543
50937
48394
69121
99495
14184
74228
99464
6478
61311
52706
55155
60088
14277
86360
33327
73239
88157
40676
49857
38849
42305
38592
50390
87809
61308
67533
96505
27822
98749
37102
4528
40402
6359
82292
977
3762
43668
89365
48839
90622
79318
30329
24129
95459
73630
68204
21741
12371
66098
15836
84641
65037
5037
64081
23504
89213
81407
40646
27288
94029
66551
93455
38635
28179
80704
79899
25116
91938
94232
23022
34666
97391
16945
21790
22947
7937
70269
76046
69915
50792
26861
79700
45867
5155
39147
50316
88035
50301
75866
42960
59524
28806
57967
55661
73333
73688
51863
80885
72297
53707
89882
99017
27009
64792
53654
24068
89524
19475
13815
28564
6494
63258
69291
15498
25281
43139
26303
18968
42254
55222
85168
27640
1729
75907
94857
30431
83366
83143
19659
48175
49569
48518
33107
29827
98279
75146
64986
90308
10401
41220
88766
52215
78066
35067
7758
34030
9914
50433
19981
80304
56273
24890
6414
29043
17523
80278
11112
22178
6198
62529
92065
50690
21573
35438
42402
45400
72598
56155
38272
20248
69157
17184
11267
89122
98043
87020
21097
55188
57233
29402
23354
8688
45143
60752
29549
76422
30670
46802
96255
95751
41778
4287
70108
57221
77695
24896
35250
86571
70876
92729
26094
91855
85291
38717
37550
42624
263
88171
12482
50066
47030
16611
34158
90028
91677
80326
28764
28845
47468
37481
6538
33433
16701
3490
55806
29250
20415
47683
89142
86318
70062
76892
60569
15321
33407
40649
33575
57536
39572
60281
77627
13581
22746
66480
53627
98346
45834
26940
73172
96869
5013
70501
69780
50073
85113
47217
48027
77097
51056
56216
3143
72308
93496
9861
97683
28052
89211
19340
66303
49476
50224
95191
7840
86282
34198
33699
7608
45940
45234
2635
80257
52320
60952
95696
8741
71941
84431
22385
89025
15126
12535
60446
51472
53139
59668
83907
11604
45065
3452
47088
28462
87073
47020
90571
94203
43636
15372
80370
35721
83343
41087
22150
89084
57460
9373
82400
63175
76469
87021
89522
21473
53027
67677
70563
37585
31263
54949
59756
68604
70094
12456
98897
63635
40770
49387
45923
46932
39945
43412
44768
96900
18204
22484
90673
89659
38040
71397
8643
15359
3557
50013
42052
63339
80418
43888
56800
22439
29849
3806
15142
48567
31847
8590
51137
29391
15607
25417
85239
60964
29243
52281
18295
64170
99809
60659
43338
81723
63647
50704
76353
82613
65727
34044
98059
16154
13365
2366
54496
71364
86766
28881
67060
49753
56095
17179
45756
86764
20668
17426
80849
47935
19633
77980
27984
95803
80960
5904
19821
63585
88133
71613
11487
72948
92744
76703
5119
76750
30518
78390
56439
70554
12757
76715
74445
44597
39009
86251
56795
40254
32631
60473
10617
89910
38047
8168
29094
9422
3170
48998
98843
17495
27632
37368
91526
40841
84098
23334
41591
92
29927
38544
39722
57580
5521
75347
37081
44503
85590
94691
15194
26788
1006
67335
12143
51463
70848
99105
48042
18254
10715
26589
55774
8651
92350
74569
15196
29657
55540
69329
85620
79110
54699
38310
61730
85716
63957
61249
51952
56899
34917
13401
184
49636
2147
4497
75223
19676
16368
10547
34773
95594
43172
74663
13830
67971
36444
82739
33389
42803
44756
87506
2645
83900
32949
46531
6282
75470
85764
58882
37818
17498
79860
24709
77684
30042
42240
52454
70515
3944
31531
57486
78303
49357
25701
58845
56451
18632
54603
14540
2352
13801
10123
2800
15981
94827
8712
25630
64026
56962
66576
49055
37247
54944
67967
24281
75863
68569
79994
63232
76667
82638
94266
68376
84649
71032
8011
40428
5758
66357
91876
64082
21934
54282
60147
70779
85678
5146
14299
86683
94833
15281
25167
70030
55814
8416
53932
72447
3007
35174
79797
76191
84869
44323
63561
41719
92344
51403
6004
85490
70168
40607
17334
93120
59579
43373
61857
2292
85981
18474
75766
15901
17131
55545
6191
253
37648
11774
51271
43095
61241
47235
81280
39624
7151
86484
80487
45479
55095
15243
36007
9672
1086
13062
12320
37487
3975
56854
60289
513
7582
9711
26435
9768
32586
20825
19692
52592
95004
80405
79515
66260
89456
24387
94422
75352
15367
50495
43818
82073
27815
5214
25433
40893
99603
1368
47799
50745
92036
37285
48888
83776
60816
55759
79808
43780
97546
45166
61796
90359
25322
11152
69749
33661
54034
51938
57897
49326
71788
19772
19171
90671
21152
9938
41356
22504
65393
78427
27196
54576
759
89438
4077
44932
90877
92908
85529
33478
31060
6824
25909
46244
43471
40598
72283
30051
25752
83292
62407
76285
35996
77410
53788
92100
17580
79924
6649
52075
8644
5078
20129
3173
36414
40352
9845
89681
18921
33293
39646
90657
35386
41592
39821
19223
10599
12708
22642
5889
89430
7777
55849
73358
9898
19468
17089
52011
73854
39369
43702
74509
42794
83312
34901
69143
82622
48878
33539
92602
51102
52174
11568
5306
97861
6498
53899
31150
14430
99736
87469
31704
43772
65505
30429
65362
70087
55739
40184
527
91995
82211
81351
40870
92406
57392
74727
23894
80491
76405
76875
69660
40077
86113
61639
41647
35450
37680
17474
53041
63613
96157
26646
34363
98493
35340
3057
98873
62003
93050
4252
97847
67486
75332
36607
66756
50852
2789
75818
74042
71393
10249
94723
59082
36028
10835
84220
22102
29577
8535
92233
44742
38246
23024
47425
65468
85655
34890
70528
79211
17700
85012
31384
35478
59831
66336
61127
4499
75558
89195
18519
50110
2243
57026
82322
54152
27390
8579
50916
85584
59080
4520
10279
44577
31815
47235
19082
48038
27536
59777
86904
98923
57621
47321
70124
27922
63072
63994
53296
21221
4524
45465
46495
15986
75627
30700
83665
21846
50567
78017
51415
80665
22492
50318
83889
92088
84242
80373
44008
75994
65232
47263
27408
5541
4856
48354
1278
5957
23165
43468
16968
72035
74510
16906
24256
56606
44997
99183
5305
62562
91137
76221
90855
30047
5418
10820
45025
9944
20219
31475
72328
77305
36883
49582
56002
40407
34489
5152
53709
50445
71069
83441
12144
90682
72518
25478
49116
56044
51594
56468
51428
52775
95627
59488
98622
94864
65410
59098
59135
70892
66574
37049
64225
81959
48740
65795
68868
41118
57702
78935
26062
61892
65183
80662
5691
25036
68059
52751
50467
53701
74260
51551
84459
11021
17125
19622
45930
26731
86517
8294
83667
29962
29823
3955
61138
14708
69008
54717
30339
43265
93440
44437
91611
82711
57918
17820
15019
45847
28160
96903
56424
13264
92201
69203
70047
98860
39502
70127
8072
11760
45389
3750
21005
58266
74168
75949
77566
85699
18166
48254
65092
59289
33983
51130
6289
33890
55497
26831
57547
17440
73047
9885
66580
67331
79842
81511
48242
18842
41294
77724
11514
88738
99262
95809
79911
59143
71076
54229
58227
72796
74295
95709
53897
72809
3555
53910
74058
15668
55275
71869
60941
10709
3878
54098
95442
7754
65645
18911
70862
74254
85573
13339
47050
57443
15472
24947
27834
56225
73981
85257
40222
47240
63814
63417
57975
42926
34513
64403
49776
39997
34928
22707
27424
90594
42117
69134
43462
7387
30262
8412
65309
41945
17098
94441
32832
52544
84633
87109
88797
48217
23388
66562
70314
74064
88893
78786
44392
3934
95092
94997
26184
69444
7802
61831
7770
79767
16242
69401
84704
20194
69357
39810
99982
78713
84340
8222
26541
79771
97754
86071
29936
22534
39130
70445
5197
87891
72915
98762
26179
88397
90994
89099
25423
39594
29552
87069
35818
19581
82630
8807
10710
68207
86475
44634
37742
84414
57859
60370
11591
58584
15986
14382
94960
86953
15370
82664
13467
20492
1028
54911
17279
41088
95153
24650
20643
13785
95236
81257
7330
34984
5484
54419
62292
25649
39010
59354
92051
50317
36410
38534
71439
2964
30222
94935
25074
62855
56020
70863
239
56477
10022
56091
9495
2798
86814
57015
25055
42083
99029
82781
30447
54534
70508
40825
31747
13175
29778
83677
19322
42214
26331
6314
34853
17642
76005
14967
98835
21827
36746
11179
50359
87791
99837
92316
20276
69174
18202
68697
34617
77779
90312
99656
41065
81367
93661
39569
62038
44759
48490
84924
5457
19903
3119
23692
19617
71422
7502
4882
25213
81969
24920
76008
7508
30780
85191
57670
93109
60330
97007
40208
49804
37183
99459
40787
58428
72643
9282
42370
145
19305
17806
91298
76290
99964
46986
73040
6683
40652
96360
13457
77642
41584
20735
67282
8233
42918
33703
6988
64406
62236
7488
93842
62558
33534
94841
14994
37726
18375
78802
96922
6180
45434
66002
82754
62232
66880
44204
66047
79652
5903
45527
52970
82237
26623
8152
75053
28157
46864
98321
40151
91222
32116
71145
24917
71215
37547
28645
33569
1234
62286
51915
23550
56887
40371
74093
49661
13051
99689
11544
66934
99523
41222
42383
68262
5438
92605
27067
90992
34845
68052
82109
23385
72024
64209
48198
56257
21944
60957
38458
5186
52376
72874
41253
90203
98925
26528
60895
6366
62137
28132
19198
74460
33537
14780
45051
98068
43733
355
77204
24390
46365
95914
82062
93378
51636
57118
77602
65764
81699
87384
8277
64920
99343
59928
14029
41561
40783
2971
70410
79708
92868
77891
4680
54963
5613
21240
62808
12729
25397
61887
51340
68866
39185
58940
35526
73479
54971
74997
47270
11944
88090
95834
32191
96309
77528
9223
88116
10540
72018
53095
83256
13556
35290
80719
11584
21787
61932
1421
94835
44988
41051
37913
41723
37022
85616
83136
63452
2835
61518
93185
21723
55459
48057
59905
91715
73188
78425
21830
44229
66620
3565
97919
33946
30781
97333
97378
54385
85241
97518
92587
75103
8714
15235
52070
17928
37625
19551
84512
11847
65722
9632
58279
94851
62170
30087
73580
23815
66691
31574
75016
66167
93313
64606
81877
75561
47238
80317
22215
2951
50468
81976
84854
31694
13752
73046
32835
84040
26912
81729
62387
1382
61625
62316
78916
86091
97773
27997
1693
7003
99705
88722
57896
95869
5804
84590
47252
99216
33263
38414
15124
38738
94878
37878
91979
45891
51046
85845
1886
63832
28172
93785
30609
23640
68552
98308
98486
96627
59974
35300
72097
10354
52774
17884
89297
11050
75095
36032
22539
89533
54922
88207
73950
37095
8422
61876
15357
3672
69497
68347
8398
81209
65012
9027
86290
57945
17033
36092
70942
49660
78875
85906
20679
27716
44471
6667
71164
55204
10358
22237
71465
48163
56297
1045
73065
2705
62250
51519
31079
91640
26786
3000
75352
67745
13092
66646
98722
18921
77988
13354
30358
79897
64601
6070
70025
37560
84758
91219
5271
94337
63913
82983
80487
56865
2049
14946
86700
2022
76330
24634
34412
37339
4805
58445
2114
98785
28774
71297
78653
6983
22732
22711
57428
48872
64683
70759
95049
80401
83453
49930
90470
11964
33798
53042
23284
9605
8934
73015
931
34010
18121
88610
30087
14144
43697
49553
69100
59634
34709
65074
33804
31042
58426
32749
72262
53711
54785
57768
28820
4734
75192
43999
79550
27885
7577
93342
29895
10364
56259
20276
58934
75827
51533
66766
73838
64523
40972
4882
30006
69291
89486
76655
12386
12464
54959
42269
21503
15162
70527
72619
84847
82055
15119
7599
91098
59641
59062
59202
33190
84185
27928
73696
6306
35012
19600
44531
24121
31378
63740
88387
18221
55366
40134
96584
76249
52215
4704
85225
99709
25314
36163
64210
16228
19951
99472
3472
20188
63513
38147
47738
91435
58163
86286
67093
52850
67984
11703
85236
37989
86687
60491
21151
33830
87726
83471
78437
14133
952
44969
22892
87012
11470
89846
7875
22806
32097
67919
61929
96807
56595
35839
65779
44720
40693
2128
29848
72435
46128
937
67621
97202
96713
83582
86370
62349
43548
93071
14054
39987
58225
28628
82275
49657
71384
27251
13071
80684
36053
70790
5666
13640
71286
15992
65334
13827
59172
58741
10153
14945
64742
10540
79956
96461
15053
27051
5996
98598
88582
858
43403
83959
38167
31463
35352
26790
52793
28521
3670
81639
3554
39482
59753
64862
8378
66148
50781
86432
34004
70123
58715
99171
1331
62466
49101
79597
74917
37173
50553
4624
10855
97522
90108
87795
23695
85583
93899
55949
24700
84587
93312
99661
61283
29164
94201
65937
42047
72355
79356
71803
69502
29755
76164
36448
91392
94581
70843
44365
62865
88459
84311
5153
54048
5046
78672
39751
36025
45210
20333
45710
81582
26556
48518
95497
76367
90744
61996
17292
41830
51775
25164
84104
29221
11831
52466
44899
44893
38822
5474
79105
41538
81459
59152
7046
22145
37001
16978
89735
44801
46719
83990
74861
82471
128
72257
76083
4377
40775
99353
75324
15352
6027
79076
96609
12830
47745
81482
1787
59788
44277
23355
78477
71751
7512
70003
5309
63329
1338
99310
30094
31532
39891
61383
53894
38821
25176
24041
93109
78237
40265
78415
21113
14796
29684
45536
48754
37251
95279
86242
56696
60189
16491
87016
67111
29996
13837
39846
60205
77972
19283
63480
69384
23142
92705
80209
23743
56016
47672
8317
40712
14422
42739
47946
13087
80622
88834
67718
41725
3776
37548
43165
27700
5385
68400
46081
35744
82649
79336
77544
18622
54866
49527
13618
74434
23804
88809
92837
56321
20005
86500
77913
98895
14739
11763
97011
29562
7360
89616
97472
70620
27562
89750
40105
82012
98716
23928
11990
74517
15596
35145
42303
98144
17567
37077
44162
86969
95537
36950
92486
61840
4806
67705
63377
12632
307
98850
47533
80852
23706
90193
80972
42272
99651
73628
24655
43616
97469
63694
85682
12927
38347
52258
12514
81933
72213
36265
38078
43060
44261
94080
24709
62324
70332
90721
82019
93168
21308
620
31549
86524
92265
97707
49360
95927
18198
66290
27835
57144
68578
33506
94792
142
33027
65640
40709
33434
16240
53965
16273
2890
72896
83471
26289
53650
93769
93457
27954
85550
41786
85556
80248
62694
12354
73231
65768
17910
40136
16301
25214
431
52178
70306
25543
83127
89645
12699
72903
57572
37500
71234
91888
37064
97744
65215
2387
40314
63245
89826
97315
61515
94928
32932
44549
79343
23113
24983
41688
89925
24927
47295
63561
47817
13468
91605
77005
68995
25823
10853
37097
16788
57203
21782
71147
30074
50125
24191
2364
64959
73650
4226
7477
1593
66667
19719
71982
50298
84667
59682
84727
8967
93950
50815
7511
28209
14805
70317
96643
46716
69459
80635
54716
23916
21975
94503
65276
6040
33760
80307
44009
74015
54556
13005
84464
15953
27921
40355
41384
18265
838
38066
25983
38183
85135
63529
45490
67528
44527
84833
75424
2524
91932
80112
29555
47475
42863
71978
9786
95548
55382
60279
51281
48781
27556
72039
55668
14664
30622
11189
28303
30387
36959
83667
28731
87923
32733
42888
39819
56129
43315
77452
258
60959
75584
4368
40158
21528
51212
88972
53532
38172
70387
23851
24826
89355
83474
82295
92562
64969
27230
63795
97659
80121
31549
75531
74905
89234
77420
65284
59240
12840
4979
89875
79245
23404
37047
95202
89627
1829
82798
12068
5889
66640
72871
18773
71309
51396
1657
41213
15498
79238
85138
22111
769
35847
58868
31551
72927
65490
59431
907
39057
43551
92249
93507
272
24083
53680
88073
79551
33735
45227
40887
72677
49089
42679
64547
57282
72339
30108
36655
69706
85735
29737
22924
92316
78752
12185
17726
84871
85084
45428
27475
90198
47427
45206
2677
91044
67124
76017
88488
25150
29206
96159
55425
68240
97913
95481
51150
37956
91323
51932
11125
15550
13376
96768
81774
32963
57190
85628
90143
4607
48405
33621
84811
88902
76137
1241
84084
57592
6975
77596
2356
66372
11130
56473
92857
14834
18969
97372
43682
32203
71670
79364
18215
47520
11061
14347
50638
84612
89486
49773
88383
93825
31572
56805
38254
92112
54541
62054
53227
32761
77925
56064
21542
69406
24802
45608
69514
55005
95335
91723
53224
83761
70558
23903
28191
19536
86616
36689
43823
93702
87158
19732
98045
51358
81394
49971
87738
20239
30310
19160
694
7833
67861
45990
82635
65507
52372
88096
39113
74595
3066
22813
24924
3860
15035
70062
94198
96614
58935
50307
16554
44758
23402
32928
32895
32300
91010
32902
99595
72942
62685
12004
47119
53288
57712
69831
6529
75305
10525
89238
17787
9190
36960
85813
92846
27626
83460
51978
87639
89469
28921
44374
77239
18157
66369
32399
3312
40712
34613
11897
55601
68839
9474
78441
64117
14933
90271
91050
38597
40470
48246
65504
43769
37613
60525
13965
67184
12226
99683
82499
518
43056
22316
90427
3132
84819
23070
20933
19645
39568
31613
48753
54198
19313
92862
38813
98676
89738
55402
90596
47087
99611
98570
95420
17824
15507
50769
77578
33948
62815
69489
8920
26974
13531
83941
26419
53532
9835
15894
68250
22370
9151
24380
25855
24664
32261
36437
25889
44054
60029
79356
48640
88023
15657
97958
14672
99265
27358
51377
8690
98501
25482
42309
26024
61465
19813
37149
55833
40135
34688
94403
61167
23706
42490
15014
1721
67473
38908
45278
35641
69417
50856
92716
87266
14411
70217
98652
28538
84187
91938
8420
8684
66412
20790
688
4864
536
42280
5026
25312
78326
50468
8683
70736
80930
65366
71456
33892
28796
80685
79003
4705
93201
19517
30209
68506
96937
38208
1475
75245
89636
12498
20761
64343
18004
70788
66638
98694
84857
22178
91011
92099
22292
36935
66770
7451
4430
1301
60156
39723
68414
69416
19752
32202
48688
84504
65750
71974
68592
93166
88164
40353
36155
79064
49068
54785
49139
10375
39355
28815
84275
44830
89894
25234
4255
30958
95305
37347
4642
87988
4198
240
94326
22142
23651
91097
98342
13666
65436
13443
3436
91474
21782
77924
55990
60773
62408
14120
39479
36177
93766
89083
69981
75653
36278
26085
5377
83601
17383
19285
15040
67592
87157
36105
2236
47780
7563
79813
31359
55145
85795
29690
56152
17867
37159
69482
54580
8543
4424
93721
76719
95572
64596
88287
96393
35150
33564
32636
88157
23175
46127
23780
83934
49739
69077
3882
80107
51435
23281
71822
82269
97385
91115
95972
42864
8753
28143
62328
72641
95711
15641
43447
58137
61885
98080
69285
53480
48011
85961
84081
31994
79515
31057
89367
38700
77802
51569
29300
98646
31722
86879
27375
49616
98588
99889
59833
89711
69743
52994
93189
47762
29105
44995
16553
69533
80331
10228
67889
64346
73899
32182
26417
88588
98883
19263
87943
23517
37883
92706
11243
66159
57259
64082
7096
88587
59292
87667
78825
87711
65200
39134
47148
16034
23356
53953
72441
7546
84392
65645
52986
69263
86372
89924
83573
34642
99121
66746
82417
50836
94807
92959
76791
36269
8654
9379
33812
98208
92818
40833
9395
31711
83041
4768
66790
64671
87980
85818
7570
95177
66634
13889
56582
82625
74770
11143
9890
70770
67255
99288
35723
66124
66496
94767
42169
60210
76628
66814
50357
54272
37973
53537
7484
88627
29633
48434
26832
70162
89302
89226
93573
81629
89114
389
54547
84249
80952
6237
27837
52868
2321
22834
11577
18545
30293
15162
92039
55868
93560
70698
78993
7612
79665
51889
22076
7373
79613
1885
22896
79135
70634
72192
6587
70164
26930
20753
48036
86800
43600
63529
13505
78709
68338
12171
19674
77554
39562
25490
33086
29529
77297
6392
66600
39575
25690
53500
56955
39415
60935
12012
18912
95229
82229
46837
24374
55889
86542
34252
52348
49370
9989
55411
76745
55564
62579
20514
63287
71923
96504
2042
49435
25224
1158
79783
86668
19317
35132
82140
92854
93142
87501
38105
15655
54032
20341
9400
18725
12369
67551
63069
86967
16450
9798
87102
15262
65644
86272
10565
76686
7519
2797
52735
26365
76832
71447
85140
22971
65782
41418
91716
57483
73598
53105
98095
98792
76137
860
72803
52673
56648
62876
52274
88156
70387
97766
29022
24753
69170
53831
11554
15265
42937
198
76410
58502
47850
77197
42797
28741
75734
42975
25357
45162
30752
26555
91421
76334
92794
46323
89754
23872
18348
98621
6393
32529
49220
35599
88569
77496
15547
21437
43487
60237
57630
92508
87800
15429
21356
98299
52006
90424
11589
97122
92466
70224
9001
56085
34148
89711
19167
61018
97703
1965
789
16164
82884
81519
65764
12055
50310
49951
86962
19998
43971
60149
1168
67032
42183
76540
40847
54065
23938
49923
78270
57128
35681
97043
62332
43546
84812
17466
61693
31829
72862
22855
97615
27508
22487
67076
29154
839
3550
33315
37307
80784
20472
54263
3845
41229
43879
91540
51682
85796
23205
74679
63713
56610
84795
53763
94420
62839
1850
53137
81228
43627
67148
58062
808
72390
90907
56581
99298
17168
38177
62400
96820
67493
17239
77521
25109
36281
92021
33390
74946
16698
74498
94539
86561
74476
91585
19683
85975
79124
40842
49789
14488
53528
37774
24285
30229
40415
13427
47907
12034
90457
77685
58808
66157
37690
87810
68983
41910
19538
537
54067
70594
96885
50450
29659
42491
24876
7153
28072
70648
28363
96779
67109
97292
69933
46781
35684
74638
31880
48849
26185
85066
34465
68357
68242
66369
23001
83605
23884
94769
26376
79758
32160
9922
46728
52006
53222
44634
25700
80784
75463
39707
21519
5439
81571
55509
65529
62834
23166
61961
35148
3637
16151
20119
57859
23087
29462
87049
92333
25887
89015
30701
37806
83763
33279
5367
24384
76648
18489
54220
77952
17390
21933
93179
22076
42172
34361
22841
10180
52712
76676
55144
11477
64837
19370
55162
98139
67824
9076
98239
28660
27117
61456
14221
2466
35393
50955
4850
24422
92697
13203
26857
14335
58468
2486
34064
65164
80525
66041
28621
47184
31113
29491
58236
15157
42977
11910
22918
23628
10144
88351
82840
78497
33231
25073
37387
6409
57369
77003
37692
46872
15112
88108
21930
27181
66689
50636
87258
57629
55751
1442
56051
48136
24325
86849
36272
4465
51187
13091
87742
76515
28920
98951
91361
25103
3009
16557
68400
8758
40473
97824
64444
73597
27885
42508
54011
381
88115
89201
578
90898
65118
36026
40198
56261
65363
95226
83210
53456
42303
44064
76398
48911
52182
54753
56249
57921
45313
67570
29186
35886
99947
59962
19789
16631
85984
20534
72135
59044
22239
11702
91578
18851
95633
40947
33340
41741
56327
75063
76607
83826
12413
93307
34737
67056
66502
34232
41461
47566
19074
49174
81904
77217
28185
22900
68786
29949
60534
15920
87235
84220
58777
92490
39537
17211
51803
59161
97264
4297
41202
41510
9704
89583
81557
31843
34517
55060
67977
15569
79894
71273
72994
90427
47933
98343
8594
5699
68394
90561
79090
2656
91222
30981
11862
10394
5184
86702
85363
49843
60330
6523
69002
20984
31343
29884
22818
65914
28529
27088
13057
44371
81735
22462
30432
2531
89707
36610
47469
60581
62848
82459
55605
25010
11950
56853
90888
73817
10313
17322
49675
95921
78213
85265
97156
46574
16638
15509
36962
34851
27419
34556
54494
17355
85607
68055
76987
75996
76773
88580
2328
30332
21231
2027
58239
36839
53416
23761
56022
69463
7839
71954
18633
29052
33548
44691
98775
93405
2984
32721
91792
13102
87141
60430
54241
20500
30198
85216
28571
39972
62239
40066
76060
43481
1856
68216
50582
3089
9302
64843
29902
85653
6443
94715
25335
78595
21389
37842
25607
85332
54488
97779
44957
17601
51542
52001
57293
87927
19500
63500
66842
29009
11016
23103
7740
94624
91711
5956
52887
2650
50061
65505
70175
41263
7619
69580
48757
54301
86448
35866
25288
68729
67037
97531
67196
12358
43784
61699
35497
14211
33332
12911
77844
77507
3564
78824
23390
76552
38647
6311
79461
62474
51428
85093
9651
12380
90157
82566
3777
14421
48626
33222
66775
33055
91827
34967
15862
90407
99914
15267
41979
27820
360
84722
83349
21108
50673
16112
48443
19735
15507
82387
34517
82105
61461
63471
18334
14432
4405
3101
50750
53606
79197
53397
32709
9143
37629
81032
88355
8932
31174
55252
81472
80372
22915
57936
19727
18542
14792
53028
23219
47556
62580
16351
6784
81119
77040
27361
51599
47277
22347
32003
99308
82006
38772
15506
38058
99854
44549
64515
70962
61308
6969
82740
13984
71045
24142
54609
49280
84671
35056
77812
85237
60129
71394
13989
59641
35135
14939
25839
1936
52061
17331
88479
41488
27216
84871
95356
33274
38385
6675
2504
77972
38016
87259
48749
45630
67291
42446
85046
85648
33660
52788
84226
72057
37991
49267
40443
62487
53630
25477
94860
48427
76252
93954
18582
12253
24481
25517
43586
77976
86964
92249
67362
47646
77935
78986
85356
71315
85194
53351
3032
84762
87156
19764
47941
44831
85386
49640
77533
62786
7827
39456
23961
84290
4832
95225
77888
324
54248
73731
98855
89033
80150
80079
90245
39388
37769
74552
64219
74646
60338
71284
52486
39259
84261
41161
95120
42843
99141
99403
4937
24737
16751
58495
51124
89950
74058
10836
59000
26166
83050
30513
26475
68674
17506
55089
32536
58729
62664
86433
94196
49118
51529
73995
17471
14604
36214
52945
66014
49535
4427
88679
58805
79147
56724
32758
1396
82289
26874
69492
38369
92361
89536
40026
38885
13619
86583
16039
59750
74763
72433
89896
13538
57504
94594
42587
73644
27211
69439
77286
56183
4394
21338
35978
78134
60914
77147
18482
77326
36131
9878
13813
27815
33760
36225
72855
6143
95274
88282
39689
42465
88845
5735
19463
57861
68413
5785
87857
41134
11317
97964
93816
47342
11033
33358
95346
69389
45110
80088
33500
83728
39414
77192
24026
40066
43462
12994
84159
9725
61070
19610
95165
43303
2500
45423
73646
76133
38502
83472
28743
21092
99450
12139
76089
72489
91058
66834
94836
98004
40659
18483
74456
95258
52343
98409
25396
67653
49066
9594
13850
69107
63093
94181
54676
32383
93104
27721
66851
85647
50781
24363
31880
11470
86802
76373
74969
40833
55386
46586
42562
80490
19062
49237
92944
20141
25274
74238
98255
88907
64360
16908
81022
44376
88093
26557
41555
67826
82960
22503
94971
61635
12193
78918
15800
87826
64533
18800
39459
43217
69923
5944
28344
41660
14680
53162
5030
6083
39248
94829
81530
3199
52404
30129
86770
51189
44122
86647
45362
96641
74019
25508
65031
94593
57236
39806
76055
91921
93567
97262
27261
48050
1656
8854
16371
53699
72322
32003
4892
50296
47970
53646
97765
97145
11081
92259
80424
85744
49276
47867
62895
88698
37073
79754
8584
84664
29263
20470
11926
78630
46456
11182
44758
73667
41704
69110
37031
19902
61121
35735
58149
15915
94634
2274
59334
74151
58597
29746
65292
97952
74427
69745
92446
48460
34568
68245
48224
41491
96914
27400
45295
49344
3000
99006
62576
88989
33161
61414
66546
74041
97075
33088
256
4129
61379
64693
607
91627
88144
46062
80346
87423
18672
95277
39125
57613
10159
20503
90526
5543
59639
18710
40860
19586
3283
66101
40900
40980
96449
75580
20826
1990
37966
27815
79841
54725
18260
30495
76828
7495
64229
53756
51767
88638
6105
93923
92490
88682
99446
15454
46125
49173
95496
61429
55123
44986
34814
6706
12973
76994
28310
20688
58288
78221
52478
50767
76086
97951
28983
48227
95183
8753
23995
98694
2791
20327
93411
16114
45010
34363
51588
19852
36693
7960
67897
34079
58013
13167
40970
35168
51522
49605
24453
82174
35138
5584
15892
12019
83105
24064
94438
85949
69156
47895
3690
48484
81635
56109
92314
36817
10105
10740
75177
61323
50677
57184
81926
68298
56924
34857
175
15931
1277
64109
99115
34349
78748
45314
18452
46009
13996
25794
15500
20520
95058
74561
88847
87505
18070
57111
87879
29353
92292
75825
63335
22285
37637
68061
98453
32022
48154
28163
71954
43010
65019
79740
61340
66578
78857
82362
86815
15612
36104
17596
60710
14845
92805
35257
86451
25933
45661
44557
26076
33042
76600
27698
82154
41000
33539
44993
11144
45340
64856
38210
59606
16118
4948
20956
77042
62505
17411
9689
16975
91580
80247
57908
44673
75003
43958
82206
18002
46731
58078
87240
54265
45312
12892
50917
47264
16223
78972
61482
8212
40229
7494
71738
34727
91856
85583
60597
30993
916
36572
54974
25865
29424
96317
70636
82325
14691
61394
18949
94924
53019
68780
47457
12039
55462
51802
56538
43052
52811
63998
78730
57792
5218
89072
64387
15358
80593
29134
1965
34802
49426
21835
24443
54929
60850
63528
57326
63452
61124
39989
50743
7280
51816
23056
14285
81663
60416
65940
77226
6422
56074
13445
26427
46511
85297
93059
9599
55239
68138
55976
97016
53134
44030
89388
99678
40133
13890
89130
19823
87547
12697
31818
94013
99857
95217
42577
49046
4172
96016
21218
57151
73990
23389
74177
10275
10379
9959
99997
78189
64343
58051
95708
15199
27178
9746
57608
63698
71945
28845
97465
8794
12388
5024
41172
76977
19385
37781
84001
6761
116
66300
78727
28475
13572
50814
26881
37907
31785
22153
92094
7134
99120
56219
18314
25641
50929
43370
44437
31075
60523
16489
69727
14722
98202
98960
80743
81073
81089
77020
30318
67072
59237
30192
47539
32537
70975
9955
72171
76460
73502
47172
11215
66400
50012
96612
15097
38819
73761
41275
22303
53886
79277
6027
79779
79955
3545
57240
4296
30600
46651
96920
51020
35003
59735
711
1020
81771
15744
42641
85067
50785
39141
51310
21612
42937
45113
83499
77862
55749
50916
49107
44789
19113
50077
40390
45365
74738
36241
16671
49218
68570
66646
27490
60862
60799
72018
21485
43119
80907
67386
13305
19624
94966
58582
38725
59355
85783
18073
64660
51796
63359
7894
8687
20532
19694
2464
58956
91311
33068
94595
39256
6240
1256
54025
23258
99895
85521
21911
21388
93368
45495
35221
36463
7160
54172
54670
72993
14670
16744
87705
40916
3351
23167
6203
72603
77796
97894
55666
1774
31509
14459
98649
52680
30539
38123
98712
22938
88360
52394
64272
55281
97851
80306
78154
90217
23118
62337
15455
45632
19197
36767
40381
1158
35127
61272
35676
29432
35859
45396
79554
53035
83767
57670
46929
46015
55889
27742
89624
69464
31553
5440
6732
25055
60598
4805
91700
78011
94427
70019
43893
18499
90986
41688
29177
49193
23783
96563
10531
16894
92122
69546
25536
92719
57517
77375
98623
76067
60293
1234
42961
31806
77239
2214
46013
72284
70848
50762
9253
61688
2236
99627
71321
94104
86951
43741
50280
31350
39802
30360
59757
89354
14967
50432
22237
37850
71879
13154
25283
84890
13165
73765
24939
41975
92243
7205
37452
35614
71652
19657
25628
50897
90951
26102
79988
61327
39724
64255
4326
49066
80116
98092
14016
45706
46466
38844
99822
55905
73003
35334
60487
52724
84456
16635
3689
98656
3391
31439
47416
64851
24087
40317
87680
56511
17299
6938
23266
57289
11080
38043
27012
37787
96628
65052
56461
90181
68023
60345
63652
80908
63005
70604
71082
46493
50411
37030
91702
48775
5370
30901
93164
12587
52881
9163
29614
10462
1707
25884
75245
48747
33603
14490
27464
11893
87886
98687
16465
69378
33041
19002
25426
86392
96986
3823
70221
18341
37053
69065
43749
49634
98772
79153
22745
43032
91856
25505
1876
20043
37808
42766
78192
68114
61049
27846
16768
42927
9265
71736
59139
70895
33595
38064
47965
91627
47745
97465
33665
5142
87806
51822
2439
6170
1439
