71458
28513
3413
24248
25579
84185
26834
79725
8715
14577
67106
56873
35119
78870
6368
48991
74654
34636
31502
91229
78356
75325
65247
11954
49037
38780
47884
72431
5446
78684
24948
48504
92300
61844
6774
8775
35467
177
24471
88934
45582
65377
15848
30417
96333
5432
31187
84476
80992
1569
6229
41786
75384
83803
39544
37563
2794
58171
33186
18150
67990
33028
54398
70047
36811
35864
96881
42588
12247
48343
36142
28880
26361
69916
9246
90310
29128
95470
22063
91130
12721
51097
63164
26321
15035
3315
43308
3669
27482
51819
54875
27957
82626
42622
63630
64382
89993
51162
10438
12061
86546
46532
7649
62344
29943
32683
29423
62493
94590
19472
41215
3641
32003
21514
99224
86486
78300
64484
86209
5800
65959
60217
10523
17883
29769
64562
51640
86798
58368
85783
88684
55585
70571
17925
42553
26843
6302
54438
49575
5157
61616
34458
74904
9616
69945
35334
60894
97413
61393
19912
15397
81884
4183
11517
62923
95786
45107
7037
97279
75832
46157
48574
53794
27196
52789
69824
80297
90090
58218
50099
624
35838
13086
53820
57100
97750
70713
58064
49870
44034
33229
73019
48465
80951
73630
58947
14672
82550
22253
88608
82675
513
46932
77064
48230
90385
95174
26952
79432
35333
22119
90903
20701
3221
4613
83382
96110
92985
76676
96020
20534
74497
68753
11378
98634
28686
16608
30904
99161
19538
2275
6577
52785
51161
37339
88358
33700
99604
12731
27911
11484
74112
41629
59520
49268
78788
52346
57790
24017
25766
1412
70517
91724
8670
79654
7238
59385
47331
12306
69350
25025
5797
83780
41030
65619
50590
9149
93646
65627
93703
73980
68011
34073
11497
50374
81746
32545
55565
78218
31923
11144
72378
78380
88070
90353
20674
30442
46787
67786
32022
53022
90716
63581
67254
20669
91689
28974
78795
49219
35670
4927
73774
32053
58367
97728
2209
58695
38768
29783
8495
78887
9546
89919
44801
50277
28194
15948
1773
952
35510
63451
74760
41510
3159
18107
71072
55722
84694
54610
56212
74013
15360
5170
15703
39611
51149
28904
11382
7044
77196
74606
8176
39506
55902
92581
30830
80547
21754
76688
41812
8151
42473
70400
59244
70941
32323
79056
61284
25077
5434
50574
16514
65433
51090
17620
3
14876
2963
47303
626
10683
10606
35041
99669
85094
8256
77580
94101
70398
54452
97243
17198
87873
23013
99834
27875
66331
77990
19367
48927
26716
75155
10097
92926
15343
69407
86040
6734
73358
41725
86442
73926
95482
32479
20832
10990
58041
3059
38678
12406
86618
77554
16712
37613
37199
17305
66396
60873
97105
71128
29765
56324
20604
6550
42563
90371
63552
71836
25950
12558
62347
18202
80027
206
1748
67675
65750
37241
61908
44062
98959
59867
26108
23411
66727
44627
4395
12600
52584
68924
21802
3403
12522
55597
41765
58487
33762
89146
44286
49773
76945
96706
57771
23937
15631
33173
65092
76273
15494
57919
93750
95357
47905
2049
59622
38028
73227
64940
47940
61246
94317
69113
72281
90100
99203
96040
50389
547
27964
98852
62884
97678
8359
5236
67834
64181
46450
24552
67244
30458
28500
31163
10833
62200
37636
2421
84567
6602
21059
81685
36676
24656
9920
29346
37352
44440
93201
35218
59791
5232
8435
19557
61030
19837
63641
54500
52249
66824
86979
68152
87829
84493
64153
50022
58665
28007
96224
94551
63347
27270
30985
84423
82318
86658
65112
35538
62381
60568
59764
20969
8309
11395
30123
51389
37207
53961
163
34704
87267
82853
91328
93387
56448
14256
55037
73154
1011
94463
78412
36231
59373
30352
26436
59630
90748
91049
23523
33159
88687
62516
83782
52008
32303
47392
19672
58519
1542
54855
45996
56129
16839
15774
18999
73094
71722
36992
3942
59624
73549
41999
84795
70490
33212
98874
57384
15952
77474
68993
75825
60383
8193
18810
41917
6825
66617
91736
61478
29059
6515
89352
80959
37838
95225
69362
11489
23310
86217
72072
72079
13019
82763
41834
44922
85125
49403
12271
78369
34708
47703
44573
30560
70992
17898
17791
53251
29953
45307
41554
63249
47066
35488
38806
86153
53156
25158
9811
13524
42980
44802
14007
83548
62335
36125
20912
81975
7854
87124
18622
71160
18700
93974
8972
44798
41307
65101
32632
9887
8796
27982
11696
19120
49719
75730
40863
24744
76063
63792
58548
74764
24298
73982
20997
5267
23722
22049
94695
93584
69182
79140
48912
52058
69033
67685
7082
5670
82593
46745
79664
40580
23012
28161
28671
51406
28064
64405
10156
92740
45654
23486
35868
22526
19791
34633
58982
64182
15300
83299
68827
94697
82582
44981
73533
94006
71345
76011
46828
17181
55304
10594
50582
75563
79759
63562
82558
1291
45471
57327
82302
57533
31868
13676
88738
65211
81341
80518
51962
78830
14471
60290
53037
75890
31020
10519
62648
36070
20224
78166
44756
43488
11953
97523
74049
35103
65918
99268
6438
37404
74602
81093
86601
82726
93341
4219
99157
33395
6973
73960
6299
60262
53437
47018
17600
53651
20675
6266
3703
58185
40609
70399
8192
53786
10504
7086
87213
24788
85092
26703
84396
6136
80689
27429
81519
70149
45850
83506
95150
23620
37480
19323
34349
63332
83248
63964
84527
87074
78780
29281
37774
88396
87348
38643
58226
72019
96674
88349
30199
67423
44054
91908
45492
53274
46633
28365
99125
24864
60309
2199
72407
45629
36657
33927
92635
79096
52583
99055
45816
43278
25705
40360
58377
25970
64951
56551
32402
6265
18329
97986
89196
97211
57519
22314
17549
17610
41167
5698
15122
16687
87891
95663
98902
2967
19622
79933
32866
15690
491
15563
65764
31657
96582
28443
18093
58970
35506
74581
42042
339
12856
96404
8008
28936
83145
36301
49337
70407
73596
28617
13782
94674
43313
33837
43010
46805
14982
58673
12781
18358
78301
63366
71639
92846
15028
93588
7278
1914
2397
324
40200
16485
85748
2414
58297
61652
61301
79463
47259
51839
64539
17172
95357
9695
20008
96234
61342
22851
73231
65819
25902
20520
96230
92653
26431
35432
58986
91049
89059
60735
36409
96070
98438
43243
89286
85096
87272
30419
44686
8043
90186
42816
18131
3018
35851
2655
26565
40419
6669
36
44704
91820
55792
64080
9482
35380
75223
75231
65420
66455
37615
7422
14864
35209
88918
78261
90385
30889
41905
53594
76943
69131
96384
62399
80771
89818
66157
67636
79812
98438
18147
35660
34757
91454
79406
65429
57708
56062
29550
5529
64825
12193
4184
52038
58128
44769
35936
59336
43560
70796
95378
94978
45857
63958
7037
89823
91059
18205
13303
64242
65962
36141
34844
47133
8649
91367
92695
83885
75445
25842
47773
96201
89612
65856
60247
38392
63827
63437
34037
58566
22922
28110
95328
14554
53253
32282
94585
70685
79671
32111
21484
75556
77419
30584
44565
15534
58662
25374
52537
50305
21065
57964
43188
84432
69876
81134
8178
79723
302
80915
3259
87636
8283
72847
42057
19997
12949
90765
56331
99297
21396
52047
490
88404
93765
24718
49462
7076
53618
80331
18370
78442
86773
56583
9465
84318
16244
80161
55580
27970
30801
90896
46422
89326
78498
91884
803
76180
14516
38531
38466
99133
10215
86376
37202
53779
44230
20087
18579
37901
96116
89939
23286
43267
40758
30373
49667
87423
40628
71211
11485
50687
39557
65543
47043
91416
6241
19413
11986
7095
33740
97854
92260
1718
43966
9139
22121
14307
61546
11885
90580
53490
79883
45149
65473
30436
47516
55529
73907
94493
37791
1060
50241
29188
68352
87063
33367
19363
38728
56633
97972
19736
78352
4312
76852
81807
65846
14915
98653
23056
24989
22650
8128
58886
51755
42097
40102
63415
38449
68643
53783
80534
69053
63206
53924
95724
78137
37329
35460
48845
85546
41183
1227
82689
76229
37615
86798
49747
1552
75785
34700
99916
73130
40980
74286
28351
91119
14260
56509
21656
81516
8340
68637
85722
12234
91140
70670
49938
79577
28335
35674
2255
11209
61315
88301
73863
18444
6467
39729
41830
63850
17552
66583
41205
14675
20982
26497
67942
18119
86561
41627
13155
36954
97282
52166
31596
22949
22702
17046
4773
1397
89682
84607
62811
32281
20827
54276
82139
16678
46300
73046
88528
85030
79527
18072
69451
54123
23815
8836
26707
33716
14812
84265
7903
84015
68785
18186
19051
60710
37378
23051
34136
34767
37710
13292
72719
57237
74478
90061
78034
58853
58647
42126
18478
228
27783
15148
28945
73362
729
53152
10529
9234
83302
35234
26780
7145
63619
31829
88614
21605
23239
48011
80841
19031
48686
31121
29339
29346
73482
74183
94649
53253
17723
34680
95880
2266
28084
82918
12918
91708
25563
97264
51376
22874
14376
48165
25954
28509
1381
71686
25005
83500
31839
35082
70767
51308
79886
89453
75621
34062
99185
41462
64723
71358
64718
57571
64464
47949
15910
13972
23194
398
32957
93399
71362
79954
37285
99119
7518
76101
38526
10422
64343
25321
83854
36936
67310
25992
11709
77445
95640
25594
22480
85082
6884
44208
56222
93640
45702
72029
74967
86828
23964
40013
31428
36135
61063
95438
7116
52665
58915
90815
45557
5556
59776
6353
36384
7264
38961
19369
73337
47793
31379
46879
13806
3655
47261
64763
47064
86181
41610
43456
61550
30811
60610
98326
44927
78019
52716
24468
28200
18110
24618
27781
44738
34681
35021
90981
86262
74389
17704
44674
88466
57683
17558
72581
92895
11943
93636
9440
79225
54702
57309
8383
3402
5223
99404
49860
2964
739
51586
16603
98288
24269
6052
97187
52469
63433
62370
18430
24079
77780
91166
45762
11487
92783
94740
10788
20032
12445
48913
86338
30648
44243
83352
5302
83854
96139
2388
98838
19060
10936
22526
54999
82884
34532
14192
49340
27868
55693
68366
65993
45227
14750
68311
82525
18854
8564
21256
5621
62444
2227
5767
97958
63298
82569
66297
66994
30158
87623
26222
80771
80533
47947
74449
44639
7721
9531
15748
47976
93107
90224
17185
76960
23200
37751
82008
30497
98053
43313
100
7002
62860
93865
94171
43716
24260
93886
38940
77558
85048
7266
99150
96536
8049
86607
93839
5970
74062
86701
91342
56699
67857
3612
16204
83143
11519
60198
89933
56961
51329
50860
14690
82924
60422
21478
48360
82935
40887
9149
52927
30129
29815
15790
53094
36146
46890
89312
9902
44235
20361
75898
73885
65971
20219
15342
74437
63511
9881
17805
13243
60060
5773
5556
48542
97605
45538
13149
32206
76269
55622
64768
18768
89581
92699
91659
62131
84763
26124
71147
70785
2318
28652
80892
90562
39148
47469
85026
76719
37060
38224
92018
7987
13239
37366
11409
46849
224
87473
1779
796
80186
1924
77901
21139
76303
48738
51588
39793
90123
62881
37393
25425
4182
31065
59298
5048
82083
74620
41625
8606
14992
21207
34111
30007
71559
93957
52018
22474
91968
96272
4073
88378
12271
86939
12595
80050
78449
45406
50469
67640
51204
65385
68522
67318
25348
50466
46564
92399
27661
29385
77908
1939
78167
29253
96836
83076
66723
93110
89766
4897
60942
13689
70713
80864
79373
84916
88185
62893
42592
99115
91076
93426
79622
60985
85691
93654
17989
75564
80091
8824
19930
41488
40345
63671
25077
24459
31762
37633
58414
9395
81916
78001
67261
45962
32673
20247
87382
84737
27501
70870
26119
44622
13939
13408
48238
14385
49465
7328
53140
470
13886
92366
99011
69588
50109
84275
86779
48716
35125
21692
61840
35417
33223
26294
11827
1468
91492
20736
63504
40410
69389
58066
41651
16168
40999
14920
27261
74832
36340
79203
50894
95895
99312
42148
96601
5153
95285
58728
10900
56064
30549
48210
98115
67723
94246
80203
12488
9049
69161
58090
20320
1018
30067
65516
74776
11181
63557
26379
36235
68314
88280
60035
52878
59079
85005
62413
82407
47321
52999
13251
23773
84740
67188
94336
97554
5917
43533
49638
63465
59085
23855
49623
24916
12873
20691
24862
75801
79631
84269
91223
22535
49014
89603
45530
80929
74514
549
70957
90183
29163
95943
40465
49139
28171
82031
61815
55368
40430
20025
67717
16416
44974
69172
78294
55345
68799
46518
25358
64932
16929
63823
44521
67296
58333
53296
85540
94471
59362
69122
23903
40173
64991
12222
75699
69945
52562
88801
79545
44419
7054
92323
36356
65087
26132
35705
45860
53783
32352
17648
78695
18534
8755
18623
15402
45113
55714
57618
18552
26316
27100
94937
38878
89628
97194
70284
79103
16077
53509
57928
9540
28579
26517
10665
94322
20841
57253
67753
98543
27618
90210
63126
36325
54518
8508
38538
58678
27418
6896
78499
89121
47832
34264
77306
51451
95124
92797
55455
63677
5971
39552
78171
31686
28802
98926
13000
63011
40154
88874
84664
62268
15046
67304
39999
34481
13675
4725
43684
88498
72866
35321
33148
86653
85388
50099
35879
94913
72203
66241
4633
88615
63060
78989
56001
66909
17835
50744
16408
49366
57585
30717
84880
55472
44953
65241
11657
12505
35772
47279
309
87603
72391
47612
77229
27766
68746
53354
33870
29102
95032
69147
20066
53084
48191
58930
50827
36331
81521
70445
26078
84316
77990
92231
42329
13781
68267
2461
6357
50325
98811
62237
29134
22787
56098
47265
19229
38100
34630
27822
85177
90309
97879
64957
24348
61120
88344
53720
40695
79718
72650
30998
15762
64559
56396
1639
23517
86738
236
54208
5770
45528
95116
42655
80073
44537
55845
13458
44378
16854
24587
26126
75446
83545
19774
66185
84390
3706
38632
59411
90151
78461
51695
50865
71544
34518
57462
75522
22882
55685
54227
35092
9545
10756
69491
57749
75531
20185
82920
45187
10347
88062
73658
81844
95144
26727
40717
57917
38585
25647
80458
81919
12600
26380
28798
81250
16096
79481
40576
89309
7870
62396
51552
65711
72511
42040
40043
50285
29053
2426
90605
35320
43122
85793
32137
75635
33738
61622
40512
33746
50081
66338
81871
46158
59066
3481
10373
37582
15236
57450
96934
35071
33240
13141
18424
17204
73144
52155
12055
2159
20489
80775
39080
17883
49537
25539
9540
86414
74472
81363
60541
36789
29684
93673
98871
8828
4858
25351
56091
7359
66793
3401
80769
72168
90132
17925
36996
12433
64805
16469
36013
46449
67454
21506
48045
49054
22349
89315
68303
70
19763
48717
67347
983
70289
39770
49313
48160
53276
31016
16641
28616
21283
22670
70704
24531
44930
72862
85235
53642
1879
57829
55043
26430
43226
37243
72182
4595
62025
71362
58625
13093
22542
54113
42771
45738
9137
92626
93564
42953
60200
2111
39557
26812
55824
99420
54351
73831
53849
35019
94704
96323
30112
49853
16941
70565
19353
25873
64283
70867
32642
48412
68839
33719
97704
67831
34060
57190
75411
58582
14968
18285
63168
37047
17222
31954
40625
6841
22756
7521
47433
68126
21810
58267
30054
62746
3697
56927
24809
6550
59104
55459
43769
96649
97368
83809
53712
93548
95396
27504
35588
30144
47377
55068
49994
39522
12622
8262
28359
64994
33813
94023
47065
36911
2294
76437
81799
6902
93949
57767
67739
87286
51595
23893
40961
92341
70245
31875
36210
6196
12808
13815
81175
41691
29607
95531
78139
78770
73348
73179
560
43901
33824
26527
72488
55926
95654
30111
46873
56226
23452
36715
35373
6277
76605
62772
38628
97516
8580
44706
94579
67612
22996
22353
11020
64424
88350
46197
41435
50321
10281
76290
6019
32134
70668
91291
37412
90454
71438
27159
61330
28700
59212
31443
77474
15525
85264
18925
42206
50241
69871
5310
10956
17251
10711
9496
67694
3544
36082
80620
53641
6370
47106
74712
97258
16126
96499
29376
76774
81371
29469
63387
38696
9536
31571
73176
78593
33377
52057
9323
85339
77149
50070
55906
83966
65107
50735
37221
42061
54928
74466
10865
71831
57398
20440
98386
38666
34587
12504
1062
54233
70199
72050
56215
32368
65129
70009
43992
39832
59113
93211
95057
43244
98786
11318
67291
23202
94283
58777
1639
19188
74604
87404
75966
67261
43555
7857
29839
16349
49758
85797
60099
38808
54666
15818
77801
90383
4917
57877
23796
63768
46402
30619
42965
55249
52736
92499
62832
18961
99034
70306
57625
40467
847
56785
24004
87612
52198
70295
16792
39810
21067
18045
29244
78018
64508
66942
72585
70618
96306
32669
57220
55001
54525
1699
81342
5103
16632
7454
65453
60833
39303
35317
20135
61468
94491
13432
7559
20410
61807
73021
11926
73718
93598
90031
86051
74393
42427
70566
82808
46712
28180
4625
79890
73852
78824
10353
71672
27848
75941
60798
94534
87003
59813
38932
22954
36615
81197
8234
41563
36990
15165
54866
94828
44629
78979
15956
64923
5233
68600
80565
31315
73789
54974
84702
85264
40897
54353
71100
64041
45396
52401
52871
39183
38831
75521
42753
24259
61894
13152
63594
46101
80910
99522
59364
24696
6852
42648
18771
74156
96931
18737
97800
15781
98324
90596
75137
58056
89554
44926
91033
62880
54008
60654
52703
27768
40170
34807
16794
68701
8724
60331
85069
51975
20369
1091
94442
85908
2400
17208
9164
45294
9198
5302
83509
7079
25000
45858
69150
22433
99980
3999
41628
23883
3043
73188
2664
88815
67300
873
34770
54027
22416
43477
86534
33995
11315
8384
15688
64396
29130
46789
22842
34361
25370
50146
84469
20392
56218
76675
55191
43534
21936
56433
96862
50639
23203
16343
68886
29071
69884
99271
88051
69874
38614
29575
85489
24215
39267
9361
98784
35310
39238
9451
17623
41082
14937
4115
94363
35250
97214
31136
91150
88192
77958
97700
88011
18191
77513
1481
94503
95381
16882
88233
5500
26622
30989
11966
21941
50621
91673
3855
5121
38461
42999
48437
9946
38129
59119
92310
49323
22670
25320
76706
46644
60802
57743
19858
93541
29434
43230
72203
14319
12136
51419
77225
88475
876
6470
38383
68624
32369
27801
29819
49841
36821
61268
15049
88466
879
12928
81867
53695
27886
64822
29189
69925
93996
90758
9967
51397
58009
89378
98266
64478
46789
8106
47164
20302
45234
86776
31654
26546
97734
97430
64466
85133
33341
53591
61533
1882
64963
59832
89266
83131
22749
72694
22264
61945
26447
98696
80247
69778
48851
54105
13463
51891
18476
33919
69095
38804
62520
46553
45950
82232
82637
60677
30816
59921
36714
9495
9573
94777
25772
39347
70265
95188
97718
72143
41964
9661
33959
12204
83306
11970
13303
37017
70611
11973
13034
47230
69422
69125
34027
85410
10586
53719
12869
78023
64634
99890
21049
22405
26028
32528
85389
40656
71787
52465
3967
30844
67321
45645
80189
40625
12154
38920
80743
30969
27237
67877
49401
68872
5619
1325
50877
25376
93875
42571
23520
7076
1545
47678
25761
27414
10411
33449
99762
8427
51059
39415
71109
80065
40042
4899
31283
96007
425
41092
61932
28928
15321
60486
68293
1653
56358
45745
91719
2771
37501
2350
19892
46208
16101
26460
51587
64917
96853
10140
13653
88944
82714
63682
82368
53411
44907
43532
27294
81872
88698
71523
21290
19326
2495
70273
34512
30914
4437
3643
83682
76518
58487
84739
94453
71142
20191
11290
12478
70146
39414
78618
74513
12755
76331
51026
91405
44097
78625
16340
11306
79252
72364
76144
54427
81861
74376
14855
84210
81655
26716
31477
39887
41192
14549
90763
20663
56684
89580
29843
96184
43641
59829
3067
22824
76604
61717
58742
54390
62619
31752
31998
80075
30063
74842
88431
26197
58628
17288
73467
28312
64821
78998
84575
3449
51408
92474
99163
22328
96677
77769
8350
86955
71050
55789
55145
47157
85156
97382
21774
9846
18260
38624
39467
94132
51558
22858
3066
12868
77272
24723
9652
90119
40769
25047
5189
25821
71671
9091
24975
44278
51522
47160
97820
16099
92392
2458
29572
25788
29729
97514
82619
43180
72251
9669
81615
62495
31343
41805
37267
14382
52139
51013
82339
30549
90468
38366
79755
82813
19221
66262
77249
30392
5650
92068
28438
45874
9980
45497
9771
64778
30251
72922
94846
4600
54801
65058
58396
55052
82335
34420
10332
95723
66710
48631
94880
20627
92262
22043
34564
46273
25672
58992
75753
66919
72528
15727
82514
84290
82623
74381
26917
91490
75410
32704
33424
91001
40470
80901
23407
21091
59497
22281
53715
89834
75169
64362
37592
58871
76999
17800
38234
97266
27625
92722
80698
5872
2249
91998
78785
6846
4697
21068
98957
25827
98884
22207
30504
73500
34264
97016
38593
26026
39213
94289
52436
75627
49604
95952
11599
15374
67312
18574
37515
85214
4482
11358
66370
72489
81740
6053
36638
40387
33328
82747
47062
95583
80947
46958
41060
20258
40149
65235
61420
82067
17579
15329
9575
1542
21758
38204
70349
11098
81655
63722
55315
46318
89474
62787
42067
70018
24196
34853
31543
825
58284
18539
47168
67042
50442
64843
2542
47652
26133
88360
38788
38381
69544
56851
74884
46435
79867
85184
28675
48923
35296
76226
33213
52807
61179
11144
74139
89056
26511
34016
55013
55375
97777
9474
97
98927
79135
35040
30036
56383
22594
55637
21596
22744
93325
68787
56608
83022
57793
58618
23509
49615
20288
14540
12470
81705
84284
68794
46119
79363
44448
95889
72008
90556
66908
73746
49367
91982
82423
72554
90627
78833
45970
70900
2325
93541
6050
21028
534
42727
39010
24462
72167
44607
58718
32592
86130
39655
65977
79690
84124
88294
66834
19759
95857
3107
45192
13424
79383
79000
25055
41312
76398
37508
33040
45287
53050
66217
44977
2830
58662
5851
51059
32763
25369
67493
50484
36497
60348
68255
98074
51739
55890
88489
82669
19323
37064
216
60957
90769
74153
85068
97854
49437
87422
1995
24275
3967
91312
44115
71697
14847
29689
53150
55548
23275
70561
35619
50806
79232
84101
14858
4048
21889
64561
53695
48794
48789
33288
18007
25822
15734
47212
80541
28878
23065
4261
70553
94034
17682
86051
89031
53818
49569
12465
78835
30620
9985
40302
48881
98223
80342
91458
35242
32314
97240
63792
6008
22979
95214
33283
15133
79356
98418
85822
87779
79506
25034
54342
87702
93024
50988
15194
30468
64395
83318
43931
89732
48581
84231
8450
96248
40649
72594
59043
62323
46812
80686
14298
36152
57537
2433
17086
46675
9780
4686
87065
68129
41887
86164
35131
60400
8875
86141
63683
54807
56163
39514
89075
53526
56682
76244
27151
44410
72579
91359
69382
21999
64995
30966
26803
54119
27018
46817
41049
20097
65896
13923
23117
99069
1619
33587
927
37922
78782
64954
10424
46477
93324
59347
1457
75788
75915
12737
80962
75930
92607
20586
82821
35854
40620
74249
47735
32803
25023
28927
41999
82178
17201
58150
27701
97148
32921
39480
10635
23555
60404
91475
42378
9933
78197
73509
50320
40203
19629
46403
19533
31649
68713
75934
5684
50820
5199
45939
29417
42735
83069
68880
58976
31855
69647
92096
25331
21798
91228
5064
56742
55797
87341
69426
38512
86268
47491
64929
32943
95796
35102
94688
70655
37477
12903
5431
33362
59644
34375
48029
40723
72165
43613
52615
98117
19092
18927
83008
81153
99779
18283
29862
38620
52202
46239
17979
1935
80484
56593
7804
38981
1186
42866
52292
99576
77531
45626
43808
50036
51371
72025
70316
94585
38728
96602
91746
86630
89113
33114
38417
9207
27859
61364
84844
71595
74884
8242
41438
48657
94432
85618
18395
32804
40285
47946
87410
52605
41485
9534
93106
47295
27192
55091
37320
23379
64671
81374
55831
46920
75037
60721
5550
14120
6959
73119
74881
22674
71853
39050
50431
55530
14801
7204
92441
10179
6466
72205
33231
32128
46048
78456
14121
34491
25775
35841
93350
60147
40574
57064
36538
40434
12763
18071
86835
73682
94926
95250
61466
4359
73138
78790
47136
86548
24478
72923
84673
24990
34203
79119
78317
17852
27387
23771
45400
15731
55238
71852
46624
23748
38160
55451
92426
95402
33565
38596
12857
26699
8310
80758
4193
40655
40630
80265
63959
33094
80872
44602
93074
53848
89016
11899
21093
8646
98826
28336
1333
61868
17777
53142
70185
10497
59302
24011
77660
69351
21898
45962
32182
4024
2470
54555
62527
78312
24236
14326
19204
15908
4681
64859
41153
68057
51764
69289
63531
9004
74141
75611
86812
62541
54463
89109
63582
96280
71373
20797
7438
53131
96655
43158
23467
29703
23370
97609
93318
7300
72666
15064
68816
37774
13490
7728
87180
96950
33041
27148
18280
90416
52120
62339
81977
91525
73509
97821
82837
68253
9025
18375
4546
47862
18808
38061
56760
76101
21407
49901
77212
40071
63546
55729
40665
16055
14072
51339
37665
57152
2904
81778
11296
48441
97829
85857
51199
79918
2553
12702
56322
28177
30372
43455
34115
72332
10639
30392
39907
14959
92346
63826
86553
18956
97493
56326
54293
43955
98939
7420
70722
84502
77210
70122
89138
96920
85773
40964
28824
90598
39517
88406
35001
87316
34399
38752
65692
62830
85657
56063
25289
66360
48811
34025
16778
574
42126
46225
26715
90375
32053
84674
79712
18747
41285
83953
12871
20824
26279
98438
33352
74888
39558
42484
41479
17044
28747
89078
2378
63678
52219
50179
25080
80567
19597
61682
78477
29384
16344
57821
68904
17782
23654
74530
21874
60912
94322
47493
67613
24183
57392
44286
51278
42386
49521
13443
78096
83216
8474
15551
59453
69116
66764
89430
8812
71991
61257
12884
27788
11392
67896
47525
31014
1858
41691
70742
81025
53423
87494
47039
63361
48654
18252
35517
24026
78586
5372
92008
2921
77100
17997
97833
98240
84645
81763
96825
49425
36963
46925
11907
47641
99274
50600
86333
78054
51335
8375
48816
69183
87238
60007
88987
2039
84803
74073
94580
53282
73981
39954
23011
53529
61611
97255
89775
18403
52461
20305
64684
56441
55304
60810
56681
83504
50187
64827
81788
13054
49566
50779
34682
6311
6643
46890
37982
47561
64268
83961
88865
84703
88793
7799
28019
40010
73798
63929
11032
9177
90734
2317
4864
32004
38729
89905
56474
29878
77686
56246
72363
43277
79603
4276
88192
18195
73392
75225
82203
9646
82936
73095
60127
46596
57434
11847
40299
50573
19254
24390
37724
59027
75639
11933
22611
36846
66988
10218
88410
57568
24249
52123
51259
96626
70976
57153
31917
47856
84854
46351
90566
93018
30336
32760
78579
72869
46329
9846
65353
49658
52693
46664
94984
60663
11823
11528
53665
83267
21347
12738
86834
57277
982
81198
98462
67920
17459
18869
74046
63526
87914
74333
79931
50346
25856
33336
16670
7993
66742
11363
50884
90156
38438
60630
49421
24216
81946
9405
78211
69813
54137
56269
58490
20153
67181
5254
14474
54753
63519
57515
63412
1233
10144
86971
47739
94239
55624
52190
56903
55573
45485
44653
27260
25717
37940
89363
74090
97690
61122
78077
11015
39926
35307
78865
66802
94871
59525
5733
24524
63346
38391
27268
51552
62321
55545
35657
13492
80558
68408
10921
99233
24424
91858
67792
70747
57769
68936
68953
76473
93150
27269
73958
25350
50922
95322
2993
23713
78085
43226
28285
95940
58325
38995
24392
27987
4509
69850
45800
80165
68843
12
57395
14972
72661
74598
83910
44994
14525
9890
20005
64196
21281
89549
46591
9371
81746
49559
30196
59233
28801
25375
42165
90234
37089
713
93615
96185
81546
65609
67538
13244
18851
51719
25562
93463
4110
51836
50275
95372
32679
87586
86495
62084
21094
87088
77658
32582
90224
29192
90957
17271
12055
15870
75031
76775
28107
17582
7488
59364
96094
80896
79715
52993
70859
98712
44676
29882
60255
10507
75141
42321
15002
81107
97626
93399
54621
37023
23721
56491
6631
97327
33110
56075
41393
53167
36714
92378
9612
35262
14991
33046
85742
23221
65837
86347
68811
14087
91397
85020
80773
67044
92983
50248
65661
21158
91747
45551
23617
92326
63031
99287
21018
79367
1976
27724
10661
37718
91177
16660
74471
25598
77296
14959
82580
2185
91189
49339
11636
26997
86778
81410
71549
49909
97189
70031
10337
35506
74669
65363
84067
55331
63882
28330
64281
86288
57807
24002
52150
33978
31947
78954
93162
81005
47662
66625
20635
29777
65876
40266
6089
63146
52716
78779
59925
17696
62312
22726
64752
67414
89379
44125
84926
65778
1139
32652
37595
66726
16274
24835
62283
85748
52239
1271
5894
47496
45111
9612
67885
60755
84100
37379
11054
12629
24935
23432
72137
21195
30482
11045
81680
17998
25211
91874
56956
47235
43228
21579
62866
75699
61640
76330
66299
10845
40739
3129
7186
12917
45852
53701
84676
57364
25025
46467
80934
61649
60300
32973
17448
27059
68076
58987
89928
10995
43774
88183
31406
39875
8507
19244
20374
99194
21968
43921
5246
47047
88609
28943
80424
81668
92858
97360
55123
56024
70887
68108
93869
3717
22788
84125
53382
51871
65744
28172
9112
88309
7598
99621
69108
10793
55872
32135
64504
37050
24340
92388
7648
70330
12412
46098
21556
8694
59246
29076
85033
57748
33041
28476
65501
53813
17936
20305
35258
92946
63609
2554
41024
44323
35536
67602
47340
46967
71378
13942
69942
14064
7842
21619
47604
38948
51351
89031
81
14900
49248
48009
85836
28258
61729
35633
45005
5163
59586
72634
50284
58635
37947
37211
77646
88553
73108
19423
33879
20802
80712
35622
66023
48265
26836
36909
26907
59644
71835
70848
82219
68864
60142
43943
72628
18211
44881
82314
59081
74284
8992
44181
9567
4343
98117
50169
53719
9084
13566
45132
71852
31518
96154
69012
61424
83383
70749
26940
97295
62720
15100
85894
23652
56185
85391
64639
585
53823
39594
80242
21595
61007
44083
65037
64607
74540
35083
7202
95955
91899
33522
35598
29717
24504
5038
70563
21803
37676
89033
54194
25360
24860
17288
68428
92563
92324
97818
34154
76621
409
77065
11113
67513
3994
7864
69751
54247
94337
15072
83576
16684
41162
40207
33559
44300
455
87508
31806
61147
67221
31437
42287
41338
28993
17745
69745
51501
82139
91498
78682
6651
11239
84680
34327
61286
75265
33655
39544
21547
48372
74016
175
25609
65195
68671
85548
3272
78597
31762
24972
82328
63329
48373
89781
66923
33514
52456
12208
60250
15128
30433
6844
57031
36502
51362
47322
94992
60326
89775
92104
17797
21662
4433
80409
66434
39793
38111
37055
24791
33850
38270
77164
42569
5487
4629
19680
23815
58104
55851
68674
54788
2140
20519
65147
47857
63946
53660
3451
26247
19080
29481
33910
72726
6393
18748
38855
33395
36205
53792
571
9413
15041
228
95290
23776
19417
36404
48871
43792
10066
5470
58966
32594
25065
63883
45655
96366
77251
6611
44633
36776
83170
6841
77319
57235
20221
72959
26872
82295
13143
34727
13304
30553
88386
98078
32992
16401
25825
65932
73386
60702
41452
98190
11112
17986
5073
71727
45246
25691
2733
90787
6328
84439
75460
11384
30048
43129
48997
34435
82976
6136
81663
37930
11104
82539
28136
47173
873
98174
97155
71529
92713
48082
61272
79831
57846
17911
12177
277
23604
99322
56074
39354
27850
75987
19454
81465
40974
64683
76902
64238
84221
38104
14746
20858
89729
18422
90266
1754
37839
91365
98146
95617
41329
26594
84752
19883
19724
30947
35534
73113
2224
83391
61107
34755
19396
27265
89813
83358
34842
32354
53428
430
34467
52846
22785
34979
59909
87881
83506
7824
46972
66263
40729
11096
59893
48832
91833
60190
58191
65979
2200
6446
73935
22244
866
79627
40867
50197
88633
77162
70883
39451
63842
87913
71291
89007
22152
48197
1385
73149
41831
48485
40074
41587
39399
36270
98328
88963
49214
53719
87630
9796
77416
61808
743
8676
16577
92595
72944
8022
13892
6623
63721
38518
37069
58121
75090
60959
6267
83736
37304
11239
49841
5179
9966
45572
10111
26678
32298
78155
1163
90305
11282
57511
71033
39609
97067
84407
85454
25081
1498
91665
53454
92432
10288
25910
25832
48591
83373
11204
1728
76733
8628
59717
52594
37983
86969
97356
77060
29429
74851
13580
20138
85636
52461
30374
36
94487
89155
33411
39189
55106
43031
74284
4147
29006
71889
43437
79161
81751
73501
44079
68582
64438
91063
5991
21759
57590
62227
46082
62386
50896
8167
75543
71709
99741
22939
79918
74283
15054
17016
70241
91090
51303
4805
45032
47905
38568
3915
49721
83631
99438
10483
75052
69909
88809
29309
41072
85515
61530
76516
8059
39585
3915
68377
63427
62191
86820
54266
25692
28936
26215
3976
50886
67613
11410
15522
88669
64793
51537
53836
25527
96524
49167
18860
97339
24589
92164
3776
35953
50765
21851
41387
47540
58401
63058
73448
62533
98094
23761
3097
56080
55455
48849
25030
49747
9850
53753
12890
45652
70544
6159
83186
75084
66364
32477
25078
45071
6996
9143
42784
71031
58261
39474
13571
90492
81947
8053
45362
60356
96447
1791
64434
85468
19021
94829
20344
38502
68856
34078
27124
14639
69167
73346
59281
89395
80004
70716
58193
41736
21580
70547
39338
65931
22546
55820
69027
45622
95300
14327
47554
91810
87518
90977
27551
2111
87414
26967
60995
80655
35810
33227
92461
87785
30681
34720
44853
60600
40871
2062
47719
64274
41819
73710
66045
75356
49899
89659
21200
16162
55894
78802
84521
99191
17894
85963
60455
56704
10105
60358
79806
77709
39843
84415
85451
58422
76580
88047
38447
64912
87859
51812
44765
92534
92085
6586
43542
23294
58383
46744
47820
8560
38414
82311
84711
69459
14197
97279
49957
19218
90223
62818
85339
38107
77047
22188
62568
7145
27677
91544
70886
47314
4527
15174
895
24863
40568
23568
27710
83952
78235
17179
48091
71199
18212
74093
1251
53129
89729
15929
73606
43457
14344
5539
66533
37836
334
44233
59595
60524
46774
61186
45403
48185
27669
72279
49928
58808
90218
40213
93354
4044
68558
52516
73798
92803
56230
58971
2270
58699
48759
99018
16548
36666
89540
17794
11627
4978
31119
93305
20454
98804
7477
7152
81274
21928
39439
37414
97622
65617
47787
80252
81061
32409
78900
42192
41309
92227
99349
9326
98747
49402
56019
68510
74547
35052
62777
45232
83611
23265
80010
36502
89753
91301
29162
21282
92993
32815
10790
43683
95394
32298
24323
32692
14730
69562
27477
93097
66720
8010
93363
88437
83356
24444
50962
54488
69713
17345
60850
39242
96219
70146
8391
27058
23149
27047
83841
79700
13175
47342
98190
40082
80066
78330
19067
84982
74209
38335
69830
29169
9167
26867
76897
83046
73652
69934
14451
57804
17695
73235
1224
97362
41638
93102
4875
82293
33339
2986
7634
96311
95216
4072
14091
75204
57072
62250
2387
29299
62209
11846
1329
35004
96634
61558
13956
68258
43923
49098
69774
92199
94719
33294
70650
82337
86139
41180
18289
87647
48938
71666
85564
14193
29291
86166
43844
72208
14774
81552
38230
57678
59603
99473
46860
68031
8380
17711
24564
59190
88595
65344
56285
95385
36711
61504
59913
83609
7487
63217
61892
63585
60180
79627
51041
99121
57925
66087
14528
90761
53883
98211
82245
48647
15801
27491
56864
57989
80576
57272
8328
19667
75632
73682
68493
57923
15087
78872
72746
48955
48852
56851
46579
84239
65679
71514
45410
76410
57189
19794
10950
704
67489
15675
41988
52054
61896
7525
18936
69103
45208
51624
9036
60447
10877
9730
204
86248
69261
82147
56991
17970
81960
31862
34417
79066
19203
28077
1161
56085
80469
45140
99150
46857
60296
84060
43677
77682
15375
6859
96381
53805
10387
68971
69205
22469
26330
58859
55881
25658
18116
40773
33254
87494
93505
42209
2659
34814
13128
93195
18875
43643
42478
91125
2077
58760
67737
5342
91408
9094
30761
40440
94979
10236
29428
92015
35661
60971
74245
12033
52378
22594
13182
19177
88986
78741
68562
18705
24783
24101
84367
83596
67952
15117
13775
66418
95108
40686
31524
46875
53987
30018
3921
46972
49521
97557
9246
86609
45763
68908
81383
37476
12235
39018
70806
90361
93568
74582
7522
22910
57551
24872
49731
95429
7685
21016
38381
41612
28429
56490
18803
31090
41743
86855
59139
14310
49949
79661
1041
2460
463
43454
62817
79259
27819
37544
49091
89924
54627
32335
74132
53528
75821
5113
9522
54621
45674
93507
15823
58157
48987
91759
11428
15354
2892
2851
21305
98439
69692
7969
98326
65718
7467
40758
9645
60040
78403
51766
8702
67854
93439
78527
15131
77588
92579
82759
44883
9485
27016
51486
40156
37782
18316
97652
17040
96925
89067
7632
11818
8647
89660
13911
28295
7072
11723
84643
12194
96727
43639
57628
8954
82263
9676
80566
98966
37557
83583
11853
73780
65765
36811
21099
24997
47362
23219
65254
51712
32522
64824
86120
39362
56287
92867
61755
89979
37950
1699
25651
4598
69542
69636
85773
65146
16056
48179
74609
32927
66271
44108
25744
43380
43831
8717
59479
44858
71904
89272
37712
51070
57282
77057
69185
69291
56759
51516
23619
75993
52298
32273
12495
71322
14492
86862
32871
44484
48533
63766
26732
24976
28410
21614
31067
17584
55899
41539
7327
46035
60005
98420
61668
57879
16634
24763
10028
5961
59217
6290
25185
48486
55014
81419
2510
29442
35707
29527
90934
91364
50717
23169
78542
40643
88866
16486
45762
9245
14208
98411
31218
61789
7076
32378
78812
54599
49604
55367
19572
65638
66173
36337
54690
30544
24862
60927
66549
10543
41452
66822
24385
85359
75070
85447
74798
11086
61013
72356
54822
84429
94363
39714
5921
35239
95873
32810
38725
95057
91293
8424
21523
65903
52364
38588
64069
31330
58320
42850
3643
39402
32311
43479
39690
8001
58207
93598
38911
27874
94138
3305
37703
25417
2079
14255
75282
72614
96519
75234
30861
9977
24396
43995
84089
68763
92107
81296
80840
4011
57595
47203
8944
22914
7671
45120
9083
58869
42094
16797
82668
41512
28408
84041
25614
23474
98293
69827
97372
94024
99621
52193
83803
46298
66190
23401
66396
79303
83806
64838
54203
67873
42841
9367
19500
7414
25679
86567
98966
6874
56014
5991
6473
10334
60860
61958
53638
96979
86286
49825
51024
53099
98443
53380
26026
88253
90922
60324
13574
68898
31402
139
63399
86890
52895
25196
17159
45031
61262
45600
9932
12799
18490
39531
57194
68957
46467
1691
81954
457
79592
67080
82059
28475
37393
32009
82441
53667
7946
68304
53846
28215
48127
98574
84630
63453
2946
32493
73168
84822
84482
1373
16574
32365
96306
94559
94155
93776
55043
11623
96939
43721
59465
24502
94288
19695
86434
40531
6910
84286
37385
27428
78244
50789
63418
83881
12688
63269
74193
80980
25593
20979
83971
45042
30842
34798
60058
52370
73179
13311
34890
71399
87642
48312
33907
13934
48552
22066
61425
40502
15072
93857
40754
58978
94068
3746
17671
42568
85134
31419
35642
24821
82258
31027
22725
90609
83909
10681
1296
37456
58763
21449
38667
74271
45660
76393
68302
53236
494
51464
67859
64249
72926
3742
91026
23093
74160
27574
81324
81451
44986
43516
60731
29272
44422
13933
43200
3483
87536
82090
24300
52700
19130
20914
17372
29523
42165
17201
6752
12909
81585
35052
47301
42882
39138
16739
50304
88528
81068
97957
17734
66524
55102
5408
37242
13739
14738
22702
74200
94217
11205
87850
42728
31090
71202
96044
99686
24869
33144
59965
34683
59937
92069
22688
86881
45334
72656
86219
21934
3293
6430
1640
93412
54680
34599
13310
4325
83974
24946
89890
63731
74954
71202
5915
66135
339
29649
85214
44482
6192
24087
39381
9591
2215
7982
69091
33415
840
82319
92515
59602
11719
61125
61529
26364
42807
48862
85786
66736
38311
86847
49784
49200
45801
64760
49146
30769
54872
91055
29810
18409
25825
70329
65626
9672
42777
60401
98990
28132
86531
51116
59976
73610
28853
61371
9781
62752
78545
82950
49725
94955
49214
79630
58514
88549
97450
3343
31981
12537
1514
29500
91191
83525
96413
54588
29601
38795
57689
76388
80813
10819
65386
19169
16868
59407
71811
14657
95980
66626
17032
59696
46194
61098
67826
69381
5622
7585
73676
16021
12610
66743
67674
72017
13153
21290
88878
37871
72799
45739
88467
71358
22579
78205
96873
63905
16233
58140
97400
18282
53884
44934
58369
27891
35316
2607
15036
72106
27309
54663
5212
75063
23998
59725
92928
27432
45475
20212
10368
38906
75838
48476
15284
71724
26602
94683
62268
43632
33948
27018
99282
42418
29527
52952
22332
3769
61763
36604
91156
64782
71499
33228
23207
69302
68658
78541
23176
95493
39371
35480
53963
6885
51907
39829
37566
25135
54232
76282
64785
32130
97309
3174
67742
43398
57897
99863
83779
26003
66968
95091
94755
25615
59385
25805
79835
91902
89117
70500
32956
24695
71081
96572
8326
69208
93416
32841
88990
36325
6226
68809
44344
56112
93311
89253
95677
57297
88811
74426
87470
78388
24815
57832
65167
24503
2078
71879
74587
24666
80449
96324
30668
71481
373
16555
67613
62608
47643
28249
59640
68334
6046
52821
36829
99969
18302
20185
60774
62648
17287
67954
91196
86883
93124
54348
76315
55826
75372
43318
5528
86704
66192
65327
55956
91652
38896
76576
79150
92292
42644
5556
65223
27738
9770
76682
84103
96124
86103
61311
64793
18495
44778
74503
18089
9970
35204
96964
36252
40482
3645
93179
73113
42771
65065
45551
64783
40413
81790
997
29033
30129
63247
16518
18601
34749
97597
68686
32210
24932
49020
70198
80980
62300
99846
33607
65034
87263
94688
43636
92721
37505
37751
78807
96418
4145
18831
9675
76243
235
25631
24429
32331
13258
91678
20454
44895
47233
77057
9733
17060
19614
91957
83964
32975
11002
91204
79150
98575
23432
90659
47218
33910
18780
83199
89402
39842
24894
99021
89031
76927
72512
34908
8667
32192
42877
12280
33186
2283
68695
6438
67337
13903
87733
72766
71940
3841
51879
88976
3690
99313
36709
72690
33041
28508
76479
29520
29658
84490
37486
90382
99890
55537
89225
53880
64000
90430
18028
24994
66266
93636
29394
79813
23447
98666
58581
42607
83521
88506
41043
75526
34990
20512
92984
11579
21415
51912
8883
58860
82756
47369
83990
31539
32364
36869
21505
30798
65448
54544
78581
18490
45123
56066
26750
71894
82663
27552
79157
20916
47367
90166
45600
96908
13235
60257
71312
93291
25931
76497
32141
72766
85059
24565
55577
93361
51919
55750
66790
91385
42338
80738
32798
84239
61530
52755
16320
41771
31728
43791
10503
16223
73505
46766
89508
24859
12957
80363
73918
24057
93915
70124
92350
21073
2322
4613
36728
47212
34094
57534
83963
65246
44430
12284
84933
38283
40954
43140
42960
76061
46855
69455
21720
70795
85137
5091
79690
9109
29101
27948
53563
26531
23797
36639
28733
8017
34178
93095
10656
60718
83158
72333
43299
44567
7097
94525
16993
7906
73866
16426
17816
10502
49193
88747
95212
43653
22941
45640
93238
60902
57154
61379
75001
36007
26878
1984
15719
50750
14419
39775
92161
46589
47307
71428
52369
84276
59506
46960
93262
26077
74720
51259
30534
62611
67923
54803
88264
42799
69045
3813
38745
62515
29508
78989
62932
62303
88217
47665
39208
15755
35713
59795
22600
61586
83734
27489
70476
3809
62206
6750
93332
4299
3652
99847
72425
9241
36600
75164
52432
8552
51623
58986
72182
97741
72380
62043
20067
57679
7485
62642
21234
56973
55757
68862
86215
1406
82374
11826
54209
1145
79539
45466
10358
59303
54972
13406
10095
75488
45390
95085
6032
44432
43701
56217
50100
27828
89125
73641
6032
82438
13422
88088
94448
86306
53604
55890
96391
2861
97649
88659
81082
13260
99562
68616
71079
45640
33166
20156
40257
51450
54472
10122
46286
93261
80003
86610
67937
9123
18918
4380
12881
90497
64077
14051
4351
29046
91583
17556
38485
37825
84581
77635
78166
22455
70961
79673
33137
52909
38746
39187
65889
69405
59094
68333
30877
26828
53636
13575
43523
65380
93370
23514
34376
6269
21556
92355
46781
97389
11729
3086
83928
28064
37799
90144
28070
68661
81262
43930
99223
13102
87318
57678
65966
35133
70729
53410
91319
42319
53552
94042
67631
33671
9895
48108
53980
28476
66863
42318
67586
19156
52280
56561
1308
9874
37660
75500
78590
36521
91385
66324
31049
39201
26041
23204
15373
83180
45391
80196
594
12385
97670
60750
18066
94363
54953
61168
54419
94727
57413
75854
8208
32191
92944
8603
73937
5190
47651
15003
37699
98641
45282
80577
74285
77675
67333
15707
8753
28149
20038
78737
99171
37118
11494
4331
42833
7663
64182
38589
22129
86377
5826
60170
10986
7860
51307
31430
39666
35223
49872
26671
75484
92058
40273
77637
74000
66803
69782
98057
17680
47392
85856
52349
48504
32977
59930
57120
43272
99014
88553
48220
7199
16225
49487
68556
23543
62358
20986
63047
99799
62993
50227
31424
57043
61346
76778
81376
93138
98528
67934
13329
37839
75885
34745
73844
84888
56221
48005
3959
93462
67845
4971
47714
23433
62830
93442
10568
43184
82088
19709
61213
14807
29097
75549
97485
10144
5130
59724
95275
95879
89190
18729
56495
9813
62614
41634
38001
10647
15080
42004
93745
39895
77377
25890
34076
64639
76729
52644
46640
94527
47658
48553
83317
83490
75578
97765
91536
58194
83139
8102
77792
90388
31629
84666
13520
32937
74494
97309
21646
45605
95418
83545
57855
13760
53441
23856
8127
28723
76111
19739
27138
29135
86106
94094
32000
24522
84097
16434
71574
50940
46277
5511
2861
61362
81133
65581
13781
18062
4688
90890
14746
10820
91172
44314
2115
37681
92460
31692
20855
88038
5114
27667
73168
15363
42542
19492
57804
23149
93570
79113
6195
99239
43537
21465
29744
77152
56454
97004
81635
37317
93673
72046
16381
43350
8208
31118
93599
34740
61840
59229
4380
20989
18311
4303
86058
34198
16971
10513
24341
46150
23734
88452
72128
82091
48365
84068
83474
48698
8055
87652
49982
82887
4752
21366
24529
50665
97467
49204
25985
95598
6142
38711
49309
9247
36545
23293
54181
24168
37690
6093
69714
49034
74123
75052
95320
28498
83450
59689
28629
57903
66615
13572
2728
15715
82259
90923
13810
22692
82102
26576
13165
2289
98827
59017
71999
49011
48070
64397
22152
11296
70240
73133
53779
74918
79408
85038
7025
60247
99905
24647
99538
6999
81368
8646
69013
13293
1963
67514
4571
64826
31755
99130
26384
65229
795
60423
62113
78953
91392
24314
34861
86503
10393
96187
62981
45697
39656
29146
39107
78537
78382
97301
14662
15814
72280
58542
79091
93111
64569
94938
78602
46985
83851
62538
27337
81246
77453
82730
23410
73652
50629
37143
10613
67976
70745
93988
31157
24976
4768
90814
1067
24759
81684
96556
23755
85615
70939
12662
33130
57872
60983
6594
39000
74420
84228
90878
30662
29792
42033
54567
19588
12324
43377
55195
51801
64227
15638
59079
2191
14532
75183
16744
24436
23653
25386
49097
95065
47162
15229
77910
76681
79761
81988
89909
38845
35077
9640
47246
786
32393
27109
61955
71724
57444
12084
10095
39385
51277
43279
82538
85263
16459
65630
36098
40080
92317
12555
35350
52588
87038
96224
51141
36112
50604
85942
83573
36584
46914
23164
39939
18646
33912
46267
97602
96864
2140
39658
4617
48161
27150
24871
94826
45206
19023
75577
50337
23329
60358
89602
69269
99022
67226
5977
88416
14696
34224
34921
58547
7194
91683
67499
41282
10337
70598
1231
33744
90288
69702
30745
16572
18398
73845
55661
77612
2865
43592
56461
66839
28262
85451
14320
42112
29823
22866
93250
70419
14007
13510
64158
80293
70740
17016
57880
21808
40606
66871
17958
55179
37192
97451
91537
99545
93632
46875
70055
6203
97866
14724
34587
80554
69513
82437
54324
76946
43555
71242
97993
96924
80396
46004
6208
57931
67930
94908
8113
15295
49791
3005
43483
52993
37675
39225
86067
6436
94770
1539
81852
17704
44882
66549
60284
35959
27026
37229
83813
67175
56093
10727
73601
36755
70857
25746
96562
27376
78070
58641
75893
7299
50460
82174
41625
45313
5199
54064
40170
69240
88443
34945
97201
44060
55981
61237
81973
42455
71139
25371
31837
18519
67553
87083
90372
61682
5053
86659
23930
40793
36074
62583
76260
89053
1393
81039
41184
79480
50718
43008
80332
66641
30494
9449
3466
26399
38910
30820
11567
29656
55920
61137
94744
61084
31081
59741
41664
20871
18560
79685
79350
79461
72872
24480
56830
78836
71550
46510
75036
36305
54431
8317
54872
18363
11319
41814
6041
20486
60379
56401
7333
88621
4981
58181
12984
44928
14972
10591
50070
44447
84140
41617
70506
80636
1770
35781
60247
63493
8678
21534
56795
37441
11968
37487
58691
27865
63399
25592
23109
31213
21001
75009
82921
28814
14043
61826
36675
51257
37163
92654
14559
73220
25292
55701
56308
41375
87071
94283
5523
7066
18089
9345
64142
86941
61365
7615
55332
75257
60773
90043
66510
51165
1405
3641
57420
67073
80419
67454
65494
3432
92169
97253
15360
12508
82507
98699
67310
82788
25870
41930
72678
95939
73108
26269
72158
38159
7879
16873
645
94865
75551
19072
15617
30974
38549
50824
63703
64950
64187
74046
8101
75521
91192
30556
46853
21359
17730
25956
73010
61640
52678
69744
15707
88800
22017
19880
98209
80927
1381
91571
38702
41496
11332
5698
57749
16511
89517
259
75480
3128
83229
11384
85189
93602
39815
95056
28478
94156
20823
99846
60845
98977
57124
70767
66078
76174
9977
18251
59983
87789
10494
85040
21407
78847
61996
66129
87400
47169
38685
73082
52134
35096
37558
34019
83970
48760
47862
87175
29979
7853
63300
54938
28647
68261
62805
81636
91024
93779
76925
24915
69806
54970
41516
10878
7959
19405
46731
71247
4458
83590
34524
41819
98455
9597
7822
3826
48143
17518
1208
74124
10537
52969
15197
88800
96041
64190
53201
19305
1777
33136
94902
32816
19133
26298
21775
35834
7401
79316
27924
95938
36028
77320
50800
33376
74035
78303
8287
91781
17578
5720
47521
96273
35386
82981
56694
31323
18544
78247
91593
64995
87527
21749
67068
46349
76310
52126
26544
53520
32204
50600
11885
68076
22789
64069
13626
74367
86847
99297
55023
88757
16824
64793
61684
67145
58760
15445
51227
50769
20414
65605
61985
92523
94126
30482
59949
16313
69407
64566
57137
33497
32336
79978
61956
9712
37982
87897
19194
42870
64800
51517
52558
14116
62684
20734
11644
23580
70459
99986
73423
96195
93161
43043
98191
15713
20754
72632
6905
88454
72590
7561
32657
37223
18228
15526
61508
8810
55890
19816
37914
78248
54098
7187
41569
38464
73308
46594
4387
93917
42217
86206
75444
58305
27663
5630
85154
81891
79441
5737
30520
62728
31865
57557
63768
96791
31114
33562
57313
2788
45795
48237
15814
19376
17195
3250
18032
84786
16726
38901
59475
62611
74163
56310
2640
51441
21640
62159
92327
60779
16200
93683
70339
75251
65440
49589
48014
69519
7803
69283
15912
62835
10573
76358
3613
19045
80322
30301
20156
51070
91303
35274
52755
8522
39852
14640
44719
81453
98961
18254
13868
99806
91509
10948
71055
4015
21735
30164
66473
83092
69821
68623
59955
76413
37883
96598
17556
84498
16684
13983
69966
43306
11320
21056
95889
10673
20077
15905
50203
30720
91049
42272
56475
78708
33363
73885
22986
66930
34788
24133
77584
26595
89083
15277
17185
9880
4125
96304
22920
81757
21533
2495
70156
99230
19110
57062
872
69358
3007
91163
87193
68196
98429
95386
7779
43678
62567
96452
92068
4016
44531
20415
1216
90882
19657
77319
775
72863
40240
39836
912
17655
16289
98204
19395
10219
87411
61734
73503
84790
32730
712
16659
9337
74423
3429
5847
52643
77014
12455
31652
24528
25719
14000
60396
75772
71309
12750
7409
81419
76977
12482
50777
87571
81110
20567
70712
68449
26651
12788
56264
70467
98547
49336
78301
61120
86050
53577
98763
90648
88299
28459
59393
38845
87445
91882
98515
14709
54510
44467
74974
90219
29779
90787
46631
71770
53928
30299
47383
48804
88747
48943
90928
63458
53532
36953
22798
45126
73583
24799
53249
32910
92420
39185
59286
19010
77280
90449
33332
66294
82814
30340
69517
96110
35233
59790
80342
83696
48763
84169
7483
73352
46724
80399
55896
21544
83370
61861
74734
44175
91257
1972
73784
53825
78195
90068
33349
89477
55001
297
69580
72553
42729
66749
68606
89074
88847
83089
24729
9613
4820
95824
67139
35787
34511
34056
7106
8601
28240
40185
81714
25973
73084
55111
11366
25780
14376
27491
88914
42354
35454
15799
72355
45324
59299
31718
1933
67102
97765
12101
9890
39930
78248
2447
31847
23021
24151
40083
75865
55668
94896
97570
74757
51319
66140
77741
84994
35192
76192
6132
42816
59968
73339
11079
14947
62664
49701
94424
23579
47528
7974
96092
94799
67757
68419
15546
1355
96394
53644
31219
53824
29132
59559
47477
20699
3412
60124
57906
96383
17008
99559
70925
66352
10616
4247
16217
71525
1692
77974
83180
46628
73097
95669
1797
50235
65558
13405
99990
60510
82107
74741
2815
465
40752
54869
2855
75230
39488
7911
54104
72517
78829
33178
32267
29818
98819
48586
68371
5912
3208
26352
70075
56742
15435
87542
45420
33917
52146
89151
40105
85260
7409
97403
2724
87608
47467
24068
17726
48050
93571
52284
9410
59463
61023
64059
1729
47039
19686
56317
36414
21261
85337
65573
58943
83694
63956
9294
81728
96651
34294
68785
1581
62364
60921
2472
2038
49884
97800
65792
37407
29239
54049
75328
8423
83124
58485
78906
69036
82899
23271
34124
41670
36667
1281
60292
38329
71370
45763
69417
18108
5700
66730
33913
61564
24452
75169
52634
58739
48178
76885
30101
437
14692
94381
21429
45740
2304
95025
96104
71975
74753
42827
86613
43425
90382
94252
28792
97278
64428
63876
56503
60711
67847
3387
2817
35470
32559
64361
65024
64696
89350
62035
20673
9165
21439
38171
38192
84739
36903
56227
21300
11427
64754
93863
29239
1316
60115
71132
858
38067
54318
81896
55454
95227
64490
92083
47539
4856
82981
82227
31969
80016
79194
5913
27519
59000
53124
27156
84630
13277
49427
30952
89957
15633
79049
89712
1097
60873
79070
8841
27790
50446
26375
55466
61094
63023
92742
95894
60747
48702
9869
36285
24046
83507
79523
24304
95918
51471
3266
46401
83330
39860
97524
29019
99433
12645
83901
40014
61739
53188
62932
33324
15668
14069
14668
2418
58613
9913
80730
93080
92923
13096
1079
4295
89349
57001
72374
64593
28373
5755
14607
59275
57328
84682
68993
96875
91566
43323
44145
96890
76939
47877
88868
73949
38442
46676
98569
16543
45824
507
73627
26523
91534
77361
50997
21163
53056
44473
73136
11317
31319
55527
49520
17947
33377
33503
797
16485
49503
3421
90867
90457
55118
75190
60143
40176
37237
8896
70980
37701
62270
95499
82696
26162
47489
10748
90766
29555
27448
30079
36055
76294
52129
11801
89146
87843
94594
52420
58805
1108
96616
27347
63476
22708
90933
96423
40588
40989
56382
90254
13813
93202
74222
37097
78033
97124
25974
36298
49232
60039
4125
89860
24611
43107
6384
17845
72770
42731
14404
80700
21342
72246
41730
23771
40777
778
79845
90085
18257
38583
56631
74512
5700
97973
30180
89694
13961
96562
89619
64817
23554
21642
29449
37964
52102
6913
68351
61809
99579
56973
108
80061
23046
63186
28275
37219
20606
56042
2910
76226
55190
97501
80275
74798
90022
54343
92642
36223
71720
76003
85180
10725
35960
74018
57916
48109
47097
16523
38914
73724
93868
3380
69443
4412
49090
48957
72294
71469
19674
29747
5823
23166
75494
67348
50217
42889
70556
56636
42294
75527
32193
7876
39417
26886
22489
55321
78093
41240
51723
72184
28712
34909
66642
14545
49815
78162
4195
82663
76893
74481
25713
9560
1323
50845
31609
15308
86980
31377
8357
86084
34652
24495
36942
149
95427
84571
15583
22871
39342
67574
21480
6209
98261
35191
12382
73006
80077
8474
31701
16912
44471
89190
11527
33941
96941
13390
83774
44491
16935
81525
60293
27810
42554
51409
51262
50949
45335
15227
98097
70522
21121
13992
14540
35254
14066
56743
42148
2802
27986
64408
1674
66205
82480
69465
60557
22872
49099
43911
38527
98084
81819
88488
67591
92281
17752
21184
76182
67940
13526
88752
8950
1073
97106
81824
86109
79817
69630
17650
8365
1530
24897
19267
48579
12119
25355
43085
67448
72591
75849
68639
55346
57158
34603
36292
12240
81254
53188
49269
72230
38431
3171
94638
83388
80368
84274
43136
51876
35119
5087
12536
73499
49046
18516
58616
70662
36946
62034
64160
83818
74458
63262
94623
65034
23603
67064
19214
76120
42430
53451
93065
50983
66543
80588
6128
74335
97511
79540
19385
93553
17544
54788
70735
42772
83816
77773
24520
99166
10035
3991
63459
88031
43869
347
33992
78589
23753
14317
51511
7494
52060
54304
57444
57833
46594
2518
13783
89790
54043
52270
39236
74748
10708
27442
48301
72500
11324
36111
59476
89839
27269
87563
16748
80764
32608
12928
88213
54461
18061
11396
67951
97868
90703
45654
93298
79691
14303
32495
36129
83953
87815
40527
89549
79844
77672
57426
49889
88328
73141
7835
60820
4883
16407
95626
80623
97654
41779
11412
85549
12967
49684
40568
85957
45406
64888
4315
49165
89956
55711
8397
59043
54369
75053
29281
34099
89422
23877
40061
37221
43387
48922
48843
62302
14327
6086
64219
79496
23803
40271
6635
8703
84054
61304
42490
63183
90837
51807
1416
8911
21150
69629
29880
42579
661
91118
65892
12848
20458
26518
64753
31457
85215
61247
9524
40689
84402
25904
90174
8190
84367
75652
4266
36422
99560
46491
16476
2217
19293
71975
57062
97931
71984
89237
97344
17630
80129
8202
35321
63719
23756
5602
26518
72245
79075
40752
44627
58718
93355
22499
78676
67832
72281
94414
51971
73299
57612
548
22092
59158
68267
39844
38858
97045
60896
41575
87069
97252
29579
35383
66192
76164
69756
45045
7624
63835
37820
80045
20481
68114
61884
17156
62190
69436
52143
88673
57177
73353
67399
95304
50757
30553
98993
25494
28544
38280
24536
8639
79465
65292
24243
75834
81220
69786
48957
10939
23050
97395
24012
91159
43093
37492
71775
24875
84463
56482
75123
61703
82482
35848
26968
51461
43960
52479
45955
58828
76837
79360
37657
40544
58098
15148
89038
86078
31137
26314
44365
34140
61128
19792
8744
19558
90762
74408
32572
55112
26270
71630
4846
96863
13118
24402
60513
65823
74252
3296
2054
51467
33280
21290
74951
85162
26749
58776
13531
18922
11173
1812
89438
76670
77122
2002
94919
98276
1957
18024
94228
94135
75258
52886
18265
25194
50915
11889
46252
71689
72344
23259
80481
21805
50552
83133
6648
40640
74349
17966
69237
90424
28715
68233
22609
20491
75225
75141
74516
73812
29525
20605
90309
74978
84353
81111
15209
3889
52141
81516
77345
87962
20639
27473
56770
9642
73733
85302
47000
26885
1020
44832
53595
90028
88109
13766
66825
43946
64646
70675
48823
2721
31986
47260
97594
60661
48123
9031
68849
67140
72554
29877
78139
55416
38779
13604
72772
34632
77673
88471
96392
636
24612
81109
46188
84415
65438
41356
84320
11004
39881
77033
15768
10906
66518
92309
67969
57074
57722
98377
15140
83594
70155
17215
51185
5781
18478
90255
41297
48655
39827
9988
23709
98388
93647
14437
47851
41778
15209
47010
86077
89922
45691
79513
148
4620
86156
49734
97278
33125
54348
20021
4490
38114
87906
17101
61203
59139
793
17359
12298
31704
63792
26792
20435
89485
59778
41130
80443
80314
96192
82067
87347
81194
53446
49058
18014
69489
27407
80755
3729
126
40565
73448
96642
75671
11618
39635
41498
97310
20167
35454
92695
64026
80773
35701
85101
824
73241
47411
73811
46335
97287
1217
42788
12631
26590
6396
76891
23698
40337
19085
92238
89553
9725
116
83352
78920
61727
81820
11435
75388
97867
46844
78381
96765
26760
34978
186
84437
3946
58383
11561
1641
99305
86047
16051
28253
88233
14961
41573
76442
34533
83172
38250
9422
97575
95715
65967
27402
50058
59276
41865
49522
56501
56953
59112
84748
12416
7118
22646
81265
18366
39551
90479
61963
39958
92208
96427
59882
82917
46511
76408
70416
44786
72199
94732
86995
7114
23679
60394
88594
58772
20789
89193
2974
32108
71573
57502
68224
22179
64154
83151
85868
66820
46914
51538
32647
56775
60938
83303
96765
83130
28573
47175
16550
43476
40776
79207
78058
82532
28644
44986
60493
79529
80556
63189
86029
51544
31143
9282
61889
48491
43402
39383
10156
33597
48835
78511
1119
32617
43111
59833
84530
69469
43930
42121
69001
46756
35899
40212
59810
59717
73695
85156
25869
92876
65904
45077
46838
26096
34765
34415
60735
93882
3449
49989
16020
40605
52441
89676
95952
13575
48686
67002
49213
44279
20585
34895
35668
20386
59920
17395
40546
41805
31003
5924
36005
48584
87170
84134
35675
60307
76009
41569
34348
7354
51578
37513
15282
36549
60402
32278
30206
34107
54972
40605
20951
58101
4484
75872
61532
91690
4443
76794
75237
40792
74829
35736
25409
75745
48635
8732
97796
43394
88415
93615
99907
4986
73681
86398
93644
5645
87621
1002
25747
42220
60277
8790
10751
13225
69816
94985
16599
95311
38099
23712
61712
28045
34235
81416
80731
8313
43174
12991
86435
61517
13961
43418
98281
76207
79431
95019
92404
40690
49179
35833
23725
31070
80164
71410
62949
2080
28476
22548
34606
90556
42743
46283
2839
68606
22649
74076
61137
54605
69564
75089
82948
72543
57567
34708
31283
11283
21041
11638
79207
20303
97868
59546
49143
63695
12252
22710
67114
93864
3092
64260
59083
97117
79327
24202
60752
22089
95317
88355
6417
84702
13888
45832
7518
71260
36154
74468
34385
38957
9185
33770
4610
34438
31143
23880
10368
30642
61490
96265
84546
49373
99555
62831
92091
73807
59060
8227
14047
47710
81162
47885
31633
90791
9032
86044
22807
50025
31777
21633
57893
96809
30167
47380
66576
78497
11555
98244
62181
76013
55728
58705
56021
22046
12039
50219
12291
24648
69146
26781
36148
72100
5237
22176
28945
55325
10218
56755
7254
95168
48247
5174
23884
94130
73516
90713
29984
96230
73853
32042
44244
14321
95995
74600
40835
16009
94485
29690
17532
79188
85600
20878
17952
57126
21148
10207
33000
82932
71321
93302
86568
44868
84650
5583
63639
1762
64945
12752
25061
48557
66790
16219
56439
86384
45404
81233
79605
86929
7559
50305
62175
46630
97952
65634
73112
92138
61269
97644
43441
37695
12263
72896
10879
36462
51907
54939
83381
93152
47183
2180
53450
15673
60357
8168
53604
84281
78210
66297
3894
77565
48173
54387
49459
64573
75059
85427
15484
41586
85465
81142
94174
42717
56290
33570
28923
2156
26826
12335
94508
54156
71765
57923
27926
24821
35469
58554
4424
18446
11485
14813
16418
75058
63227
83751
98502
3382
66100
69489
33089
43765
4423
26908
93414
78549
87237
98609
71908
25193
40106
1748
24446
32568
48679
54155
54924
26735
49531
47268
24792
40905
72951
43896
87352
57263
27141
25467
63998
32916
71419
84844
66866
37302
67113
53360
71332
7398
76501
84692
95591
98389
57230
42531
34464
73180
2251
94241
58811
7877
98241
38345
6622
27024
68674
97586
83952
98993
97415
57464
97345
52862
65098
29979
59713
28054
63072
97690
10900
79873
38252
9533
94886
25038
90161
91521
98026
82035
31600
19946
43614
61885
39442
29794
1134
22493
23046
565
54411
67142
1734
13575
94702
3358
40272
74326
24162
33380
23952
12125
20893
40287
30848
49306
12516
55019
98431
14496
68861
67844
17607
77895
93172
1050
92293
93491
21998
42990
49501
73434
87919
46642
39332
47072
91758
76607
91442
60525
73149
80783
89966
20481
70852
74519
25871
25234
75664
2184
31072
67136
24148
64552
54702
17460
98391
28524
68163
26590
59254
8877
53765
23811
94365
2648
30928
49423
87543
61429
40317
18265
49582
98606
14181
54999
95352
73641
70699
83770
78946
48149
93042
70793
33890
92304
36234
76061
84456
20664
55552
17110
67140
99821
69345
94524
80237
65986
27467
90649
24835
36296
25487
7845
77780
74578
54313
85317
20814
17039
636
41748
20142
87467
48100
57661
56257
52210
57654
15042
13380
52393
32778
31581
34066
77779
82450
42431
2847
82676
30233
91312
31497
37791
35940
32217
13163
88198
71756
24141
