98790
59321
45890
51699
60553
97317
23003
65993
30062
50740
98150
82473
1945
98350
65222
93888
32876
85912
44927
48587
89270
93008
43666
35894
29670
36011
84207
93685
70019
42703
32985
5286
41588
71209
40671
13228
169
6407
81462
75966
43579
63270
88219
32742
79750
42109
52528
17641
54048
52520
23972
48575
24182
84456
84207
21090
28798
7968
32373
76977
46192
51626
57010
66335
52249
76627
89014
68885
48278
27559
61973
52386
24983
99908
84528
82195
55222
26799
14944
25147
71117
54543
94321
74383
50
75478
16566
68608
18384
21897
33950
31642
94327
24636
5784
4115
18200
74544
40422
75105
69486
51547
28494
89216
16404
19697
82979
1589
87960
29444
26036
36289
92576
46484
57419
91941
91941
58413
61742
1194
39475
86229
60565
90312
98620
26003
8747
37653
81318
52642
83128
58535
56965
15949
6822
88530
29228
58646
94863
48557
43888
55787
91062
7047
84606
18275
23625
37889
1211
72097
17315
70250
78895
28013
33814
17843
64270
19188
23173
46822
53318
25670
92027
25540
67897
34299
56977
82915
39860
12062
85571
28760
29145
99093
2017
21743
43329
15336
21979
21804
41969
47006
84811
8250
76332
77123
45130
39001
91682
45458
82825
58034
9671
14498
73019
46194
14379
53843
14123
17985
14235
69984
69855
52724
28639
51528
89984
49095
71040
92427
10984
76921
17062
75262
65464
67212
81387
51661
9168
19778
29144
77121
46350
58998
83232
59684
68382
97062
68406
31074
52866
80912
78618
56605
38491
426
26483
15869
21051
59253
90732
56156
54446
90167
13837
96584
45786
65827
43060
75844
68051
23022
58760
41858
36668
23004
44699
1146
58682
85141
87756
64000
48257
22073
72092
98382
10769
38674
47159
7714
78157
4770
76171
65917
49242
36026
94018
75269
91266
37006
51385
35813
50800
24948
21441
3851
41781
67667
59001
71375
68131
22797
6591
26578
32995
98767
68635
14678
78938
99403
37962
9867
39753
32860
86826
25307
11276
34687
68764
8582
43050
1064
87746
76056
7434
94967
21811
80801
68619
455
159
33798
78711
7273
90450
13382
53731
39897
91991
33038
41621
87985
55364
26817
92609
14988
60019
63678
22685
77
43968
7271
31051
77931
24582
52761
51143
51811
78701
49740
43816
53685
7082
1443
41538
71948
44760
28185
96237
76605
831
40500
61580
1943
35655
97068
96196
51878
69666
12732
75003
15475
53115
25896
51792
32063
98364
30109
87323
99861
98109
38540
61484
9335
58060
28914
84318
61310
2692
75264
74065
47378
69816
62200
34577
67368
30318
13256
10108
11200
47239
77322
9479
37986
51811
88814
67162
27418
47276
64159
43148
26667
18527
4522
53433
33613
18124
47604
65232
89744
73118
36202
86578
65072
26489
95503
89402
3612
23111
55300
57082
72393
77689
20742
80516
85844
80369
4016
65611
28895
52905
74190
63642
74935
63843
21376
36325
31654
14109
87230
23816
40978
53285
19866
75479
92183
6033
17467
16189
38242
42943
55097
25417
90903
74169
75245
38682
92623
12806
14858
1610
21896
74783
30660
26301
36203
26184
31592
65692
25326
27168
84926
98719
7588
38966
51330
77140
97600
22247
65546
36369
75456
78980
45280
76025
5976
70127
27025
73946
95877
65799
58050
99791
3209
21453
21121
18412
81906
37311
85138
79558
73901
49932
53972
932
77486
59746
26892
16024
90156
21380
30738
78738
99890
33720
1487
65769
22024
57992
96801
44826
48254
96661
92077
30319
86877
4629
84991
13387
10366
94095
51189
82352
70696
19113
36668
90729
42034
51507
43061
54364
18866
92169
23394
47298
5490
66440
62707
82649
89868
26159
52925
98503
2141
51974
65090
85781
80558
39524
61096
56402
99908
72760
80955
79747
65508
17742
75688
19787
12068
94558
669
96776
44497
84814
75843
20737
80485
66576
83974
12568
16111
87691
34517
99774
44891
70061
54995
68298
56074
49080
44017
66045
35514
53587
36409
8893
75856
46645
63534
655
60041
47153
25204
65743
5576
83887
24005
85151
17813
53670
63756
13082
12758
56026
31413
27538
57728
88141
50731
99466
21913
51911
96081
71872
57976
32948
63225
17797
75904
55423
45868
9823
70788
14300
27305
91385
99523
32540
54732
92568
52279
18109
3730
60421
5543
37884
5869
79284
66339
96390
41580
94186
74046
26717
76049
4720
65599
76610
65445
26708
74839
43078
10583
40641
2419
38052
28269
33397
87894
47340
84824
56260
18699
58861
9175
96152
26468
77287
46519
99728
96159
75923
32689
17242
15853
23710
3210
49344
88522
48357
44872
59092
46312
27621
28506
82357
90043
94075
32507
78183
51504
40607
99197
45237
95632
57015
73401
2582
47719
99730
87802
18871
41040
18480
59951
25631
71699
83007
38055
79330
15343
58302
14125
44384
38475
21081
14919
13516
24391
47817
2492
74656
98687
44060
84091
50026
65505
64097
80649
72354
39769
61924
58909
54834
2497
46288
99352
37541
32941
18498
21328
76746
74344
33545
26905
75536
39284
99533
64771
45535
82136
97241
42440
97001
34021
5816
19083
98987
51200
3869
54914
58729
41401
43996
8037
88394
34847
77004
17515
15230
66967
9661
87222
38188
24701
84853
56182
2714
49983
41789
33922
36874
44335
43323
83883
13752
30547
37174
59358
82509
25931
95810
91273
4098
85154
22937
19667
63830
76756
70718
90796
95635
17413
95826
5553
58011
55317
10052
16136
27717
47473
6387
26717
17334
66070
86470
20483
39181
45479
25670
72694
41152
93726
1836
4736
25610
92240
32488
61061
60372
26080
51498
90567
81324
17630
36260
71697
95309
50495
52750
83885
24826
24410
76782
43054
38642
71156
81805
40589
7254
20689
51939
92259
30757
15063
53407
33153
11181
80902
33294
8036
82547
75426
21729
82981
24082
18343
30446
17471
82133
84598
56839
52645
78237
41019
57533
18290
43974
34211
18769
17092
81849
8483
74620
90052
51477
30379
31282
96124
68428
29084
89271
1244
57427
14390
86077
11728
99429
96601
23160
88526
67760
45957
92998
72564
81122
80913
98638
56535
28616
92978
32588
56898
81343
65118
5807
35935
62151
87659
91892
55750
52492
52164
72236
84998
36052
56127
49096
11494
4886
26913
60939
78811
84510
42292
73537
58902
3845
60423
86907
83522
36046
71685
65304
29500
87955
38681
97344
67621
34128
27400
10171
67740
5374
42291
4128
19358
51212
55054
96460
55864
69763
80301
37467
87907
28900
37393
35867
85820
22742
11834
91823
53501
85824
99588
53477
23860
25555
17258
2743
97037
77681
5220
12876
74890
9468
83176
22459
26939
31265
72618
77667
62090
33326
97249
54208
32015
76044
62296
66972
25650
81910
55427
2586
14143
49801
29815
78268
54773
23908
105
26413
35496
16142
16348
72899
78272
26105
7182
48030
33585
25834
431
38156
4457
30944
88639
57508
13525
4939
21775
18315
71655
665
90865
30933
6354
32542
97856
98117
90633
28107
39233
70462
94160
95562
26566
3505
35965
99969
56205
87112
43425
40058
60940
48532
29429
13533
64308
15376
19661
41456
66035
50160
15454
32195
39713
50099
39698
15074
67208
75113
68356
11418
54625
84094
37598
73609
43571
2645
79300
70704
12678
61568
69577
9674
46659
38083
79191
20137
50374
92105
52141
34619
43353
19799
46183
87118
84927
79764
8659
12629
57638
70545
86808
38700
85026
65359
12588
93030
9915
27013
17353
69261
25610
219
6916
13598
89404
17432
79798
85508
11236
38217
94511
43525
26031
57431
54296
74629
7884
68373
66419
8464
85431
63382
50809
51023
85528
60055
26728
21424
95767
15222
17282
51558
86760
20216
7365
49455
41442
1062
12270
77266
11894
19142
14000
8633
24381
95634
98430
30033
31679
65789
33262
21330
77767
27169
50122
54272
91154
5236
23383
16307
71333
85545
43727
70627
69913
69468
97987
13842
27425
25945
78034
27628
85104
91936
18331
34266
95611
94984
25444
19951
33038
31505
58346
98809
82435
74520
40718
22010
71006
14300
72604
21219
17713
75147
74103
64004
58043
91184
71614
36697
72918
53973
20407
26668
55858
67545
71207
86462
82400
78831
27217
51687
28962
34283
2858
41468
33134
19205
67788
98115
40387
4919
86271
44614
96292
98163
39639
14895
79117
30859
78288
87619
26634
25003
73568
26457
29684
73269
43320
80503
10388
46066
10185
93711
14642
71274
58056
35193
13376
11579
14413
94938
9365
16286
73148
49031
25100
85023
89997
75910
91586
50671
90711
8004
24797
15644
45709
33799
9422
1166
48533
27193
37209
94586
95622
45866
90146
19628
44101
22982
93465
76632
85440
55744
79723
28992
45398
23234
83389
76300
95408
93461
26052
35732
34443
47676
51905
81429
43805
49288
62962
50666
13284
93497
49606
53245
34082
92173
43417
68429
32784
41725
55976
2133
65546
58248
22114
93082
48713
13028
15153
47528
2358
64872
99801
68050
31041
37646
45829
46505
2388
13932
96187
64782
40196
53420
44298
15114
95955
23779
68795
73106
39949
86958
10272
32324
45366
19503
13493
84770
72397
52384
53840
43310
82193
64895
52846
14532
56781
18791
78267
26310
74672
44049
23656
73845
34344
12992
35244
695
58508
22255
57121
32189
63914
60508
28231
30150
97724
85404
5505
27288
71588
27880
66912
64748
23970
93180
91622
49132
18019
53169
97387
73616
50589
3907
87459
60491
43774
33109
7384
86080
85783
78169
2037
17491
18890
84462
99487
74287
97267
72037
48298
73190
17065
27162
61673
22128
58736
13496
35743
46294
35022
55458
45445
4979
67409
20427
54433
21432
41357
17086
26195
34486
38937
19066
77602
717
45518
31829
32814
65722
17594
61658
11341
72600
18027
95695
21163
27751
12699
55792
45174
47734
41569
77273
23972
66659
24129
99284
50720
57413
69281
21421
67960
70249
13169
5473
7537
38736
11896
61406
43970
83816
76413
96426
26699
47817
43544
57377
91813
3803
66867
19167
69679
93070
58048
47064
45934
21445
82631
77663
53953
15452
34278
22784
83272
58851
37105
958
43650
11300
11141
15841
61629
46797
93140
4791
73570
97442
86601
44554
30649
39107
67370
8904
85805
24527
90836
99959
27429
82786
71410
61458
56935
16206
41726
39150
65817
83507
95418
60461
77050
9330
84991
3580
3008
76756
78492
20315
48671
2281
31562
83233
91959
32073
99251
10848
84139
68118
68477
3631
87414
56784
94592
1546
21608
48939
93261
91635
17330
73757
85726
31221
34220
20869
61446
44653
65531
92294
50497
1152
96193
66262
10162
42974
57714
75276
53191
81155
81177
37517
75835
75728
18676
77827
32798
10581
34464
87986
1298
29303
20220
95713
86916
52934
49069
54887
25265
70533
66494
35640
43100
49291
5678
12796
1462
43143
94805
47650
49007
55150
39304
3167
17671
47507
14661
35426
97284
85699
1181
979
87768
8385
17196
10489
62376
84942
18395
68475
52329
57335
42596
48942
71456
72663
790
59407
41621
4307
31360
18742
77501
44094
66410
38898
99508
58031
22938
36672
58555
67365
6223
90557
49419
8792
2946
2672
13800
84320
7641
35775
31651
82574
19291
8602
80054
89253
53698
20439
88795
4251
83438
15439
72186
1926
42057
72516
89249
11802
93402
88355
72440
71696
2008
32152
80907
41134
73265
67959
80339
116
68980
34394
46417
59360
64085
18449
52788
51429
93699
78220
57935
90943
58380
75749
82544
52631
79209
96136
92549
58576
38290
65613
48268
63681
1006
81998
52215
92079
33394
56337
45583
64436
18048
36689
11696
55499
28943
4704
14594
63855
95432
14060
10452
63297
85968
72343
15753
29042
39122
27601
98266
8363
57596
61345
23756
64379
26084
19950
27652
51224
76288
47368
94137
1099
97762
55202
54233
83892
72095
48617
78500
41952
86768
38470
19852
81817
93060
78196
50735
53699
41152
45817
97207
94359
58969
34976
29508
21717
39031
545
38078
38371
80846
38704
42581
62008
71391
96639
45564
39356
8930
44728
38370
46658
62271
23206
50208
76568
224
98704
92535
64192
7811
69562
56775
78895
75042
31541
80207
40694
69265
13137
1095
66984
35083
13581
72208
57069
29868
73302
14703
4838
6305
31112
15742
65291
77006
92526
37566
23223
62846
88208
45832
70757
14595
76499
77899
2242
49312
72589
9442
70993
68769
78884
33055
59231
39532
56536
49842
26800
16343
44749
5563
39542
20617
24206
78506
30116
25206
45858
43569
8367
99430
14871
66854
93706
46540
57921
81514
49668
97667
2395
76754
7949
24382
78834
94123
46485
67561
17952
74493
72014
9
6233
43173
96403
7610
26032
27135
46351
76867
79595
92053
38842
47729
56546
77278
46890
78499
40687
25037
55350
78062
41424
43202
1184
58407
14466
96723
60242
67185
4413
25573
32305
89877
19027
66912
15625
37937
33888
85315
53808
92884
61757
53209
84751
76306
68696
9144
23652
88999
15630
26056
19038
69717
55981
68225
64066
24730
71031
96776
20223
72532
58958
25936
14587
87057
89746
14724
61701
99494
52519
77558
26680
63860
60067
53919
49351
11977
99369
62762
39613
54088
36581
76849
15774
13499
25730
6634
50421
29851
53508
90290
74099
70283
85487
35121
71219
93388
95850
95733
50631
44
39375
88591
19849
60317
33268
67885
674
48620
16083
18155
73262
59666
43764
50900
60289
3985
68274
25326
65232
93902
23077
13402
17781
67410
42685
46884
58503
66500
43390
35985
27091
81387
39282
29514
96283
39889
71192
3656
56693
48600
67969
12308
82305
14000
27640
21763
3155
50484
77189
48661
89867
41007
15040
78805
37070
26590
57066
22404
11573
34702
83467
42549
58038
44291
55657
31910
87911
7627
71134
57856
29303
76938
515
68074
57315
74350
14432
14143
83814
63039
19897
84284
58066
62932
62422
8594
60655
45888
44465
44255
71934
5647
28170
39980
92606
2046
21774
6885
20930
57893
29769
91972
9848
30902
74172
45988
92437
5483
53278
43594
27319
27879
50330
46370
79033
16568
4142
13801
50725
38686
92093
6512
78482
40233
31202
65928
7665
30607
76727
99040
95547
70394
6178
98390
59155
76464
52598
42245
60082
94889
87658
12954
32609
76890
97996
71267
29346
56012
11961
8061
69370
71372
85316
13482
68399
5152
61897
79860
83354
86982
76480
62499
16303
97201
7628
5642
97574
90957
71132
124
74222
77875
90940
90261
58775
40902
6626
91872
10037
62706
12595
30118
54253
12470
70180
44504
32014
45065
16222
12765
58205
63906
58673
19863
73382
33009
82923
63292
82429
32735
78552
18627
88608
48243
15741
9651
23839
33211
48362
95760
62866
5562
22935
32783
15767
62718
78979
50937
91639
21212
34823
65509
17432
46672
69481
56110
99848
3122
57098
41427
57994
18747
26648
94534
3035
79466
38399
3984
44164
60949
43116
26920
75431
51764
2908
86564
67218
79638
32135
15616
69649
62221
82850
92586
89501
44414
66760
46343
20316
19299
47019
91854
66244
7240
8792
96417
37734
25031
43114
63233
14633
23119
46952
20299
64412
8319
98095
12617
31986
96475
14818
57192
80822
41735
49187
7663
35176
1736
33647
46757
62744
44791
65837
77186
89441
17838
61021
66002
30208
92663
78466
65819
14519
82501
22967
42560
17410
86040
54254
22979
65381
19565
23109
96407
25498
47727
51339
24064
65495
62856
77611
35370
73138
8454
77179
95419
65297
39230
45230
21491
79450
81707
94656
10724
94369
41349
80727
75111
54371
44809
60748
73197
49082
76416
74974
81685
81567
49099
83044
28341
9257
42536
32588
33206
35884
53727
67877
5372
11617
85682
19789
44923
86117
81369
44902
68581
37359
43744
70608
71562
78624
29159
48115
59414
23685
4687
60654
31047
88795
64843
10638
50691
91905
63136
13704
64582
85650
62091
25049
44235
58910
4573
95745
18450
96134
2739
90755
30393
23464
6995
27832
18188
91365
25274
37648
63637
8997
86865
58565
59394
87560
51276
4968
56142
44877
8333
21663
34536
87551
84902
5517
47740
75272
82035
53850
46269
14982
17583
56863
93676
88197
15324
57742
32005
90539
837
15034
77032
88535
96155
75398
92350
99653
26517
52499
42557
27494
36967
23563
81995
3291
51740
47534
97256
54791
41455
24021
39620
52493
12054
57601
28532
86508
5030
77612
47152
93905
48896
83796
28662
23880
21045
43224
31674
3351
50528
62008
65176
63665
5714
43370
40940
8701
1760
96177
62848
22165
64935
39814
10660
68114
54350
64045
32990
9135
42402
56532
52658
93862
10386
77587
22839
86914
28398
21140
35829
49875
7291
13999
2491
10277
17183
38626
54593
33956
70858
60044
48743
30392
33221
84335
5156
69666
68729
1852
10536
6613
67924
5663
23907
17902
43076
5177
15868
23464
78524
51975
30269
45974
74960
85625
60357
56466
8905
45727
2877
66249
26750
99429
76771
63492
20921
885
9727
92165
93077
8399
72757
67432
40445
2205
36826
84596
20039
87200
59273
67709
61459
35573
84501
83528
57727
95176
58807
6494
24643
69249
50316
54156
68208
54537
99866
43905
53398
77535
805
1706
88235
89967
37513
34587
16853
19351
93474
40789
77727
60428
43523
47089
93584
15828
85179
40320
31547
20757
70709
46152
81525
28638
87664
46054
67102
25660
27016
48769
49936
20584
63497
51722
96953
89812
95507
57090
44253
57043
31989
63562
24398
94953
57484
46979
23200
48775
54636
55552
59641
86880
10029
19377
85229
12789
19573
72767
23099
81885
95437
91842
17466
12536
59809
13836
75808
58438
87755
41908
15867
43784
18008
21853
51917
31173
141
7449
13375
83433
19390
59059
97361
79945
30465
77386
64239
4332
33602
51490
71090
96790
69446
67211
92917
36416
50911
65020
26637
96519
84925
93702
28894
33
89546
20371
9506
60739
37079
81280
6404
196
22217
77002
51655
19604
17767
94872
83969
34480
79912
96897
38282
83366
67943
11664
48799
48811
97708
11045
92830
15627
79880
20747
77171
24506
17520
42557
88940
46987
61076
96730
247
87027
25623
92718
43931
23114
12185
81185
19505
81427
91279
8957
83616
47105
72934
86058
54548
42276
52722
93442
24233
23307
17388
46641
72002
37793
14841
36260
95596
80276
18169
34591
77460
3364
71310
24402
60644
53250
85289
96036
85325
91873
80521
72264
77620
50093
2018
60010
22248
72427
24323
41439
63915
69392
47432
33120
79561
13907
53702
97182
53058
59538
1169
21785
66702
71621
33510
7934
46389
75699
77706
11379
28956
33492
76322
27429
28326
1570
1308
25321
9477
76176
87355
13223
87788
27416
74561
86860
22036
78587
99486
33106
80021
65527
48928
1769
72036
92970
60836
77645
1652
4546
97001
52996
15960
73366
12962
42583
28684
84146
51953
45639
7281
3102
86961
64312
63417
24955
28321
87990
88049
47729
57174
86771
77554
50570
13944
63162
59083
32658
81604
38517
85497
30332
6526
18601
18235
35421
79816
71514
24894
73695
34115
16517
54287
36939
3552
4880
76546
83663
83152
67500
69440
57672
80885
64747
5852
6244
12943
34160
99361
15545
61205
30735
52932
99669
21066
23672
52985
40594
57887
81027
79248
25808
80087
98530
31185
5207
40910
16689
88279
42575
74299
35608
36985
6754
36218
81926
92761
40020
56291
25203
28575
34277
89647
15558
47524
39891
14781
52856
15394
89635
47232
67996
63134
95872
72257
94629
89843
83198
37458
37921
40026
13084
39382
36313
13705
99865
90070
9615
58845
32743
96028
17763
7543
21829
20544
3997
68821
42768
69855
21938
79254
23867
2783
49951
61884
91115
47497
61025
14307
54960
71774
55525
56768
36654
27219
55198
65501
79206
17918
49065
8603
225
78397
66174
83542
75343
20807
9225
54006
4494
79147
373
95311
73843
78244
99745
92427
57931
88020
21053
94249
13389
47446
51293
79476
23946
33734
15670
59570
61727
29333
8867
76867
3294
31556
2893
2608
60931
27191
57833
34899
35274
13682
360
96297
13517
54492
68612
75123
37172
94635
66442
42034
17846
37883
69038
92960
15698
60879
81617
74795
30286
37767
74477
14833
14010
3492
43854
53625
72248
6853
48696
47375
69326
57309
33689
1841
96942
6755
19410
70540
8927
67272
38842
19289
98361
77879
59086
42994
94875
87027
80164
41461
47420
64398
86312
86672
8640
1149
87812
87024
5042
1995
51422
54469
12572
11861
33758
40128
165
86372
25554
87702
85302
96673
86200
6237
73115
8734
59676
85468
80069
32943
23294
59813
80606
86768
12684
61319
20155
8967
88908
81677
57565
38376
32604
94642
78876
19219
21634
10353
79008
4302
69154
42589
68061
6275
23194
86578
40712
91944
22052
65064
1319
16310
31532
32066
67010
39458
51157
87759
86893
52247
86566
34393
34172
19668
95048
96171
86612
11427
12033
56303
7534
66078
49705
76855
75753
64588
69397
13959
88416
85701
15005
93200
68362
22976
37371
86222
72632
637
79999
65764
78723
9946
20108
51319
75347
58696
45787
66273
91778
5641
28259
70301
25360
34388
39528
67004
5976
35567
63176
94697
9460
62979
17406
89032
79263
36084
29625
71682
65961
56682
46541
35851
91463
78703
95383
39522
57345
21701
35403
90771
14814
39722
33261
4463
64118
63196
64869
15795
66828
41289
52968
60378
46494
22487
94227
38983
52817
10513
32583
18336
68658
47297
16201
68883
6035
93165
13793
79204
20885
2758
61836
39914
95821
49373
77439
35454
16678
8017
54182
42593
94965
78999
9433
27987
48676
26761
43853
20943
54261
4159
51747
24369
72479
91701
97082
94738
25838
22720
4753
33837
5841
87656
8785
82669
91619
92079
37811
1070
8772
36658
28320
38286
21705
91786
83698
14611
78406
75584
36655
37301
55405
1410
80842
66371
87360
93337
23817
13623
47491
65799
72569
46352
92663
60845
87141
38670
78283
9786
38597
58307
59519
96928
42279
73986
89917
64160
73188
49047
8432
70175
3775
33171
55031
30647
44604
12389
85666
75545
73589
82970
35135
52410
1539
6370
91014
46133
74454
83110
62450
18346
14066
64243
29587
48490
59255
2147
48055
40058
54984
19647
5990
20796
6666
25853
88448
99354
41830
37884
19715
2719
59576
36349
50462
35008
86482
2350
26145
9935
31685
51865
20385
69707
48888
96736
54038
15
90865
53016
3016
97181
48345
73945
71764
3882
95285
3824
10126
79417
25819
42556
75027
50292
20448
34743
29738
49852
27887
41719
17230
81846
20980
9593
39931
55266
31167
52997
57026
98556
81177
81385
24316
65248
1992
75479
3051
36594
98659
8067
64085
4781
85148
26841
18261
61079
20361
44853
27718
98628
27273
90535
20889
10731
5871
45059
19124
76442
78607
60869
4248
83997
55587
60044
36976
82557
39299
64258
59426
55560
79195
67855
16211
22639
27052
10376
22733
18070
89043
62975
38438
79299
40875
46173
35841
22210
90022
50932
38516
66866
70477
72089
82260
68687
91879
58376
22109
16617
61065
58976
9870
56011
73641
35098
18892
36073
3596
42436
79098
54553
27609
92763
75642
24160
8266
79705
74257
84349
4397
70936
40406
72182
21727
25554
19572
26301
9198
80528
68614
27981
12537
34136
68586
70187
82017
48729
9476
21195
25564
6028
2371
56603
25274
56908
80177
77970
71026
83086
94810
25505
99006
98629
15344
61645
99973
21184
65218
42718
28237
58848
79478
59960
37952
85341
89954
17324
63974
38422
70177
52967
55807
77557
25069
20877
73808
11464
81134
80438
41564
33336
24395
67184
90377
49677
21666
43405
76378
61097
87313
5464
21714
41084
97421
37506
81365
30775
21271
92309
79245
15689
51647
8550
11716
83769
98754
17565
98619
1518
27515
61245
13201
68074
88978
1975
44803
71496
53497
63048
87672
38311
87533
15287
55928
50980
7566
1155
19220
34267
26919
37550
4730
60556
40995
63839
13317
87213
87750
42005
24380
7639
61195
28601
5375
50134
6691
73571
70276
82958
85207
37440
60313
12883
85996
10129
88151
21698
48611
74639
70744
41198
21073
41139
97444
96481
76271
31021
27694
2363
41026
14123
24065
43878
50212
62067
93585
64872
20221
44298
35295
21349
93542
87525
63874
95336
10548
28877
869
84897
4011
13518
56904
33396
89058
57058
31373
46518
90924
75189
29085
35931
93315
9934
37309
57307
76388
46980
90486
17472
20320
54569
77822
16684
98315
5752
51552
87035
60471
40260
83801
91388
7082
42919
43162
55583
14335
87041
95959
90631
96696
50282
23117
38866
83231
98586
83303
49577
42549
30733
20385
97849
64769
67286
30024
71761
81053
62946
35706
77835
7975
50095
20080
54724
51790
93459
37143
74358
10342
68833
55018
29895
20000
60508
45699
24627
9078
89830
97327
56221
61814
56664
66011
47582
97878
10276
97728
86303
40761
44254
2431
51400
21114
29083
70010
63392
53477
4932
71206
27158
46453
32631
95517
83849
58671
10167
73949
23352
11025
71942
36888
11852
63238
6380
71154
98763
44934
76364
72987
21691
10982
98146
22371
55992
84933
22525
54126
50322
38800
89825
63794
37646
14578
164
66556
52854
60199
75832
44171
28450
68142
82433
10156
86033
4154
42155
48960
90745
31996
48724
76642
34464
68250
38878
14292
66462
98101
3098
97262
51654
51789
52299
30185
71725
15565
63425
84802
99869
39918
76014
16323
71726
31426
85754
63247
52518
44975
83530
7348
30491
31236
73989
47551
81471
78679
21117
85694
54023
23340
72558
39979
3183
21277
51193
98767
55511
72951
806
95031
45028
77961
1017
37151
42362
50169
31895
59736
82432
94077
35616
82784
54703
44482
41760
97162
66460
29087
15856
10726
79491
5603
22939
79873
14815
60282
63250
34439
86900
39793
21086
35463
77914
14964
94934
22268
73061
59440
80306
53916
39129
66999
35237
78669
60172
56625
65644
2816
56345
64901
32909
11794
82419
36534
2530
86842
72502
96864
43706
77099
82238
72931
19391
23403
36062
82078
73846
91305
78649
75750
59117
60793
50502
8108
23804
95346
85227
34489
99601
26552
97791
73915
39059
89547
7728
73353
59929
70011
26334
52701
43257
58027
95429
31169
14166
67923
18624
44647
12755
85230
12740
58066
88740
54861
15839
84533
32933
43846
35793
72130
4012
69612
90024
72052
9209
19355
34306
29346
64917
22114
17513
14020
23678
26964
68937
66910
26723
64969
97724
66419
32435
42756
72725
66273
10073
63748
41445
22935
40378
87993
77542
79246
60287
83261
93375
12938
74480
86255
20043
79085
69951
2115
29858
94532
36979
21705
63750
37694
20265
29843
91237
46181
99978
19347
62397
57804
69700
62800
33532
1407
25535
96388
72653
50026
49488
77578
95781
59214
37354
32372
37671
49718
14807
10124
4853
60707
1696
55272
58745
96258
26213
57908
11675
39065
78273
20992
63601
73635
53919
56743
95625
77434
61665
76212
54903
75190
56381
73823
82614
15348
93108
71438
31904
84794
46442
78457
61581
62971
43168
92109
69075
82602
22960
78878
86165
79590
530
15418
36518
78119
39228
88624
98490
47717
57111
75163
76800
72136
55206
24328
73153
81785
224
4769
81640
78244
42994
15317
91883
19324
52359
17990
39342
34923
79448
82168
21257
38148
80019
37248
16321
71180
95912
26490
97448
23221
27594
29400
17030
32524
3977
97302
28080
35773
61899
2930
61921
95968
88982
64026
68391
74016
6051
22555
69659
34172
52620
42796
635
58354
49896
39399
98809
57912
96309
16215
18263
52902
41012
40563
85624
70687
66277
24371
20002
96453
58217
31692
20039
1250
68952
97054
871
67320
90898
61228
27196
56840
74979
83244
94581
82163
88169
57300
30089
70022
46013
47428
88196
94915
2389
59691
27065
18188
29274
54957
58020
57687
69902
28717
80224
55327
68808
88266
491
13613
84895
9702
44121
23548
94246
4139
36433
62290
96574
13174
92857
50244
77457
16966
73774
67617
63717
61015
62740
22643
13617
82703
56283
66821
38892
83927
28883
37002
7329
80056
82425
12435
5195
99263
65451
89738
61674
44135
1595
49220
41012
428
91002
38101
47030
46746
94905
90383
9660
47212
39351
56694
18714
31491
77040
26125
1135
48752
95502
97719
20885
88464
52189
72006
237
10025
27211
74257
27264
12300
19168
74565
5278
25093
36928
36457
6423
55398
89537
3732
44975
45842
86091
65114
49818
41327
65603
55758
11560
93930
9540
3328
924
80816
35997
85166
37676
9963
56074
17634
36337
50198
24730
3227
42436
74602
40947
74381
29196
10018
33579
89754
51454
74266
33271
9863
14561
47665
82502
235
13935
13979
82873
58290
33612
30345
81347
17788
68608
86075
92513
7625
82224
53299
53607
60326
15130
65006
69067
4839
55451
9275
48820
59972
88327
86812
47124
54901
19319
64831
30667
21559
48680
98678
34991
73892
15210
19978
55272
78878
32297
61437
3932
93299
56826
78981
32315
2825
33992
12781
31516
71005
26040
40492
69537
68519
70294
97439
64044
38779
56858
38193
89795
75169
55524
85487
44360
10289
83732
30866
87166
78082
66928
54464
17532
72573
90472
65691
27045
71064
68985
49813
30534
79472
17044
35331
91950
20822
38025
15821
19348
53858
40836
49505
57010
57877
2398
29021
62341
71672
84879
93644
45544
26847
56397
40729
9750
30939
69572
57628
11836
57745
9406
78425
29475
5544
46985
44172
97193
86170
83063
92192
37924
42816
81851
60181
8233
46801
14855
46326
69726
82472
92141
40021
97571
11727
36943
92513
59601
97570
45959
2240
62678
43286
73488
94435
12064
90191
97670
98914
24295
99565
73225
56408
31920
57810
70620
13805
84685
73490
30680
60964
39179
9643
93038
4052
3347
94884
57290
7011
18767
30457
13354
53094
76407
4817
51488
33937
10412
33636
98956
45021
42633
8591
73169
92381
66044
68061
20765
13041
68116
65989
33075
17389
74170
58582
94817
34161
42410
93147
57811
62487
53681
74009
90023
8351
32822
74859
78045
47990
42334
79525
1264
2770
41472
55268
68919
38111
41363
61924
552
97146
77978
38154
47758
82154
98139
81543
17469
71143
60552
38468
79489
79158
5119
19545
78360
36990
38808
42808
93699
59846
80156
60915
12540
76033
34663
42477
55660
81117
21907
66457
20188
50109
80902
16396
30290
73945
31202
23146
61255
98783
41154
67272
24156
21327
13916
65628
31828
23421
97096
41274
36505
92940
15692
62394
81713
67858
7166
72806
47369
18707
74941
38030
63194
43190
26973
47469
20839
44015
5554
11644
10065
49822
42928
15160
43398
68238
28995
1898
87710
43671
41469
11630
94862
7766
92583
5401
94971
38730
10969
87881
24279
74098
84951
12934
40535
92728
77126
55187
49602
18126
40823
78058
74550
68026
67093
34907
75695
80612
58422
72179
76345
7780
12400
83783
34774
24640
27327
69376
81132
70948
28700
28081
11584
77610
28953
83867
14668
87339
45256
48421
77096
62726
9480
90202
15054
92434
90528
42174
61579
14136
77248
13889
51327
94450
11842
61279
58249
29138
26194
88719
53881
49013
29173
37883
83131
57216
78311
34011
23232
38821
45877
18412
38236
85106
100
67812
7567
38166
66112
72128
82106
44849
9594
30686
16584
30990
63317
3900
17116
58642
2837
37796
22931
39185
97137
23192
65361
9752
1215
14266
75446
72012
37894
78701
4114
9085
9814
25316
62226
99231
703
8658
35666
26924
27552
49898
82144
43865
53654
16202
18949
64109
47363
13157
56073
54236
95130
54530
21948
98954
15212
90356
29230
72900
92514
61422
2334
37104
93002
67860
62436
60438
38515
97026
75849
87801
39449
67736
58057
95995
8814
93983
85910
11926
421
97871
23599
4164
69847
11771
74887
89958
65619
10647
75428
75847
4745
79749
94641
26393
18575
17047
7839
80616
29345
2425
23577
76726
97602
61006
9581
27615
69091
48818
7392
56663
75880
23474
11074
41925
32895
80386
56165
48090
71321
40454
5508
87461
83585
12541
29828
82866
40656
80440
40263
63054
37488
57123
73590
89858
41747
72280
23428
94836
74939
35593
60383
3255
66654
45441
88488
13629
10335
86348
73052
5403
71988
19760
52354
72930
51517
68232
83473
75913
48486
90366
21828
67555
34470
59655
54986
49139
41736
29391
92646
49727
17362
81223
13103
76587
95284
95400
996
76871
20507
96057
46965
62817
18226
80794
7249
299
37014
57848
71390
21719
76547
6322
51672
91316
3886
92018
16139
10419
8538
56779
50618
80238
88653
51148
67454
13993
39863
54553
33817
31453
36310
18795
218
51594
29150
49589
14658
73653
99419
14871
85755
92321
20457
36766
84010
98896
26776
21842
42958
57256
4706
82157
60522
85789
94058
99600
63743
88824
6228
52594
83856
63483
59979
7749
83009
88615
89751
13420
37464
91137
97722
26626
53702
44297
40894
68223
60836
69862
64825
78199
87891
7764
96448
17326
56842
21899
96098
46598
27745
10911
97872
51683
80076
9447
65082
49977
69843
90986
43051
14657
60018
47055
47901
47287
45903
52588
53345
93206
34262
4928
18447
36646
92392
7733
79854
55331
37373
8850
10994
99456
28503
99767
2719
33923
70941
43188
91037
46889
38928
48751
28630
62516
55127
78376
87557
66052
37571
29692
64204
52630
43129
76981
91624
25343
97344
64648
76841
1116
62681
76705
39714
1572
20026
47356
92042
63032
27513
5996
82758
23816
47467
50021
40318
19091
37300
81716
54277
10067
53590
41314
68072
10411
17015
84899
95358
46247
26215
44936
1938
67415
73405
78334
69428
18462
53448
59373
97812
92885
7617
2067
22708
45527
98320
56823
44476
13454
41048
67965
36216
58777
70255
32607
75406
65443
4231
64693
78271
93056
12622
77894
22768
17067
834
95250
80486
76058
75146
57368
57128
40104
97797
19317
72495
4665
50213
79331
44034
88765
20316
67216
10171
60584
66249
49283
18866
62206
76134
43298
49979
85598
26503
74287
84383
50207
92998
90054
73925
26103
48406
70633
15523
48809
63626
50769
30519
41084
89045
23147
91362
36017
62112
38436
22566
63329
79941
41637
50031
30588
93338
61185
87436
51880
87862
99453
76074
24829
21962
53114
50989
53901
95860
83503
75020
83970
35001
10659
34964
41490
63953
76137
96454
44189
48492
79002
47962
83999
39993
77999
21525
98940
38219
91666
14667
17706
7855
63309
74965
54602
32636
23911
46890
73539
17928
74210
36982
81758
62537
22308
98670
87652
44111
51857
35181
46531
15494
50928
58723
7777
35735
18625
25376
27693
78023
32956
65478
59478
94605
66847
9826
88283
62614
79735
99998
57191
32951
6983
68400
94081
10319
39151
43676
58021
91133
34677
11677
40407
5884
34863
63172
96603
20582
34066
81235
20522
38711
89484
27954
92592
34745
28316
293
54065
82267
87343
26566
63390
55761
13128
5517
21827
46854
72334
60180
74865
88287
45719
86608
23754
96733
49110
9883
25279
61917
37589
47968
73333
33610
82196
28800
82997
5063
28539
20002
28719
80597
97880
3741
79802
12386
77106
56667
68036
73163
41615
55735
96839
8847
9939
16953
45384
96094
77988
46820
14702
99655
68408
88896
34256
76996
97939
66735
40068
44355
95910
91533
99441
46671
33475
2380
70615
64845
46108
33333
40733
87591
3864
5383
74727
1881
75349
33682
95355
47956
67130
49453
87045
53392
78688
94522
62970
17886
54311
80981
77395
71481
34125
26056
86407
86195
35262
42607
99370
77372
56367
47841
18595
68002
14431
61427
38825
2520
6344
91701
3280
94412
37394
16572
72827
66174
57746
14270
38500
67833
62516
32604
70461
36460
975
72280
60915
53272
12162
20853
35603
41537
48734
51113
9760
81375
56110
91156
97980
30962
63160
62281
51316
91502
82822
76
69258
55030
61664
50829
45713
83515
51115
69481
66240
27521
94729
69243
5455
40512
94411
47048
8891
26455
47972
62639
60894
67760
61386
48709
6770
97818
27946
66625
38667
54413
36358
59171
31716
67815
78580
56131
23292
10117
16712
52196
1076
82862
80903
11777
88806
33301
64668
4018
15285
50569
31653
47289
507
76791
96265
26995
97256
86947
37161
24009
11840
73131
93125
86569
32683
33359
2792
93170
10301
69641
42573
31694
9569
85889
22192
44763
92554
15151
87935
17273
41282
88253
7704
10555
2231
93790
75097
96997
78708
29342
22282
60385
65584
3728
50964
10622
57662
24446
38097
11954
48257
54444
71956
32908
26071
65922
62982
58165
3845
79159
40108
74051
38315
13397
1853
77465
80499
21264
51373
98918
73846
52837
36705
14783
95799
67472
2673
27866
2024
60603
30816
75463
29929
83996
68860
50233
93171
64144
24745
27737
70712
29464
11401
15234
78042
8982
78964
33323
91354
92720
60764
42026
42603
39895
33672
91790
14298
48800
84463
28982
5532
98433
40825
45157
97405
89249
17311
19321
25031
52966
74227
2123
58433
86797
55307
2200
13167
88904
48624
2505
29741
31361
78140
81868
39540
99202
30819
24559
36568
52408
56112
71344
94102
89811
21324
64527
59964
57808
47105
67227
43632
85379
56085
75103
73299
99133
55740
22502
86508
31687
99579
33820
59572
66055
81401
27871
54187
26686
2412
85117
20054
707
94967
98901
83589
73887
13970
7393
80535
9717
44784
83769
12430
6105
9277
51577
22030
30412
24108
67509
33620
56262
85173
52679
52041
43563
58494
2972
32632
98925
28270
82186
438
5361
64495
92570
94290
1631
88783
73614
47378
83827
70275
98961
86129
46969
47601
19011
16725
13869
52841
26400
79521
27938
79348
50602
79331
26153
52418
5457
33307
55131
58760
50811
81000
13562
9705
8183
88737
84523
9363
73155
2799
39630
96533
50545
74008
52282
30049
31447
57723
68574
38726
12186
11220
62104
69386
58096
95676
38875
31843
51437
89463
57368
15072
27067
95268
90764
80294
11996
13251
79910
92815
80789
86382
66220
62613
73057
11576
77163
53920
30283
99129
10974
4391
89562
65758
49303
56827
44572
1674
353
51686
89611
14927
92428
75424
73194
84667
60932
14472
87315
92391
59175
29747
27628
57136
26275
50443
13008
6026
99797
934
10903
31626
87699
48829
67222
82679
68415
20111
32174
43939
74829
98119
52973
9976
49566
46298
19225
59863
96697
75310
93294
11516
1063
68323
98613
11616
32755
63414
63018
69749
83033
4870
76603
61896
91455
2456
39850
55560
39839
44615
7761
35679
32651
51740
18175
20247
68725
69195
46888
26265
3740
12044
63882
43872
74713
17411
22545
30240
957
56501
37131
31808
29837
50285
47499
22761
71108
73455
90684
65271
5766
94114
37708
71780
20573
15281
71104
61704
23419
35781
14086
25767
80531
62486
75750
76423
97342
16170
13163
15899
94004
46303
68693
34806
98068
34820
21220
28199
6435
8659
46312
96760
82534
65878
89441
51645
48498
5026
41841
22797
99261
81972
85081
21623
57586
66522
67195
88405
28894
89441
92089
81963
53269
29396
63823
54511
45025
27541
12221
27305
54734
66604
4079
18117
89496
88330
2300
22163
90732
40182
99598
12683
71400
68171
76127
93171
82108
97007
39564
85162
79409
66241
35290
94590
36217
37213
39049
91714
82300
30259
625
75861
17985
30620
753
91931
6823
74841
44415
96714
36055
95441
56028
13220
14601
81458
91591
92723
42227
74113
76676
84849
29702
46513
68262
7577
65424
90116
47510
6882
81318
68950
7916
28526
14608
37527
60758
59305
19651
3360
43919
80096
99929
81886
31896
9757
15888
55464
89160
67359
22642
86203
48515
68383
18703
60238
83857
96872
13171
5291
21774
57187
33904
20319
31318
63714
69897
77776
9754
12848
25963
84175
23792
86358
75195
71391
94709
76876
99998
88284
56937
80996
97845
99330
17787
31489
36199
93561
65605
13796
31937
22861
84346
92756
81952
80319
78061
45655
84982
44754
65521
31473
30290
53725
47240
55061
40922
90384
95923
42661
94716
50629
77352
26171
53959
95590
92555
6460
1652
74622
19915
14349
44211
16735
42357
50651
80431
34471
40624
88711
11100
34359
94578
66548
68451
25842
19973
2335
51515
82757
22550
57195
52402
53076
95783
62687
18470
34995
68451
68622
39815
56172
30885
79979
79955
34159
10687
33646
74035
8692
89620
20273
88029
29864
37130
85797
68859
34219
65059
32730
42507
69996
69407
39848
98281
35037
18799
9409
75224
14165
78395
97100
68573
89184
21992
11158
39546
69958
28068
74880
12208
40059
22338
58270
76840
95895
26750
36626
49989
41104
46772
42309
23069
31336
65308
18410
46284
92545
13717
16306
50403
24148
20047
92918
67552
99609
12418
59521
73464
67725
2130
80997
99053
87679
82006
57584
23684
12099
38851
28571
507
66188
82957
48164
44783
88003
69431
57187
36819
55638
19719
26768
81821
77008
10643
51270
27725
28583
90365
86124
36310
47827
54402
26660
53832
39722
93491
92563
5126
65252
57438
41534
7146
26717
694
55451
37911
3920
93138
17490
20209
39788
63557
18833
68959
51277
81344
9573
72631
50077
82742
25105
12281
92110
69014
90911
17710
49142
84040
47764
73527
24869
71314
31527
52345
91379
94255
8466
45088
2194
30841
15930
16813
80170
1698
70790
93617
73129
80495
74261
29123
61026
87018
66014
91797
38056
64593
16227
8533
49102
47485
12477
38608
10556
69621
21155
27645
46122
36108
78237
13892
16916
24751
42589
31916
8841
98910
83168
99974
63271
92483
11043
9076
40060
27451
87511
82066
20236
83697
87766
28487
27546
78448
10540
77465
11890
14439
78218
81382
70697
10095
26939
47421
72107
90915
57181
34512
35323
22132
62492
33347
20269
37688
5023
60684
98240
45768
33468
90196
30189
62844
53574
19294
16352
68790
90245
57608
76715
2591
49088
38567
66530
74925
18939
35095
78794
68065
37138
31143
41588
80629
74161
58141
19815
27766
36383
46625
56756
83942
1199
38135
14562
59965
7606
63899
52621
22414
52145
67845
6722
78430
83433
4908
75290
1569
27107
56861
81326
50599
23822
71214
70536
7650
64589
99120
21356
68978
7715
30669
31570
27122
56456
12237
51614
34888
5975
44112
96981
20648
5054
8888
10200
83591
86046
55284
85963
88491
43883
53631
30212
70236
20939
5318
91950
96805
25490
83988
51940
79172
72038
33499
74950
28758
10860
82026
88575
35846
47536
8126
31946
52367
98918
51171
87264
24690
65440
63498
8795
27546
84597
56262
85530
56022
79770
21158
85715
28378
46531
14314
74233
28863
810
2054
2991
68371
17971
82800
23575
57744
32729
63241
50212
5562
95973
65927
43577
5488
39959
64484
83212
46697
80141
71508
56881
60669
94424
99817
56036
27612
31391
58610
73449
35422
9395
95553
33544
61038
45399
62646
45744
33575
46061
78559
48822
21207
89662
88067
5538
59839
69053
47819
38187
94174
28878
24306
74070
14428
62513
54942
44164
27145
22363
18608
95574
67494
29762
59683
99672
51633
25207
35753
96214
76567
33878
98489
77673
85613
29940
94332
83902
3969
61341
18608
81458
33290
48986
7778
40745
96317
98239
9004
86165
63855
95964
99795
80582
36926
92359
92944
50124
3903
58773
21219
45557
98480
17490
76851
59402
6778
48744
2546
77898
58820
31347
14646
85210
61686
2579
76115
21588
41398
38081
51162
62107
94101
33854
68392
38047
86906
21673
46526
68587
54692
87255
1109
42608
6180
42433
77586
90645
16680
36449
82195
21946
97647
36660
99128
6001
82760
95639
6467
54288
82803
17209
41637
52820
76089
69191
90764
48300
59008
1123
66316
70517
88348
95613
16607
27236
58192
61597
59667
69454
17979
42937
48205
91682
54652
52508
17648
41643
78589
41315
96565
41473
91667
94494
17086
9498
17885
37504
62805
15966
59203
3280
26619
54505
86789
97822
7316
65065
46502
34032
67258
66242
81392
95534
73120
44710
78914
68820
83891
98511
71897
68193
70772
72341
8632
13132
11875
61770
19353
82575
35628
29524
46176
82905
66601
71391
42647
39659
13813
10317
41359
83617
94352
62026
98553
39774
16150
48555
18929
13972
70953
10555
36416
53677
71246
79922
40075
10843
24843
65186
25033
59793
60253
53092
38651
65688
78429
80463
72250
93991
54772
29095
50775
66064
22620
11463
29987
96968
99241
49273
72313
45950
13914
99982
76617
4427
40195
51557
81940
26750
2521
26986
68885
67271
54935
4436
12726
67900
47463
99257
88687
51551
39827
14324
6987
31790
82176
23662
76564
91022
98891
13628
62627
2419
44717
79037
55
52373
25446
23437
35270
26680
11099
59130
76437
10212
90770
16472
58879
24194
11250
581
43648
14003
736
50360
61228
23552
20411
1297
40228
5245
44379
63874
69366
97544
31170
71942
4575
77428
61098
87096
66770
89977
53452
75413
93490
93170
79597
82360
94181
33288
98402
39754
46078
79296
18083
10980
34379
27877
90423
11242
35477
38292
57254
52207
90995
98286
61464
68671
33456
48619
9477
61756
52573
68821
42755
98609
55045
30334
2656
83097
40837
7403
90506
70735
81542
50355
2628
66523
86711
25420
6096
98926
28324
63166
87817
68285
43275
83655
44422
22141
73991
44975
78853
17707
55721
69368
44275
22949
57544
27524
48465
66409
84761
24269
51904
69484
66415
15292
94310
94503
38806
14196
85902
70537
30188
81503
30193
10713
42243
44163
85775
92864
65874
31072
35219
84987
7089
13040
64906
56582
91827
58934
20939
76223
26500
22178
23559
3421
48544
3067
62105
2063
75752
75900
66157
85517
22157
31683
69560
34717
1324
27886
21031
1603
42465
16853
15482
22922
48850
10872
48282
52807
44657
30736
60712
63411
65398
35718
67831
68889
66974
76907
14890
68543
31416
13289
58653
78993
23179
17757
49071
47709
86190
65488
23870
16841
85171
10152
25611
73422
47398
49627
46852
40688
41435
28427
79334
1525
82885
41727
21908
49611
40393
19995
81652
59525
90770
21200
81712
78403
80344
35399
18771
51772
30088
99147
93397
84970
70872
81520
83167
90474
14937
8800
6354
29412
7895
86741
86383
85187
64425
61429
4603
39889
78849
59614
58575
15581
70084
35972
7466
73317
58827
94028
5132
65008
60964
60396
70578
5102
57365
19565
10482
20271
47002
90783
64966
35884
38420
75551
66622
60816
73776
33897
91446
38993
3263
82488
68137
85421
66633
53329
35214
33007
49988
8344
18680
38647
27946
43134
87675
51298
98279
8750
79373
2587
8655
20311
68977
86690
13419
99961
42836
45452
2460
50988
30857
65076
50784
60061
90343
13538
44203
28158
27922
45108
8984
43297
58907
6741
65942
91882
26639
94239
59458
39920
79201
75903
52132
11552
77974
9212
92755
95634
13250
57104
436
20725
90435
88193
83884
41078
25074
29280
7008
34937
70678
51145
80766
60533
53618
43635
85965
13517
81739
94988
25036
24067
87759
31122
57654
76712
15928
17004
76786
56117
63539
76378
79938
87421
62277
23450
58611
1069
87105
63264
14437
39868
27888
9442
3768
28279
24870
13570
58970
47511
76749
23840
89474
33823
78679
82998
85268
31907
40166
51120
1848
15398
34148
36160
43495
49802
13921
62374
73689
87948
98172
91120
75716
49078
96852
84707
15388
83207
34686
13803
33332
78180
89301
47188
65807
20887
48791
40424
10683
63198
1036
482
7489
2485
83594
65628
50960
2437
77084
76225
66857
37647
87546
66599
1597
27782
16975
23761
90506
60743
37190
63549
59130
64371
56479
63573
2664
38876
62308
51012
44822
44944
43604
75121
33377
26935
88135
35740
32350
97552
27906
86604
99424
69665
60626
3248
31594
5480
16811
80844
90920
12581
70006
24202
61454
43120
8686
31765
43918
8823
82707
23181
78016
35079
39392
98567
74562
71617
19283
32598
52755
43001
33680
3881
33571
69087
39867
25139
63729
88421
18001
13383
5116
85400
35069
7610
66528
52466
4575
60240
55018
98816
52564
42452
63233
50268
66071
75573
85712
39022
70815
97339
72231
8106
2737
81399
48380
16268
27415
15578
46424
82711
3913
79852
72772
14539
25555
97446
5878
61441
71145
28693
48319
88778
85731
29282
71792
95427
77948
41538
62026
61366
60540
93586
88380
27620
92826
88606
57248
39978
1980
33020
94489
24281
22598
87434
28877
5702
40977
85770
48936
99487
39912
98482
20532
84001
42638
32997
5282
89406
8765
27566
51238
9989
87379
29530
82578
65446
93643
30307
56550
77772
37063
78420
61856
7361
77673
69177
99243
7059
82309
23996
79891
5026
63967
62258
71352
12027
72787
70662
90393
76630
92639
35083
95436
71770
84071
34781
11
4748
50916
25790
39071
71686
90381
99475
58357
70133
73954
59121
86112
22080
97510
28480
95680
45260
73246
98330
12599
62020
31714
61440
16161
31575
1096
93689
83537
19650
82935
90033
83250
37946
3566
61861
1856
92019
66098
658
56187
13993
13140
9955
41746
7669
20091
32302
17594
36031
4044
40744
27905
90463
69504
3478
55363
635
28184
38102
81958
18270
72925
42894
17081
32781
68041
55209
52877
55655
17147
71411
58422
84388
74768
50955
77254
90396
82578
52956
96452
86390
12454
97974
76540
40287
39820
65373
88454
62935
7932
52720
95819
18400
94210
32032
82175
74250
33422
94594
48755
27254
91019
98181
85021
98935
10597
99948
78250
52474
2406
23858
98608
17187
48648
25602
41255
34344
61718
42545
20423
20784
76882
59311
71977
18836
7788
31696
131
91322
5449
3651
65455
7914
69904
12764
98782
67830
9555
24900
21654
27922
93221
58175
47310
96345
98772
1093
54354
422
31477
40220
31730
48851
51630
65139
78000
12436
70966
394
48302
14756
97863
20982
48302
17726
91749
38229
73024
69496
38633
45904
22067
23282
82166
79299
983
51885
11391
47230
32750
94941
89254
77490
34071
20562
55860
51252
11198
43950
1473
68434
20479
73946
91967
42381
14102
64430
9153
56359
65406
14914
79264
94251
15573
11753
38877
86587
91946
84645
66216
63496
64900
19491
37008
9541
90574
781
65560
49396
92039
38295
72024
54911
29312
95078
67550
53032
30735
67388
8924
65847
36827
49150
55336
48307
99947
59038
45260
59716
4721
22086
13784
97249
62147
25979
86877
70123
58294
61344
31057
3879
36765
65127
74423
88228
9156
49880
31309
44262
81156
29618
81353
49317
59213
19083
96817
24191
89048
63774
9572
48459
17202
85227
43999
65415
14269
10972
39208
39021
95055
94364
25187
3121
36551
36174
83155
62100
57901
19755
56253
1207
6799
65560
89134
97091
59142
96975
24469
30107
33327
69173
89248
75752
99800
90075
98697
69482
31795
60773
38121
89175
92064
20229
94055
41083
82760
88729
46846
6427
93043
65420
60485
69341
67526
7410
61686
41595
19863
11442
7056
89631
78577
99157
58489
91274
78405
66885
80149
58877
74752
49421
72587
81211
45604
14554
93405
38301
58614
40544
49137
92757
69665
50494
43039
4706
39250
84503
99384
52271
34213
73496
71399
24588
2688
97529
94520
71475
67947
22668
7432
56857
78239
2686
51107
36947
53870
65394
34593
39599
92161
28435
40042
12874
27898
2032
25858
35569
42121
93801
15097
45284
86953
13521
83358
37155
8685
88549
5701
94296
27521
62306
86735
81574
30270
83432
91351
52015
7757
78190
21494
95884
47422
85961
81687
86816
34643
70649
74867
25050
29672
61481
77301
62712
6372
37481
76111
35887
20850
7459
92969
11712
73807
13444
42068
61112
84137
77454
7836
31420
35080
28804
97413
16383
47624
27908
72843
43181
8151
75918
16512
81971
70090
24846
96391
99866
6121
61389
17135
87517
90646
42231
54896
87874
55545
58443
73653
76431
31061
97769
88691
77025
91112
26668
65122
29255
56965
91903
29209
95869
18602
4982
854
89406
87659
39787
47722
13545
3431
41852
3384
7216
66244
78136
92512
84191
79722
54816
49381
54476
21294
63343
14469
56059
31190
46911
22589
82196
24252
82195
85488
2942
26349
27812
32887
7042
49851
31971
93450
67265
41561
44478
40535
39438
67083
41298
70611
71018
71523
41515
42913
58863
80997
91822
69056
88294
30195
63061
20655
52442
16827
9788
78038
45
12754
29127
33786
8336
29388
90483
24890
65627
56394
14311
79622
52904
86568
72280
97232
51191
28124
96673
53676
18837
76966
80076
15394
29365
85722
30402
68628
27315
14055
21609
21976
69221
79999
76307
52163
19797
37134
91347
87297
57455
4871
45304
21560
8129
57820
24205
69444
80373
81726
76205
41506
19967
58451
70704
32030
19539
61879
66773
11876
99105
84379
74070
6893
27454
40596
55577
95078
74889
1012
78703
78423
43477
3782
53903
81598
52047
13122
87232
82658
1981
60262
41980
47640
74746
75890
54664
85022
52630
18145
61978
42119
59257
93539
3287
7868
79151
44697
32135
33776
51971
95601
50087
44261
22116
55437
99316
34984
8905
95023
55111
22942
31012
75236
61023
377
34750
48985
35405
79516
65735
74622
18333
6233
95111
3243
83340
79910
5117
98135
88900
54987
52986
15118
24448
8043
8029
89719
37463
50285
81117
33619
2773
25564
44391
18178
2307
65816
7716
55698
34040
472
98612
87111
12743
87498
84170
19226
60678
46335
96365
90256
42530
19492
17422
69794
87930
5507
32863
26804
63450
95394
8235
59816
96365
18279
52571
90158
59707
46535
33083
84638
93776
78122
3547
57273
87548
37835
572
49050
61988
70488
86142
96568
21236
23886
44996
6909
96143
11499
13859
38959
26198
15140
72775
39341
26617
56611
16703
66296
8908
60998
43357
90336
68908
44056
31159
18629
33212
48193
6217
49592
19813
40054
646
37430
15611
90385
42030
8652
22060
85508
39941
55942
15203
24018
17137
70219
84943
32668
93817
81242
82767
49219
38864
57663
86401
38019
11733
60236
85850
65402
32674
78559
14079
44374
79457
67462
30209
80687
64298
68826
38819
93363
53171
21374
66318
88801
70239
59118
22675
50780
14436
34127
32028
98898
40210
94037
20081
21185
43635
34751
35377
66648
9149
53873
32904
44477
28621
93671
71312
36896
73940
21543
56623
51182
98009
57485
92809
60056
70609
60371
42446
27103
27980
90585
18070
69065
18995
28818
66807
60606
20006
69437
87731
69513
48765
32124
78691
64427
57981
55044
72796
95388
45935
86523
39745
37313
53810
98024
76476
30845
93635
44025
80363
86348
64497
65405
14552
63284
29322
96093
48556
97646
50054
12640
67587
54383
9605
29991
31015
79779
35803
59669
19552
21563
21269
85463
53768
62690
32207
48262
99735
22267
14231
40419
19062
24854
75813
5020
89317
8975
21182
10673
62384
16063
63689
91908
98289
16242
74089
23001
8242
18840
58725
9955
71054
59836
87984
42412
22225
87928
25397
24044
12969
3499
38059
66307
3004
41326
92709
52313
33407
56208
84198
55097
13623
44495
76000
72145
71093
59089
45096
80134
33257
57098
92803
16881
32347
62904
57651
68767
60651
18219
41179
25137
23311
81096
36716
28773
80723
56680
99951
90119
96080
23554
43649
76332
54258
91865
62258
68660
4258
49419
90177
72930
66519
51578
75016
92352
4803
18503
39549
74899
98321
55385
38113
55794
33304
47943
88001
88743
88464
58580
37168
91294
29215
74163
75695
85588
62301
39226
88837
24525
29491
49029
82767
36343
19439
62433
57705
83292
70915
40479
32307
75680
76465
57136
7035
6229
14725
71827
13881
99539
89606
67140
43102
1713
39688
66995
7386
50702
54268
65019
50835
79927
93666
41660
39307
18618
34344
74530
45449
313
65385
47605
15697
25767
34685
49774
71681
17670
64966
33959
30829
58524
56286
39854
23220
44008
83158
97585
67284
85628
50482
60020
20721
35302
56536
82092
4022
98991
52757
56959
92393
43102
19540
14517
21364
2266
4148
64842
49040
2120
75423
14703
66531
55639
29394
83334
92065
64711
70040
15683
83210
62499
8740
71291
98174
82496
67020
48836
32145
53917
50877
46749
19792
84870
92700
67013
62271
62587
18736
23625
96947
33790
32513
26101
29645
90748
20849
47382
8243
53406
16157
71662
57881
44520
38356
98950
25425
25458
26683
31827
36022
14448
3718
34858
64403
22755
52925
8391
60060
85949
11928
17629
86862
75191
10485
67195
20141
64792
16958
86662
45423
33851
58378
37326
66640
80656
35368
91713
89631
8400
51395
29452
45356
27522
89049
33837
53865
24268
88073
76071
35643
33698
6127
11823
13991
94100
13194
92206
71590
53676
69430
49008
10653
85138
86115
35046
18695
61058
72748
79069
47913
18065
42839
28517
46236
22756
71853
52189
26242
39053
75960
24241
55834
56914
3504
48800
51295
35100
44213
35822
32645
96074
22589
95394
15540
44777
57161
75007
71623
45384
49826
19958
91211
1323
72412
80193
71539
44018
75254
36780
75435
90270
20112
98615
13957
66897
60309
18613
96506
29773
46857
96658
72438
38753
80551
85792
1907
42270
68285
19923
32054
17910
10094
79095
58274
58707
83148
18622
73499
84898
26519
1901
15542
25259
10669
12461
60670
97722
83946
60351
20207
77263
13282
99313
34236
4582
15417
17537
68842
80178
78667
34443
18467
22358
58565
1639
86510
71834
35736
97777
78744
56480
78528
50681
84929
49235
68211
73056
58904
6165
14010
27034
35894
29866
68641
10862
37468
96565
37789
71706
95053
55621
75466
58621
66474
42643
75930
61948
45603
6016
56757
90138
40269
60364
94727
14874
26477
96215
14922
99971
74517
5114
1138
93525
26184
40565
40616
80821
13738
81179
56409
46180
39448
24355
43851
24296
79630
92068
28857
14136
7276
35611
80292
24197
96924
16652
4672
90024
23622
50979
53291
75341
74699
96708
44439
78247
37787
54450
35048
43735
48135
1136
19331
94979
63862
36325
91017
62270
9643
43205
5095
27912
27549
70588
17548
88701
64215
85812
2841
62302
31660
13968
52987
21077
69269
84984
37251
148
21423
67677
53472
3539
53694
84287
2371
28043
96985
96671
56070
29319
10081
85053
22578
42363
40342
30916
46918
63108
12132
94060
25298
71951
98829
62501
21827
45917
55369
84860
89769
45067
69562
26907
34180
12648
90482
5442
9977
98142
73542
41658
35255
39361
13675
94976
38465
92057
5862
18275
80695
29305
43380
53709
94349
7099
36696
44015
12319
21100
75977
46879
63378
6973
96665
30203
69725
919
77166
73857
37100
9048
40786
25029
52988
59629
13061
3135
2520
89407
48530
8888
39649
31599
75614
62590
29598
78277
39848
86904
13781
50081
57333
81144
73127
62684
72910
6315
50496
68515
70958
28749
54776
53388
41010
54973
23609
63992
73580
20844
77156
19897
27152
6435
31708
51265
29182
37204
2220
9341
34125
78356
96636
61941
42294
81157
6146
52455
97761
83063
9143
51197
40617
86280
82282
9156
87114
87272
57043
2972
63870
35518
66996
73410
22756
25185
9827
79889
56943
8086
27570
28897
42298
87956
50255
90442
9009
35529
13252
17041
28825
80832
92477
36813
91961
47163
43825
64987
39272
99717
7753
79366
59210
43531
46539
14464
27048
20173
42514
86177
24057
3399
78345
14551
90790
10292
11723
30787
39233
55779
20420
7304
47737
20298
82960
49461
89082
47437
23551
73721
49621
60745
45843
59235
80328
79225
94324
18233
90689
44731
15118
65897
90194
41488
4307
19434
35715
11481
75263
12888
47680
37877
66940
26678
9937
30655
47892
19900
11823
99880
83155
29688
4836
48005
90247
77783
34605
5632
57814
42148
6512
50779
4730
23318
28441
57163
10495
29059
62681
11575
11008
53590
95167
20103
55422
15543
34922
32337
76441
22549
975
17260
88512
15161
74238
84802
24189
61663
11839
67399
84669
88225
11150
85884
4987
11817
47194
73275
38452
95365
54769
24830
83586
36852
59195
51463
60586
43056
78599
34582
62758
45661
87486
66459
47985
72323
7252
39140
86907
48652
73299
73288
541
69108
55314
36409
79847
35237
67801
42250
42335
96733
13635
39342
81197
50778
5571
14388
88770
91339
37241
76745
35460
34120
61547
69839
77860
2068
75294
92055
44467
83283
42740
37152
75800
55118
82145
66510
16273
38475
32923
37004
31897
55217
45502
59065
22043
18017
33671
70743
29893
38329
56084
36153
37836
55337
8608
47249
2460
75481
54832
80976
81570
64937
49955
44223
54629
61196
50877
14924
68389
88821
4264
8998
86140
66998
22942
58180
15572
1571
23654
63313
21609
40439
79623
97193
25640
54445
43742
76045
74833
10614
47094
73364
15704
95020
78243
67455
69155
35182
66532
61562
327
75488
74873
7291
78216
42914
31423
75692
15166
19367
4758
86964
25935
25960
77172
26670
83330
51400
81384
2709
32240
89940
11800
39893
60583
21514
71350
51520
82801
7629
91507
18160
41546
5127
39454
71667
30879
2618
54093
44279
38786
21391
76865
70248
22541
17505
67721
74072
92744
43437
30080
22970
40140
70130
31356
41069
49423
74040
3263
18368
64666
43810
45151
92689
64798
11001
39317
16871
58747
78628
35041
21012
54683
26349
39567
576
81281
79054
14738
50986
32249
74885
66792
34791
22672
25571
85277
27472
2863
29354
11170
10066
36679
76585
68092
59227
48163
31316
92054
40321
9227
15390
28399
64321
66095
52662
62013
98472
55321
852
2849
80861
6126
23337
62310
57800
91405
1320
11838
37511
28198
16412
27035
27689
61523
6522
46707
96735
16404
93535
11589
66751
57250
81965
94542
20841
3275
26792
67425
97702
81988
54969
98363
40979
37330
2730
86997
29987
37836
70036
52687
44003
64899
16153
81980
16441
47999
33964
28049
13864
73076
17388
39947
83082
21215
19641
45892
67592
5977
40075
77058
55449
9171
81260
45746
4377
3461
46912
90847
21880
35676
57454
27035
16705
94911
61017
61794
93058
66294
9615
44142
51966
65206
50637
1744
58896
74487
665
55358
75612
76794
43158
97689
89085
36332
38449
58397
2627
28590
5398
83345
3373
72498
10732
11557
16142
12232
42400
25135
6705
16245
22855
4138
26539
81531
2334
11657
82985
35690
35511
63586
60834
10115
21531
67878
14180
71850
43966
79093
27366
40603
47641
17263
44581
28729
71965
39814
26217
89847
40758
32309
64290
31948
81393
19230
68369
42221
4648
28207
86269
31744
57441
95758
56192
140
931
71352
47618
12094
14059
91520
5533
75055
52737
65323
26176
84529
99745
29130
90746
63563
69881
92778
97939
4877
24388
54616
89615
53460
51935
3948
2687
47479
70182
48289
30312
28770
38614
16766
69234
16949
35961
61425
96329
60598
40269
45240
51312
21566
76611
25373
76021
15126
42238
44296
99427
53913
76743
57687
75047
27050
92655
48686
71206
35092
49233
47251
556
66777
68075
70184
68036
24392
49972
68340
9021
24862
33261
88683
73711
4541
78447
14564
64400
44445
74560
2664
29605
21030
9811
62260
17158
26263
28884
47342
13808
35914
12971
93551
44475
85383
44126
90095
32322
9301
56703
1628
22495
43367
80942
18104
50415
24508
51639
25978
46125
87120
6059
39585
36770
33464
44974
96787
86313
52278
78947
77133
78416
21493
12719
18195
70543
89630
45429
62819
39488
81937
29495
54065
10045
30163
21273
54601
70348
27083
15069
93180
60854
50122
41600
3539
42226
81753
14831
3911
97769
22793
55605
46654
25715
77515
87387
89059
68489
2406
81401
61087
81183
67625
64653
81534
2162
74501
31102
83011
55449
65656
20591
96632
65151
49058
1940
7482
58088
16226
45877
75842
3730
68589
7174
80469
15552
99896
25762
92098
62185
87446
24639
59771
70586
37668
56757
30643
84154
46048
4016
915
32522
94466
63743
3443
57089
74892
38920
70764
930
4863
28429
82704
13812
82080
24585
11270
54431
51359
3112
10074
12753
7204
16635
73034
39433
74051
71326
41357
32409
3468
9777
28260
7369
85052
97859
30466
98814
25157
42230
23954
94899
65914
54998
38852
77683
72494
37001
6059
72617
24248
12405
32765
60230
67003
92758
34594
37292
66027
72740
17221
49163
58405
98220
29221
9321
55607
99566
64113
26119
90992
32912
23729
16821
87849
20715
44715
32321
44866
59245
48454
52727
70712
73051
92445
28211
12420
49508
19010
19538
68277
3474
20122
71711
88099
43554
23441
87704
36281
33975
16800
51564
224
43440
80553
9994
93074
313
14571
36758
32045
71711
42556
40065
61554
19696
88417
30208
86229
55442
36112
58555
41042
79374
52307
81276
18184
18006
64415
20099
10780
32793
68326
43082
20449
25712
80084
99591
32177
31901
82105
77722
8344
23998
76827
86837
69533
92526
16220
68689
47041
21010
61043
39315
97755
65366
35513
69036
12071
79878
55478
49769
17593
21623
81577
15410
11261
42550
59680
1852
80547
38576
83470
21861
81963
48270
96281
72314
73094
93197
48413
28310
27092
45381
62569
17108
85610
1815
18134
92543
4735
96142
81049
85108
48703
73586
8731
59508
84348
73891
79087
84455
56101
93275
85510
80610
27329
73489
42403
39303
89675
92934
97554
39131
56199
77811
96881
14629
96699
60554
36115
11441
7892
10123
94637
77582
58521
9832
78857
54418
64494
22455
75297
47769
49227
45867
81940
46111
36757
82790
6269
39170
83330
32373
38371
1084
47719
62166
14575
15465
9916
56919
65699
5722
94619
97660
54214
77749
57951
64277
6360
56567
97472
13870
44855
48526
89644
61599
59139
48134
67270
72402
25641
59810
26467
96043
20478
39338
17105
93430
99223
62968
31753
76141
16957
53019
26349
98207
99878
79520
17447
83594
78964
30653
92494
37489
58353
94060
50154
4723
77656
3699
53831
91132
62963
14900
6119
27582
38779
78854
9753
30936
77990
56585
88545
41322
92132
81004
7464
82970
78565
72873
95307
73880
92772
54184
