99345
70310
88023
86318
14305
71303
84868
12587
87189
51920
80329
29918
5740
35040
97400
61915
35072
41513
87305
45089
12325
97008
67498
29656
7204
22597
46665
79194
11942
32268
31872
20042
84610
65470
53800
77035
82425
21024
24500
5529
78606
2085
41729
60134
7714
90672
73844
49656
48071
68780
30332
35935
74635
35628
80110
22891
42643
92940
66180
43001
73628
1243
72950
16492
56534
31061
10481
89905
58731
77489
98126
41318
54035
1916
29515
55114
59007
66511
50546
6095
87511
23689
97379
17565
76047
48286
55394
11699
86517
62614
16522
28714
75036
52384
14770
70729
53887
93846
26157
54779
97322
74832
70147
33879
75125
92138
10321
27685
6683
40091
7862
21480
38641
99909
25546
88587
87911
66241
65794
91991
2541
49619
47710
11818
54242
51630
4685
33478
3016
4485
30390
62862
11740
67761
8712
31332
73746
89135
2243
14289
27903
87985
18374
13639
87190
60776
71853
77389
31845
12887
83550
75734
19043
31429
99545
37169
32654
92719
9543
10555
88046
47607
89740
88278
98177
60104
82925
11957
66770
45386
97610
18375
83981
47160
34550
48841
37502
91084
8382
42484
32079
91038
42572
51538
88499
59993
80402
59695
6370
24432
65295
98931
64640
58523
55778
23499
95610
13862
94268
17158
27967
32909
86791
32706
28244
24336
37696
87858
77528
50335
41682
64446
61990
27318
50873
77013
21617
61123
4285
67194
38692
91234
2336
94246
78689
98782
20189
8922
19482
78959
96744
53148
25579
30977
43716
46638
63899
35870
5792
21861
5135
71884
45274
72110
19215
17928
69403
65086
68029
22951
82903
89229
45540
75001
62222
34032
11075
35125
21477
34408
25394
29546
76357
16606
53337
36963
97484
30001
75520
69454
53489
50181
43232
25193
65872
26531
78773
94893
62949
63186
72184
28557
54920
43752
11194
34112
59706
67576
74847
95682
17678
42865
88920
5063
13671
33452
16905
71590
56800
35838
59522
96467
97900
56588
34596
72071
85679
2096
18706
82014
38417
37321
71373
84783
17732
75454
10424
5824
51792
92671
91029
26739
76649
41000
87281
26416
13057
63316
23974
57597
23366
9393
57776
11068
17936
16818
19190
64351
95885
67122
9072
62296
96760
96833
17134
2505
16069
61911
37873
17382
9112
28166
66374
36370
74628
23230
9292
52792
19024
37429
85726
66721
12022
36518
70486
2379
65942
11742
5795
64202
9284
24299
21821
13788
40759
38454
90625
65632
88897
49406
66018
91571
64980
52583
59418
86175
10554
76572
82963
17591
73895
96690
68460
50647
29546
80456
67924
65321
81436
92944
40253
81152
13458
88967
46437
94596
67541
70720
28022
3423
24073
49923
43290
26958
40891
21193
36978
64498
50097
70412
12220
2372
41262
35448
60736
54770
83982
4242
21704
10496
38940
67582
97178
99347
16864
62544
35011
958
42720
44720
7599
6539
89764
81175
49723
69093
83293
11029
6506
13408
13813
44602
21893
11186
84239
95267
84531
56920
11534
63456
86607
70000
91663
45777
93557
58356
94485
17142
98981
94335
15574
85231
42344
87442
19168
16895
77982
11961
31582
59233
22597
19451
9530
38694
33890
82769
24291
89556
55838
61126
88472
85580
33023
60337
52508
69801
19680
39678
61468
66007
6398
57370
22487
2182
46135
44975
16882
92202
49746
47499
20640
48885
57990
39666
36217
99329
32166
5419
78315
64665
14120
9009
63968
8710
50224
50109
24678
92596
74573
77117
25452
18738
71542
63874
2385
45196
76947
28137
5339
65584
97204
81786
46060
66160
18677
9992
31519
83156
19115
85740
92735
61528
91548
29420
79617
17894
57832
50920
83459
55065
48037
72811
87456
92638
55129
18558
20530
92865
81429
70232
18274
59752
67414
89379
60020
60681
11145
68248
44712
97111
37240
94744
23430
87
19420
7811
7122
85062
23725
41863
60303
68389
61537
18116
11474
48772
9040
3088
55418
15630
17547
47523
56908
38591
68547
64837
51815
86529
3193
82932
29857
68060
11984
3127
54198
13561
23157
24008
69994
28008
17218
33561
76004
38555
60183
75861
24002
81550
73474
56581
29536
93957
19684
5803
72327
83727
58040
78685
26714
70064
49025
30117
87364
96969
37357
261
99981
20582
56288
76956
42638
70799
16151
12160
1202
36263
97160
68966
60436
77465
80036
81946
21046
26662
10350
37656
43879
50122
24869
44677
70742
44650
75879
24066
91237
98441
82566
87702
57522
77136
77987
87040
82063
91135
7819
85222
17790
26934
54926
84348
74735
51758
80815
16933
72251
93477
46501
35455
6408
45976
69290
16302
78018
54638
13204
33596
74439
79397
37570
79432
9251
21136
78246
18521
59307
81357
83541
6431
22765
34090
42673
64948
48887
99600
13595
81936
8947
94875
94126
4031
79234
86718
25505
46379
69668
36273
1054
6570
57300
95683
59004
38003
32938
44193
46130
57305
58781
46358
38271
38688
23760
51452
4079
81172
22286
90293
91779
68729
67883
36907
32788
54816
70602
59316
94209
13537
30398
73619
58489
22024
29425
9786
51250
81335
55139
46893
48599
76263
39135
76057
32548
68987
41876
84576
76043
34880
89849
12082
68308
12246
16301
7158
48183
19245
86248
50901
66608
82076
1090
66117
48860
2496
57502
37249
50527
23608
83870
73184
41811
63739
67123
24560
46180
88425
29792
99905
70013
61604
36589
26815
84409
7619
47289
6205
2375
9118
84615
61306
77862
34182
7708
65542
28975
35915
27356
13020
51597
64785
84824
89138
17729
99526
87325
20399
57327
504
46409
27213
60817
66037
14356
17378
53037
52326
34852
42268
32559
89363
79476
72155
81340
71913
27972
89307
29253
1151
81693
26186
36395
36246
71511
42582
962
8494
55701
19142
72717
68584
10412
80094
26491
44329
99972
29271
60751
7760
6825
91002
39203
66261
6841
62432
93218
28390
21020
79220
40600
19848
70555
73685
62934
76820
53169
19147
90009
25108
62233
71356
42759
58213
6294
26284
53948
28443
42173
47397
48127
66210
64273
56846
38646
13567
33715
65063
34370
81417
34836
67015
68454
85876
53829
72450
33935
53621
24744
56538
31452
29198
85741
713
11393
99384
92148
59387
89663
37036
97475
2054
67933
45159
48719
2804
85778
84997
73980
16525
71176
28685
71340
2578
48544
34423
31169
97641
94505
4323
85617
33670
68224
20816
86531
2378
34870
71170
82301
30267
80795
21764
76318
73593
93072
95803
83281
14207
95996
29421
63615
6612
99007
91262
68581
81416
46353
15290
12070
7160
71598
80564
55330
73767
36705
84630
24629
64964
33027
18129
29115
95581
33958
25147
61084
94859
78850
81797
32793
87764
87641
88749
15197
75605
79644
18888
99402
28351
24110
99285
38319
73095
75835
20202
77438
1581
54992
81634
27638
25461
36957
91327
18452
1383
838
14562
44166
69749
7267
99044
40380
60388
70581
87610
30101
2528
80799
12192
31103
56395
84245
48589
93491
29631
91274
89318
8971
92161
7376
92108
64821
88877
64402
6161
89572
21289
51568
20643
68062
91884
72730
84735
49514
21259
44793
16049
96976
96739
54568
46546
13533
52291
59644
45409
41065
73853
36042
64754
47906
69629
60896
42278
39925
18445
19059
2510
2922
92484
64077
83528
96927
90562
88162
8297
51235
14787
35893
43660
9673
59475
47211
62349
81889
16507
73687
45145
93765
9793
12902
74268
4915
14931
21623
99692
48913
31375
80767
74508
33639
58696
11503
65460
71950
51879
72588
57107
10387
4812
4340
1251
48117
34939
63837
65621
99808
48646
8804
66589
56660
89972
61947
74100
31098
8520
56841
12295
4301
44026
96748
70510
42108
71479
69934
92037
89810
39312
66527
45963
60172
82168
69361
67734
97912
40437
83903
47562
43386
1254
46427
13163
8822
41020
99707
11999
35736
41575
64007
61119
67466
7237
43404
6175
69408
63145
17304
9941
27240
50088
8405
18186
80234
87962
94388
26685
31209
41045
26473
55656
62900
83575
11911
30396
29260
76965
4287
81204
70511
67897
51674
41859
64468
25233
5693
48964
3709
44791
3525
77967
68506
36883
21537
488
38023
3445
31356
34995
6669
8069
40519
37471
10060
36235
8494
16380
75168
25157
57537
47808
14842
87567
96236
54703
21406
16004
15205
35702
65673
27279
56304
20078
46557
6985
80544
89897
66886
7182
95384
841
77988
54505
63085
87379
82218
37556
36263
37909
4359
97731
50916
51393
51023
1017
63297
97088
79588
22170
87996
92988
41397
85091
19006
43455
12849
6507
32354
70697
47517
24890
92068
70148
45955
45847
22981
6861
9864
66555
78793
30972
92877
46991
41577
56710
96503
30852
72635
93123
77639
59918
23802
82199
60693
23392
51719
59822
53773
31490
64257
10282
58794
18794
33743
57076
9951
81045
4103
84878
17863
82907
96822
99951
55345
2839
1724
84179
11906
13563
4194
30161
4869
35066
11604
36410
80330
2906
38750
12757
6074
32220
89359
94266
61827
65918
67051
85980
11827
36649
54764
19542
45700
92008
20050
82880
23230
35306
60202
39119
28099
95730
81746
22142
71862
16564
13048
24074
74576
86163
49112
85411
57981
37290
87082
87622
89532
88415
4994
55060
7557
97375
88267
76432
41086
54873
77789
41221
76729
72326
72424
87059
35441
81271
23571
55214
20672
80145
66363
53202
11181
7038
42565
83792
63425
14218
91865
18485
10625
5203
71927
79501
44474
36138
26370
53865
80320
57855
92544
24992
97012
22162
85427
66814
70616
83830
67821
70136
17036
67636
96616
92913
57547
66321
30077
29668
85035
45258
69848
5787
67260
15226
45060
61544
52848
94750
15315
68754
29078
84616
32514
72545
36643
2735
38385
43220
22369
19753
7034
57708
17014
22947
97708
8484
13698
28920
81056
26666
91649
55800
18277
35658
33259
12426
34508
40903
96999
26907
1095
10061
95870
50605
59935
60213
75646
94418
18955
79539
2078
65329
99137
44857
10010
23963
25280
77006
28755
46710
82904
60704
58587
88942
71543
87970
53503
37713
43510
48446
77221
90354
82716
69495
59160
70889
94290
82992
26509
41437
80038
45728
480
91335
439
32619
50006
96354
1003
37213
59100
91904
64252
49822
66183
64862
28155
42403
42548
84207
20216
79767
68402
25965
23400
59057
19650
55834
15394
17931
77671
18141
5334
11632
29498
85011
35686
3060
9845
18049
7850
54330
81140
83400
47481
19084
48598
66847
4038
84652
3455
60081
13406
16794
98814
92251
23029
76483
62231
6645
13787
19006
98087
97054
14403
5860
73960
55252
1305
4296
58560
87815
98588
25122
50648
11250
69070
156
31526
25977
52028
63571
59372
95677
8507
21100
62132
17557
92241
89185
48170
52387
78633
91079
53884
93417
66038
11544
16582
16700
29771
60063
98287
82538
98292
35811
1056
59629
78535
45785
29924
51589
98986
18078
12395
24995
15072
19707
39827
20012
73333
60700
42616
46094
52862
24287
94091
52511
7832
65739
94558
22713
39484
82642
65314
28094
11601
98832
36842
72917
29302
64760
20348
73339
27935
74310
57183
46621
713
19496
11600
26312
95049
13482
60738
1072
21539
12654
10257
84125
19149
5760
46538
96280
43017
72745
7976
1973
40333
17785
4291
40905
75151
2212
23947
76986
85846
41969
16263
38021
14692
41547
5918
96265
93491
73987
60495
5649
22240
63532
59734
2975
78085
50278
16844
20635
33284
98169
82455
73584
24646
19454
53580
3731
5257
48130
21762
59668
88826
54713
49853
89393
75954
26128
4766
29079
95925
24544
13148
28865
83074
57488
38034
64942
59003
76117
84037
50645
69191
72361
16773
29191
38040
66310
84494
430
17144
21581
75840
64788
50089
67676
50447
85907
50158
39510
30925
14824
1924
71969
12719
80434
61318
35114
32994
87345
6361
96457
70480
4782
41519
20144
30070
84511
75877
55173
72396
33079
15767
7243
56030
72794
24486
91729
62130
70851
57601
5412
58546
63492
52727
86440
89620
98116
40024
91092
2322
94053
21446
69211
69484
71346
99558
44410
57784
57067
72824
92171
73861
57217
98818
61590
18599
18693
44696
1945
98623
13767
91334
33510
30464
45772
84712
43712
45634
73966
49430
10434
56972
85959
70356
81404
16480
50198
96288
76833
76974
65482
40974
13282
95096
51829
57102
67041
23806
86303
28176
10788
78102
18108
91105
19489
48753
52025
37625
8068
40622
60132
52687
40774
98304
97327
7510
46420
14614
44348
996
56861
3298
76246
42247
93208
32031
63637
54540
67317
82769
76251
17838
90623
35787
32340
16506
63668
51719
28182
59797
27607
39571
69927
32933
83440
20334
62524
59987
19493
57836
27401
69253
43587
54677
91944
24208
38737
86330
2132
22845
73779
88403
42909
76331
38549
5133
5204
55068
52121
79412
67571
44898
69205
87738
68846
48416
32066
86674
325
81191
80155
95433
17361
44382
56476
31801
38660
9232
23754
3127
56777
54687
48215
4696
27562
7488
3877
40921
46008
96357
88679
88538
79821
74141
96947
68449
21947
74057
86414
38490
29243
93575
86477
19242
18759
6849
29810
91871
58327
33021
42457
72292
61572
63578
12947
49644
93539
20488
36407
98718
17512
83826
83547
9845
25493
61952
2516
20085
73988
11038
16465
25774
72533
90241
39203
21447
89477
30345
45297
91150
8863
55922
58856
42308
28533
96551
96265
74729
56410
24001
71669
77618
91815
87475
39170
49395
25944
7014
57761
43133
82981
53348
44577
65657
43703
81774
42215
32019
63829
99244
61351
57053
52134
62153
13669
49727
41622
28744
27232
4600
92812
47751
7634
25149
18999
27597
33092
77558
46108
13796
80445
67968
7744
72654
64683
77887
91803
56627
97621
95018
93971
34682
92693
68118
62386
3415
8253
87010
38599
14878
8771
91060
80678
33690
75589
59773
58894
62498
89026
82572
26877
10232
19881
33342
80880
16851
96391
62606
20805
39787
37256
95907
43851
46786
43692
99776
48650
77823
3977
13862
12949
2342
28867
15007
60641
94085
19541
16840
55073
49785
93130
47537
81436
75131
29754
3746
12604
83205
68914
19761
50969
26160
30340
34991
77735
61665
3930
36831
37850
94883
35463
13780
1904
5327
34274
54100
44419
10647
78888
97852
69599
74807
30719
39705
65264
48579
84486
19224
98128
88035
51103
62946
71396
98997
51260
87377
45247
36199
46282
64693
17327
452
46882
29667
41284
20174
1006
80964
43594
28095
26955
92556
74801
66481
34000
44057
64993
23094
40751
75415
79143
26364
58803
62109
50703
66005
55473
36514
58354
90922
27242
33947
67681
79337
1820
16654
77394
44778
40625
27900
46540
95107
30248
41420
10100
53986
25808
23010
41511
8476
16895
72986
70199
85859
64064
52221
48507
47018
7726
54833
48049
65471
31146
53768
9964
46608
89011
329
15497
20709
63889
43201
77667
84042
93115
59807
77265
46646
28704
31585
83304
30169
37564
87662
68149
87452
12098
45052
20365
23018
20729
17550
51267
90225
70070
61638
6173
93128
98168
61841
27928
25509
84423
32904
76073
33363
48521
54674
70366
9004
87467
45439
33830
38912
63334
87225
15459
48936
48662
63005
37427
56007
35048
13259
95693
87898
11375
31228
53746
33653
39876
89732
67062
95185
77
7193
37174
71098
72615
71885
96927
31360
39097
54415
82005
85323
82350
45584
30866
32607
98721
19208
66867
19347
25428
72745
3201
89273
75936
22555
4985
69412
71030
19704
44650
43607
98873
71898
24508
65272
24981
13213
44069
65906
5808
99037
91136
19719
87187
41648
81901
2403
30423
32835
37321
90286
62536
65201
41466
15093
48205
23589
12707
37335
57114
46014
73957
4008
97639
66897
65535
8094
78043
91325
47167
16223
17463
89231
89924
63357
51655
74255
52617
45592
72716
1006
15037
37079
90497
88917
19110
85716
71659
49367
459
86302
41948
41033
6256
79942
59124
48881
7249
81672
5098
81841
58342
97530
25167
23622
27563
80610
240
34724
65649
40241
69397
80768
90640
53540
34693
76021
82882
18905
29385
67518
84502
62816
99614
22604
49053
65419
69136
63941
54609
9722
83014
6477
4627
59607
82619
16941
69635
54230
78950
36082
30552
75893
58416
45687
86396
74767
23985
41498
38377
59557
62031
8619
81842
85946
26071
84421
82491
48417
67074
70240
70197
27480
56682
79735
14681
55874
39465
77694
17139
97346
41258
52801
8378
86540
30559
98405
29641
12681
15069
80639
59616
12373
3283
53593
11900
83940
2948
8269
73083
97836
94919
72891
43212
10839
34590
62074
75629
74232
7271
75973
71733
92716
89632
77734
98426
27619
44264
70434
80480
8857
47729
85796
39355
31891
87584
62987
92881
52759
49887
55922
20948
42916
91357
99279
5058
80750
20003
52554
2686
73789
85154
84015
52985
51610
61875
39745
89355
69594
15495
58898
67076
87787
24360
63647
17847
56170
84505
58952
27581
89471
65567
30837
17967
1754
49859
87669
92566
1760
34634
47180
56758
86159
4347
25893
75983
43271
690
55912
48724
72374
95380
93756
45007
54963
8705
40139
25915
79372
73799
10171
11169
8528
11998
46672
82860
56934
78416
65688
69238
98667
19561
25508
13087
44191
61140
44413
10254
99150
68450
64586
44026
91326
9823
15969
18211
82813
52214
7996
40300
2645
34986
23807
31008
72765
4282
87483
73964
29740
82054
57267
87178
63110
27613
68942
47165
58389
69995
68683
21685
46455
48878
4805
93934
21766
24266
10057
79362
54560
68671
12145
7514
50017
15798
4753
25545
2150
22163
78866
28059
93382
71055
89354
66842
24212
24810
98379
88075
21232
48309
95861
56529
63287
36107
9347
59162
70657
12063
37261
82113
7908
86119
3315
67773
13127
43454
4677
69235
89316
50596
57198
58607
16705
41424
40371
92518
40066
77169
25418
7593
86650
79932
89744
74650
10808
28507
30562
70986
44295
22760
48700
75288
25288
20115
48105
78152
13741
95990
5804
27457
12085
21362
53790
30322
95696
97057
30709
65565
46825
69615
46732
63369
74650
71726
76491
61345
58637
74981
25787
64198
65794
70638
91742
45803
37952
88710
65344
98146
10764
38092
49509
81970
83697
75580
52147
78900
68195
24293
62660
84205
58031
94326
5262
82124
58854
68318
30462
89001
20837
80812
68475
2298
9815
78278
91137
30368
52760
91661
97533
81710
15508
10575
46819
6055
10640
18878
18828
41924
48000
70029
61112
5759
64438
1240
75079
74120
42462
56813
57186
7109
54639
38298
22454
64422
76178
6953
18468
89218
88001
21014
42249
47655
23743
27458
83293
98974
75161
75569
55888
43510
25475
99797
71009
16966
24681
3908
40427
42161
40363
76730
83783
79355
48398
83721
90987
78112
83535
46630
39778
68446
30892
57940
22686
99861
86956
32657
54835
85110
62003
92468
78297
59291
48514
57126
51030
97429
47524
80798
24996
33700
34902
83971
60080
63670
23008
64461
3392
11215
88508
39757
45947
18289
20568
41152
18743
95222
39818
28299
18290
45009
80991
97814
86753
89926
41959
25794
8834
39363
32861
44286
80614
74118
74665
82843
22758
78393
57851
63885
70391
11879
40074
22872
76006
53680
70226
3364
17402
71914
40101
20692
10629
8391
8896
13764
57889
30505
17193
66140
7583
97164
4301
86935
36314
11380
57625
55800
97160
70612
5347
35885
7819
29046
29748
57498
31865
29513
58881
26027
59290
3718
40403
33942
276
59295
72311
50627
86790
24935
62932
81737
82358
3183
63772
4429
92006
30486
27028
37100
52874
47169
72343
87440
8018
57252
87485
37853
8303
94283
53811
89940
48385
3787
70080
22417
12545
7987
48234
81131
13590
80760
30524
61176
11919
69730
86406
77392
98547
23078
64462
49653
78002
52622
8871
7421
70001
18002
75424
19214
61792
90336
59788
63827
5782
2525
66735
77619
44778
82068
42912
6993
30399
13312
25548
74647
16450
97670
62200
50091
94653
57957
76123
70957
25092
6856
45513
10862
75171
63625
16984
87766
58190
440
11616
12723
21014
82145
68484
96934
10271
29308
33697
41969
74520
7088
8524
23162
73341
78794
2490
4819
82176
22177
30161
82367
38491
628
47077
98215
15256
9827
63801
12485
25075
84463
48599
72297
48213
94166
87605
67453
87354
27037
73901
42980
8531
54025
40343
3538
21076
14125
77638
45653
18015
65861
65123
55068
94185
65583
28095
75332
19974
93271
90380
6457
45059
55641
66884
88506
70096
98769
97256
68272
83363
35747
7778
55351
83473
70435
2288
47049
25483
89604
57635
19829
9625
14437
38402
75411
2653
69356
8400
50921
14676
39094
48349
70069
21621
38164
5960
4866
46013
99155
5929
19664
13847
58823
98222
67794
46005
69747
2107
22626
26679
59232
3998
79265
14931
88049
49886
52212
12388
54480
92593
16277
86849
90170
46325
27990
48809
46945
12355
39165
9506
39735
29449
73753
39459
33399
14073
96905
83369
26185
11641
50118
19617
40883
81989
81973
8856
89227
42153
74743
862
97880
92941
74856
20661
44537
29425
33560
2936
96032
50813
27833
22203
93904
86756
40422
1214
27701
61511
66941
11775
85346
45676
57355
22282
541
60471
31494
39339
22798
6000
14543
15502
7758
17734
54659
59944
73002
21196
38123
36552
52988
81553
94513
12312
74171
30553
62362
54814
45878
14873
88448
36277
30605
6730
15531
19633
24236
83856
1582
61181
13334
368
8917
24165
70040
46432
79051
53308
8481
1819
22523
78311
93475
24001
46961
64769
36716
23726
51127
83076
33690
56088
82533
26948
29173
4006
65326
23090
38994
29452
28234
62194
33102
44736
9327
67704
88674
2697
50947
49008
1484
13179
43692
35231
54868
5734
26641
35935
94068
18825
67480
57058
38577
70065
33606
90282
23690
18693
2744
87614
92511
56825
93733
69637
5605
40609
38052
40368
94756
25895
74838
78277
68022
39814
10476
89196
68484
57454
18131
21112
75915
55047
20434
72567
95297
55127
81050
41667
15155
23232
4456
38174
93160
53225
98952
58037
73409
18482
6471
80691
74283
51198
10757
86265
84530
68341
45931
51626
27014
14647
51286
46596
41010
87562
88938
54699
55364
87468
29943
18065
39360
45963
85403
64297
53607
764
32907
68254
43293
62967
23477
36736
35807
46335
31800
86915
8385
26344
75223
90299
86025
62354
71582
91601
74281
99875
45006
47075
99972
56135
30364
27046
67962
31249
98064
48968
4684
49756
70882
74138
18729
31891
36747
98281
4384
47323
44890
36273
47264
22009
33834
24524
70062
94264
8267
20108
69308
73854
32798
41023
8145
74524
26592
24814
60713
11424
75575
32383
37828
52800
47582
80806
81874
87162
48234
11117
68238
70521
58119
82113
47371
13608
94990
60440
57690
61199
96586
63310
11363
47566
34748
33242
97110
41638
29575
43603
95429
30043
26012
64869
19217
60473
99835
95071
31989
47593
62912
12846
83031
57891
78805
30095
28776
71914
56726
65043
29522
66719
30909
71358
54016
267
95065
11558
92805
16191
75052
76291
13711
84737
40116
42138
32186
31488
69038
61821
74779
30473
59055
13013
95463
85729
35961
53572
5635
19411
58986
27419
30237
69225
62121
81425
10596
46920
27138
94320
71170
65632
29627
92221
82856
71571
37145
89471
5240
66023
91403
56081
96286
12609
35596
59489
60841
11911
6538
47451
25221
91180
19487
61373
70485
29374
33246
26201
48672
84438
30157
78500
8160
68008
2408
9883
82130
33728
24521
32989
66308
18005
43905
95529
9941
74623
97300
25647
98488
4519
83222
32260
75136
34869
56682
22148
4604
95950
80356
6838
1425
78326
11714
34160
67354
28965
23339
55079
58822
40249
59180
93611
39482
94060
95759
56703
21575
92122
56024
52394
83057
78031
50384
33718
66542
71536
75596
58270
21387
76518
37137
71653
96486
31173
19892
97385
87639
66710
11686
65660
64657
84704
4199
17050
86634
35785
54938
79443
48431
19027
14679
3413
78633
34143
27368
78753
24091
90780
90046
27596
86265
47753
924
26318
9312
30292
67438
52515
95851
97869
11273
57106
38189
40036
94362
7677
61136
65856
84680
10049
83509
68304
29765
91700
64610
28788
93310
28617
57843
34820
91944
69661
37580
63205
96992
68325
18966
24937
55794
50564
60131
30104
57341
47296
49191
26488
45054
27623
17060
82277
15548
45094
40600
9897
44321
26042
54156
71509
50452
12298
69193
18226
53078
16749
8869
26372
74347
54279
99922
44745
6392
47111
86643
64398
60254
28994
86772
28955
21808
95204
4450
51778
51084
45138
45033
51923
36790
4357
7213
5669
26810
92853
58808
11157
56831
56316
60747
92215
97255
48686
66203
59932
89156
59252
70347
83045
60862
29027
86732
54459
86806
11932
15048
9897
44600
62572
84731
2485
72181
3388
84507
99917
52543
3066
15085
24333
3817
660
10793
80576
95837
39205
9192
76728
97032
92626
61556
57230
39899
5786
96999
23427
6342
46006
84981
39812
55621
34537
80257
53436
65723
5910
67348
64047
24943
45887
45773
73312
79704
82455
37441
47065
13724
78771
25286
26501
77385
24403
28914
99799
79529
90076
27341
53627
43103
44286
91114
61462
16879
31607
77815
47559
82336
15690
88913
66511
45008
2782
19287
22696
54412
8303
65638
42996
83621
95941
7640
87665
14577
7545
42438
56468
9641
28911
61976
45927
87611
25742
13530
56527
44760
91831
20908
53187
52080
13921
64844
64869
62767
8975
53255
93745
43174
65951
7729
20675
89885
66130
22072
30587
28275
16783
9915
14583
60578
82273
23527
76884
56701
24956
92902
89437
38801
42683
55779
59560
79525
86034
46693
82564
23978
15354
20406
17084
89725
69380
73314
39372
14517
2963
21974
23112
11978
14995
9894
15135
43059
394
85922
56160
88184
57283
20934
46285
41379
29737
36230
79245
74416
66392
37876
74081
1046
51968
89647
12568
59355
68074
2156
33145
25957
31772
19336
41339
55585
43573
15012
41737
94257
58034
97702
51360
80955
90413
61246
83637
15162
65999
81200
57859
12056
90718
71004
6262
3213
30382
35457
77971
46368
33465
15173
72981
88349
63417
62282
95653
21967
46250
79323
23696
51983
78556
20232
43452
79787
9236
1995
86278
51847
62654
74565
59395
27946
24547
49814
87024
50015
7691
64319
36410
55376
73480
84627
57744
69002
60461
46449
69916
21780
66644
22489
59041
18935
63022
45220
73902
28752
17109
45996
34667
46171
69166
10882
65875
81898
88110
42806
86788
68020
71898
68952
65301
95214
38639
9905
81042
93608
6995
98504
78751
47606
77023
42869
80158
26537
94166
89101
13947
51950
53749
22180
24933
60212
94637
50908
25970
44823
62523
36128
29378
60328
29885
96565
26915
11289
86204
19890
30671
20920
54211
94390
24492
39829
25037
69396
89027
18898
66181
5825
79470
40971
6150
48095
78973
61158
31170
98800
44521
46849
43127
44163
10351
68045
64464
65711
8987
28868
10582
93172
35103
58111
6618
86006
43602
94586
24675
35900
37350
53246
27102
4174
36792
20002
11935
16100
82895
29322
2452
31208
77336
33585
64286
39810
69711
20141
4055
98495
68546
39393
23699
74287
83455
23967
24044
29286
87698
10821
90679
87266
45395
52709
75792
93825
27774
11647
19802
63505
17669
73082
82912
49425
81876
31804
98919
80136
78787
42716
70430
86370
24081
68868
91098
89791
52560
33014
45042
28801
6729
15725
29212
53931
99017
61495
72599
15557
16312
17280
46845
10242
95762
32261
2494
48040
41642
93489
82940
92268
68257
26309
53490
18296
2431
38894
43621
63020
41273
10538
29302
12740
12299
93417
36596
35101
87808
30100
92693
88323
97025
79176
71960
15453
70216
33767
590
4234
71195
24950
99644
79450
25169
75866
51823
13454
90705
89611
82980
43679
19318
89519
54700
36727
4056
45458
70938
22470
7674
17497
61104
7750
88579
38179
49275
27419
47006
60099
76081
64982
62265
96200
97464
75964
55388
33368
86400
46025
62236
36274
78938
82600
57706
20913
61635
8787
74219
30282
17088
31610
49798
68789
33130
14417
458
54341
67703
11451
59495
89678
62148
8682
76634
32545
30685
73644
40121
52285
73678
28898
3519
45811
85234
81201
84385
7755
58854
59049
8108
54810
12474
23773
8127
51836
43647
29048
43243
35124
43984
18859
58591
97921
4675
44038
58567
83768
18105
60293
26229
1738
29236
66106
89069
93126
52341
15506
71025
96180
50802
75817
45688
20247
46409
57661
10829
54572
96710
97072
30416
55751
807
23231
15500
38102
9957
82950
78063
37235
73095
40956
59919
66930
3047
72612
57536
89561
93011
42767
38387
95716
71941
61472
69059
82204
14594
2838
7647
3157
29616
51313
43845
51221
73201
66060
63196
75453
32011
58133
19384
32922
68450
18285
84176
62936
35731
4609
90215
65031
21777
71044
26792
59312
76658
65954
43007
25366
37928
38986
81063
83789
27724
13781
37337
77772
24595
9848
65406
18266
86467
98390
46800
9188
99044
18931
64546
95475
52154
26794
83109
97633
23629
35246
22823
28973
67795
53910
97547
84962
13584
2926
60329
78180
85997
6626
6796
60987
45808
30897
92294
54150
84739
77484
25835
95283
13256
24378
68467
64905
73493
89419
40566
70888
67270
82739
77416
32280
23951
75493
62621
55709
60638
16316
38235
35045
32002
4820
54157
29938
37625
50642
45236
82736
4797
47207
22377
24855
89252
32924
40409
54136
10477
63298
39268
60631
26020
44006
4798
85642
94297
79492
1908
76433
15365
45216
54289
91844
69901
80581
52186
76117
45477
84831
65442
5517
1817
72779
7816
4733
57879
76971
18682
75657
35416
48719
3436
73868
50076
81629
29190
30779
60749
45641
92541
81359
19712
36789
35580
5026
53004
51967
52086
63697
42376
58176
32141
28353
40788
53011
27584
32400
86532
29576
11917
36023
61676
66328
50998
88871
43153
75845
70964
39398
8388
76201
94708
28335
23128
20472
11130
9943
46831
68973
95980
16538
32105
45563
65647
11818
8536
603
66478
83237
15649
13758
65897
87542
72874
67363
87098
1169
49006
23447
76004
429
17958
2259
43560
61804
67726
42505
35006
20168
27010
51707
94774
16979
71592
17808
42892
22918
86209
70264
92863
65836
2536
68195
56916
54182
62202
37788
23667
99725
72330
612
44221
8191
38640
43180
95880
67485
5571
1790
63497
15436
31845
54012
50648
50599
44846
16872
27566
32191
60852
64035
40535
9109
96721
61370
59782
23700
30832
92322
22158
19050
96399
28964
82182
48040
47734
45379
51430
95764
23281
67936
42053
11035
84725
15444
68280
19617
96749
70847
4587
68616
13817
24902
53987
90767
49606
37817
26592
77885
91254
50079
93118
49309
86565
52660
31305
53443
73591
68204
75857
14907
20175
28566
97433
34053
40117
55100
50243
83664
89638
39332
26583
9348
57180
65192
77280
49724
62610
11109
61183
38601
75319
68852
12025
62372
66406
26345
46122
42165
43910
84594
23105
75634
71335
44181
99471
87735
10394
46269
59209
20215
73252
95352
24613
62464
67840
65598
69167
49969
3380
55225
41875
80578
9558
30421
66542
84457
36288
49587
41897
34336
6730
4841
34774
16971
21067
53809
21576
75878
30449
18378
7049
65371
94693
93756
49972
54664
62684
59712
5910
17194
55108
38755
86213
60725
21043
33727
8575
86038
71232
70502
28714
87250
90703
61608
15885
50106
35812
65031
78252
49122
19961
77820
45293
85532
97527
49032
15288
85196
98109
55137
90712
15938
50492
92018
85177
87625
62097
89638
14194
80271
59307
51619
51685
36983
31723
40734
57025
93811
46801
62052
88657
90436
99916
38064
10178
12472
45373
33458
74815
42275
56276
483
85866
97867
59068
8134
60862
62383
68190
8094
2812
54752
95739
94783
10714
69865
96018
97521
31508
2411
85296
52237
32366
49804
36952
19637
29714
44906
60693
56499
12360
20259
25117
2862
63059
44590
39229
30087
94890
13125
35941
50888
51337
35872
77042
31961
83163
89807
86067
3913
46430
98934
12461
63273
92839
53817
93721
73752
76370
44061
17592
14057
39059
18766
64935
10817
1317
12735
2352
53169
25774
65785
71472
65374
94258
94573
35588
76479
8128
71406
56250
7092
75855
97132
59430
81809
9166
66831
21579
53784
59465
69885
98258
33855
61400
24147
13430
24038
6866
85551
92087
36772
44888
31295
29361
42669
70137
79103
76590
74869
26794
56955
99552
21923
92723
23693
39987
48233
712
22288
57158
12273
8270
84707
53624
23381
44205
43749
26973
24348
98449
94066
42105
83602
28078
53229
59282
7836
13226
20857
87248
99066
49916
62068
45324
22372
49402
61224
43566
33115
86744
94582
16922
3030
88597
12088
27327
34157
68256
12205
24014
72023
55630
8889
87720
75306
80093
49485
83366
79316
81082
51928
70921
37145
12285
65393
66573
35673
20938
6779
3501
37571
31131
80486
31775
61911
90474
13384
97785
47990
29217
22378
86703
65415
79989
4196
39928
31052
10787
16249
47428
98822
14917
68982
57564
72663
23807
35430
95244
35195
94405
93707
18096
1611
87275
34012
88549
50978
32722
93323
90037
34090
58815
95284
98356
75374
95432
46238
22249
95951
47388
34850
77408
65336
89163
11908
45451
50256
11524
51425
95587
14697
109
5196
87465
10547
64597
93683
53643
13728
63241
93375
59587
4514
88856
44367
41722
67630
42942
26803
86922
65870
58354
41938
29852
23911
98605
49192
65966
76930
77012
39421
26139
14542
87563
30040
58481
38465
81176
74746
97403
43422
55025
48351
76122
39927
5425
31328
13194
29492
10614
18831
24011
62308
27348
87061
91644
9650
79595
45982
47079
34235
50623
5721
73860
29345
34232
22783
40136
46459
11624
21643
41352
86658
71897
48282
23186
23291
71243
51863
69845
11801
86537
34908
42663
23584
16660
45160
9498
70524
44775
29691
81345
96971
82798
36856
55582
16497
94176
30553
86158
5807
57566
97465
28867
49593
35821
54551
67762
9912
16949
71720
66308
8715
12919
94894
26007
39342
72987
18812
37113
67487
95820
2550
63933
14904
12409
37271
14981
68410
6142
74000
24224
82571
65544
86912
648
73878
94399
58054
75181
71193
17930
61970
42070
52359
25738
12515
39346
32341
28672
26823
22761
69471
18
2591
14934
37704
78642
36447
2931
67091
34256
41459
99455
2265
8892
76699
97575
25849
97647
65261
65679
9607
80535
16462
44003
63073
72941
45529
33857
78085
37388
30931
42320
21686
51441
22359
2225
2263
68579
98224
55534
878
35241
62049
48282
68647
79975
89529
18528
54745
34445
89081
55290
9822
78360
91390
48441
58067
4375
81255
75398
92530
10691
47543
95270
40586
93072
34209
31138
35174
34756
94389
47401
4727
77552
53246
69144
47010
21584
78335
8742
58722
70459
14900
73921
83354
38527
59014
5717
75893
24308
38892
47005
48089
97960
90718
83344
59793
339
97635
29187
94012
35464
59551
437
23300
40689
93044
91209
83896
63180
2227
1158
77143
43796
39205
26846
29833
46320
25842
59136
57987
45786
40588
97526
48344
57841
8991
10432
46872
1938
62750
54271
19908
71449
52276
82681
90552
69948
21166
5323
20943
92676
37403
71561
28025
96409
76965
59107
62908
7885
52795
92421
50772
3885
4045
12047
53592
23206
56350
69364
30009
14472
92219
7234
16166
74305
19034
56945
33397
61387
6282
26775
69931
91616
76979
19630
4924
38374
1891
71644
84946
28997
12046
23148
24317
37827
40428
31822
18963
5537
12137
87322
65215
74730
88022
32640
31083
44971
93805
13605
38912
67
10272
80695
27255
59850
75723
70653
1385
77753
79464
77701
50978
38880
15743
9540
67106
42534
34468
72092
98626
58904
21697
72870
10510
12449
62145
38145
31844
48966
79492
30135
22428
25183
24043
43504
34649
63864
41637
78585
95325
91035
63927
99401
21843
63020
68370
7233
86353
62256
59551
55124
28653
25432
42322
97794
66031
39884
13925
15965
83296
58151
6930
11957
6555
4986
93923
12444
10771
30200
56734
53443
27068
2537
85613
25083
46553
82628
53874
50429
31499
85288
51502
63364
45671
83130
1782
64089
74373
35687
90142
53787
87763
8401
93308
96356
63839
55731
61977
52199
56917
49092
65214
280
48731
51415
24333
24742
61039
18418
93732
17110
27409
42333
83582
53557
90344
15608
1030
24079
89560
2581
45482
33355
74766
32049
12045
4238
40369
92819
92512
42528
69697
59091
88928
1995
21732
92798
75993
24381
25930
4783
98743
92086
6790
75225
98858
99851
13418
92557
3312
70367
90708
95351
69666
99821
46305
32237
12882
4852
67068
93079
15468
66335
78463
51038
97753
430
21213
71996
12079
28093
1026
85150
2687
5859
67000
44588
49590
47765
12169
49173
36935
9589
84385
67031
11636
50837
22082
93013
16681
75903
81710
50048
23454
38055
29151
9618
39167
80743
32614
37339
24693
13873
99900
12646
74409
96651
39037
31859
33954
5049
21515
7227
3068
86988
8107
45641
49491
26666
4138
66178
50811
6587
59992
71919
49668
2604
76651
38939
98134
84889
61881
27728
87098
82038
57792
92003
77418
54417
88650
21458
6462
87970
51709
69121
93320
21507
21571
32536
33360
13982
72506
81871
9828
43412
32435
93202
80868
72245
80884
46101
90361
594
56374
86064
62589
42743
35288
92385
35899
82384
84220
62959
55127
24979
16694
77502
10545
96464
90246
38046
76689
9652
68077
12066
43398
91126
8395
90995
92520
53872
92943
91075
71358
99996
74220
94589
1899
19342
44158
32435
64332
8460
48670
73479
81481
5320
62441
3478
99527
28373
16144
84664
6283
3653
12496
88193
25551
24378
77392
5639
91584
82762
97720
25686
9274
13200
30319
4557
73383
43873
48138
89842
4188
88580
28949
85361
91640
66076
82640
84204
3733
71717
33721
52951
32627
92478
44689
44922
54630
91556
77510
77076
7806
91484
29551
73151
88764
86534
13330
59065
60565
16553
46798
6355
28450
66258
94410
13996
43918
90135
9862
66442
62968
10999
73200
94620
84188
21181
30591
32941
50455
70467
32630
59990
75641
64011
2894
27082
98937
28863
11787
17084
82786
75281
16080
95453
94183
33574
59291
66465
90870
79984
38950
79737
99557
79944
92614
71738
85108
31297
2378
81533
49344
91908
56676
60481
88178
27197
39664
64640
21592
11472
52170
75890
22787
78647
59137
26343
24031
51104
78557
73904
23687
79289
61320
87626
6600
48435
96664
63251
36164
55769
72108
46851
15772
7143
7489
17675
42279
9447
67558
29615
1657
90390
21496
54163
93032
22607
10723
99183
80685
6929
34134
87137
51461
90422
19207
63216
29366
50215
53729
69089
3670
58380
50759
49578
15514
93634
17038
4461
64159
85099
23959
55050
7044
36764
74792
54478
89832
3924
73545
75674
92142
93183
68136
49198
5078
60469
79816
95894
19063
82694
7067
81971
64411
79903
24269
23559
21312
99823
39484
59304
20492
34526
87683
33081
90306
32737
45384
34844
8081
18232
99710
53470
4088
41987
52890
73295
87042
4309
28547
63037
49093
50230
71860
83616
94071
24965
24660
20692
7423
27998
13652
38448
90335
15218
50104
75358
33252
38774
53075
94626
63931
4358
89295
47091
34947
32437
2377
81547
57144
70432
99288
98289
39978
81543
65741
50494
82052
63553
87863
91560
14370
18231
99338
94970
70849
63411
59208
27868
62233
43826
82699
91183
66207
73275
1074
28924
22381
4629
98678
89984
89781
21953
90111
48209
80636
78314
6148
24400
56319
21469
61897
30497
63026
74162
42049
662
78724
36296
62013
89953
44361
990
97851
84214
32835
40499
15766
24547
42026
87892
78205
46251
5112
38678
56908
9331
88777
37360
15829
14661
56357
85860
49216
12181
92385
46588
22609
58320
37904
52243
86729
88313
39364
51023
54581
47020
3456
61626
96026
26082
46464
28746
50651
85357
28834
53785
68764
86899
4517
22032
34799
69704
80944
79869
79525
20334
13747
56928
73968
23701
26090
13425
49684
68461
65978
74510
45302
56892
16865
21341
55565
75873
46720
26697
92285
19266
31755
3860
59098
22322
73997
6363
7085
31614
56955
60721
2104
91718
55359
33235
57694
83012
2221
70462
88849
61790
85939
45110
98242
64498
26927
53806
8305
54976
3177
8042
34955
35588
82712
92058
34277
97393
18672
30805
77211
19085
51577
31906
12474
5640
36241
6680
97231
93397
33600
34732
14792
3901
95338
1074
26859
43027
88591
86001
47109
75656
17505
95527
8126
25532
7393
78471
76781
76442
36484
62309
10240
27699
61690
39071
90703
62602
11535
12020
6390
79628
12334
80737
74537
28805
15783
88318
22593
46753
28435
45069
58725
42863
60848
29683
39373
12632
23534
18728
4644
78702
97681
25785
4300
59547
28029
28623
43549
34268
6338
51190
28419
42145
87245
24873
48211
51808
74033
36368
24706
88475
5358
88674
75628
63609
34038
65050
39987
41662
53257
9153
77792
41346
24999
30721
29405
5808
22323
46340
34395
17166
7733
40747
90166
48638
38860
41595
74250
67177
71961
60187
97146
29450
15211
53165
71654
43075
90009
99294
98007
52035
95816
53508
98845
5011
53232
79235
42863
71987
98622
38182
82446
47628
38602
3336
20129
84371
73629
60697
71166
14488
27498
6934
30541
78739
67702
72458
46019
24850
38038
83151
12389
28915
17807
16714
47914
71847
10683
99311
62437
81133
58852
60477
32157
12421
40395
41633
42051
19495
35336
74700
78812
64899
79297
76758
24142
65727
39270
96088
58267
21761
75957
86418
6790
47168
69452
77355
31617
68970
9470
401
94455
11910
44278
48473
97948
54956
9938
87469
52369
7379
77983
74260
66005
78625
73755
86030
84504
21138
74078
22523
7766
42088
58593
8760
12620
66580
26350
6824
79387
6480
43983
82751
1243
79873
51746
59794
12368
15312
74176
38846
73844
26751
39964
55774
17875
46211
3773
36096
97409
39077
98575
81122
94991
28814
27224
35775
29299
8559
77237
88507
11538
97073
24156
26534
43601
78203
45186
36249
77416
14749
7350
55765
54624
16465
45053
2231
87348
27174
26915
69630
31722
25581
69710
30252
45835
64275
84362
11545
84003
12485
31858
84465
70063
26973
47934
55916
51362
95223
75842
22013
35293
6164
37531
33833
83829
57882
5943
21722
78355
4427
21903
44404
83290
45409
61290
76549
76278
90211
31103
65376
64452
9888
49143
34765
66379
14954
64840
79939
59263
32171
59299
87157
92971
83056
36250
17399
33000
3290
99565
23632
89300
44025
71082
63358
20985
61242
62802
40325
45978
43183
72098
56981
17055
45036
59864
54865
40095
33151
91479
8821
346
52535
20991
19262
21139
98042
98067
94004
49659
15318
27236
86563
44940
68386
74118
14640
5484
29892
28244
77960
67096
69489
83168
40572
11250
49772
29937
27068
65762
82918
34670
8375
83690
36342
13714
52268
18686
44067
56090
32430
99142
31300
42696
1976
23136
82744
97345
81908
63672
31643
72359
26805
11054
35694
46396
1980
49306
32306
70182
78905
79986
55977
419
29535
13123
62222
44860
15828
89853
58185
48582
55269
28118
49143
60472
85904
88767
39872
92188
17019
83434
5977
49154
32267
68654
76294
27786
91338
93020
26479
5424
66575
24614
99637
90395
18317
76017
44111
78390
24304
56482
26804
90680
66094
86967
7727
39745
7022
41291
25635
83718
78565
78709
66959
72649
38693
10938
87274
15840
15194
84909
40114
50830
90914
28736
75288
1659
8235
5062
22185
25665
66794
91324
48811
10395
36515
14079
86175
22644
15480
58406
13030
33148
65546
90011
63586
88185
35633
62930
23969
61631
52979
90677
24193
93169
43194
69998
12299
99315
47976
45993
13936
85102
46467
85208
7305
45714
17755
35025
21029
41007
81851
86473
14658
64595
16768
67389
78611
70838
23714
46200
4359
60538
59641
83667
16431
5388
40790
50785
96870
38892
40523
757
67997
55200
23919
35472
18406
88829
44439
80884
45478
18103
98892
50191
37196
36442
87532
80079
19337
76258
74594
16450
88790
55766
70109
73807
99895
47591
57056
39327
57452
41037
72969
65874
27964
69802
48339
70084
674
89123
88163
79657
48720
12541
56488
58040
97322
1071
83
17624
4965
10873
7929
28785
57149
68211
9560
84498
32721
78190
52926
13801
21119
9186
80696
22094
71041
80048
60432
94310
99031
43206
6025
359
24592
2493
46342
54245
7172
2396
97029
2187
49921
9104
10375
79444
51739
44577
5731
22959
86316
72031
61410
42123
1405
14357
99254
50060
48394
50257
91660
68804
64504
62203
14809
10055
47546
33893
86363
95105
9581
35298
90371
82190
73998
91037
28085
81671
36374
20015
33247
83818
28179
13450
62389
18542
75191
11694
38781
70786
3117
72961
11393
79121
93571
39719
67159
65424
70250
40993
98290
47938
1519
27688
85196
74770
181
15587
32877
17615
92205
22207
66414
15761
34146
30747
52799
84056
75995
3129
32825
50609
22513
64002
43969
64961
72003
30799
69784
29052
32108
24466
29000
43435
5774
25663
39641
92601
53341
53690
17001
40257
11300
88196
53232
55162
1134
59055
22663
75188
7159
18593
91811
97305
47551
38783
72900
53712
44271
438
12035
13764
75738
39434
65283
20068
61561
54472
50855
78709
40983
49206
13669
57111
11668
79050
97269
25913
96518
64061
69781
25065
11599
7817
54722
51779
85276
47365
70526
89095
92755
11247
69786
20812
52342
32430
58668
61376
47009
20087
95026
71695
93670
71892
88200
67383
37454
88235
17583
21576
18939
12230
77472
91331
52154
38655
34615
73622
39862
6710
66415
41140
68184
9706
61615
58308
10684
64856
21947
16789
11737
67386
29919
62198
51342
73795
26416
90593
18523
69739
67116
85102
17955
28514
46715
39133
9732
996
53801
40256
80336
74302
25862
8021
26661
711
73309
38046
59220
78409
62689
11149
43372
8172
56345
8367
56388
42242
17693
67494
56930
77070
14151
1067
48496
27538
65088
35238
49657
64798
63279
48616
9940
53063
79002
39283
22790
26103
63253
44328
5024
8025
7219
86717
49279
1687
16141
91867
42205
96816
53199
41721
6006
34977
4723
47538
56382
87458
18144
21385
12161
90679
44712
14039
23257
39115
48543
70776
78791
22765
608
19044
62879
78625
36765
54611
91946
65136
61792
13741
42085
48288
55103
60109
65724
41227
85886
98932
88127
99678
28255
6712
55984
41782
45184
88886
4445
81180
85279
30003
92120
6641
6109
632
33536
9848
82934
64150
30519
92658
96343
65228
24658
88666
29126
95311
48992
89886
73500
40031
21210
76982
75653
38672
55789
68574
80026
96248
744
98308
30136
36053
92614
49176
36812
35869
15655
52338
65437
70429
37497
45646
53810
73076
19089
16344
23748
27711
8886
47912
40868
23671
22937
58875
29761
57090
41110
50333
60670
32228
8150
90790
49399
95861
73557
40244
73717
96051
70797
64070
73009
71402
24804
39263
56961
68376
31258
22769
47932
74021
24496
58790
46418
57620
21270
35934
62963
73536
14232
44567
13980
76596
2201
45496
50263
56484
51121
24392
78064
97491
98846
16662
7128
73603
71135
96910
62669
21501
47282
67928
94254
70308
14936
97878
56949
63315
62995
62973
62161
93950
77603
22052
29466
88084
18217
55283
89940
54128
33395
86996
24102
50872
6330
87366
6584
51494
16095
26165
66793
20708
40243
48196
36713
98810
76553
8355
13234
1093
92273
11609
33064
91214
89755
89120
88271
27117
83737
93998
96377
18696
13085
67457
86967
50919
95471
15630
35082
14168
37832
53290
3995
66924
77357
47050
25065
1075
35365
88519
71181
61892
78177
23523
9090
56693
48169
51031
96421
50777
32607
96855
93296
61321
42046
2252
27635
41762
951
974
86612
33631
19109
15392
22366
61027
44332
45196
81520
86919
58393
10638
11811
32676
45082
82222
50612
77290
7519
49252
41677
88711
20940
41800
74454
40733
68702
32812
31533
37447
41425
34513
57410
35336
13934
14583
42938
83878
19570
62299
69877
44230
78424
55322
23151
1396
931
7388
79336
65857
23804
70799
45326
96976
30124
2996
3302
41362
4083
55398
88735
46032
74696
30562
45020
89604
9536
9509
3383
33232
75426
23570
90615
74201
20464
90425
28978
85705
45473
56123
37331
95872
45254
5618
47320
314
6113
20934
43866
24753
47824
41976
35984
93570
10709
73150
63648
64083
81998
50109
29969
51982
28105
64678
29790
64861
6792
11484
26949
29235
10145
64119
72556
15841
411
87819
56533
50999
20222
61815
79357
54412
6282
55105
20726
11955
3302
15186
72080
95908
27618
43994
75131
98014
15507
18359
72154
21015
84597
73449
52598
96111
51065
13867
12207
11247
46039
98798
6585
86645
40999
44000
50972
78514
52217
23181
88003
10393
11121
87560
73943
83170
41559
56856
63598
52485
84345
53855
67400
90048
85828
68653
25534
59142
3502
5369
50185
50199
99116
91982
3021
63779
98189
37693
15875
50455
1575
2885
65810
85819
34713
26681
15753
30332
58824
30393
30479
21633
28758
88444
24277
11439
93437
69437
76530
71069
50296
3886
46523
60499
26379
13991
51466
91171
25474
66077
45468
61114
51176
74863
2557
69283
38696
59184
14999
93906
13617
81341
51437
15621
61955
79222
45686
21058
28629
58606
99306
78231
77938
7159
38711
92273
47081
1605
29079
75840
70265
14094
52151
24784
16462
71753
48613
5346
57498
90271
98374
8815
99619
59161
12341
4811
30008
42798
37589
21707
51784
64749
71483
43109
37973
77363
35699
93061
66104
22571
14512
92037
46130
56589
36139
6553
78523
27238
38561
98826
13975
37907
10795
47322
35623
95955
34386
8025
7769
61094
84528
6886
47839
63068
82594
63602
79682
74355
71748
2358
543
6233
67800
98897
27228
84776
30101
10543
87838
99391
38463
55274
47260
44549
14704
58876
59641
98777
87233
30420
68075
95637
90446
22272
41470
9709
48663
6503
15879
18643
53148
93193
58347
82676
96796
65627
95609
25657
85480
25572
2781
55274
37404
31253
87650
39931
75588
66095
69166
99647
797
29511
16917
48541
38339
74616
94621
66217
46233
52562
94087
33945
97925
99976
26607
3754
78137
22605
34440
29048
26634
85282
18309
60223
15167
76303
97404
99628
62119
11108
23376
64661
33199
13150
126
28885
97578
59759
41068
28530
60921
67124
60347
63008
86306
97968
58354
94836
6515
96378
64802
29585
18502
18937
63332
49605
34755
62554
67928
48915
85563
37121
43715
112
95510
58644
69135
72012
94076
38652
81042
96320
77571
35024
58494
88101
96372
2755
16859
23161
30142
16577
87741
41971
99674
17594
40
49403
20065
11189
86876
13836
22996
2504
51158
9026
62800
30461
15143
29788
59783
47813
44273
79601
81454
95584
50411
7151
41219
99909
29838
86954
42877
32331
89986
1831
40401
63190
7057
50597
3796
84389
37602
14141
52019
10154
2334
4409
65940
89413
65475
86363
54067
6410
34965
31715
84978
38394
62068
6561
64062
36929
60516
81918
35798
85761
43932
27517
77926
99500
13962
55650
66077
98671
73924
37860
64439
84430
21260
79748
44256
81718
37127
37976
51252
48957
49127
78945
14528
6410
17719
14446
15412
35219
50982
16416
68397
7299
66420
25675
67435
52677
55166
90066
3477
56852
593
78525
80783
39503
32329
54607
81998
67866
3
59506
90203
25620
69230
84189
50526
24098
63355
58081
58938
53987
23434
16875
78006
88034
72545
93487
73502
21055
48478
977
21104
98623
3513
77
21617
76133
35577
21721
40047
56425
80486
20457
55163
80920
98538
64242
91643
70287
31017
80785
59458
43214
29226
72903
93688
33081
13149
75594
29313
79946
80121
19734
15675
85510
65362
98012
14756
4483
67542
37815
70913
92519
23418
15072
83262
18368
43345
21739
40265
48853
81467
15986
14793
60235
13710
45621
11302
74666
24914
3098
77237
87626
9196
29833
32815
22174
77563
15229
38598
55660
27724
34467
97187
7372
98706
95656
9327
12924
239
10015
522
45886
32485
14162
46105
14313
55036
28015
93203
36345
22924
65587
20994
44811
14117
31636
26466
51172
15698
15833
63567
18160
12030
63968
37354
88820
5409
14521
56551
72845
76750
29927
13936
865
93196
65719
48291
89196
23428
10786
36900
31078
57171
23093
9384
73777
85497
94903
93608
30602
66773
65016
55478
9737
47135
140
72370
94009
56156
50130
44928
67910
48473
35252
93080
40228
53676
5030
90394
73934
41513
71607
97303
83726
47666
21352
29046
73871
15840
28219
11551
97811
42421
24492
99042
41735
30327
91324
78555
92886
28226
84464
59403
90115
30469
58221
27236
26800
35021
9761
50403
73284
56365
20681
46209
11944
33038
2159
66200
89281
57135
33528
81584
50470
21166
41408
49138
22144
63948
54496
90446
66230
14377
23845
937
72212
61485
71191
77227
27248
17668
74514
99220
38679
89121
15886
81950
33483
41985
67516
46140
57007
92613
95767
53823
31005
75257
86225
15825
82504
14167
11856
82756
85267
20350
47893
60276
15961
10169
74857
46603
12092
26825
78475
51720
2785
46529
83059
29096
5057
31022
68201
50070
83488
6856
6156
79991
56785
95193
20663
94441
51447
5529
34194
27915
96516
33429
54106
46057
73344
95053
92727
61997
7058
96533
73535
69414
40561
52202
31692
65728
62627
95109
96381
83841
80415
65687
61429
97693
78097
53805
81090
47171
67644
69479
29631
37206
96706
45486
96276
4939
34223
74293
50412
5061
2696
13448
67346
39512
91185
47598
67217
94318
66968
67035
11554
14531
24962
42957
7899
18259
82085
28381
82791
64203
32718
79515
90235
60552
77545
85892
5643
9384
12760
60999
41986
94474
39946
70575
26950
16023
10882
58429
80580
2459
24318
56159
88779
50730
40182
98433
41543
22019
51105
33150
69399
48167
84477
82324
71604
2711
70624
7650
93983
80593
48324
94929
28501
36382
18575
68734
83309
3497
34304
94942
76231
9110
78289
41610
30485
547
4882
6337
72498
89334
97764
47327
64858
45388
94682
82071
83200
95669
3566
47681
19188
62723
60262
11517
78878
4889
19847
59996
76160
46381
59847
83554
20071
34715
81174
57678
43896
16539
12122
51825
88832
38501
74720
78219
17
96429
36240
43138
26775
79157
57169
12190
17412
42627
68901
28131
25371
15030
99198
86673
20890
65762
85926
25064
67028
17560
56277
68842
48121
54168
29327
96623
72304
52015
40962
14301
63297
22788
59471
41516
5248
50355
57525
68178
26163
94385
89443
25837
45093
10239
81852
92391
75069
86048
36730
85402
10732
17215
73950
88941
84058
76594
18969
89769
62310
89117
8326
32522
82057
4007
3172
31198
466
99151
556
33493
73819
85812
33946
31630
71970
76422
41089
53728
87287
75812
15707
36156
38815
65215
62208
91996
41171
46939
26816
10393
39055
39436
28827
38101
40947
29262
63407
22464
90136
95805
56594
39290
23074
31079
25840
80175
31014
12150
39714
46377
85342
79660
18564
67090
12554
60803
95986
61565
38080
44014
35845
70421
4098
22172
77533
49992
11031
24954
71438
58053
72762
19472
66282
31089
23325
86224
8074
95080
26357
19204
71487
7996
97628
8616
54505
19413
14025
17764
82694
43505
75827
57666
56982
51261
54674
7915
97563
93694
62158
23911
26413
61752
45112
78271
74340
39837
2742
22193
22561
48613
2472
19830
47767
65754
8722
88928
8502
44208
64557
25212
91405
71906
29244
35478
6279
68346
74289
66572
12388
82869
34715
94996
31415
39330
7034
94226
72218
4925
44720
68684
39754
7476
71673
8758
1120
54387
53967
35101
76993
8122
13958
10661
81328
40794
94765
83376
22147
10545
79779
69758
91568
17590
5413
62226
79754
56388
5633
33745
10628
86545
3904
94644
21864
47942
6824
3923
65729
47831
40751
5645
10192
76284
44122
17624
87061
29685
91443
47487
96583
8427
66300
53754
95208
29191
4589
9371
49228
83069
12015
75023
36846
65555
92474
44899
33263
59778
67464
46121
66082
2731
44364
47375
47296
249
45581
19284
33296
89940
34586
43317
7129
23805
94667
61529
46416
77339
99466
13334
37454
7239
95719
48820
19083
12784
65452
3619
33596
78754
4297
44586
32933
27080
75581
30472
3933
36618
18482
90180
19603
97419
75513
54992
14723
16725
52244
2100
68197
55832
55681
46060
63102
36537
81318
5083
53608
99657
60655
87115
24563
2957
25539
86036
98479
96153
37780
23842
5447
55241
97522
42426
48245
12256
80893
41029
62031
52033
73830
31958
59490
89367
31047
97578
67543
94181
74246
10520
90946
97430
47179
55167
66855
15851
61523
38468
28475
1421
85551
73718
98116
29478
43767
80658
88495
39510
19014
70082
35800
13168
55734
61334
56644
96152
30882
42533
74900
49551
40733
4596
41515
72100
7734
80766
81236
66621
96776
29738
18859
89959
78862
73789
72928
12807
27416
86473
81016
25140
1837
58407
22881
80104
8729
93347
53631
27387
51248
92348
72751
26611
38012
89647
15225
81025
90990
8171
54705
94024
24434
92609
45493
91342
1885
66091
38716
95147
25719
26455
88584
60716
31792
99095
26331
34056
32008
69307
581
85607
75896
72628
63428
54958
52678
80659
12714
99135
65516
70263
70637
26753
572
26055
69086
98653
28953
72939
17667
56183
68626
47662
49824
75106
66987
33786
66240
31478
20866
99840
30673
89891
38086
90824
28382
26737
39946
86436
20442
87301
25075
46138
64518
22096
43762
40294
68867
54310
51576
96755
62519
36800
23406
75555
73879
48030
80887
49229
77247
63929
24342
5710
19989
74602
27613
13271
9446
51032
94149
88815
26578
91689
48293
27773
69098
55722
78756
16863
13187
12704
86185
34704
86130
50968
77479
13393
47717
37097
97095
26270
45890
2634
29298
16781
19418
43923
93448
59603
10008
70735
1407
93693
62656
21986
40955
33674
91774
30063
24563
37450
46106
48712
66109
82524
31991
25858
27123
12715
47523
59547
66376
32001
987
38734
39343
34636
50325
11625
13395
14791
3224
59977
26224
65502
97502
36317
42588
99202
82177
89288
4256
4763
75661
34643
77849
48192
76699
37802
50329
28748
50014
88821
92927
52560
54045
39685
33447
1332
92861
18413
33691
25548
44405
86993
71418
85273
39996
91391
4431
65515
38900
8251
66330
82449
96600
44457
75727
97775
978
9426
14321
33457
3218
46706
26003
1036
3063
24627
64395
61835
17739
91684
90912
63763
22721
73844
94915
43367
11175
71801
87847
55365
67124
31860
7857
6671
33077
83386
25725
9491
14640
11929
12519
43011
10447
25459
57202
42673
33917
10032
79516
10126
10811
6947
31026
47894
50457
10259
89252
13034
75500
59974
30882
38315
18287
25293
45410
63489
41931
30979
13732
48970
64230
85745
59695
90104
4573
97245
85437
41992
38257
78370
76580
71378
74543
29220
47350
19533
84292
46462
95365
8978
46590
79536
44746
83098
89893
8091
37520
40940
18072
82778
32053
22389
68710
84012
20259
92782
84292
51389
426
72945
40407
47442
79370
53850
52115
72001
20585
5871
77573
29505
14308
3039
13760
10783
54394
8218
91019
35503
66425
87169
47714
56894
69237
82428
48727
84578
69584
13867
13390
62487
60462
48022
55424
77951
68325
99802
71312
5188
11987
45388
19937
70171
8847
90938
88645
54459
1089
12714
85350
53472
81306
30262
44405
13617
18553
55035
27182
42538
22549
77413
40305
75172
12255
54329
42551
56230
66976
81332
64095
89919
36111
21869
3600
93482
10851
89833
45212
32613
50815
91531
56617
20726
79451
95877
11343
73001
85615
19146
44992
95437
45974
28402
7415
99411
49682
88806
69418
8921
84536
96290
48690
24549
83635
34736
61735
98301
83140
26887
69996
44688
98779
55467
27237
82548
86333
39636
2163
72150
65123
19171
59468
67195
81990
735
87643
65980
90455
77962
70460
48375
40014
22962
79596
96929
30047
48747
14260
70849
80989
48751
32362
12983
89761
23088
93955
8364
8379
79112
20148
28330
20847
16131
28822
30332
89908
45097
45182
55119
29964
7508
67845
4186
16205
9581
12032
25086
24506
96674
95528
1705
91290
62234
15729
16941
21347
6762
91842
7208
92417
16400
7254
75944
62222
95195
11166
73785
71317
45690
25348
93157
9802
87244
32403
15594
18435
40951
57995
6456
99518
15152
31009
50210
85581
97168
22492
95101
52272
54801
3309
15644
21104
39234
93945
26687
6977
56468
53331
27283
13905
59175
26748
282
49004
14811
96580
83372
97921
32513
26480
45665
31465
97799
970
82410
20529
13587
99909
31665
31828
81138
73505
79877
40726
82723
40095
13849
6608
29338
76486
5876
92952
32854
17404
23093
16974
5159
23164
11687
52307
70818
4281
97045
66344
9222
72405
45036
98687
66000
95136
28281
38193
84762
61148
61730
78751
84564
66381
55742
67039
2133
27874
40195
77875
9495
57871
29813
46191
64632
41850
82431
79015
1579
16336
6556
25414
29916
98584
75775
70059
46042
58915
24454
92098
52735
17663
9494
95845
60205
27094
38314
83599
64207
57555
73601
42122
40094
95799
69964
42650
6083
2206
11372
30316
31822
19487
72764
22784
91851
20691
67148
7638
99434
38063
39704
97877
93677
87480
75067
25693
28603
39266
12880
64320
90378
84189
18568
19291
71047
49891
69814
69567
19152
7170
14146
74837
62385
23148
9536
6442
67359
45083
78824
59825
61602
74540
3854
43222
15631
45269
89954
17401
35536
63616
34795
24149
32424
90518
25309
12863
49684
6263
44985
62966
29331
5126
40668
46679
89553
74357
12865
94381
93691
12193
48518
21513
80992
51696
73071
76141
73431
95368
6133
18513
64592
76660
36127
79387
2661
31077
2453
59693
35037
63456
18734
89389
67237
86693
91962
80114
40644
65700
51554
75394
53657
27006
4051
81461
87205
96584
74918
90435
78827
39173
34889
65597
89789
64208
83225
3602
76880
54018
20773
22447
3759
67503
6307
49656
1718
59002
26094
82567
95476
72710
65439
98772
22668
12885
14291
57690
2375
87087
39185
79907
18448
5977
35245
49954
14668
36240
39964
78715
5101
33737
32788
19843
62089
41561
76214
90633
1856
96201
45620
4338
37283
31119
28841
13319
19992
15260
6540
49936
89918
47179
67767
67982
58659
79845
6653
53668
23879
56733
40302
41782
90243
88686
78571
1088
78966
2068
26342
72121
60111
15795
59794
86169
72544
821
88849
31234
75824
28846
86566
29000
48044
12050
68828
28022
92119
43662
44052
52734
30085
15824
95213
53123
51059
35732
48459
34744
18008
3473
81153
66384
40258
1117
21918
52020
31096
73576
8367
22034
61348
45774
47642
56080
57253
50037
18614
14815
37050
93838
78741
35082
39220
33700
26218
12988
81436
50589
7792
90385
82331
77689
59383
62223
6313
55858
72537
20062
99229
40582
29412
50320
74101
94933
92550
26160
90954
6718
26720
89425
87505
87421
37910
73188
66212
37185
19584
56496
99726
25022
79250
29420
27898
11257
70379
72412
38093
37982
97711
69793
31852
12346
90945
44974
73197
26848
99689
71996
57289
48526
84455
87602
41277
48059
9671
90210
9075
3373
34894
25294
12023
36937
42657
14965
43381
19978
99880
9930
77654
44250
70779
68730
57376
73852
24604
39949
74448
63242
41866
83850
26350
53994
35176
35050
53375
275
51490
63039
15444
78970
76968
2621
63379
37718
79227
93747
20247
47764
87401
8540
39921
64592
39414
78016
39124
71020
69039
59475
37526
47821
65404
17834
3012
63683
39034
91161
17027
80880
38811
15075
4692
80731
17391
25402
80748
26406
52604
56546
28774
58559
74435
74499
18793
23035
13509
2960
25930
60235
7045
97840
18273
72789
25898
62883
55261
39346
51050
66398
27751
90750
52255
60993
67123
65708
44769
69355
77368
8052
84241
62396
88861
43137
60058
85407
55355
36652
89042
57909
76715
69440
91156
54230
44564
65039
11336
55896
81813
43692
31428
70781
89168
95327
50043
47363
9004
97752
93732
52485
62237
41767
90440
62578
20867
68823
18550
17608
88718
1562
96439
90429
35400
35680
29674
49537
20801
29292
1919
78941
67122
84098
83982
84640
66741
82735
16891
45040
39361
33427
37626
93130
8985
82666
34372
77009
32502
87211
67104
53129
36598
21141
71434
80095
47870
88976
57515
35221
68595
28740
89481
8655
67548
37035
4247
81247
75809
53380
44363
90706
30928
79780
68360
22891
9819
35710
45242
36275
38013
73504
51209
7476
85214
8873
62680
74817
24676
80294
30240
18479
52316
27315
5720
48333
43984
73177
90991
12970
44383
58911
96215
21567
81900
40142
20427
36327
13123
57818
33167
10647
74767
52343
55625
16617
23073
30123
37619
22900
45515
13272
34963
46441
99826
42433
10446
9972
52150
28824
72163
91841
23716
44959
41383
75333
52442
30774
86823
75492
5868
25950
64792
57027
80865
91789
80936
34887
509
53813
61997
49810
54645
67417
49081
84550
86744
66270
5020
46705
60070
27559
59352
35728
65190
48013
73068
85633
58702
5295
94893
25811
3954
98286
27718
89737
55885
51759
38108
71532
79888
88052
52890
74521
25295
97744
61699
65670
96215
65707
88143
38450
84263
30830
17223
99475
67719
82555
100
25161
85065
86238
72549
84024
91014
19310
77690
18103
64432
91396
49405
21852
81002
87088
73371
27552
63895
31388
51679
76250
85292
93066
21667
15749
39857
19419
40071
10972
94074
47670
18135
20152
6132
20840
6897
36822
79905
90648
96371
55981
63716
13213
16971
19370
65692
19276
84652
69747
522
20392
66588
36474
84094
61001
57462
15428
68220
12822
