47561
45157
70611
59539
76283
61704
58565
19184
81202
67533
80864
65982
58174
19744
44390
53958
76397
24779
87752
92098
63018
39686
54221
70714
86616
49518
32163
76006
92767
65877
36349
83002
4744
47612
41397
27521
63748
23653
66029
48805
68995
28347
74485
31387
87429
9678
28113
39990
88
32174
91414
52209
5933
62088
87297
26151
84378
63793
60423
10374
44836
6267
51005
9626
31745
84991
69265
6561
50234
35401
78208
5855
6681
98993
23959
67111
68700
82430
130
64614
25878
25019
70928
29904
92808
6850
36889
6349
38126
64597
79566
39815
96817
11576
55310
14538
20195
29751
53419
48729
21380
70732
81840
25953
99761
80328
25450
29888
87526
42731
64543
41810
97487
58763
33448
38447
48493
70709
21131
46162
85482
84631
59408
35160
22479
29265
64973
59200
23878
4024
34148
30751
74712
28540
36704
43222
27352
2094
29498
80592
83070
48468
13339
75757
36470
51197
70420
61954
68653
60694
90231
14827
31540
80790
45908
3744
31919
88895
88862
68418
47988
35111
27738
25683
55563
51542
46438
67749
83778
95018
9436
79948
93517
32263
22444
97456
154
79219
51073
56691
59500
84850
23660
13008
55691
22305
40966
89028
56322
72330
44600
58583
70413
70144
33757
27628
39141
59968
43075
73386
46324
964
71852
6402
66690
85908
56233
8382
5068
40973
88037
61175
19854
54457
85733
91309
42820
19085
66048
89362
96216
33611
51788
92834
10442
42622
76397
51856
42043
39409
29851
75320
15733
96938
2735
46280
10766
322
56208
47872
54594
84937
67707
70706
49644
82541
57585
32147
68400
83069
18111
21949
50646
43677
46698
87776
74003
77929
86984
93671
79809
27600
27557
13856
17473
80305
84809
81695
32258
15823
96662
46612
23372
32071
98950
1170
86372
2833
44142
10993
55657
53785
82991
46407
18884
27342
38818
30546
8887
74715
36091
49430
44520
97348
59659
38287
81459
80616
93440
67768
8868
54979
38164
89839
66602
39844
51786
24437
35268
97616
28799
92035
15552
38550
26160
43464
57009
1851
31476
33047
9819
9155
35921
56318
23825
46207
75140
43570
98499
36528
13350
19497
65685
3498
88439
79006
36154
80182
25780
1033
44542
88603
98697
41885
27829
36222
8012
85171
3934
77749
40023
54013
59495
37424
68929
2078
35996
13942
11570
39709
41743
59860
48259
27854
29075
77652
43261
88227
8489
46833
84007
59641
35360
56073
2174
54502
60819
65829
3385
70995
25002
12223
24258
33634
56929
85816
46858
25935
96890
443
63793
94554
20178
97127
22900
76873
98710
74804
47553
43989
19158
9009
41189
58459
22509
92992
30554
12962
33900
73136
72154
76106
58065
82593
44202
47853
47993
74629
54406
66353
34157
15434
24754
72622
74433
94063
17020
69021
71692
72863
61012
43988
50469
77597
92461
80244
79980
1929
72698
96684
41089
92909
51431
78959
16713
6638
20140
69782
83621
25466
44936
17512
66560
59047
49418
87319
63015
43108
49951
56693
61872
28403
84953
13257
48479
82703
71211
95227
35220
16355
61091
13066
35949
60908
80503
49966
73033
42038
10598
78361
95921
93251
78104
1024
61058
52133
93251
47294
15715
49075
18593
3356
27832
43073
4263
66542
28919
99075
51673
68935
53666
3763
56922
61981
69110
35637
40656
77045
98469
54556
34287
11229
16078
31207
48077
86432
69606
82563
83234
77351
21970
86059
63341
89986
791
2849
84594
49828
78186
73283
19698
11341
78621
20427
79575
7661
19924
37372
41581
3985
57626
50032
23598
38233
69668
52923
35466
34478
75299
89348
77524
70798
13875
45503
76909
89073
44772
12873
83473
59936
63153
35337
32225
37410
6778
18593
10404
80362
64540
8160
22246
2343
54382
28880
35083
67769
26637
22147
29215
40079
67145
55549
25575
34737
11310
47937
21335
13280
27490
73121
96403
55207
62907
83538
40911
12425
84197
57675
14932
33264
39782
67551
46149
97655
81039
1030
60987
8707
32016
73489
32778
43708
51565
68308
36863
47321
72702
49618
11624
56373
20952
36608
65946
35943
28749
72236
66820
81436
28524
95444
30416
90950
5423
85402
93585
32903
37406
74044
97459
71565
8865
94753
68466
91402
80277
41760
67724
14762
18591
27981
98069
83484
66930
88941
81921
88557
51353
59625
28766
77785
60552
78564
50533
3539
3479
69016
54784
94614
41
85917
63784
68713
4329
38052
75128
76284
4714
28661
27312
21343
96542
96058
89426
49991
25718
13450
23380
87617
99702
43567
84651
13535
87519
99770
61375
57386
55697
78252
69597
27170
87843
53312
62174
87057
15758
31372
75570
2482
72510
72822
47239
87391
7345
68212
42715
33782
20089
36196
5609
15720
19357
66192
22640
63165
25196
11384
48224
38374
19558
11465
17175
46846
67545
69678
61204
6693
53148
42396
60672
6903
23690
88075
34055
34948
94813
48021
19650
7370
76414
69159
16246
38687
67646
15347
72394
48798
38759
70394
6461
85301
47947
89913
1495
6163
94186
81058
67888
44078
12129
56566
65820
48952
2003
41704
18149
74975
32041
43577
33442
16356
2929
59399
29307
58553
19630
6984
69254
66810
16680
23831
46643
58607
34800
51044
41078
84010
36376
83722
33166
68768
5177
56457
25972
85861
34496
38767
97370
51752
67203
5265
21371
31231
38125
3285
64050
2981
23660
53883
84785
57420
94498
17675
99783
86060
56271
5427
14191
65926
70029
99681
1215
30799
68636
15272
38131
41374
81212
1684
79068
64745
1696
60317
82506
68946
18943
38283
97891
72272
90669
10677
38791
74753
38381
37001
12329
9548
15483
52109
98504
92601
34321
74078
54182
32786
81954
77605
36777
85682
71508
75853
88046
61466
87901
5409
78591
54534
94168
39767
75474
49778
42253
34024
48942
81112
7042
7215
2767
85293
87576
66422
3088
64121
31751
48221
5911
12080
43299
85887
28643
36283
69219
37230
18314
76370
89440
86549
73197
8635
40016
73602
76326
65044
68842
29632
77025
3365
80448
399
76244
3601
60642
14965
59101
4402
16567
78786
3274
23225
95476
95581
67499
4968
88958
15034
29319
31883
17486
62526
68303
1954
79761
14983
11435
74400
14286
39093
67044
72613
24705
60726
64004
26748
45720
55659
91559
65155
9271
81890
38641
79284
85205
44489
44230
53345
72034
24000
10455
95385
97743
121
54016
79865
6836
70234
71016
39149
3427
26025
71323
64848
41828
27282
88790
47563
74766
49611
49439
19970
25621
89020
41358
40021
50765
58419
98413
80309
46719
28698
70793
26707
57799
65276
77836
17072
96613
74357
43635
62078
37693
4795
99267
42941
58703
76342
25008
60008
50540
674
19332
73320
71075
48990
48183
91325
18455
77234
99924
91224
66997
2658
5265
16642
33473
51664
8505
37945
9907
19190
16759
44521
73335
1014
33400
87314
66579
34478
74287
47119
96831
14882
15006
387
47446
47766
76399
51687
63823
97649
17514
91883
68029
62674
70126
33889
10191
69387
47468
50964
60597
89482
69596
67424
53144
94820
28202
22834
94721
14046
50761
21993
27954
76733
17863
55119
46368
84452
64289
24220
99814
33095
33595
33784
89185
24861
66649
7013
57922
58340
36938
34204
23703
10951
38549
78301
43596
5876
40273
88206
59084
79255
33923
92956
94981
99327
61069
87844
53610
36915
40381
85163
12888
45309
7050
91426
63569
80958
88330
43178
68203
42474
25691
18942
57138
50631
17021
45795
22654
72881
61641
93993
12160
56205
79023
90286
37944
33860
33582
21707
85155
83004
33765
78393
72918
63360
75263
54595
31005
43437
63505
67771
37501
50293
8381
13313
99297
26046
69463
34078
41021
11583
93050
24769
707
98090
17454
79108
87809
80872
75472
3695
30766
3179
26783
97635
98384
91414
94449
87515
62552
17591
3436
79858
47816
54334
20521
45544
3868
46077
65257
47970
83179
18579
15094
34216
74492
62772
33891
17918
8238
6201
55389
86849
55824
36577
51163
61274
56259
30688
57474
51870
4591
61427
51073
2175
56796
92025
80624
38388
17516
8127
90752
17448
19956
96849
24049
85278
45193
70552
68915
48327
16389
81981
30280
72870
36062
16225
49326
93140
37547
73843
58779
75425
72310
85024
40279
62941
83155
33617
3730
14994
73127
8003
63403
53575
68241
14990
30051
2557
90834
98242
9020
556
30596
42807
50948
88919
11152
34491
78540
96799
82061
84931
83371
88912
33199
95531
78925
21905
24900
52241
15413
15885
85395
55771
60280
63643
34051
58734
61247
27330
9225
29155
83813
28100
35097
93984
12290
13538
63120
6011
19192
61230
17608
74112
94638
96963
32733
43607
95882
45908
74772
61989
31791
20278
90096
66405
98818
52069
71957
63408
8468
61936
85687
65372
41058
99799
7497
24114
35127
66279
25394
78636
77192
15108
18537
4894
52402
87877
9996
88737
44251
44485
79379
67730
76546
97532
24524
68853
27618
59401
96102
61148
46527
23722
94744
19606
25239
45634
49515
46840
45503
10664
96180
41421
16113
74097
18604
64953
84336
43249
90908
36824
12411
278
55259
63517
46682
67377
46452
67869
98534
69578
99960
30010
35998
49853
19455
42962
90849
69764
6716
38331
14798
76495
9399
8976
14677
52631
66104
73153
173
23906
65885
15307
23045
43046
76676
46343
35100
22363
47159
6539
35704
82225
32089
39365
38604
17631
55635
87735
16398
3003
35744
64762
11892
94301
99473
37841
70520
74017
4298
66578
5849
33603
76453
39695
97706
59750
76994
47840
26346
38950
30711
30982
7065
49396
51568
55377
53028
5306
36302
44434
19794
98626
30280
54948
94274
95468
75410
17649
28629
69770
21170
21549
4804
48716
1535
23940
46216
70222
8053
19714
73164
81667
34366
56122
98105
99731
71995
25523
4087
43870
30294
62251
69878
81264
40625
2333
77127
68881
55372
55302
66166
15360
79260
70082
50864
36337
90897
68483
55973
36580
86984
56617
56885
40973
74511
26114
47688
21056
32554
68476
47753
63223
93642
13074
21360
16015
84833
20382
21020
87410
63605
737
15420
13137
74787
18125
84710
83654
29523
98675
44455
58331
31184
63611
86095
93745
96181
27622
78242
30408
24480
48637
89174
5109
9725
79820
22696
20666
62280
86417
12418
75332
56215
97966
61822
84735
94775
1743
29475
15720
1627
42811
26448
94571
64780
15444
69354
4551
77582
69300
19327
2716
41183
32473
86136
25387
59940
88624
64654
44012
28769
10057
20362
69219
36140
58570
96429
77907
33143
32191
28977
10820
47856
98193
81938
18615
10560
53028
56898
33726
90005
33273
96050
37472
44340
96545
1476
83640
61104
88285
33707
24494
9890
62537
67736
65363
67998
95118
29744
3592
6498
45151
61816
46607
22460
43936
65052
48197
89666
67134
25086
49811
37196
79338
89174
17625
72785
93774
79324
52039
52793
98446
73122
10215
1064
56760
85789
30012
1075
2279
63025
89132
21521
12691
73259
22361
99535
51718
90384
45103
32376
94782
43994
29834
71116
21138
15121
67821
14171
3697
71253
73713
53526
99492
37554
17836
80940
35730
87324
30547
22858
10367
34614
60949
38250
75830
29883
95124
42893
33328
75193
40126
15222
562
80149
64975
97338
48672
67663
61503
95613
63890
87222
97221
90506
57000
85961
77367
68954
63096
75140
51901
2736
73421
58575
7745
80014
77270
81274
97334
26789
48067
35182
91792
21171
59309
55615
16617
78904
27667
10927
60877
83066
61464
4699
64227
58589
17045
31699
86568
4564
87640
81447
94413
56308
56412
76113
38509
14077
55732
24376
4836
32678
14716
46339
76117
16240
43143
61078
25640
13815
40909
24687
4040
46603
79519
51968
14993
50619
2478
47563
3486
47365
89380
3532
32377
43550
12133
67726
26628
66908
92597
52513
5453
37928
87746
99868
2343
2476
73364
14206
74647
98860
72921
17884
21539
85973
18624
71557
98854
31824
19025
72767
83020
82778
87430
1987
1441
53017
41281
45974
50478
39407
21912
35864
41749
69420
9022
78228
59381
20992
30917
73936
52238
13368
99725
19099
38099
21853
86958
16892
84631
94254
22933
57337
13266
52396
57415
31090
31987
52006
53869
5728
48133
25500
68334
76678
36747
33362
41531
21794
38616
80486
85682
2214
83803
42356
38319
94326
8854
28786
21111
26714
58942
11979
46744
31716
48216
60819
78056
44444
30170
79623
91263
39140
95787
44180
85606
47852
79180
16555
71686
81935
14219
94236
42211
91204
81958
97829
13555
41736
40753
61859
31503
50010
47969
24982
11579
74993
31094
25701
52707
49643
44498
18844
87799
176
31391
41785
35755
53216
11496
18588
67480
1397
47100
82460
40042
30722
75401
92559
13164
27006
17652
20553
48408
82341
43869
55524
99711
91453
4083
6414
13345
7736
14771
38324
89453
44706
40158
63466
73155
31190
56099
36009
29156
60512
34114
66650
18478
88187
52835
17526
28370
19163
74591
86177
72867
53753
91662
12748
73112
96903
65973
80584
8767
66155
96010
51660
25877
46081
78611
9614
18681
34531
57468
755
36379
95771
25194
12768
83948
19054
33689
4219
17097
83609
9581
37416
7291
81307
76329
12690
94145
36985
77043
92448
20024
12132
34612
12086
57400
13543
3027
92882
10371
78906
11960
41770
37253
7124
21561
19999
35632
71309
95649
7995
54373
32946
22761
1418
40697
90196
72942
72340
94443
55845
25532
27318
87538
22384
2643
88818
8152
94151
24449
56960
67232
28550
76862
60552
7304
3906
60404
24921
35235
74116
43621
25144
70327
86131
14936
1206
15354
31906
55664
11397
11171
99404
89429
46026
5227
97877
52773
40646
58209
46527
49838
97281
88507
51854
12364
25441
80019
54571
9453
10402
7031
62951
51852
99919
82838
34463
59546
29665
38148
4222
82402
31465
56268
13282
88700
68816
34127
4611
52597
12399
36183
95926
93301
91272
69864
84355
97831
41525
35599
56975
4261
6621
67280
13163
8991
66182
37905
52603
41541
923
26785
17020
3083
98362
59180
63895
97999
23497
53227
96831
11904
43027
56572
71583
35134
80435
29981
88956
31935
14536
84969
37197
58073
52999
68704
93939
36719
99793
52916
29721
71174
71214
30084
38163
71610
55251
85930
27387
89690
3683
9421
68720
72390
38830
40839
43616
90450
89240
243
91006
21123
47950
20213
73667
35146
29032
14739
19916
74062
48661
35702
30178
15824
29738
96170
4985
31418
48944
23461
77703
40713
59046
22560
83622
26063
75437
2448
1281
98777
49178
58428
24206
67198
88137
20728
42526
22171
37706
33666
23887
27034
31399
87352
11922
85198
11327
27222
24548
59351
63335
27532
36332
18268
15816
57581
56968
94945
75785
59679
74025
62533
6704
99462
79023
80829
87822
72841
84444
34989
47807
21706
18314
3910
43010
75124
93217
62965
78547
69174
89744
69714
36358
87829
96614
48127
40985
39826
21220
92051
62393
94832
28767
501
45488
67810
14454
53880
30519
94375
82509
1171
66319
9893
83561
68230
29946
23337
68605
15430
46707
75015
42648
60093
23305
56577
58592
56203
87250
67716
62925
74516
71994
60908
52750
4653
44712
79210
11908
94047
17722
84532
59195
74231
64802
18052
65604
72067
18926
33275
56204
26133
45476
72846
87150
45246
92087
79472
28646
18978
9392
7715
81517
72923
43414
45987
50770
42275
62997
50913
71550
1460
15147
65168
69819
18340
78374
83869
22471
55370
66409
71255
93915
80757
68244
48274
10758
46429
45309
82769
13245
76999
51419
43527
57490
86877
99457
73208
10064
53664
84669
79905
14607
61230
19771
99989
25514
15219
32769
91793
3345
34701
16126
43306
32301
45844
39866
68055
13078
24621
61577
5707
23731
56173
67383
76234
97180
86000
23434
7423
2241
44540
72072
21827
6604
80217
31730
45195
59057
38250
37371
8562
69235
13821
37386
54176
77569
86869
44936
89149
83540
5958
62399
96940
8480
93182
39365
9245
48911
99106
65830
7141
93943
33493
54772
46076
59672
17195
10152
12792
72366
58580
19435
66012
92567
98377
70048
34062
26839
43467
81553
61236
81175
87200
6187
25404
49136
50076
45185
14346
9184
55008
78396
78923
65679
55358
491
64627
64819
84570
68309
92378
39220
98454
3753
29715
14343
88458
3972
49021
93594
79203
88528
43809
96762
31921
23409
47462
91753
1624
66460
88292
47195
68408
3565
34486
87591
18354
49478
59179
18490
56558
76846
54448
50841
73476
17755
96414
39146
98704
77601
36112
59892
35277
49386
81894
24114
42815
80773
57369
54575
74243
16802
32785
54107
85166
42681
69341
35957
7707
27480
98312
43483
18665
53592
18400
9526
22362
7447
37853
1587
61958
72135
40178
34953
31528
61792
14656
6163
3696
30271
12273
41972
29941
80296
11830
19833
7536
34149
4393
96168
71842
5688
53041
26201
58827
51495
28969
9279
44145
66062
54482
78260
2939
40090
47480
10761
31326
21022
81791
27773
15579
11400
32056
59591
13750
73159
89492
31824
37351
72322
86550
30981
4702
66979
49835
97325
31621
62575
7961
13915
20108
56392
65156
95246
82045
63797
2414
57752
78857
35117
8206
36249
16838
68364
23550
33934
70117
70109
31627
11465
40432
35943
89325
55988
69797
24078
90022
89447
94422
7740
35103
2537
10677
71506
1580
86336
64397
80311
36698
78084
66809
1217
88736
1868
83533
54158
45940
81215
49069
29382
33144
61475
74592
45759
90571
63334
50562
42837
9387
28166
79864
57316
6703
12549
28270
12357
29540
16830
11797
3812
63716
82523
1660
96871
29507
22337
37000
60413
17535
59592
90713
15243
19235
83792
16782
39418
52731
30030
77400
40668
69148
34388
11150
73372
38507
74105
66072
57180
81541
29627
41235
661
19082
69927
88772
48106
518
13396
34290
57123
68835
80033
59840
57409
28436
46054
26650
89823
54570
98984
91376
67556
55644
89908
49827
56495
95024
78799
54436
8337
58142
82300
5201
23814
62069
61295
45807
97342
74873
10125
11394
2645
59159
90173
21833
33648
68907
28067
41364
13946
98429
93342
96442
54498
62678
98714
680
13787
3429
31206
89043
64678
61414
43562
54882
48288
69591
98375
56473
87552
81825
93265
41949
77166
95187
35906
52521
62869
91142
27417
72834
84584
94245
88097
44692
24344
97741
22744
13920
75943
59381
55562
52494
36090
98448
47213
73078
7014
61276
11345
78668
99210
8055
53518
36729
43819
60649
93560
7050
5191
20360
36435
51995
20066
76474
48057
86911
93371
50033
49704
66362
3259
47166
9477
8991
82579
75861
39783
59774
19634
41619
86400
77752
97144
37890
67527
58133
63301
94970
50503
15592
21893
56802
87967
67268
44759
29440
9508
37080
90420
92141
92918
469
90767
388
4157
23644
30479
61858
56086
62474
27933
56888
3774
48309
11143
58269
8924
30689
50941
37181
36269
44197
79820
97853
23316
31891
55673
33766
74190
79043
63958
95227
77198
70718
47210
10597
16443
38992
52781
8962
93475
21590
97908
44914
45432
78950
41487
91997
54459
78133
24352
32293
8841
68286
29716
14774
93639
98120
96803
35195
22920
49017
50179
4873
25120
47158
12732
95939
73662
28409
61885
26713
31856
81216
13575
65772
33705
85259
88182
69092
54336
2847
56557
8930
89074
43044
84326
2276
36097
68663
47331
40303
67237
62830
40922
27313
77261
5181
3975
96748
21229
96736
7730
66226
90557
79256
13959
33951
7527
96177
77607
54670
36486
52825
49356
36260
23744
40028
73769
37133
9352
71162
22257
62445
42351
38733
90246
28457
5541
61085
93764
14564
39478
82554
10801
58679
39952
65475
83102
13892
99488
47908
60424
36022
76893
77717
97841
52352
97061
34716
60275
21592
28481
56904
51371
10879
94587
9904
60280
52659
9430
35585
64716
1961
22010
58451
79886
89228
88214
34033
84148
8153
33388
77138
68752
86987
50871
9377
12884
13626
58649
22069
35006
58985
89133
93789
95561
72254
80764
15886
33529
87134
54694
45936
31430
96613
35943
49741
10676
81850
84012
22548
32820
4536
330
11974
94893
18309
6469
20260
75840
65896
76741
83373
45943
46939
93639
40387
68840
15933
60338
23023
53106
62483
90373
29723
9253
87327
18794
75007
27067
37209
5631
33195
59649
21630
12214
9511
61482
33097
48621
83042
85891
55646
7885
18993
96741
54286
61903
8746
40680
4595
52562
19605
3206
94651
81069
50478
82351
26574
8287
57909
88436
72691
49909
33227
72360
78801
59020
12671
33084
32744
78608
57071
54030
82501
84073
83500
5100
97155
313
75632
67361
51147
59107
70339
34
88252
2603
3847
8684
31793
26400
5150
25072
38017
80467
1855
23350
46861
63003
44069
11474
7773
93206
73306
84900
94345
10500
76686
85807
27665
79682
6750
16136
87865
45276
40165
3031
41542
52199
22248
53629
73988
87030
42933
77432
48982
13297
74630
64078
42944
26893
79055
70970
74256
45730
38508
58979
54824
78720
83981
1195
75697
35052
12140
44176
68053
50343
29269
13722
75662
48272
74911
6457
32170
44744
65122
90235
76346
7769
53305
23662
86881
20710
35020
71716
99677
10212
31231
75456
90065
17457
76801
98778
87456
34059
24373
97160
67985
63021
16732
64422
54740
42137
9086
91416
15541
96871
39374
4558
21072
5518
2367
96276
65299
85982
99249
90982
24664
15391
82728
3136
50176
87633
47777
21510
49512
63000
64082
52969
60146
56099
31411
75276
15144
60733
9486
3740
37916
88954
32314
33145
93303
8537
4408
92960
52204
17205
66198
52248
91362
32958
65389
82417
79208
23404
26277
11233
62723
93257
97810
93404
50420
10624
97584
88862
12909
34725
57741
95846
83112
67941
67446
16900
39994
33727
70917
13215
42842
56854
36528
17339
52288
38727
25979
80809
87743
55917
80318
35564
46387
78569
14238
45588
14871
87679
9650
49860
11289
32112
13330
38138
94171
67455
81277
57655
91049
9629
97425
74931
43221
43733
14643
34667
49997
23574
32358
2417
95902
15135
95433
82505
28541
64618
14870
72676
77979
25126
19406
61234
52057
55757
48455
17461
94252
53946
65975
47106
32466
1799
58326
99382
38748
95066
96607
40394
6031
12499
90615
35862
93004
24921
52584
55436
87240
33267
33463
95779
56281
74665
1586
21221
35925
82621
56192
52460
54953
98561
96376
36580
82225
46558
6096
16511
75311
73804
60039
9912
96739
66362
75155
29775
32721
16368
78789
34117
57572
85628
16474
31553
43579
21628
95663
33669
68807
69284
93941
6106
62625
84371
12529
80204
88696
87892
52743
29806
12165
39815
18782
74441
8279
69468
43783
9827
51056
67093
50469
20302
14636
19588
39582
29969
74579
6922
83137
68423
15198
46337
79478
87935
61286
84698
24582
19826
35153
73257
87301
91093
84000
24624
89855
14673
79896
10985
42091
77558
33935
24393
75048
51438
71574
78017
37189
46832
64926
16709
77015
81390
67160
99936
57988
22112
97806
53088
2183
64075
14184
67876
64568
98064
2746
78138
58010
45045
17742
72347
42522
8505
90813
98466
25780
16882
80067
2292
73798
93911
96561
60836
14886
31262
57843
98093
83791
27764
72327
71360
36703
79168
41730
67677
24905
89534
33721
31360
42104
73238
38883
79392
64631
87006
91697
22999
96256
94819
63473
61054
75701
11970
27796
40953
46710
6556
75755
37014
73316
32191
18853
50674
10008
51732
62643
49666
34737
44073
53589
70096
62795
98673
98874
81305
40061
52184
72047
49080
57893
51000
60936
91743
66932
93988
51835
97375
94981
32141
34866
4575
46216
69669
18850
98937
90302
80247
4619
79978
85624
61360
6403
96882
39543
83595
55393
68195
27308
23701
19926
60659
27721
89243
99073
47149
76435
98567
37319
64907
11103
40245
86863
46958
97576
44193
31366
83401
40129
86842
4129
14372
6214
75359
75461
73070
89928
51663
93674
54478
85610
94349
97805
33959
58154
74894
79581
87927
86893
1640
59545
93237
25118
61518
2461
91008
58137
98298
89695
35616
26204
35817
65783
58053
45397
90045
5176
2772
98247
23442
74025
67075
6813
78737
53967
42998
44347
74512
4378
37516
23155
94629
8495
89422
50260
67204
42788
10891
56831
25827
45746
64477
65145
20374
893
68558
76040
60667
81208
13741
84917
66454
70790
31817
53637
10484
56694
39728
49115
87921
51415
78463
87960
29439
79360
71649
95213
17313
9338
51762
11126
16009
78435
75640
44496
68112
93603
67813
99716
21173
36313
17702
91337
87123
57761
85226
69792
96947
8782
97861
4474
70347
32288
7230
7220
98679
3914
62683
47105
31602
63355
11478
37195
21917
21355
61884
52529
77910
6020
95792
31747
57268
21926
51258
35937
35948
29070
30094
16953
59735
71263
68405
45038
46803
63453
33455
88585
99651
76924
16873
50007
18926
63649
60040
96230
58718
27010
2347
88787
17575
26442
56126
5907
31467
13454
55485
47157
4885
67343
58987
48716
45246
10085
65147
28799
75637
79243
93044
17414
84161
4726
98799
41121
9400
88169
63575
85877
61229
11228
66830
72229
72141
59854
32978
77926
33524
34018
93830
23193
28351
15802
67631
15906
8747
36646
7390
85409
89331
63477
31748
12718
81592
13101
92223
90305
88110
77308
95573
57943
45896
98707
54427
97375
68955
28871
23001
52684
62963
2139
35084
45175
97609
56988
77313
73458
58854
55070
27801
38755
67833
51788
43765
32907
60670
93400
17278
17322
27272
7027
25208
3740
98890
68311
43339
80158
29317
71932
72610
65303
4774
47097
55864
63621
56461
67417
7559
20490
2477
26504
33775
58132
88394
22927
31918
32007
11607
17779
21367
57501
71925
7503
67160
10716
1361
73427
73666
66217
60432
92822
8035
26205
40282
36147
40763
68274
82896
5172
95175
60846
62091
25523
99662
65672
91991
29655
38023
45732
24766
51342
42543
29086
41355
77578
53071
72300
95474
41581
92636
52195
87253
65744
88945
25280
71209
75303
1909
45617
5753
41873
20522
52225
98995
66678
53973
53763
63807
49950
48170
53729
35311
3097
52330
900
1472
74309
27583
3648
32204
61327
40560
98615
5749
96551
3867
82627
95842
98712
56889
84071
29306
80426
18142
35149
78604
35921
72130
91591
35001
7254
30639
13094
30071
84317
32282
68266
24767
62087
86688
61286
35593
21869
72282
35089
22427
69240
42504
11416
57539
82200
64836
47590
56165
43075
52220
43449
70495
67782
91778
33102
53753
77026
90664
16383
71516
10846
50909
43149
34053
56892
30845
49430
67207
95372
7911
46762
21526
33588
42896
59037
79768
44394
11906
57489
5976
49241
84143
37728
75609
47504
19789
85293
65041
49626
11154
50477
45835
45902
32251
18248
96517
23771
82946
86309
52960
57230
33263
22913
55797
90389
43433
9237
76063
89200
61421
56488
18182
12379
93024
97426
17097
51562
54416
31366
41109
202
41869
62715
312
43403
75776
99366
13726
98119
98304
62304
66027
83038
63940
53555
53408
82007
27961
39222
23686
71775
29466
26553
18309
27235
96355
96972
89057
87021
66916
31397
46762
57247
21217
63813
96989
92942
27684
61535
12289
11429
74561
10848
66633
89144
20098
675
97651
52605
361
38894
46285
39165
3894
79159
56809
82400
66680
23060
26832
85440
94024
8089
8521
10347
27231
37180
71270
22455
55251
48281
96078
43536
11070
17820
70270
84394
57733
72546
25253
36381
66642
97649
9251
84135
75349
44348
62541
13123
40864
94179
52357
30697
79729
62428
3641
79713
1720
25628
43415
88355
45672
95689
21894
82059
74534
59432
6990
78103
52800
43328
3795
10961
60813
61725
19722
63706
31333
27859
69138
92782
26798
22200
76316
92797
62328
85004
54799
81533
99747
12366
14493
31884
12302
68729
70633
32312
29825
50011
46019
93267
72598
79269
36308
20175
58959
66748
30836
73100
10270
55258
39664
46639
29750
61552
52328
57031
14347
33552
14226
73134
93311
7177
11637
31282
64155
39662
24214
47322
70171
65469
10422
12951
54060
65094
12441
40016
93137
17048
22269
94885
58717
48061
39246
12621
6554
76766
41626
80783
59200
41070
53686
66051
43853
93641
38971
19175
3208
53640
49288
57955
14203
23804
35161
80537
35488
35038
30716
39867
66682
42285
34644
19287
3588
93809
97398
74094
72076
82438
86881
55795
2212
74926
64065
66121
33702
91569
88840
66621
25244
68778
73981
25603
75299
24234
90474
39810
20552
86532
85868
67546
8880
11412
17778
85792
24578
82253
54596
20738
76439
94074
28411
71507
19909
66363
69566
59421
58587
63985
70813
95620
65037
26467
16251
29556
41321
1756
30216
45569
62528
33812
32452
31972
75785
91689
44882
3515
85169
24908
76803
57850
69355
66938
53153
29688
260
34320
3583
60620
38052
13711
77899
65990
65620
66198
68717
51967
52997
31290
13233
94596
69245
26762
51313
62302
38300
53761
88113
26429
31783
87936
89256
6792
32306
38395
77813
35498
50774
60669
5417
17345
86290
64004
49531
72892
1267
83802
54443
61480
4502
34482
73307
6308
25703
70126
27207
38213
93892
24785
97868
1782
56891
81145
3975
32458
41511
96976
46515
49538
35006
94258
10086
50605
59003
24284
6722
81530
1027
56861
73840
15614
19372
22270
13491
73417
80424
68793
2526
27916
86684
18881
57186
28513
8346
1905
11056
32656
66736
73214
6443
73462
89471
53511
21083
78964
84067
97892
90879
49428
83282
53629
22480
79489
19493
25483
15367
74878
13727
83762
21520
23376
52640
55090
57924
46315
48996
45094
29071
70952
25571
61902
85802
27223
97362
42128
62475
78215
99380
95694
92579
80961
66548
64686
88086
94673
31047
39203
52224
69906
92871
81615
31314
80527
12808
72349
44773
18069
14911
90938
33452
59627
74196
41161
79514
75745
25878
71711
55061
77148
27800
72664
27000
88580
4690
32065
72876
48358
96854
34218
59611
95280
20263
67804
75312
49078
80603
87185
33009
18124
15451
16283
35445
96348
45045
98399
67378
45351
49476
15741
73905
63512
66927
3482
38501
73240
97624
12932
65865
77221
84039
97253
99640
1346
20399
77331
5125
12675
68934
98620
10530
69861
11012
33339
4684
60118
84830
17862
74413
35196
72495
69992
26875
8665
68716
8470
553
4720
64085
88002
3302
47209
89775
64137
32450
64937
62922
32700
26389
75022
99294
85886
65855
58401
13029
36678
5271
77745
84464
51722
9438
77306
68970
37642
32003
96686
91997
23570
22969
3773
25998
21034
47800
38913
37084
5024
71119
15859
32753
64625
21722
92992
63591
92746
61886
57297
97009
32290
13011
12579
89569
41515
8215
32595
53394
51602
47803
13660
90576
96650
30993
2969
56747
61975
78489
10607
27358
29815
73081
33691
29832
92814
37213
95271
51823
29596
86739
9286
68400
97411
37457
58066
50986
14511
21674
40619
4326
51139
89639
19236
78466
87980
26677
58499
66269
76895
43156
89871
38622
6846
35408
63688
86289
64396
63080
76868
32507
22336
7354
66206
17283
71178
90573
39926
13669
68149
82954
73168
74929
36340
54177
75933
42445
71739
87281
35136
64670
16093
26902
52909
85726
67791
55225
33737
83607
24963
54029
73441
14914
19300
67598
8812
97043
10662
63335
28452
87942
9975
348
41686
21502
89341
98027
98563
10492
43167
54203
23924
65300
73097
96908
27223
9276
16464
29743
36131
19200
80510
89486
83436
79763
21601
50321
33377
62753
50369
85015
79567
54318
42002
6701
32149
1650
8463
68952
44196
2398
59044
83533
63670
24708
3985
81300
48927
44681
87543
79975
95804
64554
58827
82269
15019
34680
27930
82394
84528
90836
56758
73986
97225
12557
58286
8789
42092
79758
87974
11220
17064
7436
36984
49680
40179
38652
38582
53092
16890
61582
34518
8894
27817
88477
79484
63654
39895
54809
53185
80475
74371
30237
39832
93583
56821
39368
78108
7711
46641
90120
60527
41190
21352
345
59465
22589
99413
40610
72751
85145
54462
26198
14001
86796
8903
31284
35835
26479
29051
83705
73530
12244
24721
20018
1458
85086
13958
56395
2981
62410
50133
19222
50437
44491
3933
55931
40952
98800
95918
3704
28113
53344
70883
39040
1
95629
53052
77311
58981
21062
20654
46686
88960
60622
24502
32169
83973
8874
16526
14198
4847
59056
24082
98841
49538
40117
19758
64197
24440
42322
8340
52293
5010
89171
77982
55127
34254
60420
64019
11036
52927
42922
27420
45732
36310
31380
32936
57314
78060
79335
88280
40203
93769
68504
2026
42727
63701
8218
67433
11381
73199
65370
68474
10658
63421
60120
4598
79247
63349
51482
25237
24427
80214
94717
19502
27379
58346
25135
17467
26920
45802
15163
37715
20420
96763
29982
97925
92726
94180
42079
39224
38642
90736
32014
24049
37641
1448
68375
90281
52224
31942
17972
67674
26267
13018
56949
71697
98447
20407
88767
50165
71873
69522
97090
23009
62075
262
67287
53583
87239
85104
47923
5446
95674
21319
8850
95946
94676
28743
55298
6354
65757
5393
50821
5924
73603
29190
83203
10243
96031
92406
62305
35527
83437
88826
17929
63525
33960
37355
69491
77816
77934
72115
70792
15590
49976
97464
92539
73299
90683
72288
30889
85428
39997
65664
93386
38389
22139
54656
23846
96292
48824
94217
2663
38345
10077
16328
73456
42486
47505
52505
45628
62612
56087
13252
3011
72452
21312
68234
67794
30850
33961
56170
74605
6572
79277
82
49344
79277
45232
42753
32902
46672
86036
50426
97988
26207
25426
41948
20044
42714
23896
55168
9874
41563
75656
71845
97356
24440
49938
67360
12563
90507
6877
41570
84188
55853
17552
44672
5878
56160
49288
71818
5395
25437
82699
50662
6779
22062
53633
41512
16317
97596
50095
29993
41582
84440
27098
62801
25208
87005
17315
27585
38373
23830
79635
7249
2347
332
90618
33380
64640
55037
98462
52385
80630
85725
33422
41434
78919
20543
56779
66008
3439
71223
98988
60882
30063
5391
94309
74797
6142
75148
82233
42758
21574
28248
28800
50068
24827
15146
33401
43997
35466
82890
54100
11196
47506
23656
23840
92770
45419
49016
42282
13385
76236
85547
51367
65157
41223
64216
64687
56296
10670
57229
34975
94864
98787
65573
7785
36037
21375
83710
15217
1401
2437
82132
1128
56112
16421
16210
91175
71925
22575
27595
48341
69080
55808
26742
51867
31327
96070
71401
58268
72418
75204
26690
11326
84370
35117
92428
68260
78779
7921
39612
36608
74248
44535
23844
53853
49646
51118
36242
48091
61256
7550
86697
19852
91042
53574
86305
79025
15641
40755
66807
89342
1392
33727
5719
48749
34481
13400
19929
63532
29141
27205
37606
48069
6182
93547
90805
47514
50169
91925
24683
47271
28468
84789
69473
38739
62525
54448
22596
27925
51325
18513
20104
68294
67231
19854
89788
80976
49345
85620
7504
60857
16069
30221
41707
61835
78372
86269
50142
53589
78714
96970
80160
38909
32251
42621
51435
79262
46874
90410
86200
13307
30029
76687
39059
61053
42116
77911
40035
30172
35622
80169
50685
59140
60256
73606
61943
84229
29787
59836
8809
87246
47709
24038
92728
65511
25826
29181
7418
85423
97109
6747
56113
18169
62638
57687
18682
83148
60400
11514
8322
82654
32240
42660
83438
52407
77698
36314
63702
91742
95616
8819
22129
56783
63608
29336
55230
43783
7208
61644
97226
27242
31792
15579
88722
33136
3641
62334
33679
79349
1037
835
55864
66205
32721
87917
21304
57176
18976
5718
23170
86901
14206
94783
21977
28973
2948
76338
1632
69331
55874
14506
20749
2175
66036
71429
45055
73562
27695
8071
50202
99075
43164
51619
87936
31046
30179
91142
47973
26339
49979
69207
47936
92122
26086
5524
84567
17801
87158
34018
10056
91675
91599
70616
56638
41343
64473
18195
28682
56571
38426
447
25983
3106
94967
50307
64456
42107
7856
81147
97928
78518
98059
12552
73840
91570
59276
43512
41739
41618
85673
40592
90842
87535
99034
81829
1949
38379
64083
50295
83232
56614
28687
77393
5716
47101
90432
57010
45777
18351
76091
43645
23306
51525
25599
48583
77924
6768
36424
26319
35896
17371
3800
60847
45751
58360
61798
51613
51029
9563
32237
223
29512
2248
53335
85409
767
13909
77591
41717
50490
57621
64490
25365
12058
69849
72181
36541
18847
18746
34900
64715
70495
78589
25892
8141
50316
73747
88455
18946
80710
3050
94090
44955
97949
49106
38511
87062
26502
67763
9275
20547
73526
95745
46837
91210
71042
24281
77676
35333
27703
70680
4929
1801
24068
40610
12562
92972
22232
53049
97383
4351
27379
43663
40412
23719
42217
83758
82544
91398
73266
47030
89734
81883
41099
67042
5092
9291
24722
16471
51100
35749
39112
63610
28264
76728
72009
33616
63020
4069
81899
61623
85829
37402
69331
99723
91900
53837
82550
92003
47117
27749
12623
22848
91028
86481
72351
84952
48354
48994
22446
58913
78621
78884
26085
50111
51712
23708
45193
39625
66044
84870
87057
84598
666
15163
82586
90222
7188
29812
97430
11059
59845
89802
32974
85844
65901
64205
3807
37272
12278
69077
88518
60912
96117
57608
71470
49965
32243
2394
59700
65538
8509
68659
3535
50132
45044
76856
59748
30156
28595
82358
69411
11932
39488
86564
31315
41523
86233
95147
78039
59100
26353
91321
93458
26784
45349
96179
10719
10508
44838
47974
19394
33284
11579
45637
95605
63216
58375
78267
22114
83725
43076
71058
82356
92614
41484
28326
3320
75182
18633
21347
57160
49722
47815
84025
67915
17066
98194
82924
85184
30912
86206
65986
14846
99166
35168
37372
78091
24997
24165
72465
79136
45461
44466
59037
78945
14926
67638
88350
7411
43235
24785
98061
26842
61891
95662
73554
99571
41248
84940
15044
21990
20026
22569
95512
74987
47896
83253
81129
28434
43899
85026
56501
35616
54131
8021
1736
47113
56757
14853
38306
11639
99031
6127
34987
73227
66092
49879
66384
75973
52370
44974
57383
8415
89741
34548
54964
66005
36059
94262
87231
64444
23795
66048
77590
51953
29252
141
71377
16319
16850
97774
89581
88805
10728
77212
56761
59018
83011
31815
82562
79518
63289
16043
19025
82364
49794
27720
62960
88469
57487
24113
62938
26420
1519
84637
13470
38336
4065
68246
47713
3737
84948
65037
5272
67320
44931
10843
59757
52980
58167
44563
91689
10414
86044
87461
52355
10183
4045
16718
63503
83625
57800
75882
73354
66564
44639
31699
28809
81921
77436
56766
11890
80054
26262
89789
67378
11154
5711
62977
72025
95842
18736
67144
31841
54095
59526
79272
54727
91782
92109
14649
18225
95775
1163
87144
64413
75213
47385
74600
64401
2156
81670
25345
20822
13736
35454
14807
72089
11021
88467
71004
38702
29997
99436
79157
61648
90399
81525
6677
12302
64722
93716
37205
2935
32014
81775
58084
24131
96704
24382
32295
36433
22675
87063
85815
11981
41853
39482
28443
71154
4360
2400
59811
16928
87656
74575
18411
27463
55227
45834
91251
58244
78942
68968
77143
13596
37133
56727
73388
44255
56762
95216
33542
78762
24234
20223
55949
8034
32979
22829
14286
63196
20019
47378
95498
36244
96548
4759
12387
33380
73265
56777
13040
19424
57615
12325
30790
96557
93986
78072
3296
43488
25455
54134
16949
56471
9259
57415
65296
10798
88514
30362
42901
26997
68084
86013
76341
79422
7373
74407
50977
82800
76901
46087
75155
38180
84400
51216
78413
51101
19794
74407
20394
39468
1042
42446
73231
86819
6678
96328
58080
31582
55334
46527
51480
10448
10851
67347
84368
59307
96842
99100
33885
6647
93583
62767
90638
34041
80184
76928
89413
9495
99716
15604
47388
47040
25955
81561
3776
16303
46501
75640
81814
57582
25123
52429
38081
29894
42813
98197
3657
84704
61523
6125
96385
14886
82398
81301
20711
98847
76210
49093
369
83864
46395
5339
68027
55217
51126
10323
931
79666
14004
96079
90389
56658
47345
4976
37245
82741
83624
81338
25676
75160
88850
91752
68926
6757
45530
859
39634
40297
21863
11433
68719
41961
15296
16478
7149
32659
84076
50685
19117
55768
43927
98507
28790
27098
49369
43567
55518
38167
31872
56480
74245
32887
84302
23375
373
58605
48512
36905
18937
42184
45463
21745
32048
38991
95297
90965
74267
31954
93010
96853
17397
36748
10766
42519
88427
51305
66044
72289
5248
99326
86498
94283
59394
18824
72373
43713
56792
982
3726
63956
28719
71470
69684
80899
42405
2245
84800
84899
15493
71786
771
87984
43509
10383
1202
99435
48558
15327
91146
94403
10475
74829
26725
11104
98530
92698
37266
41499
1935
40821
14798
12150
82480
47953
66187
92252
16721
18027
69078
19273
41042
66115
46997
61108
92631
58701
1141
21993
73738
73019
83458
5116
59143
92722
15316
79826
83897
48256
55177
3687
45061
17330
66858
47303
84448
92418
89293
49286
19288
44644
42714
84116
67888
10209
91472
98438
31763
97821
54629
49743
53553
11044
69851
72722
4351
6772
80810
85862
90072
59999
20347
36050
48380
79106
48832
42577
19053
12358
18025
17754
13704
43106
48448
53112
89379
25151
13983
88015
36365
86398
34254
87253
3704
35175
42423
89392
57194
65840
34400
63577
59721
42632
57287
21176
49906
81409
15357
37749
22921
94971
21229
84599
76261
19049
59835
13906
555
50422
77746
63184
53209
58544
41459
95940
44087
82205
67934
32472
12624
10474
7374
69792
13752
21737
25202
35118
70324
78930
32458
24385
28159
51085
38188
83636
43830
11949
88191
15312
71475
56674
42669
80298
68583
83148
11284
61209
97117
99356
56491
655
72527
95366
87074
6232
62091
78804
37157
52930
53834
93344
14362
29593
7938
26402
3075
95443
31060
45492
50197
19106
82539
23154
11251
24862
44468
1771
52389
34533
61691
17469
88349
3209
86447
82759
77659
49035
69863
61471
52982
1580
88772
9052
91618
83311
21007
97382
96959
11903
31039
90234
29182
6578
98104
44425
61222
87078
11411
47213
13962
78621
47380
79995
29147
26270
62821
18410
48237
10607
27277
29644
69969
56821
99318
28059
75475
80131
59098
45635
37879
56915
71640
20042
91649
25185
66399
44444
62123
25908
15864
16923
48358
58659
28181
29235
35612
4910
41116
25192
32678
73854
75895
84513
1084
86830
22399
55176
44490
79516
19746
56993
52671
43501
2812
74192
30928
63287
26314
5871
7422
12967
54099
25752
72393
71291
9230
62173
64093
17153
88006
19942
1912
11454
1385
82568
94490
24708
22719
67569
28871
11238
10802
8695
724
24612
80105
60560
38374
62195
20112
93282
98910
78364
48804
57053
91917
98893
37851
55508
85855
75216
83304
38837
64153
91835
9626
32341
91499
5622
59809
18812
2494
55172
13926
886
23767
66148
31668
36130
75025
56236
83703
194
52969
82015
86025
14118
50892
98193
36258
91656
72576
27990
15089
24398
26371
4118
52065
66585
9732
22684
41830
95981
66495
62134
69113
14790
84391
82627
11090
88314
8000
17135
45016
23194
64082
5387
55932
83698
12917
18314
18426
51190
4722
89010
54871
90769
12454
37696
95961
22710
32812
40964
72148
56769
35698
10748
38850
44109
97444
67021
24014
29685
8206
26278
91304
70411
39497
21621
73411
61103
26039
30093
26268
2820
57726
58402
26649
61128
48400
27938
40624
65465
35575
61040
36394
49727
38959
1511
19715
25302
1959
46415
46498
84847
40269
90990
10613
16788
15005
20551
40440
19044
68197
27784
43667
99398
83684
78264
82361
33344
51597
8822
7797
86277
54035
1688
81970
15566
36827
6493
31708
30305
50497
64973
55975
77635
93219
14667
17872
29087
45966
88572
58617
75150
13796
3754
1319
83270
24607
25713
12766
52090
59325
93190
48653
93012
99674
97396
79938
1163
51773
23319
4433
64380
1041
74846
96434
68796
51153
58932
89325
75362
43551
11252
38893
26403
93373
8217
52733
48949
91483
65953
47346
41516
96540
64668
89640
58061
45982
39931
36079
73687
15957
82822
97290
49386
5520
87839
57373
11411
64375
21675
97867
10466
46491
53471
53601
25338
77132
56085
23488
59711
77970
47297
35570
85975
81824
26117
7638
38404
7057
87819
56254
97034
37488
73305
58636
10044
1449
18740
61879
96995
1
35269
80298
27143
87270
98066
74922
50076
88259
35769
13349
13161
61762
62415
85337
33844
38037
80367
36763
4653
16073
31504
49863
11150
53777
5359
60347
41593
73910
81098
15332
13133
3730
7421
93794
92344
3062
8611
18878
97509
70611
28106
85090
57644
5100
19679
45776
95335
53474
22939
4201
18699
91608
70249
30380
47698
53000
16865
83030
7123
39087
28684
93035
66192
76276
83936
45384
6931
7457
43778
36027
8988
28674
8890
50964
41624
68976
93711
60831
15563
19836
6115
46370
7025
14378
17076
19252
86914
26761
17790
63304
10549
95436
29759
19868
2970
78550
8012
40579
50293
50483
90132
15574
18198
81051
52539
31823
9782
9383
47911
51641
75422
62236
13239
93990
61760
91338
9279
54454
17013
54750
65416
73096
17072
10282
35521
46469
85189
50466
61146
96364
36869
93949
59165
43001
4656
22121
53170
16064
86444
46959
68305
54675
14162
72443
82105
49476
9374
96620
31250
40030
58833
8967
65210
52654
82297
12226
86490
25544
59335
75417
71764
71045
94218
54284
60910
38644
32953
76687
46809
78553
62737
28523
57894
72846
55817
86411
22018
53143
46138
90501
77604
15822
16077
62732
79223
81400
51150
25561
74472
10777
9049
63710
78259
22593
84148
28575
92768
70887
65662
66640
30629
35917
2335
87876
23921
86505
82099
48779
66148
50607
21474
53593
27695
69642
3793
67649
49856
79804
21527
59836
31075
16751
14937
1885
88771
98652
68912
59770
31224
62191
59091
39070
22683
84151
38506
40565
32062
41761
55836
39197
67582
296
63121
65905
74906
33377
7442
51636
17333
57385
75287
28738
5887
44050
60987
78233
99045
51102
40546
30466
71987
72296
58799
25144
27227
37335
93043
49205
21080
21461
37334
92877
52713
36613
35552
16455
70375
59628
21522
22370
29118
13085
95723
82319
24664
1018
36135
246
782
83676
43841
8502
21345
96366
80553
33802
69291
54473
80650
24822
43141
2646
39020
79646
47031
25697
57088
85055
37446
6527
30793
99100
46136
20887
57551
4908
28010
88231
82919
22091
785
26194
55031
82642
97070
10036
29467
49948
18376
52374
29094
75398
70964
30812
65873
36038
90712
24386
38608
71369
10850
19629
7887
245
73726
79336
45924
35394
11539
29411
48767
18447
54170
16502
21199
66713
75577
92965
66956
12100
2296
71871
46308
5581
4572
4177
96030
78593
12816
95414
78685
63990
51243
43979
61386
78003
38893
15395
6754
47720
4919
24649
13251
76972
64694
97605
10853
10725
15285
97508
59803
85872
862
70213
63991
73482
97915
18529
20076
30685
67345
43575
43731
38887
64958
53905
85990
66326
34149
60828
49777
63029
41047
4310
90508
83467
50884
26038
36699
33135
61237
1064
76569
35628
37722
39115
23389
64828
34395
6832
62726
53238
55266
36768
39017
37702
15357
6412
49471
15964
75157
21768
6072
67230
83200
40899
98473
8985
92353
18146
18585
19389
4771
93218
31094
96073
70861
64727
89736
56714
59177
27205
89229
70070
95597
39648
17985
76612
95658
8637
66701
40281
49859
12486
18669
18133
31804
75837
14228
65993
17740
39222
97296
47818
87892
95287
12681
97264
37412
96556
4434
97145
53916
48297
30740
38773
5474
21693
81179
23715
51476
50586
65035
88856
28534
13840
55440
59313
69815
83530
45430
3672
40226
24717
64862
99757
34630
37398
31308
8993
97690
78396
58411
90739
47707
33936
17793
29395
76102
59466
20417
67269
1142
13805
93763
97172
98701
73338
64761
2985
44523
96458
22545
67045
33394
46368
30681
86404
12152
15294
46716
69352
59540
5595
59686
78611
10339
86822
88125
34390
72372
91898
13826
91006
88255
24705
78991
67909
21394
76117
67347
9783
82409
846
95810
67476
51703
5373
39741
35208
82573
13034
45374
77263
29316
69161
43065
6968
77517
70474
9266
68576
8858
36767
76651
49436
91200
74317
54404
35494
84474
47624
27756
31545
95864
59709
12521
95655
41630
77067
61576
95783
34382
30119
30066
24952
39076
27251
35717
9295
16278
82104
66214
23319
83481
97075
47569
84419
13441
36670
69966
52356
96794
90337
32818
3595
18701
21902
76814
34362
84348
65772
31362
7757
90688
98627
19652
84329
18688
1143
96546
39659
67963
57396
22262
68970
58704
40394
87286
29455
85512
80689
36982
24894
90417
45900
73117
51140
17683
15452
31279
82588
15911
69893
83889
35438
10459
94150
73456
5223
95019
62638
15340
83284
58337
73644
6622
73925
72788
70120
51516
49084
75594
68071
46164
39484
9222
64611
27064
23301
25407
38666
84781
20707
43710
16330
25897
66143
57230
15385
57551
41838
84253
41549
54808
42814
8484
60348
26761
84686
88996
81670
33838
22120
52571
19875
96765
4180
84524
82613
82707
55427
13358
74802
38457
96966
28822
34526
67958
49099
21541
3559
46750
68651
99557
34616
59698
95609
90754
83720
19
70740
44971
37643
97741
9540
89936
16927
37584
93586
35728
63953
68430
72792
37880
27671
7086
2369
90101
98587
87191
44181
91048
2131
60876
83870
25168
42717
25184
42985
25052
23466
33534
40480
33013
80184
19713
76493
89156
96222
44568
86609
61539
77833
60228
71783
50557
83508
14909
17500
73225
99630
53152
1020
7282
28131
33402
18077
97294
21939
85703
21869
48347
50590
17042
36055
52698
93561
95082
64885
62132
42244
10237
51866
51514
94066
53436
29801
229
31868
9996
64952
86574
19610
15129
13201
55760
21470
90127
39770
96037
98275
36542
22305
8755
54403
96405
88322
75031
50164
8788
88783
58052
56818
5268
334
998
82509
39198
7467
91862
69918
94939
24608
74482
25111
56762
88917
51801
89059
53315
50528
51889
99998
17465
51331
4126
66535
80506
44235
90911
43236
72009
66295
92090
26088
82236
62004
15539
6008
27162
43320
82433
43071
73444
35631
46902
27307
65485
65048
82515
74561
62943
30927
37469
15555
61046
40580
1312
33072
65086
10923
45972
77962
18120
74558
14742
18291
91156
15756
32447
92137
45415
65989
70119
64596
3591
33169
26993
18562
4736
71017
2451
92870
34779
55151
67828
94759
74498
80708
8156
6777
75967
65758
69961
82269
56638
42686
56539
62781
25783
25716
97739
35563
85195
48621
76876
65690
89210
32893
5590
97687
91783
63254
14111
91939
60652
42976
91889
22510
38735
58522
94463
55910
78311
30579
72336
79723
43222
2134
19788
947
1038
42373
24250
77418
44621
52172
36348
20553
51313
85307
21008
38719
88323
44405
71587
56980
15337
24624
36537
60148
49888
9765
41188
38530
884
153
14130
24533
65644
67262
334
12084
38094
31405
39807
15938
70060
89066
22722
37024
46932
24612
72454
67968
112
52916
60655
62862
20031
20711
39156
26438
30543
75331
1607
51898
74181
41384
96148
39956
82942
20749
21728
29392
12331
2579
11268
22810
98189
41144
8323
16436
72176
28790
28848
62286
2286
92224
57699
80634
7769
4501
27474
8008
20622
23521
36445
82708
21706
60553
74193
92779
27958
12681
51729
51674
30948
95159
90495
18567
36437
11142
65840
2510
67378
11638
36036
63284
88542
97914
73469
95125
40567
96391
8386
46692
18062
30774
46934
66417
71869
20259
94992
65722
655
93794
91494
25946
9621
17012
96854
33788
27066
69364
61797
7198
10439
58470
52024
79517
26940
14377
37380
4096
19554
60925
70297
32856
79827
94448
10619
79490
19219
77649
24906
27943
63291
22109
76335
58521
39379
46588
88868
77999
30042
45809
45372
2176
92552
85320
56337
19310
98577
77516
38993
17406
97111
4643
35064
82185
64308
54009
27159
30654
1045
11693
9705
22131
3211
41530
16151
36540
34720
92448
87963
83799
91641
75738
68118
36485
17244
60934
64842
72083
73698
49022
58149
9373
3900
15428
16710
59107
99749
28290
74871
62960
69977
54000
34452
43165
15859
52443
63627
72175
68314
48164
97643
2475
48446
88144
15107
68603
23
80399
57984
6330
11252
28676
83373
10449
48715
3791
87434
70934
97545
4548
55745
21239
97396
58925
22332
75206
62128
39381
9560
21026
63100
91226
68781
19891
24361
22041
25291
37586
23760
30089
21754
18720
91007
26919
4630
76790
83405
60374
82911
7346
91705
11954
92803
23894
50613
71970
98572
17568
13316
30807
26313
35076
16797
25329
59255
33098
92702
29331
54422
94307
19438
99101
17811
25667
76841
68851
24470
63345
7361
2358
50572
55754
18814
80584
36125
24648
74996
63167
83015
22089
34795
17800
23969
57476
74855
24807
38709
95510
55803
20621
86397
81626
5150
62214
45045
20076
21985
57721
62910
44855
69368
66660
69510
59155
15922
37083
30608
90152
52142
44177
32716
88424
75969
26003
34385
60691
78892
61543
6998
26328
16395
68376
70697
38626
96005
6389
35181
37939
56322
47171
56739
44744
74629
91700
40911
70931
83319
31691
51087
97296
62732
76689
17180
8138
71377
81661
94739
38584
47061
52785
13992
90492
19933
92645
15835
2829
62189
43830
62812
74872
8400
82862
72888
70828
20295
55584
55822
89342
15805
62252
8141
11651
83469
29362
55071
30760
45539
29366
3939
239
33806
84267
56618
46660
89969
20544
20735
79584
58377
67829
22581
73122
2969
60486
41221
30271
46521
87725
78530
35549
66871
22077
65421
9671
99588
84393
49866
72720
16583
8297
30197
29969
71838
46481
12494
50008
56814
25946
14547
67273
34581
75767
72730
30115
37444
15976
25359
39031
48572
63081
6617
73698
13337
64790
62029
41429
89108
90348
28584
38194
27405
28842
62047
37177
62246
81562
87158
85981
94995
75815
97890
36544
98309
41733
47547
29304
3484
76509
48468
18790
82728
62230
54622
13390
89765
31527
72281
272
8124
92904
48940
53590
31195
33812
59311
36099
90472
91298
31116
70225
20105
73072
95099
65604
18034
43669
74591
79567
61894
70638
47961
39818
46095
45435
41579
2358
40632
14296
41260
71802
99835
63719
84642
78754
3711
36680
66206
6843
49863
5197
52439
61365
86071
78078
95444
23486
36713
92875
34215
79217
90778
29709
79897
16838
25323
11394
72755
17595
946
43186
78778
6792
39286
52219
71461
96192
38828
5820
66333
90611
75632
38545
267
81145
33810
25884
34696
64762
35029
64037
81611
96607
63576
74208
63496
67589
19731
55106
66868
55703
20403
38763
42416
68031
25457
9465
89698
38817
4595
75704
15331
89858
83818
57959
14439
35389
63307
22918
57715
4520
30931
81398
25957
77242
47167
34817
82245
77230
95661
72909
85435
31819
42047
26464
30089
53527
18397
19526
81473
56366
64208
61132
42508
7091
57217
25893
96105
96137
62819
85896
90503
80095
28353
98597
22795
92946
84817
44978
48282
34487
75356
6063
33658
14355
93806
97578
71374
40303
47184
66434
97909
95057
52305
20959
26181
74331
10111
25789
81296
50973
64700
58067
40270
31814
33599
88272
81999
13768
85173
35091
49324
57775
9367
65254
85888
1361
8958
57266
39107
42362
22239
97479
63269
27529
45782
18594
82872
99281
79135
1965
8808
29468
27138
38401
93115
97965
29750
95002
50448
76876
39050
50428
37856
45135
74471
37481
33710
47727
6773
626
39478
3907
14131
58661
59257
90702
54416
60124
48999
18183
4213
697
30620
40292
75704
78997
96110
34700
89831
8622
14609
41224
16748
79658
74983
21003
52803
38341
40195
6596
72990
82943
32827
12528
2384
94296
70718
49160
61936
20250
37602
3831
87512
28654
2314
43657
90597
86639
85201
33027
56008
47356
71878
86852
65030
68898
57876
38619
84307
95895
57899
56595
65555
40971
11218
74023
31610
94627
19297
77765
72131
57077
24915
24431
60086
28658
10211
14617
81934
20547
78986
73182
20904
84264
75169
99264
72075
68088
30756
66735
731
91284
36038
14430
53319
79127
81856
26713
59902
54269
98155
80563
57921
593
66210
56560
30395
21518
75586
46665
51496
97027
65061
43206
72812
34852
76285
28681
16183
76562
64481
92406
37034
32480
50275
20111
65294
12833
33690
15864
82515
82096
64332
22792
19173
19608
71811
31723
2558
39516
67410
55032
60224
69394
18966
68647
65827
43905
27379
63445
82246
72696
32504
69294
83110
98481
13936
39078
76276
91000
52497
23051
31299
82017
38686
83518
1242
85786
97996
98910
20684
9899
49759
33645
92868
54761
55622
84768
59092
13306
80160
32718
36207
86189
19643
79202
69751
54565
16527
39562
69770
17328
81666
88183
23682
24083
74441
33650
29669
17283
21271
90770
60481
99882
14272
10170
41781
16855
27198
95224
45477
95216
64276
68013
9269
37322
72404
14847
71873
8019
23558
4857
48232
91178
36891
1626
43973
67526
17087
64887
88308
80703
80666
8733
36795
1763
34217
14898
96069
72670
90087
54268
90963
76879
7569
45647
52973
31305
65753
2120
38851
4060
2342
40023
47667
47858
23757
49087
19544
53667
41046
36466
51166
7337
52873
64181
79202
23375
53505
65938
71771
66622
30337
32633
38765
92095
49009
69009
1206
75096
56749
94129
80811
53843
31497
13
75262
41401
98203
52517
62051
47427
42111
6790
85977
26363
58022
52564
86469
39695
96774
63552
67320
76095
14916
29892
30501
80343
1926
969
62786
39375
57081
21253
67822
52738
74850
13779
16025
7227
43421
570
54566
84449
96127
70319
28137
47961
65637
90562
62480
64824
50415
51877
25374
13908
57198
9684
86115
79785
72335
90143
57337
32969
84781
6718
48813
32608
64130
55245
57945
4398
90722
33381
10844
41952
15009
1313
52245
11711
23182
85617
89994
43906
18770
8111
52955
8078
40996
58838
78124
78652
29297
35486
92595
16331
90975
23185
8380
91743
38423
65889
96596
70906
41744
11458
35431
44492
64025
91535
74599
42609
52685
5947
45208
55132
4285
62855
31668
61183
57587
10973
99861
15700
66431
70698
23658
84722
33039
21282
3676
41731
16045
23621
49070
92754
30872
21275
18027
1145
52532
83782
14842
75649
33068
89408
96717
13924
58589
30404
62403
98709
94017
13683
37548
85403
33524
90181
24245
14894
37840
2952
20502
5448
77891
22246
8393
91633
7673
95680
16987
84748
94585
65709
32288
93636
34055
67245
55133
24642
90087
89733
48803
41638
57886
89152
84992
64613
97715
41185
34072
24681
82158
59462
23523
78143
92890
41765
37896
8398
93723
86601
21685
42375
94342
23012
12734
97654
10536
96502
15614
97045
91113
51863
76393
57677
93766
24892
51848
52513
48539
35683
464
97498
97896
84117
68835
4375
5619
36498
25847
67092
51734
43294
24034
53401
68490
37474
11118
72213
97658
96597
56326
94635
3595
41518
26393
80860
5222
5943
81608
237
47248
73713
99016
36282
68722
12117
32015
54023
89301
98743
84452
77645
45291
54805
41551
54272
45024
53688
51945
51859
31373
25986
5914
90494
72448
1234
21477
43491
33465
28136
61404
27241
13364
51299
58805
55003
79967
65694
60536
41119
16373
96908
88784
93256
40624
95344
52114
34394
51881
3012
91552
51755
24295
41326
93495
88019
9343
4127
35210
71663
22922
99559
66083
6962
9722
87761
59796
98072
37575
45570
39901
56717
78922
52519
52849
23368
55677
38467
70291
74911
83363
62868
26151
84570
714
13729
24224
27262
99612
8343
92964
80848
88700
74346
47641
82033
51802
50866
21162
52121
74945
62307
77974
44920
46968
27012
91239
51136
2693
53690
36749
75066
51529
84980
18127
15688
74086
63275
56378
45569
95394
66089
68917
52337
86176
3492
92409
71818
14825
94501
22096
46057
15865
83944
92621
10835
28630
29877
81106
68179
76871
65457
62448
22686
98755
64922
6601
75222
34790
8884
49807
72678
40412
8121
52164
88783
9252
47752
63342
89468
25034
55586
31168
47048
54121
10327
79008
98696
89183
5414
56483
18776
84067
70873
24826
50660
1811
4462
51653
41634
14721
14253
56089
66113
1415
94538
28945
12392
34010
11577
30922
84679
61162
48220
98753
84225
76855
19302
56171
16107
84369
96010
20347
55817
34447
7876
34598
5423
57586
76324
71802
21989
86238
3276
82839
55634
25149
32279
12489
43052
87035
7793
53828
83515
63268
80084
22326
54774
35621
22186
1531
89274
58705
10742
22904
9745
12948
25712
82060
67841
60473
15539
20958
59044
3347
68455
30612
76310
60042
94398
14516
94174
83525
43566
25760
96560
39443
65776
59193
12539
26379
40390
82793
4700
90310
69824
25508
74384
61207
46561
85943
59845
82752
11237
27609
94034
37708
81915
98971
49029
45433
18548
20022
98566
48765
65230
56912
91647
95587
42762
683
5373
96725
60904
36422
36420
79832
12801
37406
20605
24318
29792
82245
36629
60525
11111
76348
91416
7288
44767
60595
33176
15756
58437
81238
27250
86640
23262
11137
84935
45372
37537
39438
5472
77531
72809
62685
33875
14767
67486
18142
53407
14984
79610
79844
66708
78213
729
44160
19007
53435
75192
73639
96318
12552
37588
71917
67606
60363
9971
1469
53979
77052
44582
93004
51149
24408
42544
10053
39072
51749
45568
69452
76494
92295
24292
89252
51573
81402
51485
31161
9871
57406
62617
61018
91300
16010
68405
11351
30499
3706
97685
49281
16136
21024
11782
23136
53810
66291
31306
33082
21046
28210
91332
14426
75401
99996
57142
55786
89045
5622
6063
45200
87925
66807
63658
98732
87998
39467
96607
76710
82434
79025
84843
40283
46686
31801
12869
13992
3761
20261
76759
687
27061
52700
51608
65850
36154
781
62997
40641
16010
80909
97042
86796
97123
73496
31341
66909
57757
59223
32082
16149
69578
63185
73778
71286
57522
70477
9015
9859
13778
28336
24278
57494
72452
86266
46199
82293
72266
88296
24340
9775
4276
55574
20917
53430
10712
16787
50407
19304
37012
2659
65609
87979
81905
22173
89304
49721
3842
19429
88383
52731
88080
98007
21287
38585
80637
84329
71326
65280
18388
40073
77213
41573
66020
7280
56369
79688
99942
47362
27883
1462
18512
6218
83852
28304
27297
8498
88667
44342
39647
15438
30379
74232
26323
67215
46508
4082
28074
60175
74448
64800
99204
1383
24987
42182
39608
76620
13933
99735
47399
93943
65062
42237
14776
34299
93567
1735
35823
33302
39805
43755
83540
27010
64446
51772
7954
86819
7963
53872
62094
59955
31405
27964
770
50839
52792
47890
45116
55107
23845
12145
18470
49868
12559
24670
61119
10952
51823
39644
2430
32426
20433
35193
73704
59525
81976
97178
90502
25940
45470
60487
3352
5384
4801
60909
9142
12342
56372
96611
75771
10994
59161
36535
13120
73505
57512
66793
55528
11997
84171
92232
36707
72335
57367
95813
26640
12279
37174
86289
55915
730
15446
6496
33285
58213
47796
63879
47797
25441
9819
40960
84215
30946
1418
86554
10365
61556
99533
8366
14257
5242
51411
43565
65993
24624
69311
45977
18245
58798
59994
87488
18741
71583
24115
67574
74394
64008
44585
65744
81971
48150
43501
12511
95440
17554
95115
95735
21475
94331
34931
37043
79778
36457
68545
90193
66300
64312
7640
94938
91798
77400
27999
36838
52978
59325
38594
83885
96102
35307
66444
37076
91353
94177
57121
77976
886
78061
26041
85342
49553
87137
31951
50692
52696
22620
8130
47689
59024
96402
90683
2244
34953
21878
59212
71582
59234
58199
99810
15406
94919
8400
24516
60591
66886
9149
49823
15327
25979
13474
50522
65835
70515
83939
73138
13666
28158
78108
73913
6141
15089
89887
58100
67043
48973
42567
55501
50271
43391
59714
20481
4787
2732
59043
92578
11425
82775
20742
99173
6055
65993
9181
30040
32268
90015
22865
37138
14937
19823
41971
37376
74186
55695
608
12521
94841
27093
31458
40388
70262
99029
47960
88513
24876
51207
68838
13088
74313
99990
7538
76460
70324
64300
59990
55912
62014
37784
74377
54137
59259
10874
74332
94067
92056
34092
99618
65111
11932
18985
47990
5468
90869
75062
31864
61898
7892
5009
79136
13940
10746
15097
53402
95674
41377
25908
62377
62676
43120
37165
54940
22695
73168
39450
5182
51813
13824
50548
86582
26934
95768
24123
92911
97003
65924
27052
75362
54218
64299
58306
48194
89887
65105
24351
79701
70627
47002
33330
2080
60893
86557
14496
39074
75157
92293
76998
96278
10410
72791
79512
88715
13159
56926
20783
12240
47716
20111
78833
30980
68747
88365
19479
29507
87618
13183
40836
8406
95884
540
37771
84625
51014
70969
58640
14088
45904
54450
11807
18797
24443
808
55736
56268
94058
58786
9742
42076
48163
89488
48707
52103
44573
1874
34165
87106
50205
57945
50304
47785
44516
4771
45201
57294
6872
45012
91998
60636
17513
28501
49495
83772
37138
62673
40077
72752
31759
192
80334
16621
73928
1413
62985
55319
63045
10568
91756
39253
91331
93319
57339
20727
26170
42453
13948
15071
84085
92668
67179
20708
85955
91388
22011
22380
35395
71645
72190
40672
44804
70063
15509
77936
41841
88317
23631
58146
60299
14714
9929
30793
9868
45530
15980
94618
58860
56894
63217
65629
71689
19467
31198
46822
47202
10177
28826
46621
26053
23239
60141
46134
77353
18252
29126
45989
10406
87241
80905
77668
37291
5780
29240
66040
8150
