92462
15043
13075
45608
74614
23865
30468
35821
97053
67702
57355
28749
20970
39400
58371
61023
73738
71482
15478
79454
10362
95026
54272
18626
80977
31945
30417
21234
41821
49003
64571
78366
43317
42381
99468
76017
25222
62554
18275
55566
45219
98841
12404
84149
49298
32568
38334
98821
67209
9837
34949
77683
28967
68172
46112
81316
29472
63350
65546
39995
89345
15228
30320
77798
19407
19393
99844
94174
58792
50641
95149
52383
26134
36130
6033
2456
29080
54484
86003
97933
13404
60486
53020
33678
17625
12229
27082
48911
7383
54947
92249
63407
68021
65948
76652
62785
14421
90374
10770
78408
80476
71322
90070
44351
68325
90952
942
61893
68389
70057
94548
44320
72704
83773
15809
8840
6956
98158
5921
52446
93867
61961
80150
53139
83055
52324
98314
58496
93183
78086
58361
66214
2698
95034
54515
9481
49959
38916
92747
67723
14739
79875
74158
67647
72756
20308
11887
7718
52142
33009
89899
84697
61493
39347
86455
89235
67317
54999
56763
71515
49792
22549
79733
34720
21591
39925
3087
68018
47501
73293
23285
78308
877
81720
66151
55285
74918
91692
96146
63266
57408
76736
13086
99320
34308
44913
58349
83376
72919
39738
67466
5300
41749
5931
91282
40586
56905
41891
2594
37985
17466
71438
33771
70230
16122
67781
41156
51148
53159
82046
99120
42699
29034
59089
95279
58325
76266
37668
98669
20086
38673
31974
92260
17499
10341
14496
79977
8954
32679
93080
11708
22507
80156
21679
44651
40397
22699
72590
12208
73210
79750
37374
71181
55137
41624
89218
22295
32862
70198
66671
83147
83553
52346
17701
13883
8381
9861
37228
30359
45435
63832
41521
42024
63039
58658
66891
78947
22493
68752
6614
8284
38519
61497
15331
38713
72540
47292
11384
2926
2056
93707
15778
83598
61862
1748
95361
14190
47413
52104
67115
68027
17397
23669
10660
36436
93937
98688
55738
27053
90544
38520
9929
84012
15958
40218
15954
87272
81687
88228
77188
20446
73536
84442
86312
59510
58732
98774
5823
73391
95897
5705
74353
98411
27376
81978
51879
2358
75338
64155
75960
94156
85125
3519
71381
88136
62943
65279
51131
70024
40568
91845
88950
67436
24808
15636
20884
99934
19711
11449
44835
91275
66629
90807
28460
53372
626
87501
71706
41270
54429
63140
32631
18831
40642
33095
89001
72996
52183
81219
78782
91983
52266
51369
34305
54232
16609
97334
61977
37398
62903
17961
73148
89784
11409
74476
99197
38434
31221
94358
63200
11028
798
85687
33019
31929
70903
48709
23531
7308
88049
58574
65321
48859
97444
24942
4878
96984
39764
97678
3756
94750
7572
97605
57487
9031
1713
91582
10425
287
82242
4005
67340
26133
81193
25281
16218
24133
20961
40060
78407
9967
54423
79035
60169
71893
142
70083
86329
37531
9850
51117
18471
35742
84085
75462
2262
1405
17929
51450
72379
51130
78262
80189
2423
21323
579
38705
95958
38303
11054
12889
16203
60930
2084
59548
62711
93056
112
86208
32569
171
67318
14805
12249
86415
6934
94384
86239
76527
3210
19511
42855
31336
88423
5976
43198
65447
6766
69441
11580
90632
73365
32007
82124
89860
34541
7442
1423
86813
71623
781
39651
24902
18840
98281
44618
51862
55908
52019
87391
61522
91934
26214
96203
58859
16002
1454
90358
26996
36486
97398
19698
83184
55230
17899
50239
85770
51894
25247
69836
65653
42136
41343
90778
83871
77010
35212
8086
42912
44749
62573
73223
33488
91431
65425
92256
38823
15566
39413
17322
81344
59452
39657
52021
77189
8861
42093
33267
34110
10613
54223
19333
31042
77232
13689
90381
53405
21392
72815
4922
98246
85407
78254
22479
95429
14740
40606
61863
74722
50364
60867
49499
13465
63174
43010
88074
39098
94894
45115
64059
94663
33701
44461
36047
21577
78981
14099
52842
78725
98761
37826
26699
65438
94280
25141
85705
66555
22155
51172
3600
81348
28249
36389
29841
27458
57413
41277
77242
66425
69384
450
54987
3909
89639
89726
93965
14487
85222
91739
36334
34588
73061
59104
58121
86123
48144
7671
49806
78322
41902
3582
70814
83320
75299
84994
44400
13352
94713
78181
90368
31101
55499
76220
79848
36119
62473
23514
9422
51508
21814
19345
42654
87454
87915
23954
60688
38923
55990
12877
96163
98325
62717
10850
39968
68888
17401
42907
21979
44424
78425
95905
63492
49774
41827
31765
44370
49883
59802
55774
58249
39236
83118
67852
56778
64089
81097
54150
32839
75949
37567
66896
90543
13296
87753
16094
22346
79140
93829
88506
67783
60374
78957
9215
54406
16909
98327
89045
60067
45031
61385
67429
61781
67065
63099
62860
22393
1346
86968
90240
21547
96404
74757
64927
37555
7823
98725
52959
73878
64240
56029
58221
16112
1579
86270
59309
19196
36730
80689
94366
89330
47340
41083
38224
23638
19567
5932
29909
23021
15388
66336
54841
85185
96410
46954
42121
67032
9824
33609
42903
27818
72410
10322
97037
68491
37085
29098
42600
77097
79872
69509
56756
92004
22176
45311
46293
83397
73065
80289
8571
43068
5128
14840
92913
16943
11403
21121
69966
62602
9602
69086
12037
84178
17083
80875
78641
21943
13883
22658
16724
9853
34955
86874
93641
61026
11643
10503
48268
15327
23507
81715
17358
41705
35911
31606
49985
97507
14805
56164
98844
11389
78896
19400
36438
83171
83342
28368
66606
14158
69413
89494
91496
63958
19426
42640
92301
74306
61423
38684
53032
25000
12397
12774
86159
95722
9680
73343
54353
78969
81201
6799
95867
85556
94205
57515
3066
40203
17866
6599
32979
73255
77276
71517
96320
2429
14256
58235
66820
95963
12660
72840
44146
3816
41471
71784
79995
33652
578
66539
65452
78637
31432
96955
94468
89272
92277
27034
12424
28689
23045
9197
13166
66862
67509
30076
12187
20376
88992
57586
78370
89643
42817
17
29646
46562
48708
45122
59507
14220
73398
17542
33948
41570
66472
31517
77423
25241
1701
57930
97557
8530
86246
3232
52811
42151
21891
89104
2193
23086
65506
73422
1941
29350
46716
32262
82434
26289
95159
98307
46609
95295
22509
88620
15908
78299
52151
39061
68701
73327
1931
21086
62674
70503
92607
85095
52596
69665
40115
54211
48141
89637
26547
31451
68198
21812
56664
48211
67719
68083
58293
9216
21822
67443
59853
16014
81125
80589
1230
252
38807
43154
13364
69403
58826
58582
82691
33609
52965
69064
55195
71999
45558
59796
83959
5958
43185
33784
6550
15073
24830
84455
22445
34212
93269
78737
84312
13372
29171
54777
6864
59846
65648
10199
84333
63596
29512
47249
82284
4098
19763
53686
67865
48565
24983
73191
42028
65452
98306
53816
49560
85155
374
38982
91325
1422
68364
82259
78677
4556
42254
70267
25400
80067
26408
65153
87551
23176
45079
61954
65763
28927
62434
81380
82349
21744
12357
32550
71647
30425
61688
3177
93508
4691
59866
84277
78364
51423
28997
1020
69825
65290
97911
66520
16259
55057
19050
30260
41283
43044
76647
80905
83476
26631
16940
83189
60239
90692
81507
27497
10395
18398
24070
6935
1124
29495
42247
11168
66036
51812
99562
10240
29114
21268
56345
3036
35309
12903
92238
22998
19681
71296
23716
73717
12383
86145
57742
77406
16495
53018
84916
52466
19867
20416
86978
74175
7172
65305
79861
43573
44446
89359
94530
17332
81335
47366
95438
46710
27069
68338
5563
5544
62248
22772
81969
61493
81609
72801
3593
49942
44141
54865
74667
48833
562
26894
65379
30915
10985
8531
88876
49878
62513
8384
76041
49515
69016
7868
9491
15415
5673
25059
36722
64456
80986
3044
79596
88091
94480
27177
64249
80718
9227
9452
75307
59331
79418
10450
96517
87578
4195
79004
78399
50379
43885
90532
50087
55274
96694
26107
29547
84215
16338
92673
61577
59487
46784
80347
34875
49202
45110
23757
13832
62180
82713
65505
24325
66664
23996
24780
79380
56008
74074
91401
57407
17357
57821
68863
82691
38499
29576
7594
13771
36341
46006
62857
7045
1918
59271
94966
59181
64384
31809
29762
6426
15305
14120
51940
84686
86342
9852
70792
26988
12033
85204
71038
50079
48543
68730
30509
69824
33952
21845
39370
28476
67087
70694
41421
85774
22628
13623
71704
9984
15864
79973
22294
3239
12548
34087
68836
14659
27822
22168
48704
62374
17378
23290
77163
91380
21396
85499
16074
20686
59242
96131
47406
6693
22939
49566
9115
18225
91218
10080
88037
40504
93395
34131
17153
46350
60807
42725
53807
66652
9882
12503
24888
60584
78910
55949
14133
83780
3500
42978
91877
62263
37787
83645
32747
63650
73144
59136
51869
46392
38643
94073
43608
47648
98522
13092
1693
38844
68320
65120
26267
90854
7153
88102
89445
39203
38553
78930
90519
69524
1932
45697
32782
83108
3017
94314
31881
99441
43367
94477
40353
42321
45503
75853
15017
80150
58991
51800
60858
20947
29379
43338
74625
43961
44150
12464
2686
6527
70432
31527
97002
44922
4572
85350
97049
93988
99495
28701
92674
79080
61988
34771
72172
22297
1355
86284
64275
44354
65254
90120
48550
24861
57712
21098
38342
53524
49010
97419
56720
55852
74544
87734
82015
2425
91980
10674
82326
2982
95937
77841
35175
43538
13090
68115
88729
20446
10356
22714
52204
85244
94000
80416
62454
3190
71403
80864
62869
82706
85079
53636
75392
85014
53033
70779
8890
63932
70408
45229
15263
88229
60156
1589
79146
35282
9111
5761
16879
99294
33276
40211
35989
12756
83877
58030
33439
65627
58978
34472
76870
60079
20910
59038
44282
31792
66626
57052
79066
84114
60118
37372
47990
24618
48417
56663
18472
49489
91890
87602
57768
62081
17561
6429
46235
18449
49662
89690
65936
32493
5138
64125
11954
42172
32366
90431
33123
11118
93212
87079
4956
69995
90048
58840
99995
81118
78661
35482
24803
70755
32229
73595
46221
47048
49032
6212
84567
68179
35676
90514
11654
14382
4218
81834
6837
79792
7452
61438
27560
77165
45261
92358
6787
22829
22453
69358
44018
49001
55801
34799
21964
34316
87177
76290
64196
25339
47676
22898
52642
89642
18792
29409
13334
11826
69880
34271
91023
6866
2570
96971
51963
46834
44655
14220
84371
81872
27462
52745
49844
54757
18568
8549
59732
88264
1606
90700
54238
42917
23076
9000
89003
60174
82565
98919
18884
64906
66689
51740
96467
33834
94946
88933
46148
13731
6618
91825
84797
68913
67144
70821
45683
76740
25359
87505
66244
6434
22986
17708
1043
34960
32282
91670
14377
76954
73334
75485
13888
45205
61653
82678
41193
84548
74
7574
7759
37584
57294
94679
76741
18448
33399
30955
90776
81759
2417
75020
57772
90875
53788
54877
64019
40005
55734
55045
82909
40537
65868
20996
32478
34705
77306
24586
85434
74622
91481
49214
63297
85679
44076
9429
74892
95020
93436
45932
9113
73739
32725
52325
77052
75437
60676
83045
28894
5050
39035
35206
85101
29553
33991
46530
67301
11659
33158
55283
62146
86226
74123
42848
53403
28573
55225
48932
28128
42330
99146
69184
85017
29672
5456
61134
93661
68184
5116
20942
58746
70930
21970
37698
39831
37499
86093
85111
3483
52896
7281
85536
86968
84969
97573
87091
71309
61821
4883
53774
12701
665
47411
53125
59707
94361
54380
88162
18087
40625
2143
57328
89215
40365
80438
63800
27186
74173
51499
59350
92002
50399
37963
47695
49684
17727
12315
92764
98404
65898
37622
98828
98876
59217
10456
43480
9886
19113
71255
26619
28643
45019
62206
12291
88303
19960
18719
94644
28268
74222
48094
8147
68047
77618
33730
5396
40016
22794
9704
91927
84504
86235
2306
5622
61411
20668
72877
72418
66289
7623
62230
92983
16989
38371
89664
59921
43877
710
59325
11420
24357
59569
9287
95709
74449
94482
53737
67182
48253
3093
28131
53418
12433
26529
1811
978
4626
72749
48431
98055
38954
91526
34803
81329
37774
13570
53531
55494
85288
88278
7017
82913
44193
46402
61320
67033
29689
74270
66464
33854
14402
8317
48606
21635
7777
82040
88696
90112
3695
79139
44326
19139
72510
50975
86438
44283
51755
11700
23703
23498
88404
11326
44235
13346
64367
73904
63094
18847
87921
8116
70870
7248
78938
99319
60077
70251
94701
52310
59040
39381
66632
37778
78886
53902
19870
90109
6944
1195
7251
3273
95706
42903
37735
35753
30304
1372
32794
20963
57903
44910
19169
2186
52254
15118
60278
48605
40477
7783
42179
43976
92190
45375
70133
53348
79070
43461
7696
72082
77015
14972
52062
51254
37369
23929
17693
42725
60263
39468
58089
89525
97461
26709
89527
1518
21569
75082
57944
26790
19881
10982
60650
64350
10612
86168
32551
57158
74759
29326
19472
69884
32763
13262
54185
30515
30886
58211
86474
42416
61444
80566
10433
25294
83704
28425
31554
37672
29849
37045
45635
97336
8129
95269
28592
57781
65190
18398
42864
69478
96724
54866
34341
7036
9356
93402
66512
61739
35921
91130
40542
87823
87416
77192
69436
10454
23736
26357
41927
75129
14936
23844
34544
96908
82788
72745
65716
95339
67913
15669
28751
59536
38328
96366
52056
92125
57388
53045
68406
53820
81955
14190
7866
69456
59195
63247
98143
41735
79133
84203
69079
19986
91076
41702
58364
84209
22647
71465
60100
71145
72818
43729
77244
98011
79394
62019
317
72778
54891
76297
85870
61729
75996
79263
28916
65179
25656
10838
26443
76638
86146
58636
72513
60200
40933
85522
61434
75089
81169
10122
63934
51371
15613
35023
79731
77798
83362
59025
96491
75829
29120
93243
27482
48554
4046
16903
71807
21145
33929
37859
44718
43953
52115
87556
90225
2035
70971
8973
93550
58615
7353
60951
86045
54354
79517
65621
61462
33917
73384
86233
24773
39972
74164
37317
48670
97233
19613
79058
68425
10888
85632
99969
46290
42658
32141
47181
66038
93890
90890
28007
89243
7512
15207
10823
85785
30848
92097
33525
75424
73124
42753
44719
37165
92256
34607
98673
30236
60308
36863
39227
20218
69008
74015
17499
9093
45543
24600
94131
22625
63998
59059
30132
9083
53546
23749
49460
33490
54282
22670
88240
96587
45646
23713
80513
85350
8977
32835
13312
48882
73369
32758
9231
40617
35646
23459
10366
30538
88120
12165
81276
36477
98998
35867
15673
69558
8782
73681
10589
49291
74439
39231
75997
5491
48495
18018
87787
25225
81270
65974
82991
3505
68013
14576
41072
7381
4331
87488
45592
7408
98097
62056
85942
82089
15716
79169
88684
13356
17275
94703
92042
21130
76980
34098
85867
89977
49716
36833
87784
54035
66893
67480
52810
26448
81450
71059
79514
20219
34768
38680
96336
41891
81871
69395
34827
93772
42443
3948
60872
65190
82410
10426
10561
82915
65922
84434
47932
83607
85409
40605
29961
98072
3295
28772
68174
91434
70598
82424
90764
31759
79591
71045
88966
46686
65362
87220
26511
10496
82275
52736
64082
4366
25416
89497
52172
43856
47617
57518
84742
93545
78137
30828
77642
37317
74250
7171
71577
90533
72442
19076
76345
12348
56411
75503
24495
177
20328
97122
45849
5112
2779
28185
14514
14132
54923
80652
88970
11632
75981
72837
27776
32480
45664
48953
57300
95425
40121
89691
50546
94402
10418
47139
45916
63106
73783
19371
56067
1116
97358
62942
92907
11534
36523
33519
57781
83637
5122
87101
67630
41244
91608
92759
33007
41086
78958
44141
64292
75757
23424
76844
24294
97172
22729
1790
87404
74795
86994
85773
48737
32216
48407
16503
70576
92999
55772
49695
13495
43455
87359
25151
51535
10573
40853
33926
11246
34189
89038
10579
85115
10924
81958
1488
76026
82591
99224
5219
7147
26433
23400
87036
47346
55363
38635
88136
32679
43766
62064
32385
69925
2457
39104
51465
93650
38499
58310
62828
51129
96665
89502
33717
51562
25998
1416
81937
4251
54954
89032
85788
68458
42149
15195
88660
43495
44493
12261
67689
7094
46488
9489
76855
28497
17272
26932
84803
51719
54356
59298
47402
8922
48818
34282
59253
75363
98335
67887
11362
42281
55423
45743
68849
20144
93876
41536
27199
23199
18845
28001
46299
36902
9736
62126
10081
6273
80187
65187
13431
30709
68040
73478
31196
54798
85529
59227
37497
61724
31692
68294
68160
27449
33133
41881
23734
69221
10957
62110
20169
77187
45190
67744
64985
51713
55346
56601
64039
70343
58717
4175
71775
82548
70062
34166
30234
88320
97849
46080
77791
48369
85477
97795
57548
69334
85731
69154
48401
52083
64743
47692
88728
41629
46946
29432
55475
6754
22150
56975
15130
11894
63616
69696
2108
548
8175
75709
19838
9108
9791
23491
3455
16479
19227
75866
20475
97756
90585
26715
63991
40241
13645
31387
15328
21552
27483
97830
54052
79607
89799
33133
95561
4800
61092
84126
31686
20894
84663
47894
15082
61924
26684
4132
4317
61329
53004
13130
11147
19267
18757
3948
64944
54426
10694
82863
3406
34430
4332
69028
11618
7417
66149
69410
26226
91059
11253
79836
28915
4956
95147
14398
31240
41183
92346
12968
79213
99079
23807
32135
63283
99908
40373
69022
60057
69896
18452
32844
5557
69939
63467
80500
87546
7941
96615
97217
38778
4706
8150
45602
61227
40467
77084
43709
78550
80918
64030
28352
9760
28306
90755
45324
39019
50991
58950
50822
99181
85288
25888
87150
93473
47951
19928
19009
11965
39535
85736
98777
98453
5512
21566
59428
66013
36636
18324
50564
83477
99077
80318
96609
15839
67379
54245
74810
21237
4038
57887
26178
4048
30216
76684
1262
22636
14118
80396
51767
78832
43658
96330
49293
69897
35931
25951
39606
26605
15722
80159
97073
58081
19598
88789
10901
51597
13710
77911
156
43508
16801
78199
85306
51225
59357
76611
46628
44966
44020
31316
54119
18695
47135
48054
45120
5844
51763
45061
61625
23198
33079
73546
18097
20311
51269
73316
41999
74248
39287
956
29373
80237
20273
25718
80144
25430
45883
53792
61017
33639
4017
23452
80996
75435
3525
82335
27899
13949
87554
6620
70483
37955
91693
75736
43950
10310
65645
81038
83742
10890
80324
43055
3580
35261
21627
10045
8112
56307
42620
98379
94471
52063
97109
76650
45634
27533
4148
13428
90235
76469
42387
10056
64422
92020
12759
3806
71201
97920
8165
13676
31257
25826
83563
96271
33232
5663
79956
51787
89383
76236
43877
31494
26832
93658
53642
16366
90181
54026
88168
27247
84259
38471
17537
26701
75443
34648
79055
98006
93327
55104
24999
75619
76908
45191
2775
36753
24188
71937
84610
81504
75278
26811
41667
1520
83361
32500
34263
87603
43442
64795
29329
75544
53754
95058
91147
69327
15467
75462
68926
28400
65723
66862
4020
95586
59501
77859
53305
20136
37713
73569
777
31670
54588
6309
7479
66052
49032
80917
42344
14157
63240
5518
87249
81669
84531
47937
38117
71792
329
7345
59942
97493
4098
19444
47917
64466
82438
11887
1285
16177
49119
92428
6029
26108
4769
76101
79712
82007
5780
72155
82161
82251
43760
30098
85844
11288
41716
7080
81177
67117
15121
75203
18853
54218
80038
85847
46312
78258
43912
67345
63219
35219
18873
76170
64009
87196
18509
55470
46706
82747
2755
50915
29932
65765
13010
22807
30013
49366
50787
18541
783
36348
97321
57893
6087
47409
24989
77180
52696
14130
59497
53079
15028
35165
95987
72438
85111
17951
99845
68810
52160
20073
33911
17889
33370
76710
96166
8635
96814
73665
30937
91931
63178
96585
89822
83339
54798
39755
10355
91216
30475
83414
647
19751
29318
19909
63328
59359
82715
29083
79370
39977
32022
94725
21639
21991
57713
34742
46396
94070
77030
96148
2813
17479
36570
18100
82774
56449
19036
3703
14607
99582
87877
14267
3553
69608
34599
90326
80009
69181
52820
97792
66697
27689
65022
87530
70434
86002
30878
2251
98714
25623
9381
4981
25916
80943
53259
35751
8060
52915
58462
26016
53656
4172
98354
15719
46005
12799
65857
87228
61121
8062
24127
67194
8192
87724
3796
28259
47648
76325
30358
95459
78396
13432
55944
26524
69705
24815
36244
72177
98184
70080
8144
56247
4384
1947
66601
15975
32271
66351
32924
46933
98708
93391
64283
9455
22381
26794
8587
45490
21633
54953
55399
54657
99037
93528
57187
88152
21314
4049
23086
57821
39772
98708
97858
48699
29769
72259
68225
49794
5776
84951
49914
15700
3922
35071
92831
18932
27579
4926
89281
40543
64048
12650
53067
77685
60721
92580
22608
91198
3181
14851
51878
38620
94351
53351
76544
11270
84041
69625
46787
34716
26412
48495
88944
27240
40878
2604
62281
30114
98363
98303
81067
82519
28747
56298
48890
91390
39730
12651
19070
2167
43265
67468
40957
49356
87437
34060
60308
21499
17526
59672
77549
56799
82216
9337
63133
97910
56643
39740
45521
35165
69968
72619
20505
48051
97089
40509
98069
77539
32240
60281
20949
89979
67805
24668
10992
66447
70549
21875
85412
82027
98069
1449
74461
23256
65468
95845
36306
90317
55969
19519
44095
39683
56325
62234
69970
31855
84896
69070
55129
54356
49282
74937
79591
45544
30370
98214
25963
33228
92795
19426
60199
70924
280
42213
73375
33675
40042
37887
63070
57932
77460
46551
53135
78537
66230
61055
98395
56243
23572
72666
1294
92317
17152
91062
2725
88330
46257
22931
71353
58355
37194
80816
51886
6653
98513
32757
99294
88477
39636
15926
74232
40532
68089
15177
97208
47830
41658
60659
19068
29103
20307
31968
74440
56255
26980
57471
72748
38453
45472
7226
7781
59839
41095
23911
73000
20682
63388
27568
70181
73710
16051
17347
28
13983
93197
44716
60100
97015
59999
8335
84223
4084
5111
54100
65305
12650
46927
54289
85897
62105
55121
867
54121
57612
59229
38231
18700
6731
91009
54951
2371
46678
74778
57141
60374
40369
87406
37275
41634
24970
94531
8601
65364
88439
77439
1580
8615
14903
52339
12800
42614
42665
8433
3003
75772
23132
16875
75218
10766
17490
96075
69889
62789
43624
95180
38830
93357
45938
12590
36556
99166
86243
85793
26417
45211
1228
48208
93950
9380
97469
11568
4714
92054
56289
8669
16296
94649
12304
58052
20942
68063
53258
7893
39522
74093
88426
55850
78171
30381
58326
65316
10591
12373
51810
13850
80638
25583
3044
88807
17419
49685
78662
93949
31665
2464
18939
11724
41425
98253
9246
60302
24468
3326
51867
92350
70179
46460
89764
47796
26351
23608
95236
6
66027
92125
90588
26328
68465
59292
65731
63109
66567
35936
48981
91687
64522
35629
99149
27783
86681
51169
22424
24883
85345
94841
22773
22613
46021
45773
79597
49726
85046
70190
3247
5131
49643
49356
39973
23026
62070
67054
91882
85513
3606
61857
64970
79324
78624
21883
18073
54953
40059
7289
99111
59361
44816
46985
68970
12995
48866
16583
83045
32062
59297
56513
56630
18300
52267
45214
3227
7974
44627
83083
99395
46557
3058
53251
44848
22907
56624
83923
59495
14843
28394
83509
73356
75882
57795
32309
8588
59583
25964
5719
52183
52613
59288
91148
74787
24462
38818
12051
7075
59908
45660
76048
8533
28953
39
35515
73915
61397
94025
82265
79529
98881
49976
14328
37548
11006
14750
21215
14142
9911
7935
20511
34550
51542
84852
2291
50031
74536
75045
73683
90464
89595
55671
72591
8674
93451
96284
52734
50385
62836
16137
41692
11601
98930
28993
55428
58496
56900
5536
41014
76060
87930
12602
39044
86856
34463
98592
78939
67462
63999
13717
59151
76092
30060
69658
45896
40743
43005
57065
75413
87982
3969
69845
58567
55287
25892
25819
75821
70643
58205
38667
27121
67305
59930
28565
66047
59273
12714
76840
12264
73024
54665
74376
9751
25605
68912
20619
15163
34455
21871
33449
89313
40299
84894
8389
70425
7869
76203
52502
1135
29726
20087
18716
45222
78414
75341
36694
24792
44312
18319
41447
75693
62589
66666
24910
9232
17409
53742
16716
86005
48690
83762
79391
21386
31811
97375
11961
82432
70169
18589
50230
58528
16436
75790
13028
69507
40893
56305
96955
3093
63172
10621
40432
12779
96684
41299
86137
46348
81634
28107
47157
19681
400
28753
96497
41388
61501
65900
27600
3788
92410
15164
40543
58057
90687
64835
31968
25574
29299
80865
93841
47596
17262
76644
49607
57037
41737
78278
95660
67272
35526
745
99630
10618
8268
95985
79459
40971
92460
24571
96818
31493
22998
8685
40511
87351
85352
60920
1192
92626
50801
77713
87674
14402
60676
61098
73269
46110
32909
34047
14121
44044
8125
56468
58797
55503
73184
63782
21282
99847
47785
52554
642
41824
58210
68464
15660
30473
64249
67430
32305
99511
8013
63671
68899
5336
29182
35568
3935
85155
89030
97180
62169
74469
38544
38913
44540
77187
93534
22379
3413
24886
9856
91587
76538
5806
61786
18247
69360
84800
75887
9574
32045
51958
47147
80487
36151
76806
63496
54019
82661
57224
29203
26498
97119
99941
5333
39167
36864
36577
80018
23481
22116
71626
10664
70632
6100
90568
20533
45377
39358
34831
12487
63426
61993
53135
36140
13656
91899
18670
75298
81161
61081
36323
4197
89883
36570
39019
2220
6483
88833
70104
87318
94430
41178
90826
89697
96137
52392
56007
27064
3059
69531
81098
95948
74233
53877
21858
92245
11276
70317
19805
10204
83131
80074
78505
6853
8567
4432
2331
36802
4200
18894
86983
90631
59346
82786
21886
93926
39014
24845
92015
60977
57687
40982
1497
35079
78019
99458
26557
27053
42859
2790
18257
56489
17052
21610
94687
56427
95969
79561
34362
91907
87459
38187
35475
72350
19837
27660
77201
78477
41774
19168
54372
26782
74850
3625
96631
71023
77063
82068
25178
90286
56123
35923
33873
5994
54246
35138
18869
25432
72495
71571
74085
21651
10324
7122
73567
43835
76088
76073
83782
90679
11381
64395
70188
46651
15343
38109
55152
52013
16119
33318
31953
45165
94299
13315
27595
73868
29094
37604
39937
60326
1705
30807
22587
61418
28146
56958
45754
65816
58774
69068
85346
62984
37060
98224
89616
22244
28320
8513
67356
82435
6024
8725
14727
50523
67049
27587
24781
47882
98012
88329
43965
75411
747
85897
46494
62739
14857
37804
19756
13867
90337
42832
97545
81966
49903
73370
37568
92869
29172
9668
17888
112
37431
49073
34054
55244
23091
94646
1663
30376
23761
70434
79113
22261
47616
70862
89560
58053
57003
44209
85814
89364
42513
84980
41787
81399
2375
1220
84520
81774
92859
68545
92138
62327
1886
19461
65944
53047
49988
94647
95780
29124
77266
87664
2331
68009
59119
98979
77401
66786
2766
44430
18229
17962
78107
73892
18441
5088
92407
77274
33515
33435
8069
76653
47298
76928
33039
70663
73572
22502
60691
54132
35940
20210
77463
48148
1557
51131
24413
93611
18210
50309
1844
14255
67907
71104
9788
88985
89946
68896
66151
32728
87388
15824
80655
44230
36016
84288
4883
51091
99245
65070
65861
66547
11654
78153
3629
95919
24759
67987
96935
17063
27699
27073
17612
67441
70050
73314
13631
14432
11369
21455
78589
39090
53484
37058
44181
44637
44301
71723
15421
41809
57194
1066
88957
45372
2767
91529
22104
27260
65332
94489
49912
2392
53988
41926
37048
88080
88286
48803
33645
11846
66561
12384
94533
90656
32317
64174
167
35496
60540
89208
34070
50895
6834
38682
67158
78547
40189
4838
41493
61608
9598
8576
28536
3974
43564
24032
35235
83757
12100
73843
3748
58266
89132
4521
77417
44314
38320
573
18292
38570
54733
72699
21167
70463
93124
45928
58361
11978
37488
77001
28758
36785
82378
87239
12771
66453
18109
96477
69252
28998
33523
83014
63868
56454
65296
78941
31988
19679
69492
68730
87930
81360
48379
36599
83673
38536
26385
1660
46085
22713
4263
30429
86435
30969
59073
91626
86015
31633
95365
18746
53971
14316
23617
44084
53333
72984
42347
27255
37
8369
14987
52833
24523
9569
85237
47763
37713
41377
56913
16222
9370
70490
3039
74400
4583
80499
1535
3477
38013
78313
52522
29566
42500
10993
21256
92376
70953
72031
22324
38854
61557
22430
90152
24855
74673
37017
84846
88311
40778
82536
1325
15118
32094
32441
65961
63885
80244
96381
3062
84387
5168
61920
52310
47558
38464
90259
91971
34825
44591
80313
19080
59868
43854
35574
33457
80450
27038
77697
83378
42340
88698
2424
9805
45120
27102
86784
98092
32570
9260
446
54531
86056
42133
3279
84897
56800
6768
59634
16645
50307
49251
2078
55328
12017
83254
18377
91248
58815
99254
10733
14426
3570
66042
3238
38550
44703
54451
74640
92001
61335
28975
50733
34123
19107
79783
51948
14828
55948
58567
70335
86907
30805
48137
69892
49708
4332
83837
91503
67404
92498
10827
74386
40283
16655
78872
20103
49028
61262
21837
33194
29503
6552
27131
37165
73380
81802
75915
86771
16836
64953
84102
63586
34604
76097
28616
88493
8312
93174
95209
34316
48261
7576
56826
87353
97384
25773
6881
52477
58023
60968
92270
14590
66721
11751
30706
73179
31862
6232
47604
78187
93140
84123
62548
88615
4000
27387
16239
45504
34228
82363
75794
63600
30129
97841
16904
40196
68790
87509
73097
75090
15490
10206
80326
77648
64869
38448
67212
43577
55423
33392
79717
78464
59334
8420
57583
99565
87236
68077
53330
62354
4129
40264
99482
90638
29481
33447
35735
61628
24034
85943
29770
27670
56035
49754
53684
1778
99577
20506
50458
40053
27894
75459
48820
30943
3435
82334
69561
35952
99197
45138
75180
8639
76265
45098
44360
71683
50414
44598
81831
34427
60831
1807
74114
70904
37021
18554
35705
95421
35242
81017
82173
4639
60024
39902
15999
86092
48909
38582
44234
59381
7938
98077
17792
7139
96210
20532
18001
33217
30589
92594
47778
42227
35731
99581
4684
78160
45948
78369
54519
21084
18754
28703
90173
71399
29064
27246
33825
42572
68182
23876
36201
44277
78664
60702
52381
53997
14531
75034
76373
450
15374
6376
58081
96054
73418
96252
36300
25560
43586
38210
66008
82052
4926
40526
53497
23867
69306
18124
36315
72359
37788
53137
21982
53374
60043
42663
80298
46376
9418
18346
57086
38624
71636
29730
88653
11225
95962
38502
97777
29318
96389
17060
71664
43183
18800
21843
98719
76998
44610
9580
18716
85761
43807
56009
13875
84118
4780
85439
37266
48970
11188
72657
29169
35157
65953
35330
91265
15098
59001
8651
39390
39644
21002
11870
65525
47099
43172
85569
55253
59773
85317
82438
62389
69180
95516
21111
4620
5405
48264
73301
53820
60633
62647
91778
83867
29901
80523
5714
83874
33195
56398
91158
19016
47571
5995
7053
8851
87129
82687
73510
2975
41731
73202
28665
83455
50409
50667
86869
29165
44591
2207
11483
46496
41244
81659
36687
58951
82179
44162
4374
92359
26853
92279
64780
36674
83386
40013
31574
28331
1382
78885
48870
67977
68290
95819
46866
38109
25120
85096
73415
83610
57397
88071
93241
80932
58030
14761
3901
60577
12699
61670
7520
8573
8479
24150
31931
55597
42364
54312
59793
94863
94651
77679
87904
62430
9884
47495
22186
34572
13663
69961
17198
85043
88467
26918
21454
55179
14015
32043
71354
51154
3068
66525
92707
12476
72367
44909
92125
13038
36837
91492
37337
66114
52474
8694
48281
5280
39123
98438
7928
73445
38673
6344
67514
8168
71768
14884
71770
6408
25965
91541
30427
67237
37783
43749
58710
32268
19486
41939
28763
20567
53986
62079
93351
33144
48544
98817
56097
75356
47313
150
68876
38055
81299
66117
76948
86511
68884
64681
7456
17593
41250
70206
83282
90111
63105
96094
71267
64483
45557
46966
78364
37943
75154
56642
55789
88733
30987
13653
18896
55909
56778
65793
12934
70830
55114
25930
73966
98616
36429
69586
97666
16238
52160
6548
61748
46982
91318
60908
74901
94139
79819
20835
12236
66038
4700
24658
42320
66192
25940
89615
13679
2128
64569
29086
75091
54074
7139
64815
72564
19509
16389
93778
76869
56147
43929
99549
96834
57547
99702
48937
81526
90848
519
92852
69664
20804
21720
18221
57680
21036
82927
44550
25594
1280
19047
52550
92744
17108
61770
19695
78180
74896
83141
77840
56651
47635
20029
70635
85992
14372
15272
16106
18268
82668
24460
42649
33459
79433
8395
8332
30405
23841
39680
85813
91737
66566
54457
32006
32120
32438
31786
63834
37327
41527
58147
62960
17940
80147
43399
68153
76581
40282
86315
35314
39298
78530
8802
59440
27391
6564
9720
5154
42409
19778
5566
66623
90209
54972
25635
73253
65703
98016
39848
71296
10742
84471
28298
19499
87
563
32765
60227
65721
46598
27574
82670
59442
34895
82025
59846
23339
89243
83427
40505
27350
63965
69004
8358
6079
61069
8188
4832
22343
16152
73852
69122
65872
83446
41011
76721
24869
54709
16405
65966
70074
32627
42928
6868
45298
95154
69178
28312
5115
52459
41593
72758
72610
21058
15653
7156
60531
3433
57295
85376
3802
78283
80497
41070
3638
78429
6855
86504
14381
18567
14060
4578
58340
26701
78749
65150
53554
15197
87665
77969
58938
39081
65946
45244
14123
49882
89174
13275
82318
27505
14229
83246
68072
61736
20140
53381
78638
33067
48700
98113
1452
65296
90897
15969
76914
2152
29942
38509
2635
25199
63340
82306
79914
4067
79615
59768
13811
46009
41397
75295
11849
35951
78978
74077
36636
1972
41846
72110
54384
32858
40329
87669
74214
62327
285
7819
22664
11595
69680
98565
55124
13163
11517
38131
7707
11631
27526
48854
65469
92388
22026
99174
10488
62103
8902
37108
3878
5698
83694
22879
49732
83410
69849
38348
26167
7296
84234
58151
45639
21468
9627
428
10760
29866
98822
68738
96720
63584
28553
59467
10179
15885
71040
33068
85636
70754
78601
91131
21381
64771
93266
28620
34529
70711
58730
87511
29435
78041
82291
70752
28493
92722
67549
23697
20184
34527
74213
33103
51715
99157
86612
85751
55945
61243
44642
60037
63821
62019
54206
93053
94575
97134
6291
77347
64428
4719
79019
64545
45858
98741
67506
14886
55965
67166
89635
7479
14981
78030
11947
78630
31582
32610
62567
62385
56304
55925
95861
12959
97268
67276
52981
36731
93834
50462
73112
57956
11714
77617
47294
53632
18102
26700
87642
88884
5855
24310
72245
48212
30467
82139
70475
12824
36494
84369
16060
94718
56296
57680
7317
69062
21133
17717
30900
25818
8505
62017
1374
76315
47182
74967
56564
66635
27064
21570
73170
3776
84191
22754
97317
91467
45425
77371
31946
11731
76048
47009
8696
2442
67066
63836
87176
24420
98408
28619
69118
48943
8773
15756
51841
4211
28380
52067
11465
28578
49467
57944
68228
47263
48672
54507
51890
13063
18884
89082
27612
50831
49016
36983
55857
81574
7871
7707
45999
17334
46453
92828
55716
74566
88359
21347
37129
69490
70038
59682
17262
18922
73887
66012
45773
41652
82419
46689
25416
49693
16417
99952
46673
92636
6285
29757
26063
29300
92986
72198
46101
5719
67719
10012
32917
90980
70517
86816
28467
38821
18792
94991
5364
51251
15514
80353
20682
83564
25017
57036
44262
21741
87373
10316
96055
73423
4250
81241
13465
84073
93277
19070
39556
19834
24245
64609
483
30288
47564
5358
10357
11234
44006
68365
1003
94676
63011
9086
8470
98141
39546
46402
99426
98101
84881
56509
64803
66946
56458
74935
80181
52515
67104
74693
23216
91483
75978
7472
85484
29311
58575
76743
33125
83285
72829
4188
4508
17447
19206
81712
2110
30761
65695
99468
60519
96399
64514
17137
19612
42567
48681
42358
21391
15221
79143
48816
97065
38461
18227
435
59499
29814
96861
71776
88713
40506
49827
30849
71077
29507
39440
57505
48423
71991
53474
32889
41723
93086
53875
32287
81560
32782
9452
12331
13086
73967
19220
15177
84159
31189
37868
46670
31228
37488
30071
8255
37934
18360
17883
19854
27234
92790
67230
73420
82605
67480
11209
2668
6555
97638
47550
75555
75482
75605
74874
55607
10181
56268
58150
1588
29726
97007
91687
13606
88649
86972
28795
37413
50663
36061
30545
6263
68855
5422
96755
90780
47153
61666
21458
15875
50348
57017
91828
72697
65353
69206
64138
87918
92744
16438
83085
81968
64985
9188
74114
95812
89904
56016
76557
47092
70823
3135
60444
64298
6953
56477
4557
33584
28457
77166
83607
91705
31160
31204
90400
59237
57458
18841
34427
7461
69986
60384
20152
30666
14311
13726
25465
79668
6003
7385
73815
26958
60526
80091
48761
72875
66457
10865
68217
82945
26625
37706
82840
27996
62707
56116
1552
63122
11266
94368
70400
11369
85819
27474
24477
41936
55079
81024
64083
91506
88564
29718
8491
13895
58314
20353
93087
45550
91805
96712
31927
45643
64217
89983
53684
64492
59731
62387
73968
89047
52790
67436
7058
59034
32641
34536
18866
1694
47632
76911
20381
89203
9899
50233
72288
4535
34553
45324
96071
91135
86523
47706
77745
63570
22541
61483
16876
90271
40943
263
32456
27274
34827
98599
50153
66731
26922
35833
1933
63905
37008
59963
67111
27684
65217
59108
82574
82059
67474
60466
43176
65776
32451
24413
41905
37616
70617
74006
55847
20511
70345
6565
82272
94875
54662
51350
98688
48144
2486
20939
22280
97606
63474
96574
73677
51
54448
99273
43433
37691
87324
15958
12613
3190
76770
28287
45907
75577
23866
83366
33939
66380
88190
12727
91676
80474
21456
79931
58113
82964
98153
25656
63571
84901
40360
7095
81122
78762
79226
44324
52648
47017
56800
66650
86852
79951
85122
66001
16562
23219
22565
16995
66272
82314
5476
94771
83131
27857
38868
90612
11280
69966
89972
94063
8925
37186
46685
59865
65225
93762
54066
37632
30428
47138
27581
14956
78370
79461
35372
30809
64907
10378
31743
80699
45963
86819
71166
74220
10625
41346
52948
23438
33291
71501
45184
75948
32216
61158
60355
52297
9562
66097
92630
15820
51905
72311
68709
46601
75520
37440
41052
85753
34345
50105
65708
5889
54976
30860
65075
474
56640
8907
83339
88259
45821
24844
72944
79891
77254
93288
42562
50243
98046
46861
57561
34437
29076
64081
51665
56442
11695
58493
39564
24951
79873
31170
59830
41513
95171
96816
38167
56472
4066
31202
49645
75165
27322
64867
71597
62042
99991
54588
30265
45873
20912
76801
41068
76953
60332
19436
30947
46919
45679
58084
46176
20035
17749
62221
78697
95345
28149
63055
17022
45033
70031
94903
88613
6936
65115
35327
46426
7206
85818
78319
31736
71791
23724
35053
43584
1276
58999
69722
98975
38085
84346
49146
55284
67348
79250
55706
43661
34365
73509
42353
21921
87039
71742
24829
84385
68333
41498
98976
40345
60609
13200
26053
63094
86993
77179
52846
16336
44848
90290
21339
15210
27176
20651
50981
64301
50771
1311
50880
93346
57454
41544
68356
17589
62801
3367
687
61943
60050
49772
39843
77778
68288
44429
85607
71690
31567
42452
23181
5132
23820
45421
60638
892
33317
21879
88228
47644
7297
50808
78531
50485
4372
16223
46734
73806
39646
99556
44768
28878
5257
95735
25861
67620
38735
53859
88990
38874
6093
90144
68956
95542
96065
42983
47893
13957
65798
17334
42240
23902
49072
17494
56137
38177
66054
65495
94861
67730
44207
67837
17576
13304
39564
44862
32239
32389
14923
20603
23177
47638
17256
26062
98030
27956
31236
76977
95356
58190
70406
80021
96625
59894
86595
82506
70876
37888
46020
88567
58536
8703
6868
41979
92463
79569
60531
76891
67852
96445
63943
83748
52071
73042
82934
87034
79446
93340
49863
20268
17816
31951
25274
24517
26637
64665
13194
42225
29750
77879
88386
21021
41726
43064
93716
92660
72482
79816
83897
10017
8487
57982
10117
87319
51267
98606
79811
92977
60151
68369
17993
12802
95869
15984
24603
77443
85476
28142
10906
32006
82675
32685
71684
53075
24840
86023
29699
90649
52929
20029
56406
2258
29400
39227
32503
64933
57855
4726
33790
6167
73672
15885
89754
48117
47161
37267
86424
93064
42393
58141
57233
63652
1559
12987
40700
18254
52971
4337
78848
99604
17812
54854
50245
46638
22598
67834
99224
79466
36150
92907
67065
95551
15266
23524
82439
6890
62185
79586
57913
96660
73656
36551
44323
33844
49700
79607
56829
31199
24362
83628
40238
14046
36688
1575
52564
45738
29861
45435
14652
90641
29180
80134
54873
73587
49538
94082
48853
5440
88092
80372
37440
90397
46982
38194
39034
29032
83538
96934
2387
8319
95635
16468
2875
61522
9214
65331
32760
97769
3633
18865
67654
40209
26369
86089
56539
21508
64612
86530
66304
95346
97335
20268
24821
42850
92175
26419
72421
12827
45677
20848
8292
30990
38760
42870
43988
45000
1033
71601
12790
82525
78979
89152
70344
500
45491
5381
86465
12181
95340
73902
62801
6652
92749
16785
60110
77623
45156
16811
36891
40449
3597
79754
89559
80750
42810
80312
34112
77189
97258
89556
4019
73035
18413
61452
27677
96225
54310
36198
47639
93392
62456
92786
93593
53561
48592
18422
42827
36123
63670
83962
93595
9897
32934
88086
14509
2250
11936
29413
90531
65844
68826
60145
72248
36877
48972
10984
25752
75934
83361
19102
92090
92038
53250
65535
92287
77548
36771
85376
76240
2334
60095
53649
22276
39589
3203
46165
31183
27742
60114
86764
48262
8165
25731
75119
67747
71037
8199
34940
9624
77649
77360
63605
41690
98822
4883
97365
16844
43101
92001
92916
67092
68072
2826
17869
6956
78828
13609
57263
74961
74381
90474
66022
84977
49456
36558
99017
8158
53325
21333
33822
95229
90752
45317
34483
18860
62528
1489
81422
40070
10821
72954
33616
60514
30015
28820
45144
79440
54585
97177
2505
73487
88781
14624
84166
58112
39672
51391
58474
53274
52610
30972
26005
57928
88142
20317
52731
71622
108
23800
43260
11751
39619
23184
98619
62954
55851
32450
64006
8381
88055
12166
71462
42021
47000
4418
51737
28682
55230
22279
23198
87200
73916
64322
77917
90126
53374
66926
94310
52941
38486
15836
29325
38329
97798
56723
75612
53442
11821
60809
84714
25602
25999
38615
81741
76278
24398
94072
58024
42276
85220
27869
8736
77469
26596
32856
11561
68704
59488
41538
16858
55583
97954
23340
2305
42789
6084
96685
49098
11900
51830
46896
83147
90462
40620
69077
86324
77600
42748
49819
71792
8995
48585
11456
74
70674
89539
46027
17324
7791
36695
73096
26875
21689
79267
47589
34534
70534
62397
44932
73626
68004
18796
58800
2891
42443
87657
74537
32379
42415
46932
42642
53938
87964
76024
1769
90233
66664
46067
32742
50688
90454
27333
19188
92699
55733
81771
25356
73130
99158
29174
44531
7302
5323
5378
83242
75939
84171
973
40122
47624
86567
16781
2247
12020
35883
46694
31465
70588
67501
91672
23127
17887
9668
17969
15225
51713
25005
96219
83819
21392
30536
8962
77734
64308
26544
71383
80878
82642
10715
17280
19167
92099
85669
47761
27245
79554
51158
31509
24954
61185
22720
99838
94148
63808
7462
28445
65193
29228
31935
73998
47924
30399
72476
5591
43445
12167
96491
99407
62288
1554
60954
71090
37560
14988
61312
67110
26589
35591
17735
14116
76569
14961
96298
53482
89579
66000
85007
19276
63096
16702
78736
60475
1735
60597
68515
72107
14591
13942
35003
64232
40900
99382
52489
93066
28038
7845
78877
99805
76717
23519
75934
57731
53050
48886
8935
75342
90242
7769
41997
56918
58218
58266
335
49437
53667
16086
7934
90751
42908
71847
21617
70530
14770
53718
98588
56325
2364
68915
57862
51713
35909
74480
39497
39180
70437
22423
31563
35993
36896
90145
94266
51779
87555
63274
55209
74866
11050
61988
6567
56154
57479
54068
15172
37132
78023
8595
39873
35458
37002
74387
89141
29150
76251
30785
14113
85909
79210
6105
90949
71235
90060
38549
49232
67917
32359
26158
26644
38518
38767
58720
83821
49687
47418
20509
1636
12899
23510
59825
38109
75323
15751
81768
79038
4941
82115
83872
63581
53054
21830
33308
75294
14500
37328
32450
19629
5280
85839
5132
57599
79757
25614
18071
26160
67827
12380
11559
23883
7295
46754
60376
66374
42406
39208
50029
91132
37527
47057
70077
72521
95709
11245
47560
18418
14717
56143
49092
52839
56026
51313
34130
44130
53076
96553
48991
37532
7511
79548
50474
1103
138
16428
28370
72333
67691
99292
71806
34554
14691
53959
33795
75869
33234
25227
31442
93280
71565
85397
53036
83282
75892
83395
96731
96109
26085
54587
35704
68837
67314
67846
83216
5712
56200
3620
26362
48996
19157
95787
93537
73780
40989
49572
22080
7034
95863
17979
91566
51770
29051
10927
58861
81944
45220
87616
47186
49172
92207
10756
88460
28094
31894
90958
65226
76613
50076
78141
42717
22197
34354
57078
62077
22115
88557
58167
62350
43746
56058
56746
25411
34845
77696
88137
47128
50621
17743
58582
50650
15606
55991
53479
26852
68651
29920
2602
52753
17296
85098
4564
11112
78985
44092
75507
11555
39026
99470
95135
26984
25630
44662
26880
90004
53166
15738
54533
7744
6235
92795
86978
97807
65828
32107
17553
6878
39824
13429
73595
15889
53107
58756
90099
77317
11297
52871
47010
32790
31504
85942
6215
6045
14669
51908
67147
97889
9721
65194
48809
78414
38832
70436
6649
94127
22506
91821
55879
68285
18837
34032
52727
73875
6174
39116
71407
54302
71623
26336
70074
68514
1670
20728
59578
80772
76921
18266
49436
1362
18513
77023
99640
51456
73238
81207
91120
94579
28333
62313
35712
48154
33698
7952
33014
33947
55274
36063
98741
25525
77367
16102
15978
77412
19032
62229
85952
97773
58182
35877
87949
11295
59524
10306
18546
52733
85052
92029
17747
28992
18354
42414
37062
44920
58049
36951
72948
4601
51550
28557
75746
49801
19754
98374
54724
19644
67441
70574
89462
46291
9452
87314
57572
50342
90342
14939
71561
22457
67319
507
65971
7080
79670
58530
79867
53772
53056
69291
16273
35924
35718
66748
57907
23575
30467
31008
45177
79990
42037
3562
77948
49189
93807
9430
89860
65675
87519
85995
33502
52496
29173
21170
24799
25624
58008
11957
17345
92651
49050
25334
69481
72759
35368
212
4704
98126
18008
36918
95817
19681
77840
98827
26816
91521
87504
10125
77855
9401
54350
28750
76413
99236
99050
17575
744
44711
23404
47704
73933
78553
92886
30138
69970
69143
72650
14772
39932
58466
69968
406
27367
92456
99250
2321
8480
14708
38575
92586
66527
75046
32353
46251
98492
36599
74467
13074
91412
67301
93562
31050
96102
37833
36001
32893
93319
13526
51245
53005
54593
86571
13603
84347
82387
47599
50568
50424
46741
88519
98442
27036
30968
45737
79559
7122
57054
50281
46906
63045
39777
34600
70068
71018
78924
29292
62252
68289
28291
82632
47791
59306
49972
21568
69045
51769
66870
4062
11531
20920
82994
77333
34183
59585
67776
91104
40196
99141
87892
68445
14025
61172
74838
66830
18597
84234
64691
82983
26601
40524
23837
60248
2787
12860
4278
128
66770
37130
51981
48172
56426
33279
4365
86408
88097
7332
30052
25952
28763
44153
81539
34898
44181
37090
59017
52675
45640
52982
37439
20693
55179
20297
46302
22451
84800
63808
67498
54587
89753
76990
41470
97371
89374
20891
88147
20140
54945
85511
50366
93828
38574
2911
93251
1752
77142
15704
98108
53193
16765
92832
14489
3699
94863
2528
55517
88409
87588
36732
37919
44266
36421
40697
71560
8057
17751
7134
20563
23413
77582
24590
40864
98891
43653
15753
50389
49921
85042
6420
65596
62658
80471
6413
64609
82545
9661
30313
72297
17918
75624
92113
19788
35001
79154
44370
62676
274
86648
2465
29940
88066
5834
80972
9235
33927
89241
73919
60372
11300
71729
48718
41199
59209
40000
6766
29622
15788
80530
40717
49013
41252
75790
58551
54157
79496
57676
799
3821
15227
43131
72387
3457
4551
56518
61249
65542
51208
41647
32799
6190
5717
22154
1387
84619
67186
33306
77635
52886
4139
86968
68228
78397
82419
18126
46721
98567
52631
53375
50458
20155
58250
74213
86211
10701
22253
90114
1472
918
95976
22984
90408
94280
70417
94750
41143
68212
6074
12126
30185
56743
73195
44417
58742
99540
63083
46922
88353
8393
24724
17727
14886
61074
84834
98226
58932
62276
1019
46877
70029
65629
87259
99382
66900
58533
33168
9923
54685
18291
21857
85962
51967
81432
69846
53052
48434
72315
2844
42154
19666
34016
80789
52801
42606
43546
74484
79449
67421
39146
30271
80590
27584
72725
9475
23901
66089
19839
15439
88281
2230
4623
64551
69856
10927
39110
17157
92747
76209
69881
50415
97721
39619
82311
7382
62743
88229
16043
15234
5917
39102
25267
26032
88541
91566
83413
20703
44156
47406
92174
97492
55535
16603
32527
99098
17603
59740
95411
52714
30966
82848
45826
34605
7228
47743
5193
71459
45817
19304
39212
81776
74571
55547
55247
36083
64133
54572
10641
20770
3058
28884
34164
27551
27556
54169
18724
39151
75218
32593
58740
90658
63520
89263
20913
87055
4973
19177
32863
41766
73435
38482
50446
37701
57998
60784
99593
47111
81093
55254
67474
24007
53341
69019
77743
95927
32482
8453
34977
36490
91095
89929
84513
62266
48167
96568
43476
37793
1449
66428
90853
36044
62278
40277
27767
2304
54037
40702
34304
19043
29373
48224
73219
51643
35265
63850
65154
17249
22469
89844
17072
10050
79697
651
19344
72465
80742
64963
20175
90855
43772
27550
24184
14017
61429
68348
53311
40882
75035
98885
163
34591
46786
42253
48434
12294
64494
56790
70249
13204
5754
15235
77849
30537
22169
38302
46796
79576
41996
52725
70070
2333
2227
43990
60005
80066
74786
48887
84435
38558
1873
60191
74811
31840
77109
49219
83423
60984
42263
83142
97044
22800
26537
12196
84478
98731
31362
80764
8709
44703
72354
16505
43322
60041
85880
29324
91940
97246
95560
29565
13863
59981
32531
93854
30874
68741
2128
33574
44393
25429
1566
36900
65223
90847
1259
2363
97657
18669
23696
27962
19428
62534
28509
6174
42927
63645
80767
906
21987
47442
17787
30721
2979
35992
85869
57399
69813
69981
63026
68585
8748
38297
28727
82392
92490
30578
92631
28661
97739
71377
75625
1074
12170
6145
54051
96927
77844
46666
8822
37880
48300
9566
7223
94802
19415
48306
3806
80998
31491
15596
84922
42378
96707
44902
16793
74283
69050
42210
82930
23928
65952
65828
19742
47314
72429
56439
60306
75653
6321
13652
92285
28197
57567
10587
42074
12201
27032
14839
10846
95223
40011
64933
54520
83571
46701
22097
32329
57795
68114
41918
80068
88671
75641
37854
11749
27438
9886
3718
11493
25154
53718
94874
63229
72240
98207
47522
45620
57549
29325
27855
99336
89321
7605
25271
29846
2528
41563
47292
87056
151
75518
6545
18113
56477
94157
69046
70798
31046
35434
57761
96008
54865
78544
64002
59587
71434
23022
68046
89711
37420
69598
73952
17529
39013
26323
44584
54018
3263
69383
9857
61709
54359
61369
86613
18269
20077
9652
63140
81202
66824
5299
87389
21831
51968
85601
60827
59052
57193
27817
69038
1537
4671
85973
23023
63635
7608
51629
52899
74244
85695
81614
49888
30430
93203
24064
84218
27555
35178
20427
98715
6326
91801
23446
22492
7377
71060
26835
13513
30178
85250
58194
91604
79366
12305
68008
19133
4707
95293
86257
4258
23191
18495
88829
58905
12773
67422
72472
87884
58983
61043
56917
80735
66793
57820
57370
79785
83371
65270
76542
36299
24419
68109
86006
11288
19312
25792
11378
25483
38498
13366
1380
39530
34263
86316
22133
40736
608
16381
74329
70136
13385
49848
36975
31696
72431
33448
40310
14864
33078
49644
36722
713
43721
56720
88708
616
45353
33039
22030
64231
86618
1031
31182
5790
69240
21754
99251
76568
41917
74113
7351
73865
15317
97642
72708
15696
8524
65247
47011
70213
19693
96696
46114
9653
81614
66469
17059
71432
8447
6745
56466
54295
21871
22127
2788
43902
49397
17779
36378
55672
36356
86198
18048
9427
24758
37725
75579
78501
83096
22188
84627
46095
72385
49386
46824
25816
10681
16089
52705
52837
86032
84359
80582
61525
77122
32238
16329
46366
50424
83920
34546
92666
48961
40145
37255
39119
92179
8410
27192
7702
27696
8837
5719
81758
90932
10328
45291
4393
19584
52906
30713
21043
53914
88591
73671
57498
77007
37837
13382
37098
52334
10294
68719
33800
84887
41749
53519
39028
47832
72110
87530
58234
57789
57185
2876
91668
27780
82441
32169
96887
9915
31720
85431
97851
87948
10794
84700
48936
49800
92460
2317
56319
15375
90497
29957
49887
16700
368
32873
29032
92752
63599
18154
98789
12489
6101
46687
71931
10015
6558
92024
43324
42645
80758
54409
19531
73586
77333
90270
12185
86660
95381
95099
15066
84419
12743
73139
81582
61182
31398
69693
96657
89277
51797
94674
83281
86796
25909
93081
68649
17181
84268
57997
13233
45751
97617
90679
98578
41087
17171
74567
76808
21565
81395
96557
48768
41786
53364
333
73564
35262
22437
89169
8922
6987
67502
20619
10560
11622
81816
57404
56903
36168
57569
22697
87118
89341
81997
99297
66146
80245
74738
23967
61091
31211
515
88379
90035
47127
3871
92821
27651
55917
67714
18184
74161
1453
31229
9830
57111
64085
59310
2014
65795
9180
54639
68990
71102
93090
4600
41585
34517
4806
43551
71373
75186
18070
33435
58821
29383
21143
28411
2202
63258
14782
21732
88379
87759
10653
87250
66135
68635
97231
11711
32879
18921
30679
8637
81487
22232
40320
33316
62997
18626
33357
91795
80655
23245
35696
92605
71926
33150
95580
14341
67910
64647
98059
77572
53570
85419
19887
99197
18792
46717
9305
33933
91803
8078
90228
95840
46470
59502
60875
71624
19520
84703
44272
74600
2785
29187
536
89080
27024
89620
43006
79426
60399
84799
6803
76191
78806
11076
53056
8217
74389
11440
39230
39288
49629
72111
77825
50307
28332
79561
68880
46849
27614
67736
24888
67695
87236
36831
79244
72096
1689
70707
2012
60650
61453
32023
90782
48955
91165
35464
30040
36111
51407
5270
7019
2748
41593
62715
32390
15917
7508
98827
10165
1254
90901
71399
74303
99734
62476
910
61405
89132
5374
82355
32536
58093
13625
89650
81562
21438
82250
22610
88747
43017
49483
59132
42102
86303
67745
68390
43142
84093
17582
23949
44424
5219
15626
44315
18319
50747
12668
30082
97310
92616
39471
49938
16996
58173
90707
53140
17880
44438
43460
31106
51612
76925
84460
21468
47656
88332
34457
19195
67240
25091
58439
84588
37964
60799
27502
1013
19246
78433
23073
7794
47028
73480
55421
63154
27403
4085
10939
34302
41245
19987
39212
24696
20803
14383
26692
80096
68900
83874
19221
34671
22256
3953
24251
64535
68702
83255
19077
25543
16681
62842
9096
62190
24778
25353
65244
92543
76705
86461
3689
23386
64280
60820
86413
86861
39210
52395
79878
69668
73964
73441
57626
46852
72285
24078
69611
23137
29625
222
40843
63230
89123
47902
50198
86263
42414
66506
67801
24274
40372
27003
408
85497
95923
13442
33122
12948
96615
33714
62223
78246
6668
38013
60749
21685
88293
16162
29597
55120
56253
55990
40087
21445
85699
40760
51612
53937
2113
6740
20194
32025
30461
37211
2067
18560
11181
59504
47434
48328
19662
61655
88727
82849
50074
53107
15485
13511
4015
59565
95816
45283
67475
86487
20159
9443
95766
23938
2932
92684
74347
84754
90082
51136
41883
56651
32069
44681
51717
79342
57376
3568
46427
27377
70287
71816
54928
93277
39745
22880
62860
95366
88956
29093
82500
31809
56394
74545
33302
63365
99925
42609
60082
40730
1792
14151
13255
31065
74205
75646
12129
5589
22240
88314
29675
9454
57222
39467
81726
58325
15731
61525
98103
75145
47748
76172
73127
66628
54721
85488
12782
39083
67728
76675
25122
34799
45484
63439
86639
72828
15506
9107
36764
69207
18139
74197
26222
56237
98426
22561
31782
29003
29839
13361
59397
996
53822
60362
93434
98956
14064
81870
2979
21873
2663
98841
98298
75591
20227
82702
41435
56205
74770
16344
59995
98910
94418
24357
90516
99063
78370
9928
29376
16190
15112
86293
13548
29948
57315
91531
58606
67949
29367
48106
54455
47082
39827
85490
8905
37998
72121
68726
88486
20550
91106
44763
21258
46037
6624
28611
32214
85147
99161
43803
23983
4049
81228
66193
4333
88237
19286
1821
58928
13844
18350
99021
31755
9164
19028
74333
81446
94363
61546
14317
17377
14760
68575
42822
83368
71886
10459
77827
56106
48300
38368
19544
89315
24680
24990
66589
15477
71064
51044
84609
11300
28589
96788
4486
75589
39662
48715
73871
85105
92608
36089
57201
6791
26726
9727
1900
95425
56156
45949
318
72648
76109
87592
56405
89778
27
41311
69871
54942
24152
15978
22053
37254
93091
53087
64180
30432
80147
47870
98117
7709
37101
15821
7712
53582
30643
10744
50194
13528
79264
60640
60143
3484
28349
91144
73596
70883
39010
99114
18864
68873
75239
98871
23094
39411
90448
54889
10452
96872
70852
98627
64913
67715
45844
7173
84891
5273
28848
13623
52343
55032
14106
59
85457
48594
70214
81436
81294
78291
70006
38929
79698
58803
39393
6362
9925
45306
33308
38545
95045
73594
63978
54220
45382
17398
15754
58736
42217
18321
96207
47604
19161
19729
56824
85347
81655
94923
37270
96566
65499
54251
43886
13218
72782
64943
63904
51691
81492
35432
65571
91989
3951
44470
59864
36459
27890
75049
94961
87518
64918
16714
76680
11643
88707
85417
56991
83190
75987
95789
13271
95001
4610
91097
33297
8970
21820
65845
6525
78161
9673
77623
69249
36665
1700
55088
58407
50908
28330
10002
88715
99679
85058
3617
93407
64725
54540
86162
89752
75494
52116
78170
70450
68519
4803
43759
99475
26795
30398
18128
58250
6000
71164
32114
84
22365
29266
88682
57142
70351
68000
51493
81522
37652
60376
51605
37445
36374
80304
65971
76687
47891
16609
66977
50216
80752
21802
73755
7744
69083
72599
61790
8954
10563
8072
26006
83598
31143
81853
19822
56789
62721
26191
86987
76751
7137
87325
81263
60151
62978
34595
80560
99071
88199
5129
43787
51224
10052
21478
46955
85560
17538
67408
54702
59804
18762
55625
99333
9752
42816
71756
78720
96214
25835
67508
1565
76645
32887
65079
44318
31656
50561
68051
78700
96856
86079
47826
78921
82965
2070
51761
64561
47033
88464
46028
51750
92122
94991
64399
67435
17327
79507
86874
62617
41976
15098
47169
32364
31148
97902
17537
76756
29549
69593
7495
5280
27586
52933
44610
98916
39120
80920
7443
28028
87219
87172
84619
89804
67442
84705
79606
20057
16036
14580
46592
13297
70766
92487
91574
70090
87809
37546
8947
42618
67326
13459
62801
65004
28944
63347
35051
65043
84099
34267
71364
54058
67737
49700
14958
61709
48116
60905
49091
18140
70330
57583
89186
81719
3303
93807
12631
95761
60334
83830
70033
58516
80066
9273
75992
62149
25936
749
65161
29617
52027
51599
92260
74128
82059
44458
96804
92085
48784
54742
35425
1695
95472
53509
13157
63439
27667
42004
24080
51886
58612
96666
32186
66031
31461
75040
35374
84353
33769
92518
81170
293
91063
35343
55675
8612
13660
13831
89758
46695
94655
51032
10691
57428
60420
92245
61885
97457
36540
16026
35795
97615
78932
63083
46826
87346
57413
63473
42205
2701
3523
29147
97555
92663
20895
87988
5158
4780
31493
15277
86372
78591
88153
93857
7860
16627
22880
6410
11282
14919
88644
43129
20535
69208
94498
10129
28889
29651
75104
28515
76316
80479
20635
43776
30468
80470
88157
8919
99965
79387
9962
1780
52944
43683
31729
4098
38679
19601
78397
38472
52255
19328
44573
40042
63242
95835
14377
18740
37364
89459
96737
13098
78269
1213
30600
89536
56128
11416
80344
78748
32157
54657
77650
48581
11069
85219
29733
55057
88572
24768
99102
95857
5367
11086
47756
85708
51899
77776
72599
47231
13025
41472
16023
96667
2838
88000
3117
92124
72715
19029
90086
91688
28875
29644
70451
58347
18580
89294
37674
53517
13829
77234
95815
76114
11158
11432
913
73172
66696
90263
60558
71679
95354
35047
31821
2771
69
76732
8670
19637
32555
27901
77557
22973
76210
52249
33452
18006
73512
34489
7382
59032
10994
22520
79316
11996
55160
14918
51897
85258
86670
16281
21426
12767
87739
27283
83123
35004
49567
33097
48935
51059
64869
38222
61758
43420
56288
32612
80917
44742
79063
89925
49503
36581
66962
81171
25351
50403
78587
23596
60360
79286
59921
37677
7725
19755
50004
55659
46974
44358
9853
14751
98920
11309
31032
43135
72158
83032
19660
21463
90892
54440
64385
86543
9747
42333
51369
61912
30978
1903
29606
3733
21649
95241
65362
17886
81722
53455
4928
45329
63482
16593
95051
41119
42933
2560
66607
51214
85026
70613
20623
54376
87993
44826
15327
14130
93648
67412
36655
17215
11353
15130
37199
14183
64166
22808
66623
88748
50649
38554
15876
42970
41201
93683
30370
40231
8097
53747
34547
53550
9928
68382
68939
81464
24921
4847
38560
8492
44432
53908
80731
55861
14155
19077
50415
59566
16428
20814
54111
37382
18991
30636
52549
37262
56029
5084
66320
51284
37404
70962
7383
13758
64591
9812
34841
24268
57373
85616
70231
8956
89391
24675
25297
3409
25899
55889
66147
13375
18534
9084
71912
79798
32155
61469
15809
29608
74434
45480
97515
199
85336
37486
52704
28784
13909
52469
27963
20208
51808
15995
87255
48013
37876
50170
13597
14026
77438
96971
95016
44644
50642
78644
58153
77295
46609
26844
67328
12466
84731
66098
13035
57429
26001
10531
11220
74880
30370
52569
92581
84608
76935
55615
54861
92711
86404
42619
17560
3709
63007
59175
43565
92939
74735
53362
48530
16321
72282
43494
68482
25601
13604
78282
28053
29623
4705
36770
41653
41795
27988
22479
28586
72826
26654
22636
9840
45178
65215
29070
86251
65625
50717
35857
39213
17223
3245
5960
66852
72872
82108
76976
63878
17097
30636
45462
27627
44736
29149
86907
12851
96840
91857
53794
9206
91979
59965
25488
17600
68092
44846
5894
37464
8951
81441
63752
56276
36617
84124
77554
19516
1633
87175
49386
85069
89987
65091
68261
4744
95636
60941
75337
93112
99665
38141
59928
50795
52877
77324
98927
11897
38252
36321
49792
88693
82843
13262
38457
53092
96961
3814
14415
32475
17935
83224
60091
92666
15113
56665
90635
35449
24764
70334
15374
6897
75376
16616
3354
24203
15409
50135
35043
1724
350
44388
73547
63280
71044
82289
45332
18429
8896
89798
970
70127
36260
38250
53540
8208
49069
48272
44362
64312
86826
58160
15189
36092
95840
71844
16774
21457
20981
83673
12466
78599
13458
65210
57026
98665
24569
96979
12204
31277
85273
56998
68957
14385
12146
68464
42807
67568
99654
71809
86534
81853
20603
37295
37138
83090
66262
47289
30391
84561
46260
19376
46764
48363
72343
97599
95791
74323
43496
15589
81231
18336
12604
62257
77482
77658
44375
3561
90070
31643
11583
71978
96258
76074
90046
72668
93496
53035
92709
41855
72500
60636
65932
62202
16054
30306
99273
56702
87261
5844
65733
7185
75151
83513
96609
49156
33390
70095
76224
29686
85096
85913
74034
63632
58634
64227
82360
86325
71437
20592
78981
54739
25333
85942
77783
93040
54962
82688
98619
1321
15137
77923
12084
68539
51975
8305
56409
79124
27626
1090
47611
17735
10311
17880
9314
75742
30595
19996
56324
23246
67639
6274
48311
21767
90912
77541
34884
95858
15331
72482
58779
78435
24884
65790
15445
44003
37075
60631
30837
18451
65227
70092
6907
96704
4076
70206
71524
77323
69018
34589
90734
82196
21039
56179
96447
47069
54201
96030
85091
52756
16875
41012
70338
66120
93687
31349
52711
34629
73419
79054
44770
95175
27170
23307
41689
61910
19248
78137
42690
52177
59991
78859
16651
19120
84529
58930
73803
48745
39272
40438
99299
55711
70147
92121
53511
37257
45757
92448
8866
6950
61287
49487
75084
11786
79800
10750
48574
60260
62991
24435
34586
21597
24860
26663
21476
22329
89693
15878
1863
99566
19473
60918
59536
56666
42663
98498
17302
89760
21181
79038
71431
25865
68810
20022
85785
86957
36666
38750
79442
83768
98623
66662
93685
37510
57418
67346
89618
62380
59165
2656
63202
84392
28125
15286
56134
58105
