10831
20391
50489
52315
23042
84246
8286
40891
42933
91731
66820
96712
13956
32840
81072
43887
25615
24277
42508
73076
43378
29411
31623
29243
72921
97670
79045
18966
13038
69615
15871
57232
48521
40736
85787
55522
6803
96812
17835
77446
32141
15072
38162
39804
88855
21599
98634
34394
78699
90831
44819
58407
57441
33619
7205
42273
81062
46970
17044
98081
553
27560
47586
15295
17445
39825
58417
20659
87186
2061
79470
84757
32535
67519
31272
12769
60928
6054
25113
50100
7233
3012
82274
85197
17086
26319
28411
20682
28813
79851
88817
5449
17296
51431
21258
81693
68222
12356
24998
89847
4497
61972
31637
17253
8275
86938
36902
36577
85648
54115
64064
7387
36476
64329
50796
91356
45037
17349
28109
44586
81492
22577
31790
75747
92607
33566
68937
81697
18376
8018
25801
5377
92922
83847
50246
49550
62348
35733
77454
49748
70044
95992
33090
47943
89910
23634
92210
69923
48093
80029
53052
51490
23796
93129
76941
56694
7977
2009
11709
28537
57800
43881
38611
68360
28588
160
14948
52295
24784
92728
82579
88099
68905
29715
72451
55140
24338
10285
76782
93727
16489
17875
96096
97232
43660
40966
54873
61563
42179
18601
23258
39746
55908
98869
59848
48550
77888
31933
79888
80878
91560
50681
46159
46549
78330
72885
95655
10608
46872
27316
28136
10904
70835
442
89032
68063
86567
92464
87134
75662
6912
57028
29933
88138
3868
65209
38424
73753
28841
40849
6883
69674
11394
97315
12650
82413
38141
89709
7968
60807
41522
51730
26361
97576
86641
74940
37522
58942
43601
52136
67219
99388
28213
99934
72456
80392
35286
46168
78377
61235
28365
71605
38450
9132
33283
80962
449
1198
43948
51027
30651
47591
57054
12117
74611
54345
85427
47022
93541
16596
49778
32632
27906
6466
80540
86413
92415
13464
15039
3358
17944
64993
67719
97126
56562
83282
47054
62158
79200
69533
65329
30136
33912
2947
75671
91446
55394
4007
83995
72635
5600
84064
66048
95558
42805
95731
53667
2280
26002
35085
28622
58069
99713
95406
49825
64036
31243
52555
71545
8480
52739
58491
11744
59683
73875
37437
26938
92492
15910
59728
15280
44639
11333
97617
93805
33421
3160
39817
30853
1960
27722
70944
79708
57550
57064
33822
29254
73582
47171
81045
89232
28732
57672
26327
54123
63243
52579
17515
6588
67745
65274
22901
51423
66847
38277
33654
555
15456
23517
36777
91522
33775
65990
24335
33955
73548
92965
78844
92114
51140
11482
94057
63787
6672
26551
46780
57660
52827
95188
85037
43990
58329
638
19109
7038
91662
59786
70595
54174
40979
44023
43236
5804
10129
27867
81891
96890
53275
50234
42270
9218
84374
1263
54
66353
44855
53362
75421
55716
4350
68232
6440
53299
54758
15715
24824
69364
62416
57866
99059
48033
45410
8120
32844
51533
69721
65954
81225
52092
86671
68231
63368
56689
63110
92442
28153
50495
48842
71427
97159
24933
45285
71244
59688
52277
74469
40498
65606
83442
15919
2261
3756
91701
66829
8981
2773
30130
46549
50318
81799
14853
97822
64702
60251
26824
99981
25627
81874
17891
28187
9637
59847
19418
7055
96421
40535
35431
1304
30486
31305
81511
26968
65124
39496
50074
70333
20406
27880
85251
66806
31870
12716
77152
71129
32735
33973
2666
86398
35226
64953
26904
75977
24223
54820
69459
61855
42539
38293
87568
3599
73815
41073
73006
83000
78263
50683
57223
14821
88988
57852
77381
18341
29458
26449
47564
31623
62118
49346
7728
74492
647
95505
54287
17327
58759
41375
26176
979
96285
23711
84991
71810
71111
25421
44276
6985
39414
27760
26298
16463
99097
18035
52053
5517
486
83196
92385
96828
59218
62634
75709
51486
55149
50187
56568
92368
59033
81091
43616
79107
61453
98143
42385
83087
1906
22907
44275
33140
81571
13720
47547
59096
62763
21271
28355
51170
221
79802
79510
44467
1423
56062
24213
89572
96756
85806
43752
6727
15635
21357
81736
27696
38711
11655
89998
55426
4043
35157
22268
52255
30262
38016
25506
5170
62499
21202
84182
25392
59869
35748
17666
59907
40360
19608
37693
65531
86619
84427
94870
34285
64852
54162
55978
69318
29837
42014
58414
10578
75526
45342
28221
15391
39499
23147
39208
42131
89973
42122
10540
80164
92592
72679
26257
85364
10103
16498
59026
96968
47458
10957
81734
30980
67875
96780
36483
43840
67651
95148
85899
35244
24621
47511
25990
95359
71826
12593
83652
72534
46416
34006
36791
71198
60501
13884
31571
34230
4274
39837
49584
88515
73000
32714
99739
25321
89165
14229
88445
94110
69614
99351
58140
52128
95164
30485
44481
46871
10868
34291
82847
18569
72973
36779
16293
42613
60739
59691
48764
94943
64879
95915
83503
18690
29961
19288
89720
30527
65082
68115
5688
91773
7297
55306
89079
39857
33074
5407
5915
66353
62039
23795
87323
70428
24199
57746
19767
61919
85496
88214
85138
7051
91364
21300
80932
34166
30496
75194
67602
1874
81298
13028
91811
80004
25769
83841
76628
39298
40052
15941
12300
81022
5263
38909
17976
42758
52290
2903
16980
97939
40702
98593
14427
65637
18787
65076
92697
8319
40973
45842
53259
86260
90876
97786
38228
74258
17692
78681
32277
71760
6505
87890
48276
25709
38935
33667
25496
45208
21355
64046
13446
18012
6102
95398
92816
83962
15958
20344
48346
69983
90415
67968
14839
30766
69897
28952
6732
97454
64657
68732
48509
18053
81131
92092
84289
97993
4189
47257
55576
46559
42540
87650
7467
36799
5846
49737
43524
46263
12633
67133
6936
97768
91057
26386
30283
52152
30475
15020
31365
13716
53178
99928
44046
90611
9209
81847
38623
76840
27254
31903
57189
41493
76753
98132
86771
92222
24569
6971
27492
52391
9626
73395
48138
40385
75115
61182
69022
55957
97859
38472
88848
44980
47057
7092
48538
51447
64560
72627
32974
33661
74449
14540
31693
52064
18799
44965
61900
99149
58322
30594
27641
64315
41181
21935
91533
15002
66230
26332
15989
79510
93063
18707
57258
23999
66380
16059
65686
31223
32025
88073
42234
54585
57358
40010
94044
99280
10283
57590
896
21753
97913
79431
1144
12332
57415
98099
95611
41248
27030
1949
72425
27165
77673
98823
46792
10012
25677
82089
95434
8138
47270
17452
58009
3093
68438
4354
4664
96843
58715
84292
7002
13633
56640
25124
35006
58552
18702
92275
86791
76211
7766
48615
27180
11786
46386
43123
14952
68132
20425
22134
42797
21762
76593
55232
40046
24580
44754
32796
18540
63131
25200
41664
44272
51960
60692
53637
95010
45689
64369
29490
13578
75533
99011
19235
49855
19855
3326
52286
58574
86756
21711
44692
98769
13437
61630
21627
53638
35233
10818
69837
70723
42022
88804
51445
24483
41545
91998
87943
83446
60709
57799
13578
17543
41431
90115
7124
45555
77014
42380
89329
5407
79661
49579
57732
61773
10324
86278
88583
85924
25174
32617
27576
44806
42559
25438
45988
38047
26737
14794
62316
97460
88751
15497
75091
41327
28963
98798
35335
63066
23520
38275
55752
95755
89478
27446
9295
73002
37156
11587
69186
216
43443
38952
68663
63912
13608
27906
27333
42500
2296
61644
48204
59225
24600
88265
9457
26993
4982
6042
46286
14523
90891
1667
25576
78627
64702
30531
34077
864
94072
79749
294
21560
39991
43013
79743
32309
62424
35662
81484
91451
7994
29270
98045
83519
62517
7157
59968
66898
45203
22397
19341
14607
6654
94122
23282
29194
94804
91373
33465
21900
72548
47235
48310
96805
13179
78693
2955
47371
28300
87352
98098
1353
67419
51664
73491
49845
90334
51416
7872
40798
85183
96512
57515
97854
53297
71872
75760
30932
52480
56150
19295
76411
58401
34411
68997
69205
16856
15363
56913
79300
93150
40222
50924
680
86955
71590
72803
5416
79922
83003
73276
6946
33278
57096
26546
62825
75450
94142
81953
75418
78082
86415
40982
92346
30222
92218
82564
74856
29929
92673
87845
26921
77036
82539
36162
56794
48756
65968
46004
91582
4826
36967
16409
1529
85364
36277
5429
54192
87518
29208
50729
56905
5505
63944
16095
82772
20499
87937
57370
88085
72104
94546
88736
88891
98391
14914
28195
65438
85417
3228
29770
55906
5831
48120
33346
36334
54335
27506
43338
50834
54644
30009
32092
87658
71657
44085
53464
7389
54026
84132
47676
24579
94982
53262
74908
21927
96454
25184
13542
75035
8649
96231
30631
11450
2793
88238
71233
3779
94304
19942
5741
49150
68788
15145
88472
84890
82663
37006
47099
89955
55363
38828
45636
50318
92607
11269
48876
50326
63795
4752
94303
92499
58325
89201
39122
85219
46912
89463
575
58787
67519
54187
17642
19505
72938
60926
817
11567
13771
43805
45923
41867
86223
21587
90508
59356
94571
2805
77933
31150
57783
62344
71675
93239
86464
85756
80577
82302
75571
19703
92900
51872
24074
89815
24873
26775
47604
83931
40369
79568
65098
6447
54675
3073
3666
21825
6279
35342
42213
21481
51789
59384
65809
11690
69007
24851
36070
27125
51614
78118
77249
62840
95195
73186
7893
15896
4620
72940
30704
34038
98789
33618
61197
22388
56457
62558
53842
41461
93524
32270
56766
99133
77095
80046
44820
94980
38549
59988
63024
86504
95199
77456
76534
37555
76272
4188
55897
98634
9317
51790
84134
42968
26093
35473
56057
17852
83354
38262
75433
63709
10955
4061
49695
93885
72510
67590
50456
92928
45112
80923
60470
73772
38439
21089
22725
64509
2680
84926
13173
45392
63118
50013
56129
89403
44904
52815
53736
12649
2778
86604
75763
30042
21092
44562
94617
89075
27300
45785
36182
65391
31328
457
38625
71141
6899
27785
15583
52171
95455
86807
57433
31896
69131
41566
63266
13680
10906
3432
35299
40308
99211
28762
98551
15718
9139
10807
18377
33507
70510
5862
41939
57845
13160
9715
68101
44141
34213
29687
54393
53845
68833
49883
39593
56306
35980
31690
69637
79755
70229
9942
19192
26254
69375
97100
24130
88318
4209
16827
50395
40858
36828
26142
2065
70755
5222
38093
59332
62736
28430
83485
18382
78477
6962
93998
42745
95311
88521
50592
11313
37645
34179
59199
48338
37109
7968
69250
70221
74032
57574
23247
14832
37317
62735
38382
62639
85266
54872
91109
19821
78929
88307
98535
9574
23371
88170
20833
85739
61162
69921
15589
67672
32256
3780
16215
15708
54712
81909
6021
10104
56133
7657
82697
42985
48562
38750
48460
59416
42556
60561
8729
5626
4292
99329
30446
67639
8022
30736
94742
54696
88285
38784
54227
63424
873
71589
93989
51245
36209
11809
22790
24746
9708
68686
55311
44044
19047
35298
29922
85650
60074
89321
40264
88665
55636
8655
3756
503
90024
80138
34338
34405
5470
79124
436
85756
39416
34209
14645
2212
13420
55393
68568
71284
29334
98823
7316
49107
66583
44600
70197
42299
66155
75206
81903
38621
15052
39245
11297
87311
47605
94189
75962
36836
54972
17191
71616
32150
77220
80226
4384
32998
26259
58783
24395
56218
29215
2361
45731
12565
43378
84191
21018
38576
33647
17394
56883
35453
28523
80750
86269
76022
42688
17317
98689
66517
15494
96108
96823
14769
97255
36300
48235
39003
28135
2930
87361
73700
1525
51246
9631
18418
81380
75931
71561
72910
44373
57137
45996
74148
50172
44911
69065
15622
55830
46388
1007
84997
14906
39712
43157
618
15334
90810
74054
55320
17423
27116
89283
16970
13468
55337
80637
59565
75978
37563
74076
31147
85284
55691
92820
58606
93031
53401
73569
55889
12347
25672
87783
8814
18762
48451
2833
94565
66724
53546
38387
30309
69786
23617
1552
73230
95122
48365
16404
86351
51434
35321
84957
95290
32726
94531
47368
55380
19870
3599
14178
60442
79484
55433
21110
39325
32817
11682
38177
64741
55418
59494
95676
42752
95013
38287
42344
86651
26076
11656
74424
54102
70372
64650
17963
65552
77436
65819
9644
66575
22441
69277
92548
56730
38112
29992
1897
7289
54975
27664
17550
94215
78994
88605
89250
29870
35301
18934
45805
73378
11245
25882
53468
63072
49065
22765
12034
24171
88221
37073
11350
1342
8834
2176
1888
24064
2897
16924
51427
46311
30980
90440
82069
7113
63750
73072
65992
3993
61480
27967
13602
54717
13911
7374
17114
61935
1847
25765
92914
59957
73801
31996
92830
43567
25964
59868
84220
9976
17328
67742
1915
99883
3642
77479
19196
1020
58338
62542
76736
18931
44015
28824
93692
47974
56308
44233
3396
97571
74120
16233
4086
26183
52566
70713
70638
590
73162
66061
23694
41948
80363
45803
13284
49646
15092
66091
28068
22876
27639
5785
7220
34582
6056
2584
86336
24867
16520
22913
465
55009
16952
25503
94695
64428
17172
36490
2440
66031
52293
73254
91629
73796
82793
86749
99002
4422
64164
49376
51829
38153
58326
44948
86005
38825
19537
65788
32601
90384
76525
87055
72461
18681
24592
10972
961
18416
18795
35306
84153
22487
44858
71375
87724
82563
29069
80344
89193
21280
61340
91041
66507
91615
41929
60006
37819
75000
76054
12795
1971
78229
58828
13291
96610
94669
72750
82061
35595
50502
88270
14487
7514
93835
78480
78827
36959
9152
19052
30539
37591
19746
82075
17322
47992
43776
36515
69458
27682
95405
16611
44421
15512
38597
22330
19344
75152
58902
36715
61413
95871
95806
98984
35794
48704
17215
55735
13781
94320
36077
58904
47729
57187
68962
22714
16533
29487
81640
53483
67358
3650
42590
10780
56213
90535
9328
69880
99461
35460
66959
32767
67703
51861
46352
95724
4557
74683
81272
88013
70241
14366
54672
87557
28656
9805
92821
96345
67112
87218
4890
46405
73920
46734
51396
35492
60941
15495
67007
44832
57478
27106
40577
38968
83943
6082
40003
2443
9346
87926
6032
74550
59440
8289
71452
1534
2076
24016
43765
67838
1387
79685
51444
57311
72896
33990
93871
37709
83676
74983
59956
69325
89511
88629
68722
83526
58999
77291
76421
97198
43839
67636
9100
94865
36836
1092
37062
86987
42902
69670
74393
25653
9095
59771
86990
97355
23421
54633
75513
30342
99908
45348
21595
5677
15087
8890
78399
45271
46028
32108
180
89733
41076
53561
8238
64760
92538
40140
49066
78326
83858
74045
39634
25473
35027
21879
83991
60628
52151
74984
34470
67955
9432
50069
7531
80996
95080
84984
45651
79709
6647
67763
91998
31223
79678
28267
18592
59245
67397
77680
13583
9111
16380
82341
97278
83211
74856
95010
94612
52564
97120
75469
62889
46422
30698
8081
38613
30329
1667
25379
74574
21482
68748
83995
91405
46270
63365
23212
12261
41094
57678
54928
75666
30020
86199
67700
44897
82539
31487
11467
16657
15046
62493
697
25816
47082
43556
87974
60502
68159
19232
7254
11633
64040
93455
39385
6548
46857
92000
43924
74688
37904
28978
1475
54521
40749
37390
73921
91735
44555
47949
1230
63391
75392
89838
62996
30496
97710
13762
77643
26845
26665
51256
43601
34940
10332
84994
71053
17503
70763
71118
88614
48666
96780
69300
3705
59873
7819
72155
18735
49619
64137
4538
64700
2801
94116
56312
13162
86770
76957
69631
86315
63770
23737
34482
94357
21167
53702
9474
55865
13923
46080
42613
65504
17106
71337
86968
98610
16002
13991
57544
81092
22307
38374
67572
5016
60762
68336
67643
60258
75020
94855
25395
70833
5150
85496
66084
21742
36195
52060
38226
97679
11244
25577
92063
14009
69277
42559
14791
99682
27231
21405
13705
61067
53744
58939
25621
38624
16726
3171
58245
68970
41452
35854
67098
15018
16689
20597
59577
25103
91277
70524
78912
36629
6247
71768
7817
87777
97099
56382
22208
80584
73834
51049
90456
81850
41828
30799
68642
21279
47
63424
84398
87602
66639
6173
44082
69612
18374
66142
99806
90218
66399
91565
69039
89877
88716
77721
5634
38108
15457
98712
11435
27832
32467
52813
22490
42396
28858
85412
46463
5597
9612
4698
61698
33131
67306
68489
5987
28173
40546
81861
2391
93580
26361
26430
84377
9434
62142
58879
2146
45156
17626
96693
93308
2711
21582
66786
57148
73479
58723
21818
49036
68312
41993
34061
35207
18527
72660
47115
22683
45113
7306
22279
29360
58848
53651
35909
23578
35703
76314
90626
68233
96643
47069
93483
25584
96096
39317
13850
25344
34469
85671
9483
73252
72827
6502
95001
75065
12017
57721
15494
70667
80065
98706
36140
86267
19406
90000
69444
30771
29760
61915
85184
46722
21449
57024
35407
61479
202
78915
14500
60359
65065
94352
65057
79009
4579
55190
62161
80907
57749
48661
28922
12122
9330
2205
13358
32706
53185
14360
31105
17947
32714
10218
4087
71684
21508
38516
4341
97850
96229
20192
81319
875
65207
87620
30920
67198
5404
50994
54530
7486
11425
3178
25021
16552
6474
9435
60612
26911
37701
50133
76146
4761
35113
33741
42750
4223
71037
44360
84772
82784
24191
64206
25120
13875
89115
58836
47947
11940
55980
2995
63802
90643
51799
55181
83078
80051
33656
76386
89163
84238
54102
75206
50886
9584
34255
31256
80709
97611
23105
20070
87547
18117
24801
83881
58970
31226
9513
60888
87960
91865
81300
59787
93047
92825
99049
52386
38142
90307
26671
62015
57239
50892
15267
5795
31324
38868
52131
85268
32473
36465
53649
56310
12225
30306
45585
71048
1745
25765
88131
65343
81337
65195
42577
28712
31262
79302
93990
11195
61165
82891
2079
27855
73243
54333
9846
51176
97983
64297
69434
10822
58209
53636
92673
53825
33722
96622
61414
13620
41292
62324
9147
33908
77857
77871
29602
14590
24545
90283
78246
98385
42884
68350
16230
21535
81777
85971
17713
92733
77910
20490
97048
89671
30648
9839
9902
5963
76523
96570
18663
55747
47562
36025
61990
79536
5556
18714
90506
65320
90782
55046
82931
61026
66573
19442
29185
38556
60447
54976
30556
1668
33643
10956
17182
28165
29921
91128
44948
60354
497
73357
86788
99062
24300
28360
22776
96405
17875
51675
30771
44781
61002
38262
73238
81796
58024
95684
54073
47978
72875
23347
66701
66622
48070
79025
55583
24640
6706
37894
49227
23128
22471
62138
60830
56469
70440
36935
11732
29978
20142
52765
3980
20105
46500
47512
20250
55141
87703
53547
9325
15383
97548
92829
6399
90258
96743
68966
46020
42329
95940
32735
3090
56200
28770
59323
4187
29415
21723
47395
70535
54405
86260
99828
97456
55722
50215
83478
4313
57301
39909
49659
32598
3659
31623
48181
42697
9957
2911
25737
88925
49988
68831
76713
74194
16195
56361
22224
7653
15931
23879
76215
21827
92308
42442
26915
4626
48203
62007
25857
53394
98026
12119
6604
79607
889
96336
9500
78932
2859
1352
24586
8675
84705
67234
50532
80647
93696
45675
38028
73995
43118
90994
90568
91131
51724
9034
38000
5958
27217
68644
75369
48932
88565
15683
90000
47530
15046
3911
39700
74721
4104
31269
89111
39934
50227
28858
66149
48185
98758
26256
33690
86843
95640
77854
62775
37901
89128
67432
88068
38136
74770
23248
35329
32271
55630
35985
30943
739
698
72982
18879
25979
58221
10166
51442
55494
41733
42748
18774
61822
87935
38462
13876
31536
83461
54975
45334
2220
27672
61199
16035
75418
47711
21871
82981
92473
70282
78822
39074
19031
20736
8113
35024
72666
2905
97083
38334
57736
6528
57178
1112
48080
67341
62973
32289
32816
70035
64412
46131
37675
8641
28915
90825
25569
3351
72700
48255
2509
59959
8139
75014
61112
74222
18343
71102
91951
6299
79208
88314
6353
60950
70342
66113
75437
75805
98321
80473
6661
36117
21070
82211
18223
97113
99778
63384
83600
89962
8975
54360
38649
1933
65370
47370
11195
53971
1308
1848
41577
15138
60572
90646
77007
21194
87580
79550
56145
54646
51215
70397
57111
19954
22841
13213
70837
65917
36585
56985
41345
30890
84568
99831
7502
84090
41716
63452
71868
56673
34299
13359
74519
63864
5775
8482
92571
10852
84851
70847
95670
83586
82916
31020
35933
84400
95110
9796
73627
21984
63547
50633
22401
13887
50185
57391
56348
36680
42265
76216
15691
10350
2088
78368
59272
14352
27554
27859
25086
90921
13053
84957
38194
89454
28705
83268
6872
58114
79293
51536
59635
79495
43017
33889
72650
8238
99488
1013
16998
35489
25972
75893
10917
22054
15318
55163
88017
98954
46728
52698
21198
77332
58628
79418
79435
37328
23855
47048
51185
47444
85697
22957
84737
84997
75781
73481
53671
4702
1155
44194
33597
13388
63981
57889
73178
185
37669
26915
792
25723
19959
41410
90505
17443
29993
88289
89788
46717
72727
26923
85868
80633
638
17639
33066
95400
2347
70452
68953
73198
13933
88542
44055
17973
31494
78530
29402
86656
77434
7006
81451
4678
16615
27937
86904
31983
68619
2921
64224
44565
41342
49959
29706
48922
4224
75808
79398
20577
45057
25099
75029
28383
26853
45206
16508
13483
8598
16066
8935
65429
14077
48500
50416
23818
50230
31966
24174
20706
93635
89642
23893
80788
89617
71691
27395
83040
28498
74853
57306
88678
67779
29767
9531
74949
10309
48465
77223
67240
63938
21719
36999
51765
22927
39611
18904
36323
1314
51735
64432
70480
26420
45299
69298
33060
61918
12231
69017
21392
20131
93069
64135
24336
49503
28730
9157
34706
10036
92720
33159
40350
76951
31961
69955
77065
61671
42497
80548
58884
33729
37914
56675
71521
19288
61961
24194
1113
13749
18614
47269
98994
95714
39059
17079
12895
56378
78673
86971
19505
36976
36246
69459
85167
70207
16317
77973
24272
80758
11907
61345
58352
47604
35062
39851
47742
62125
73776
36517
39756
78687
37234
1173
13473
53138
60437
24374
17735
29875
98401
75039
23476
32181
66460
2389
11930
53314
16433
64566
79205
41422
79226
19999
34777
8058
93923
68585
99772
74360
58040
45718
59068
32083
72393
70106
44888
9793
32208
12354
13094
33574
51885
55002
26544
36382
34556
48534
46638
2603
67409
45196
81302
40631
47869
20135
21447
71206
72022
72217
46367
8123
58793
44599
87794
31711
94678
16048
23924
26239
86381
39321
16819
71383
19555
51018
4155
40067
41222
2209
3230
61333
11130
70580
42431
81530
20619
8540
79165
3688
52840
17700
12038
96808
11884
51071
88433
81729
62390
35111
31701
8648
88941
82810
85331
75960
20624
4540
41986
11282
42221
90138
94044
66840
25920
12316
73682
71782
84556
50411
13283
91056
42090
36868
23265
545
50670
1428
54618
56662
85372
63818
68609
70816
96859
5962
64027
22507
77324
21014
32228
21130
25775
60246
74304
75445
37517
67497
2239
13993
14106
24177
36446
66410
59328
9560
47415
43818
49998
31883
68222
86914
89877
92122
87136
4042
10617
41767
96109
8489
94358
54651
52948
64080
28974
97983
87515
14740
55294
69037
20902
15643
13176
81840
39450
85811
10767
79264
21954
67015
11493
89720
90856
96390
85995
68591
26293
77915
79748
82521
50333
242
2147
38466
39424
81247
92398
61288
92712
17023
12839
13389
1564
63874
24298
46808
61175
1205
55790
24340
14239
6562
37663
42911
27280
52318
27162
79677
84747
41078
86581
20471
38095
55417
70326
63223
51506
43582
36491
45348
96096
31035
2602
65190
3639
58652
98751
33106
40104
79861
75190
25088
18833
44018
15862
57201
13806
56183
33795
17512
54826
49992
99845
960
25252
5698
38674
9118
85795
34252
80445
88373
94075
43085
658
90408
96704
7185
93971
81555
29738
11901
64939
52824
67033
36224
51715
59794
79856
59164
17354
60533
37769
83533
34772
4198
82641
24856
81508
21270
47968
28718
83618
30527
56234
72573
87720
72315
64072
43483
67253
4445
45225
33362
44483
72192
84567
4893
22290
56473
39828
86964
83689
24586
86012
38314
72893
21391
46418
29141
14862
6217
87716
40751
11225
76254
94160
5625
51668
86560
75712
21676
96376
51120
84403
45689
35651
81376
63149
94723
71400
63752
75659
83635
95699
12694
22012
21065
66739
76258
24849
10970
98201
73475
37476
46330
96252
76547
27591
14082
77078
37072
49310
28142
99477
27358
1674
90324
6801
52482
46291
15283
38392
40412
69550
58664
11918
73343
65262
78442
82923
36471
14424
5077
99485
91205
92685
55281
58421
35403
55131
22594
14777
3563
72223
4356
32118
56228
61186
83592
33293
44945
67366
63792
68989
8548
46394
48183
63841
80623
44132
61643
59625
72322
24833
10243
92058
8640
49721
1890
37981
8768
65713
59114
48985
41065
22910
61254
79832
17611
44963
74306
90673
4775
66294
78681
49882
62971
96670
79594
4163
6362
40489
58088
68888
70075
24558
5965
13048
38504
33512
29643
39974
58765
78619
40935
49570
29974
13356
80457
482
88738
73130
26231
81968
42658
12469
59662
33962
66251
49983
36916
51362
20930
55846
58885
28585
27754
37911
99765
83429
69546
44331
30300
47711
29616
27428
18088
53909
11646
95011
52563
61623
1076
24413
16287
99606
85987
12809
31291
7051
16347
93258
6941
47128
8647
25736
766
20191
12126
57849
26630
24299
46584
44461
12961
40394
76370
17180
31578
82714
97510
75657
31693
57333
61097
83311
39617
92881
79479
55579
73597
12225
3246
83914
16070
5120
57018
75310
56422
5688
43246
4105
56307
16127
89443
16874
22140
48747
41190
91552
72032
33395
35894
47870
15607
77786
62854
22606
40156
77100
48766
79611
6694
31886
66415
40582
31052
93331
87620
43296
30434
61593
65691
91371
83337
90345
45594
44505
93360
76842
14017
64980
20693
81549
63779
37175
5674
92055
61539
6949
54707
70760
95597
56191
48714
5495
90682
2423
6967
12718
63121
15831
62958
41874
38327
77411
80458
64332
74180
26038
73904
90109
3098
52050
45615
87666
97075
40306
82681
47024
22222
54828
7841
61924
73624
23880
37623
5505
13329
13080
81771
91478
93641
70135
92301
71391
68833
68414
37119
23252
74316
89384
43845
53291
6209
8698
63902
25195
11097
73792
86200
21493
72754
24959
34822
1967
55568
19296
15438
32402
18004
13664
4242
40931
22208
10473
49716
32005
35168
2636
37605
77909
19433
53750
28499
2097
83382
60079
36559
57792
58683
84837
39369
50618
40943
1716
52837
82583
52601
23811
25059
68092
73870
72735
37384
27199
49723
84144
28371
76265
56440
24377
48740
98146
91471
90170
43477
77361
29435
73445
42633
64755
51794
69120
34069
94221
52575
27558
45205
35392
48280
17669
32123
65694
46417
61853
77263
84068
8714
69849
49465
69660
26934
52092
24227
95092
93366
71586
18540
4849
55098
87905
10659
84612
98738
86185
59753
20481
93630
6849
58419
20156
6932
29402
45643
61459
93581
6149
37420
85738
50066
29875
33775
34824
82865
13517
26920
84238
28377
61744
37780
15892
27960
3169
52613
34326
41171
50404
41451
34125
87223
74044
98561
26757
35741
95715
38585
11345
61768
26967
9221
46467
91222
55181
12359
12544
18364
20092
30778
98440
96877
44710
19711
8695
18243
24510
95493
2144
37451
66636
86274
93743
54024
2716
82295
37337
17982
36611
74613
18496
21359
33796
46042
38599
63841
97609
61263
81386
10954
58064
38156
71948
34784
8359
21509
64286
40354
24667
99907
25674
71894
23860
29475
36234
77363
70061
66983
93284
91771
50056
13485
64190
81762
86644
84662
37445
99096
80915
98246
19145
85497
92055
93723
17293
57146
69331
96415
34056
99894
47109
82898
62359
21314
79723
77364
60747
62869
15536
7368
46490
34979
3162
727
34197
47817
49695
86225
87431
87655
80790
18119
88649
70204
91155
14729
55845
58828
75607
70876
34866
50535
30780
55778
49967
45481
86717
85856
17149
16727
47350
89580
96459
43275
15816
26310
88518
15238
26129
31587
16591
21820
50306
4241
38793
25602
92914
85962
20016
40022
97882
65624
81789
36071
68687
25294
83042
50426
26575
27142
41289
74269
57914
86814
7095
76545
64071
14027
95425
50171
75612
73080
18792
42385
2896
60139
26279
25815
58169
52775
11466
30824
65677
62853
38673
49442
83794
45901
85968
80125
92519
37769
39211
47516
55957
65585
12134
53272
37365
23859
3457
54190
35534
44065
23366
21718
75434
83806
63963
15469
21505
42595
36694
23863
30071
79894
95403
91228
87483
62395
77505
72751
52214
28771
73147
33033
94973
59956
80066
70680
41620
51127
66124
35738
74031
8627
70081
45021
3618
41640
61045
28195
93534
76894
30597
74657
59470
55228
11654
25068
87866
7469
62612
2998
55075
41957
42071
76969
24459
42504
95728
18579
96152
84284
49365
61168
7549
88150
36543
77913
99675
38008
29692
71030
72516
4443
37959
50310
12350
52179
36998
9164
95797
61616
22353
63312
19121
4966
94033
24664
92865
782
86568
62408
79986
25956
7344
78533
33216
31204
86054
94538
3613
19991
74566
76986
62229
15850
51899
75312
79944
26808
5867
36627
21008
6217
73966
81837
24671
23264
81704
63486
98091
87387
75633
84444
98545
34779
35893
43097
44789
94069
69903
62964
7246
85511
9180
86934
36370
71541
12685
54087
99789
36613
10162
45230
96260
56213
36038
64820
6539
54142
99546
50189
30441
21916
86991
47774
14505
51497
49289
60812
94114
50018
72943
85402
18920
66483
82408
2952
19164
72601
53140
91538
87084
76764
47269
18842
24910
51322
94100
71755
88711
46438
29597
70966
22696
70451
14892
60310
45283
20071
19794
15828
16824
21854
19130
87517
144
73677
55788
89169
96691
35999
2733
36977
51185
20382
71970
47084
99294
9853
6832
16002
16679
13196
99508
44090
17530
20822
21814
1499
27379
33433
2512
86301
49347
12700
26042
75638
88078
93167
85711
47155
70617
85035
67468
95153
20977
42587
58846
14164
24207
69862
79296
73390
56686
32587
2332
38474
7968
44960
9389
94191
80451
79009
39822
64324
67957
59117
52837
34558
21633
33805
75851
43797
81662
4926
79467
65990
56227
79917
78046
29768
24911
28043
60503
77322
94877
3402
42665
52671
59886
70452
38615
82285
81295
82442
25188
84872
62667
24194
542
77484
17004
46439
66818
9720
93846
45887
51600
31607
90243
84852
45548
72800
24530
5626
36067
67343
44893
4967
13676
59478
34837
59130
3089
92806
48716
22003
14329
54995
25592
54974
93767
19520
11974
65831
70817
16050
1927
21989
26691
64873
39233
61450
68876
67535
51238
3653
23817
35400
11950
51488
53137
80380
68618
2589
84790
43570
22560
60052
64720
17987
65793
2996
43489
20748
392
74932
40667
65645
96857
66086
47803
22129
30731
31947
75064
68439
87190
59364
76151
34090
77604
2377
54747
51577
78784
19599
70656
73272
80215
45144
40846
30083
3376
43925
42706
47605
24632
40357
1272
50261
59578
47807
33342
56423
75642
73459
84559
55252
69505
17219
26440
10022
69358
85719
3516
11104
40315
23999
13329
57144
12424
8033
19074
52438
61454
6770
65845
51085
37477
38857
4436
12231
62451
23042
73713
79267
93264
40366
19022
21173
48589
37964
38274
16416
93734
24249
45657
17
6623
72968
51172
32925
31247
41413
70360
19087
71217
98682
24026
29053
57502
96545
9622
19504
511
52067
37400
22318
48539
50127
46934
53767
52355
32483
67442
91530
84000
24011
58313
72689
19074
15451
23645
83831
31189
5808
27596
70721
53464
38493
77358
15342
96981
35035
52214
99901
90209
45317
4087
78450
30912
89002
76732
46020
20196
608
1058
31112
20383
40303
84214
82471
38866
54403
69832
75179
6749
31605
47817
55915
96703
12789
71397
83527
69327
40197
36811
78474
34250
11818
96780
72664
899
94688
22062
76983
94272
89717
51747
31042
16940
98944
6741
99038
84812
92764
33058
169
41018
52309
28447
47672
89588
54972
18381
12154
71646
31238
61562
75269
34015
58300
5052
77104
3527
93925
87587
5658
34756
26077
70061
50987
21838
88855
96683
17547
5960
22
91500
49602
90493
49086
67244
15523
79744
60976
83196
22390
41332
76030
54191
83164
6666
64817
19209
68614
23830
23255
54344
99529
78796
3464
99388
94958
98832
81628
56196
52362
78724
47053
21839
14956
91597
82073
70531
8947
85192
2170
35470
65543
93914
62848
18879
71258
76595
92491
68829
76144
80506
29762
84473
95373
60198
61217
84056
30666
72345
45378
94817
61508
74856
33007
26442
85543
93998
43478
47210
73686
50648
25860
80722
48719
54203
29660
96139
88804
45359
8587
62396
6944
49219
5653
15378
98684
91963
53686
48815
18978
89922
73292
96830
43099
96268
78757
19147
79672
83369
37136
8088
72587
85331
16078
90442
48207
64238
72826
1168
41522
11433
33374
671
59642
33860
74921
65592
69343
95167
82203
57041
8060
69593
9435
15452
14593
73579
36790
12636
46976
79834
83765
18492
35090
81846
53630
79912
12192
60303
1772
74264
23477
5251
13778
92766
61659
63909
56365
30222
68575
22917
95252
86896
29800
32629
91737
46049
260
62109
40826
2152
93504
65946
60976
35213
74032
18838
28765
36988
84090
95084
75437
26384
11240
6292
91942
99363
99462
55370
57681
33941
59979
69633
50486
67995
74730
6715
31309
20003
99450
53089
22937
97271
66448
51835
99100
4175
88126
33816
18875
27767
88592
53766
98958
24079
44764
8464
22072
53352
77155
93221
89377
65277
65762
88139
31657
38092
52111
94120
72004
42074
4470
10024
60949
65939
90443
15266
97382
11822
845
23964
92123
53218
57199
41689
75327
38041
67731
9303
31171
77147
95626
63763
61764
58756
25323
69948
90061
21427
40355
55878
6304
70256
94690
13442
35812
34468
94049
77688
50414
70306
11352
76141
76022
88976
14900
50540
85607
44047
9625
16659
76065
37182
82837
16710
1913
8984
2386
20202
93696
47442
40110
99899
47753
22061
96808
19070
13751
88384
8359
11184
20586
35358
93390
92068
44232
33282
28883
67609
18248
79934
58348
58807
78309
77320
89617
15570
86068
9987
44353
73861
53850
62045
15826
20034
8580
94056
19843
32206
17631
41191
88900
52298
20055
5289
79133
67120
56981
77498
62417
84874
6150
6202
73201
87915
60570
17299
2792
40415
86679
50948
31644
1550
82056
53890
82925
67100
18291
64471
21639
59438
24751
18079
25337
37464
15413
11869
25478
29639
92769
17710
25316
64402
65309
31401
17165
78855
80309
11512
41538
41533
70763
61725
9425
73571
61808
16505
40789
97305
31730
25540
68856
63059
82832
84401
77877
5404
73729
53051
7988
44221
22583
72922
76293
13885
67164
72862
64265
86623
1545
3707
30115
49243
10320
80735
15370
87922
90302
95743
82992
27664
47911
31902
4798
95082
43636
88374
59947
65826
40381
790
56307
82837
24359
7399
13465
5790
12070
47264
20410
39629
98037
43820
47447
29727
31224
47585
18756
36949
63224
38180
45139
88362
51231
61881
36778
86955
35551
8768
51947
27991
80858
6043
75868
18156
98973
48875
3929
2581
20156
39606
57571
16280
40723
23073
83386
21081
26479
95961
41128
62634
55374
74071
76409
90984
33372
76771
82756
217
56343
73118
1974
56924
13643
80728
19761
67601
61131
30021
65531
27865
36993
13772
53246
80090
32868
42625
25773
23170
96255
15513
18966
60546
46987
32139
66730
6686
89282
96320
53358
85960
74999
24389
99634
76671
93101
72618
15440
44574
14782
88795
67562
46997
51074
27379
98906
36887
97518
47509
47949
33590
53942
49581
6190
33053
86278
14086
74512
36181
59463
24263
79680
82816
99123
11054
35420
3248
72349
88916
96476
60027
4951
58620
95366
74738
54095
43681
82378
22788
1510
56246
99754
13967
59787
48010
47949
91529
1608
34532
86934
62498
50595
27449
76484
98870
56109
32364
9990
69099
49315
22921
23551
34478
45096
78129
54804
27035
57564
86878
72932
22216
1206
49442
91406
51199
53837
88856
65014
21259
44288
44912
93104
11905
79879
24163
91204
15140
10995
94572
73887
18242
8730
7921
4631
4178
69499
36805
1258
30357
8086
41898
12762
39309
55055
52547
15608
88053
90290
70521
75137
5508
70846
40073
43291
47044
43980
26031
11988
61503
65835
82528
81047
13552
63521
40648
44664
44817
31625
20598
36048
9075
93375
92590
92599
75776
72804
63606
810
39639
59014
79212
41885
5769
33588
51098
28753
11932
77989
30919
12409
44209
6429
36988
75767
29201
36818
46826
260
54815
41415
2565
18502
33965
69104
19314
70901
34351
28768
67296
50409
54870
42470
7210
22226
95353
71900
50580
37616
42127
64612
3181
87928
26414
82405
50122
53197
41211
26790
15374
60329
95440
3021
86614
57610
31032
15824
79773
78298
90340
59537
74003
75784
29865
47042
479
41929
92410
61106
3931
6270
52274
74789
87831
25634
42894
25235
29747
23691
7379
26655
71571
27391
50957
92882
5244
53250
95095
802
70195
19021
21899
45748
6443
21777
74488
47533
76
54073
47199
89755
70884
49544
60249
61091
96754
90046
65599
26920
86560
71633
78641
66775
47717
7927
66668
33233
17403
45773
69961
33716
60435
26138
37163
11461
96015
72822
26292
66173
97774
77555
95248
18291
65591
6890
306
94031
64834
67326
5758
52223
40083
27938
98013
65249
5733
27568
36766
26984
23589
65900
52233
46534
15230
48767
18063
39052
17564
20715
18108
22359
5260
31454
41404
13269
22892
94408
37398
586
10899
48847
36343
15468
38863
39088
55762
51813
21221
58086
31283
34341
7563
73198
35354
3040
18183
20136
17306
92468
45032
4094
48874
26004
75781
87566
44518
45049
49724
96102
24942
2343
75726
33020
93383
37890
43087
9128
9211
34060
92736
95612
10290
1340
67336
52874
90092
9696
67674
76978
86815
1265
17324
30768
49448
71307
55168
55561
90375
40105
40243
54145
3855
56032
66930
10762
90480
78823
66289
80997
28215
84642
55626
91465
44082
8478
24180
92980
77982
54481
70053
50880
7397
62891
26259
62543
26409
92784
61924
42278
6601
77260
7799
4472
22839
90985
44235
31492
6027
31217
32894
93389
72189
86060
18625
70173
29883
14184
6808
62419
52170
13816
33950
47214
64616
54937
31418
17288
2942
34522
674
58299
95435
33129
78444
1479
28378
77966
37675
21852
19571
79770
63096
68664
48079
93683
44951
37015
84261
32344
72254
52993
34103
63620
78332
43182
37666
53312
18925
21281
45848
60948
26386
74085
49616
19914
55078
25352
50492
61083
45547
95300
85499
55654
47284
48375
91536
79497
1841
62805
2270
55013
53660
64067
33087
83497
70562
58374
8455
25139
27714
64337
48104
88272
83298
48252
45467
69523
37611
99601
76946
72275
33391
49064
38677
74272
73373
59416
86730
9997
10310
32630
51713
62032
42034
20571
44932
44725
13957
71933
15301
68340
11136
43086
38180
19699
62063
78733
37325
51147
89420
27270
1635
66028
37653
57342
16746
59581
23639
65223
80968
73808
42140
6590
96436
26628
57802
59842
10977
20593
6280
84671
20340
22667
69322
30550
98626
79483
10849
53173
44528
15914
6207
28367
28121
8944
83060
39000
87528
4814
42821
77581
46341
28539
12491
89404
46649
82449
62873
8774
37162
44162
78465
9002
46403
90836
15711
99311
12628
46091
1752
10902
78174
72423
99406
4995
80526
58209
77060
58269
53284
43927
80517
41382
48555
70478
71388
52007
78613
11555
21752
30718
64863
431
79740
19874
14415
71722
79846
19456
97482
85800
61454
90339
95770
83036
10777
15147
33221
14902
72328
78695
83500
10759
70204
78542
43218
41666
18470
83162
55308
99047
22990
66013
32524
29982
26022
56042
85060
63819
17140
48893
31535
95141
3355
56543
12213
14156
1374
7253
17796
33486
58883
12273
2284
58140
75971
63615
14752
14893
12653
89098
26279
51639
60912
99536
27004
66454
85730
70396
30587
56523
3472
32582
61011
14293
61052
36601
46996
17949
47400
76743
84037
41973
92907
12926
8818
8845
52411
42376
76103
98703
83727
79507
3421
99641
52035
10925
11836
18881
85030
37087
52845
62592
391
35126
28025
95371
45305
94697
74807
76548
63127
74814
64183
17190
28285
756
41168
98272
84572
85951
756
90538
81793
71919
63627
87942
18996
31076
13567
21347
10845
44638
41057
33297
13672
35421
82433
68262
49965
91134
88920
35405
38122
32505
81124
85385
60673
51501
69
86976
33808
39636
51615
45709
38147
15187
33963
67393
7254
56597
25110
68148
61133
64783
31116
51541
72120
64162
68750
48497
48618
96218
99290
14444
45013
92028
74210
81937
56185
70840
14712
92844
8313
32259
3888
65427
96849
75582
19246
89667
68655
77550
67581
46613
73655
28602
84822
34466
21609
37550
41246
63601
96332
94030
38693
54686
27700
4281
74810
88147
52012
58663
9840
13802
17086
2071
71399
51187
91917
53207
44215
78482
22732
99877
48674
33238
422
92663
60776
9535
58153
33250
20373
70874
38920
19930
68734
14552
97368
83273
92809
42950
36491
34169
30182
9162
55507
66204
6732
31100
21480
69219
64013
61545
25351
9156
89746
33271
4786
29496
8644
19533
51916
82407
53902
55485
63737
36669
31825
46226
5231
4348
46907
56706
88632
3921
7813
80930
49998
49602
98947
52912
81583
79447
16368
26336
93046
89494
35391
31691
32776
36770
92551
58896
67455
74676
34118
41606
93278
30936
57629
68377
8904
71287
59057
10804
56900
95766
84207
40895
87418
56342
890
53655
59211
96758
64136
97618
85384
71273
78051
67773
69870
67383
87414
76110
93349
77192
24233
74969
92632
863
42238
75092
84518
59743
66404
96670
40199
52965
91613
11758
26810
16775
3064
11470
14469
49521
19065
28947
8964
88493
49907
68061
69113
12483
3617
6937
71528
34135
65233
71134
60282
76017
55968
13979
24041
52194
72345
31581
3008
34145
859
82512
49475
63825
79766
62275
39747
17811
45518
4238
7880
14721
78679
25154
8105
37227
77374
6976
28869
23085
35744
46590
98436
73430
36653
8831
15733
59491
76576
23618
97932
98737
2507
51183
76418
35317
46940
90283
91683
10005
73860
48576
47904
50744
59234
38610
42137
63817
42952
36423
90643
66029
87118
87764
80711
37497
58321
356
43756
2655
63022
76409
31191
81479
26589
75991
76919
76618
84525
80657
51348
28179
59636
40088
73280
92313
33766
35569
66459
75424
17859
13547
26282
1601
56541
47158
85369
54647
509
33933
59631
38809
89419
70644
20629
69110
8820
38233
5051
10012
26268
8858
96055
91294
25108
96349
524
31076
11043
44181
88551
93451
18161
19066
93126
55756
14707
22228
66067
82840
18295
58199
58704
17327
71192
52953
52597
53562
31493
35982
28394
65525
46533
21099
88747
22097
93959
80979
78834
74465
79541
98842
93612
27567
80613
98223
79230
13621
51103
66686
81223
56689
79359
91327
81345
80190
19041
13838
6840
36552
93024
26213
73536
89953
24252
86229
87206
29115
68670
85436
70146
91002
53765
55880
27865
75461
68803
12804
34770
10492
1708
62755
90334
95660
95969
2106
34450
44003
91610
99012
65756
36939
98620
34201
23168
15240
66078
48424
28596
69546
40264
84209
45715
85745
40142
69404
74395
639
10728
47214
36694
69285
92062
38652
4079
56616
50747
33245
83197
9257
16482
47793
55475
8046
8611
57738
79032
68643
53147
2948
773
84752
17890
68909
82822
82039
90006
81525
46019
4824
33389
77699
24111
82158
24288
26561
32134
28901
72371
85638
71149
79104
46878
46335
16762
34290
10008
85543
84281
15937
99062
2914
89532
6092
42794
39327
75843
56716
35493
8812
20795
97926
72497
91742
61324
44033
7027
23567
42664
68730
6677
61852
46068
36344
43588
53206
24090
47931
6873
90502
20833
37572
20060
84564
3885
80351
20418
84298
51372
47595
27197
8900
73787
45825
1972
34917
39384
22312
48048
29063
96567
1155
64429
51321
70787
50276
32635
13181
9203
23080
99502
79398
43057
26651
66256
63718
7365
72570
49872
81792
66754
58780
24259
25978
50849
20255
46545
52599
78735
97448
18774
7175
90518
92056
35493
84632
8910
16874
4543
33285
22285
64450
48511
31317
1096
45050
11111
83311
40941
49218
4325
88593
22038
95728
15188
17296
60292
63519
152
5381
89411
78049
55447
73150
40215
61629
63323
11804
7921
54672
95436
2810
51482
94358
98628
33103
36780
16308
20701
49381
98517
90935
99796
83224
64227
36889
9432
8002
9606
24786
21082
25423
68666
57786
80264
1015
25412
32914
34024
26166
70395
67800
54826
84947
32794
45557
60573
97890
96166
69265
7307
15127
9660
98299
15169
34064
94179
83287
22883
92031
43461
73955
26618
49915
89793
80692
67647
7119
98185
65129
98832
20178
78744
62888
72200
54232
24042
507
50753
52807
50696
61168
24185
2707
36901
95254
32810
21930
6839
56446
6616
25247
13631
48394
85368
49296
37865
85188
34355
76044
19400
24293
55172
71692
33919
69224
14409
52165
12259
67984
22038
46697
5798
92260
8700
69294
13284
19103
18363
90003
87464
79760
68871
28142
77647
13510
14531
12703
95299
53321
19069
35390
93387
75550
59969
79306
47647
95997
19812
37331
90970
27435
8029
95188
36167
25361
1448
29172
73497
7320
71457
2503
90436
45383
91044
8843
23585
85445
99250
15811
52505
28111
44253
30153
29465
83205
35953
22924
65212
82034
13786
50223
72217
65061
9066
30871
8754
75626
82152
90123
79331
55868
15776
76020
47757
4512
18314
29678
42884
37093
85738
10174
85778
14528
97582
34401
27195
83722
52906
2141
63519
25799
28201
90295
4833
1716
96641
46052
54531
7161
55764
52284
23061
61966
9337
50750
2086
79145
45657
2497
74484
17048
84575
17119
4228
70016
70242
99660
18600
58791
75446
28702
96529
82219
38422
5996
3432
60797
84626
4705
29482
64915
83275
9332
32451
86670
53960
77640
56668
65456
6390
98697
16268
68221
29556
91221
94953
95761
15512
49700
90860
51340
33425
53226
5194
40723
23064
26628
54630
85251
8386
10932
80281
17299
99625
95831
65126
91156
40482
11349
14727
87915
78460
87574
72908
49506
89664
95016
52192
35749
80881
36443
79654
77117
39279
25622
33444
7096
65935
39170
15048
66250
28437
91660
87067
38647
79680
79853
2600
57586
90791
33189
81644
86144
96336
6437
21269
53665
27976
83445
37561
6503
81846
52156
30766
21745
70822
29884
27390
41019
10462
33382
76502
76271
65392
96056
38240
52958
37492
24114
16213
68668
23579
77324
33135
92234
80442
59647
93581
18811
22145
21674
32391
37154
83222
81593
31430
64175
82971
90025
42958
98117
42880
31987
36176
24807
86575
89903
28587
91019
53430
3996
6314
30148
17021
87155
32623
96260
70669
23848
20276
25077
35805
85802
31794
97745
83165
47516
20662
37481
4137
75703
55667
40816
57052
94703
40932
52083
65278
80041
10547
32822
51254
74159
41972
40226
21158
48198
97415
59419
84511
8741
88271
58477
47508
63018
18735
50426
3305
7346
44877
53758
32584
91613
4726
64159
2462
53142
66491
5957
23991
23355
37820
1000
78820
99412
47693
13398
89435
22014
265
90473
93667
42634
68550
57980
50686
44
19166
10014
77685
21014
69558
29176
83530
45580
16089
76704
82905
72908
68679
25072
71974
28263
39040
87263
32175
60924
39588
79201
58895
81851
7941
56718
76387
17477
98622
36883
67290
19244
16970
86795
25680
93649
2080
69148
12017
43999
25476
69986
51194
35341
68748
2818
5833
35375
67343
34316
1879
20320
94435
83088
85031
69560
12023
28790
40005
4273
13568
90184
73623
17200
84029
95333
36913
79726
52015
76652
97438
44509
77546
65476
66618
36396
57990
91955
93230
95888
12920
10832
98210
1504
19200
44043
96157
79445
45469
51107
71444
20880
53341
36080
37634
96611
95900
96092
84645
2403
2494
29997
91464
28728
12658
82207
14491
8115
42433
69375
19573
65871
39088
44602
36206
50218
72842
60077
14409
40450
26979
77469
67124
39398
74865
9956
57690
88774
39289
91777
51766
82942
28355
62648
19369
64747
15984
45342
33443
99114
67472
26795
63871
48397
31775
84158
68577
28768
41180
52483
76820
14958
79245
53590
24584
64132
33303
31545
37243
9536
35635
93816
24205
67582
69357
34815
85600
94314
76766
71580
83584
39811
25552
21195
68957
47086
82284
88870
53620
28402
83575
36336
77973
64445
17982
51856
89924
70010
48466
18144
62322
80631
13472
51651
60799
27597
76602
4630
84335
53289
50979
41973
4377
7458
67460
34159
77087
51742
49689
52579
6700
7515
35840
35259
81295
47128
26221
51865
83923
22482
25173
71329
59455
87528
522
64565
34920
84200
71510
2421
14734
55076
59847
77251
73896
47087
47228
43570
28199
92164
1028
99885
70800
79424
24982
31460
71143
3453
35226
3780
62539
58212
23748
69141
1013
42570
54673
25288
15500
78808
93448
31195
59035
29947
75345
41396
44433
42494
49292
87621
76501
57329
35497
72604
27512
74693
81492
97640
85583
46389
65817
84709
38391
68012
28400
5410
1667
36046
2473
29956
63938
7727
74195
88372
73754
49305
72383
88778
72974
12787
73141
48712
13567
70663
61652
14861
47463
31633
38641
57145
64082
34003
17253
62952
28831
56720
21319
69319
18985
21644
64633
69071
4924
7688
73982
93642
62588
62316
99552
27971
12411
67454
51974
12982
43112
42747
19733
77379
58078
7430
30664
44975
21267
97278
43670
36623
60682
13428
16663
10512
70739
75548
16077
20523
83016
58190
96320
84106
22950
51752
93281
97131
87069
94224
93001
12052
24543
78448
3264
52545
23931
11173
22964
67273
93150
7598
3567
21537
35860
79073
49733
91869
61246
72953
14364
69346
57095
26349
6902
26344
68913
17538
62517
54733
79128
99667
93468
6953
57227
62900
36824
71701
83165
89633
70158
83337
27389
23934
50683
10086
90016
38534
43623
18385
87926
11796
71209
77112
14916
74746
60641
31944
72279
51626
6424
31511
30103
52962
28317
64908
56575
43527
55726
88568
19839
29247
30772
4600
37859
78174
34431
65544
1442
4581
35272
35160
92536
80895
33428
33180
34529
25072
96285
13542
16822
9376
41263
40894
22899
73948
98382
29069
54532
74591
52771
68183
10235
52980
64178
41320
34605
99915
74566
83718
18784
86041
58678
11690
63042
72293
12156
32701
69634
82035
32199
40571
49440
46002
41446
58617
40965
21228
36816
88295
20969
91338
87645
64142
44769
96276
72001
54447
97261
25647
40862
31151
42170
4462
86471
76577
71942
63765
41142
52936
66742
55914
56708
83435
24220
26466
30777
25250
97007
42655
21347
43292
43843
97363
76328
61525
47289
85133
12681
68375
24069
99130
12854
99912
78253
75924
63211
23358
34637
79310
85983
4659
81142
42903
74492
49468
3140
21409
68255
4896
72288
54312
93942
62613
34046
3283
3534
15269
48836
64758
43216
1330
38909
19470
23780
84336
36571
86905
36401
63731
44368
37517
85046
99300
68354
81592
44790
21097
94593
57960
36948
54309
61326
37747
3490
3954
33361
21531
38697
9842
39641
23546
76828
58380
88077
91501
60313
98324
6655
21564
83327
34416
13717
15637
41694
99121
87780
53900
30713
17698
97992
36089
3407
70658
45938
11772
2447
80319
7451
37513
60035
9060
47652
56815
61540
28781
21427
66196
91404
95409
75529
66277
85784
16940
70137
51552
70960
40533
27601
78104
34464
55918
83689
7035
84236
71470
88941
97049
73422
21858
80847
9339
81044
37730
29993
78760
40342
67999
97667
49189
3892
66346
65526
47579
73603
77121
62859
20535
41776
3878
96070
26095
7247
66436
44288
5091
26932
44884
99676
25032
76185
35752
8574
39405
13998
4293
34533
58905
75243
54199
15962
89764
5620
97193
17808
46889
27638
77642
61006
34588
15988
41020
38473
37437
71659
42034
24532
3016
83934
52482
69951
41216
4575
3426
20723
14643
5537
69974
80490
18729
92888
33688
75095
42786
877
57989
89025
53125
21617
22597
31441
41584
72023
92216
62419
33904
81812
25487
56274
15076
41480
86649
43831
14071
36879
24350
21300
46128
87266
10862
27326
46511
16997
73384
39230
93495
81228
50585
2138
45965
41068
62386
67859
18812
79741
14757
51909
9515
9334
61953
66135
62381
56252
74520
21186
55793
18586
77275
49624
67117
84676
61334
33417
10953
56636
64956
8326
71862
39152
93723
99784
72543
56143
23662
47283
74527
93262
85021
24497
81597
22785
34204
58513
89011
24333
35632
98723
83675
21637
421
3413
54311
78692
80515
10942
4048
67069
77339
29828
37520
43620
78758
59473
66506
96722
63875
66228
50047
18839
18470
42747
83500
66304
51552
44383
49242
97764
2394
69415
53865
85402
5048
75195
37721
90325
4792
27278
51916
12531
2208
43066
14104
23958
51364
59101
20881
29531
63408
70809
14598
91600
3074
26373
71506
7196
55026
42809
61483
27666
27437
58758
15755
31781
82430
41283
1396
90104
43657
20100
75215
35619
57724
51245
85032
32972
68307
29067
11102
31570
872
53528
50837
84874
744
59519
44737
88022
1102
41810
34220
58805
3845
74944
52559
14295
73816
44917
71393
21615
32947
79465
61480
43303
20191
80296
73632
65038
375
7815
7519
75445
73824
2952
48420
19145
25648
23389
67476
62990
50563
66982
25780
15481
38694
53963
39089
75972
16616
95775
52292
47354
84935
10220
37366
21520
23672
262
67933
2306
61206
31528
80630
60384
64666
54351
67780
37116
62211
65259
49678
12204
6976
83248
82565
6305
4926
31579
92340
2601
98240
61831
75554
14610
18191
87417
45956
53675
67815
36628
88626
2316
26734
21908
12892
92650
84560
81060
24356
13188
26347
46011
76977
23252
14716
70815
83786
49109
32515
39754
51489
36528
54266
55374
27492
7163
12745
39145
15025
27769
40867
1756
35492
62081
81372
83153
99849
38768
96477
6686
34792
41500
39234
50797
41745
1059
58914
50682
93780
15655
88346
67025
69696
85378
11883
72270
73866
46855
94403
61419
14222
64090
20679
29207
29706
53246
50036
12920
34673
28539
80025
72553
79562
83489
9615
60918
69256
94122
43498
58446
83488
66366
92122
47051
6437
14669
94939
41653
10191
97233
38987
1763
18716
77527
55359
6556
19265
97495
84927
64922
48682
47713
35111
71361
87206
76381
59055
26960
47382
62489
83481
52675
80000
74084
12898
76502
31324
70290
24249
92066
69981
8410
46842
92891
79290
4810
83295
35298
60660
24767
58040
40124
10112
29127
77288
23797
1921
70847
71378
64981
96703
49688
19845
98640
56795
73219
96718
66947
97659
88172
50753
4307
82915
69572
70286
70008
83873
74131
91721
67604
68304
71376
68882
46303
39291
53608
35038
56714
81224
96864
75516
29895
40740
31939
11954
80023
99345
97459
64731
39168
92174
62836
32782
51672
49169
67177
37001
67415
36233
21856
96792
11287
7091
93321
44302
90131
69359
69125
48205
47913
37710
56662
9346
87199
64259
605
4280
93773
69294
46981
5684
77862
36785
4398
35375
78251
31208
15494
250
5579
6754
52584
19697
22134
78582
47123
79250
33648
68172
99515
65934
77033
39664
40443
53902
12124
6169
24795
7920
31897
63708
89483
2194
53211
97693
27621
16594
98509
64123
56748
11713
48428
3004
63955
24967
75572
20853
49602
72347
48854
34811
99162
4404
30534
42821
93476
61247
24747
43775
91800
66560
62200
79949
19039
18640
99238
65930
11148
50698
44764
333
67833
56321
27228
12713
28992
4873
671
65384
99544
54021
93272
31629
30275
87174
31314
54728
13384
87706
96825
13071
70176
63179
48482
59956
83102
59606
77717
26520
20690
91415
15133
56447
67398
12164
55846
40669
97238
57011
18227
56061
83071
43819
84600
35479
54691
46313
88151
81797
68188
78633
64412
17991
80517
57548
6706
99525
21828
51735
76700
30840
31620
70735
25387
25068
19410
92763
79395
97557
73235
97397
99349
72033
54964
49182
74637
7645
48969
54336
51425
68663
16659
60101
43853
1727
44021
28013
11119
36414
10331
58260
33628
33935
85713
21561
57624
79149
54800
80462
93958
44827
98627
25420
57078
82150
90543
99185
63414
18635
52122
47727
99328
11682
4675
76082
61828
83985
91345
81576
69757
68616
90028
6286
32376
73035
61938
48975
3278
91944
8464
25191
85543
17960
62777
87270
96534
40820
74343
73149
98606
36663
61304
43618
26816
71474
33840
25057
28313
30809
34575
11801
96258
98541
51841
2072
21519
46481
16347
94263
84470
98355
72413
45824
11350
6195
46502
76751
21465
63070
79549
12027
93295
21307
21341
55873
66780
53310
16177
86045
66979
54816
38552
91619
59527
10957
73977
17590
27965
71452
74929
23287
67784
91299
34868
66643
93783
88026
59037
20804
47940
47621
13976
48652
49044
48876
54235
22988
21799
31939
79973
42673
99672
19471
57813
21530
84780
8602
49506
96517
58948
60784
17786
86795
55777
468
94123
43597
66132
11175
35089
40391
53253
2436
96979
23582
75151
18001
15993
2896
87398
21983
28436
9191
34015
5343
38628
67500
71524
24168
2274
5228
30350
36879
35950
9087
31063
24485
36387
56747
87708
36832
22646
562
95436
68479
90960
87116
56112
89056
8529
94614
50496
62296
31111
90136
28948
17049
44639
77338
25112
57361
43556
27593
52390
85632
7190
44939
60743
92943
64907
75950
25251
65413
56246
30290
21303
5962
12978
43437
83856
41459
81196
79351
61536
53777
4711
41743
90887
83522
75399
14606
58085
26530
24041
43913
38457
31130
20944
4250
46432
77259
36449
46372
53536
61571
4554
92440
184
83874
65132
72172
49629
22087
16255
11045
52826
17255
21765
87755
12740
15722
92998
13699
45136
10016
42777
94414
8947
93118
68722
59999
25813
21672
99494
40155
28767
67897
21578
11382
86062
19223
86775
43048
5222
7330
9291
69104
76615
29788
96242
83274
13344
63180
14495
57467
9603
13724
12015
24202
5430
73202
94264
42182
72781
71427
47618
82769
49112
52960
31154
65187
79017
50439
48815
8962
54924
18953
27185
84127
24092
38092
6350
48151
52845
96942
10362
4199
34587
29714
29275
14450
61290
37970
27017
97966
35804
26046
15024
18629
67140
61879
506
1035
17670
26692
53717
94777
77754
69054
92731
72869
78662
20146
56327
73941
18551
999
25703
56071
20781
12930
32695
20158
90763
81200
56134
58692
1657
66166
54380
62945
26124
50113
96544
12068
83834
75460
2688
1549
79430
4197
53275
37208
27086
70191
63711
34455
69582
1166
71071
83449
33520
11812
45465
26197
97564
58480
69985
40561
14864
52373
54887
97592
25537
45328
70488
73950
63281
61551
31827
26540
64228
64835
19123
38719
34769
23949
60425
85719
26622
15645
65659
18698
7841
16482
13140
32292
9976
60295
47264
77619
70398
46483
30530
15692
52331
33876
25802
32815
94154
81371
5648
48767
58755
39662
27851
21806
69984
41241
80284
49677
11108
85188
40626
22062
13838
71111
64217
67734
65451
74711
37109
38282
82869
91438
49217
77841
52776
73889
55753
8755
75533
46939
59944
6539
22384
85074
49114
60257
73788
26706
52511
70343
55837
91432
48117
23520
82482
83104
58906
34792
72941
62213
39389
83649
34293
77132
85260
38954
83527
16149
48410
95307
18573
13426
40329
66144
93533
84845
98131
13764
49100
76685
5915
36097
58005
77259
99823
6917
5769
53015
94672
34753
24021
62
93830
57244
29526
42903
74979
25348
65768
52086
60914
56569
63670
4760
76873
96770
54863
95969
73355
52284
20266
91672
76124
81063
71718
63616
50140
63700
57304
23491
45103
82757
3522
85775
43735
72707
46597
7899
17210
74286
20018
17900
78322
74189
79843
63009
30966
75916
22835
97420
33917
78571
41345
54229
17898
5293
69544
96745
82412
57258
50160
15266
81955
40441
15824
23916
74627
36431
86877
87500
66470
49542
96634
44019
42786
92646
68692
11985
14676
43787
90409
82761
17255
943
18046
64743
34186
4536
51276
53096
93163
65306
66493
58365
42795
17329
92001
24464
86004
59832
29873
24629
43682
82081
18194
73950
35076
70233
46562
7266
74912
36532
3396
16922
27013
78092
77104
58405
16587
6282
18587
44578
9143
19851
16728
35971
87757
20696
6000
76916
81147
94723
28377
20844
4118
18660
94485
12605
62860
26148
60264
15905
82409
72541
73173
54230
88626
22622
81552
50211
51898
4367
77845
86778
8102
47350
97767
10910
34271
51597
63991
55713
56933
98110
79523
99897
64336
82578
66534
38091
54575
78312
23618
87063
25641
78486
11485
91002
85386
93066
83371
11782
21336
15458
66474
91543
3139
46421
15657
16002
59895
88015
38510
46353
93395
76406
75936
11416
27868
62581
50082
23591
64549
84811
63280
30893
25711
76885
74155
51445
24658
84111
13641
43435
63468
61381
18164
75573
14588
27018
96997
88418
77115
94615
31379
91145
48352
36642
33092
65881
15486
74886
34642
38853
18352
97929
80263
41348
14495
23614
7352
90870
84538
24077
86600
74558
71605
25676
84723
92025
40012
9198
19254
23679
63883
40839
53624
98077
31473
30635
42581
49331
515
93499
92492
88021
18407
60254
16548
26717
69199
35343
97076
9915
13768
84234
91799
14513
18634
82730
81083
16568
41434
29319
2694
17836
92834
15237
29714
47136
95413
44617
65837
24228
47110
39584
82783
67920
886
36009
62574
77223
83663
73335
12971
95852
57390
25402
39884
8484
91991
22917
26939
94460
87902
13632
81908
95559
34893
74881
46579
78833
96614
98273
19533
40780
87021
57701
94375
33051
19103
81956
4043
95250
96280
89146
16833
85682
34226
3484
98311
37366
57647
5278
83535
18077
89129
46060
73247
97137
55897
7726
9118
92922
11239
91985
99215
99755
52898
26888
95527
81217
43849
52662
87523
81522
73205
70747
16899
75271
5059
17207
77859
63968
62460
89857
59898
86507
42712
61169
95842
50729
15165
14282
57935
40139
7634
46016
81815
9508
84343
99022
37666
26440
24027
36244
92750
83944
96708
14153
727
12922
24455
57790
69404
9437
53162
94544
43614
98965
16440
10874
41849
87647
81507
20081
18329
94144
86601
71362
67582
78711
85631
94706
9961
95603
11853
32429
9611
64855
97051
78002
57543
73141
11100
69523
11193
32888
84801
31474
82477
54341
4243
52245
92727
30442
46281
5141
12579
80828
93852
12416
57145
8598
65350
10360
24691
11504
72444
98486
58539
82162
97974
54354
90327
62285
25337
45236
35077
44552
38211
65193
82094
63134
25788
25476
25585
83632
81246
77868
4685
97355
38412
93494
80385
92054
98046
57750
92301
65810
79777
21871
14072
27926
27400
71345
2417
49583
85400
64178
1835
69749
30481
81997
22610
64166
93
37741
5110
63327
31135
4270
69309
12460
61899
15192
60269
92329
98697
72082
31723
19942
82326
92107
1055
7863
46080
58778
76482
1242
20144
44192
92392
67443
17989
27239
94925
55949
70326
51142
31454
74001
78177
78544
29339
65482
40397
49957
139
61124
82471
57184
63679
27001
24126
96259
41680
13392
438
72559
836
60113
14130
53055
71540
83950
48860
28056
36946
88336
17639
89392
56597
47028
23954
19500
47240
89347
43991
87975
68324
30688
56963
30645
21096
25518
37454
70869
41323
54769
14991
68839
67578
86262
2237
18528
78794
39047
95336
35498
49130
21489
55685
3089
32548
71191
11476
54391
11217
83446
64673
17374
16739
72275
94200
24555
26193
24435
33814
60236
9041
58871
39737
23476
24684
45728
98685
74045
90918
69933
60382
28261
89464
12293
60121
24492
57338
1918
7312
82393
63773
51826
57336
13022
60696
19375
33575
15181
44399
20809
20567
93059
95922
4680
94278
61035
58821
83001
69935
67674
96064
61959
75456
55002
15676
13550
71776
14192
65665
68694
13518
93004
3728
67162
29745
38569
2830
13824
90781
32588
87142
69077
25973
86408
40046
53735
12131
1197
45652
567
4598
14698
32576
84674
29230
37428
59659
46463
47456
71934
74907
45026
71171
7967
78280
45311
51379
69841
17883
75544
48905
10264
65479
14075
57141
81874
22815
85740
87232
11872
79230
17132
67607
15615
31913
83783
35181
10261
51259
52710
5985
47767
29699
38678
12946
1253
49983
9328
75244
24110
13076
96953
67591
60206
75313
64323
93400
42960
31392
60677
19559
38940
22776
98479
34026
50003
38040
87539
75293
34734
89382
52880
44650
7299
92162
64176
4774
24576
2000
63267
39227
46375
64321
98984
26982
69219
18526
78560
12450
72638
26904
73633
18464
58297
3710
67576
25621
55950
846
51993
30891
12874
22296
74919
79027
16259
59018
55286
76461
99682
99644
80650
75861
68899
43158
37128
20217
9733
43256
12120
83541
98652
14436
82346
87122
27490
77854
9551
39879
80319
49770
91945
13682
99586
17674
58972
90598
35760
34116
46924
373
35765
92063
15430
98148
27105
79368
83815
71436
27858
85778
83547
86001
98363
15224
41750
79282
98278
5810
45316
58896
38573
83972
60047
108
18455
44010
24668
9525
39329
28020
96098
56398
90912
76987
76287
18842
60291
28985
53490
86982
62626
70264
54433
30973
5776
41774
66690
63346
8303
1236
43296
9304
15791
80655
27247
25436
30022
19632
32045
12330
66697
57912
10038
95351
