61323
90049
44099
7088
1711
58454
54787
75546
57316
24195
47808
93798
73942
88218
6706
75873
48388
86810
82101
23651
82519
18295
47686
27902
43156
8399
16840
52553
51188
91788
83275
89979
92835
10057
72561
64631
2797
899
58620
62692
46900
11532
35765
64579
25260
7086
65904
9134
81844
60508
97956
87066
995
95439
8132
71054
65898
75553
52632
6943
27359
15298
19449
21920
47031
70131
2485
98061
81522
8476
87820
17411
91497
22338
66675
36477
90570
91353
81257
20184
72616
2983
46668
19014
69527
49904
4194
94751
75226
18049
5611
49601
83357
9551
3303
38333
49481
80053
65552
20278
586
81151
63259
61296
40043
87988
72334
9061
45463
86194
31511
69327
93997
26850
93921
54150
61814
18007
90931
94142
83082
47143
89128
22089
33573
6256
61785
39535
44980
30704
175
70442
75545
32732
10900
92941
92095
13479
98732
72587
90613
75187
74974
95444
41817
65841
93793
50138
44926
2061
40734
51371
54222
57543
24425
70519
50034
94713
38931
71719
1637
2915
27025
16721
48961
1515
21698
9097
87850
9510
98066
58511
11415
95415
57939
47907
88312
5633
28420
85553
89709
40115
45756
4365
5431
90743
59803
80265
96312
90886
47514
9711
73226
88697
98254
81134
21952
45766
43625
65853
90747
25780
16595
79606
46065
28268
16650
13745
69587
50337
39156
80611
90048
95036
40792
11503
51907
23391
85673
38038
77930
44040
96916
83738
18366
58232
89594
72576
24743
54712
55641
78867
96405
60165
71570
2149
86401
57400
9229
70495
77669
89597
27382
6911
32195
6249
51236
22412
32850
51230
97954
84000
18643
48978
62926
11492
71586
27236
87394
50859
60790
85846
89475
15634
29231
29564
24934
99418
36153
22288
22174
74417
76425
1991
77061
63542
1712
20098
84234
49973
24546
96283
98012
80727
29710
80900
75395
1518
66880
94265
34004
69560
79342
36848
35446
43684
94144
29690
62321
73839
70605
79878
24031
55156
19406
83155
70811
79152
66766
17500
19788
16621
28229
98100
38791
94631
483
4551
99394
41480
14904
49080
1111
99895
37872
54799
76967
3718
18422
53675
36052
63446
90093
69630
54399
11702
35322
34573
75808
4975
95269
95566
50545
37116
96469
73305
78085
33361
47754
35556
48338
30603
73959
8097
23189
99325
43417
10775
55582
92051
86934
56270
11739
12688
78010
28743
50608
69475
17607
1678
67757
15146
28976
81396
84047
94292
4015
61669
79687
31042
64737
16142
75092
39896
41013
9984
30767
96426
28571
30807
26632
65520
39894
12552
89203
74334
66023
58122
45550
87868
10081
41574
63911
54143
85460
73035
37299
41127
32363
40387
87102
77761
5329
55944
69543
25390
63607
13344
18629
17223
71229
95218
12615
23584
49137
11170
80767
35730
91974
77743
8231
54293
73440
59390
5090
64701
29204
50491
61963
11821
34097
78295
33718
39055
43814
93664
64457
46951
15647
44968
14410
66355
89710
62960
5019
17891
54669
29964
10373
64027
25895
24683
44597
81401
83016
91387
1555
77191
15623
50918
79762
33930
63570
87121
39159
17507
2753
16315
50346
47190
92031
12433
7171
90236
38587
89797
499
3666
85685
48585
81174
84036
24380
21655
68859
16530
84525
17133
26668
13061
90927
72356
9688
18577
72662
98245
77696
48668
42440
94480
5352
27712
98711
41108
48297
19822
5787
26061
69603
84240
77347
75451
16289
20252
62581
4690
54706
49471
59238
53579
98983
88760
49391
39885
58372
6804
36410
36351
88295
50865
73345
68292
58913
13611
49821
16441
2663
16577
81110
86200
49496
23777
50509
89745
78299
91965
98945
49753
6040
86937
85535
34001
17491
76157
33815
17504
20167
56555
62409
68959
81427
45642
74327
24921
2967
99345
14860
50467
82132
38132
28466
190
86008
54278
67601
83231
54955
57432
25070
74376
98680
99357
85483
77308
50397
7719
37370
87487
75809
19472
89190
32294
81284
78219
18438
53590
64020
70237
18338
49860
94229
21943
64829
96502
83061
38044
34490
66528
55237
96558
60589
43907
41772
82989
59294
21200
24845
37977
9315
55838
91815
25702
64791
55639
51857
8744
60570
11661
15084
10381
10896
87027
70340
26596
2357
65630
93849
10450
33389
22012
73020
76326
67898
72353
70857
81359
52281
95636
43394
94856
3000
63605
16357
89586
12479
80579
31094
67740
56578
91081
717
9269
8555
68497
79464
79415
47461
75296
97953
61740
86398
99379
55310
69472
55816
89651
90455
98935
24134
825
46561
13952
96802
37664
55656
14836
53559
43898
95824
71809
90488
78975
74350
56238
62539
31021
88972
38296
48678
80196
89873
30482
58174
96076
62787
85415
75221
29898
2016
6212
98134
53606
37495
43088
80059
60556
77547
67529
33062
15531
30034
56638
78111
42116
82881
44684
79904
41323
43163
14415
89020
71194
96892
74037
38427
81494
85216
63760
97871
30904
21587
41553
82941
15019
78537
91440
26850
15259
56391
5174
59047
67237
14012
33010
89662
31697
14933
7543
47060
69490
92350
19949
19650
97554
21755
56180
80317
87797
35260
21736
76285
27580
64635
68500
99277
67689
17224
76039
11561
59569
85421
85723
75139
33687
98348
88633
96146
78835
80328
10100
63067
92533
59675
10747
38909
64927
12663
16824
66552
67800
97303
21570
31050
58850
8260
26145
70790
33730
65612
30967
39067
69902
10036
83920
66591
51640
97140
40330
53541
38128
79671
15921
95429
2428
18496
65867
80924
57688
83823
8901
49478
85566
69448
77579
27590
75040
80412
62809
87523
66458
26062
78492
21593
32015
15208
65580
6146
25291
65970
29447
35108
1909
33367
92511
51060
58382
81299
28639
72412
84526
58635
8546
5131
87657
76787
70237
99421
81650
57277
37107
25294
43953
16666
4698
26160
15595
48182
9622
51924
1959
50441
87397
84515
22151
13852
8978
41854
3224
98130
65438
40520
92728
3902
96372
42911
70310
3281
61351
83690
35351
30958
18463
51855
93171
60700
27657
54615
8490
34263
2931
11969
72472
46606
51297
54163
36497
76610
73062
29271
31185
96764
37764
5331
81662
78957
92277
28771
26366
88998
48192
84012
64840
97251
22443
84624
60637
28644
2610
1113
76954
31891
74891
79379
11481
62517
30336
95691
90002
19820
86357
84163
55411
26545
18629
86906
55157
97165
5942
81594
7312
57545
99280
69480
27323
51192
72197
58597
18544
96886
72410
48466
95189
99312
95697
87338
77615
88599
54824
63338
77688
92019
45955
97231
13822
3905
43820
61001
21254
16780
11302
21436
10594
41858
27850
44619
51635
89117
66145
25443
79770
73646
60290
83254
76287
59241
38699
32786
93356
91695
7602
18956
38343
48721
8931
7794
30787
72119
70709
97708
74604
35933
39939
92678
59073
54838
32006
79384
63670
5130
80248
28051
95378
59585
72050
23047
45554
24619
51209
28459
5933
14009
35368
57254
78758
93742
2394
93129
81454
11357
19941
41881
3006
5107
98340
57722
51473
75259
55772
53156
93119
88900
37751
85735
71036
92862
92879
24820
11424
6060
36082
24895
66450
6236
69456
82367
24187
19461
64337
53585
64763
54703
22705
76269
11090
16684
20578
91543
81107
49271
4814
76145
548
52718
63834
22890
49896
33615
45462
98666
99135
42181
54336
59058
16704
89049
41933
52268
20830
57794
18201
28635
17823
63397
89678
80279
68626
39993
42194
10334
94186
47689
36943
3862
2110
30475
30056
28746
85343
40859
40905
90812
64849
80661
88341
26914
87625
16125
32355
81163
66756
24279
12471
40477
64917
64164
76854
59676
4104
34951
32465
5367
70489
73661
64187
61962
1911
96191
78809
63830
54028
37591
85956
67895
89841
48425
34071
90622
21467
73225
99236
43148
29703
67468
60391
22734
13821
74816
80395
68062
19853
59955
90495
96789
62081
57918
55338
8992
89095
83676
44696
74581
82921
94205
58408
986
41355
75793
3686
10039
64555
94033
95497
64797
40685
61667
64247
34645
38760
56857
11416
63630
92430
8406
86769
84332
98398
53350
24871
4638
168
92686
14832
11197
29061
34372
95641
92482
4699
68658
33401
50672
47384
27825
89964
39191
79961
83413
21712
4522
2257
74130
67281
96160
8636
88675
23043
56791
67436
32398
30101
26978
66726
68634
46768
14647
76923
48922
86848
37892
86027
23812
95652
1530
59459
55346
87596
76947
80639
33443
97385
80651
30648
64002
57405
71975
23663
85308
31548
5661
3957
11020
76288
10287
74945
35150
23289
46365
13131
88827
44661
87601
62118
61922
41001
27478
71218
93259
22174
43366
58676
75171
87166
40867
93449
59231
76772
30845
40882
87835
98434
71785
46267
72986
77713
4311
72252
680
60948
39883
86402
2042
25844
95370
1069
3973
71951
99695
46056
60532
90471
28534
38842
16884
35398
81007
61087
9259
93154
82061
99163
29792
96596
16107
27655
67101
27718
31609
421
45632
43920
48666
39151
7298
96593
25883
54885
86164
17990
95973
59344
63884
6808
38367
8714
88625
80773
63633
33481
71096
27531
51851
10586
40657
426
28884
22586
65151
96864
56345
48621
90316
48103
70628
68304
92019
92878
64729
99194
55334
69010
46107
23486
43248
52640
90461
72431
37658
31459
64498
7963
96164
53062
51855
27369
48175
5930
14834
96192
51095
50109
13702
2288
43768
54122
94994
29461
1734
22374
13238
18867
5036
80903
54387
79505
23150
24435
74005
84467
69059
48920
71036
10890
85188
46117
19380
65616
76437
61870
75308
75636
95364
52889
70508
26894
99185
57122
15503
9599
90257
68798
48842
95080
73916
55528
8876
58932
21030
22987
43127
62711
55515
35096
12226
28715
1172
55894
63368
89652
77419
99386
72131
81575
65426
69354
38770
92352
31957
23797
7523
86439
9834
52871
84044
18055
67318
18093
9282
46344
31673
96055
61254
40113
98694
17936
24770
37342
47971
16381
71303
73248
42004
63562
78733
31663
62205
42790
51614
83264
74407
87983
85631
86887
27608
26453
6169
58182
58556
4467
24701
9174
59558
39468
10746
16331
50386
98923
68258
26238
78458
13096
82915
50887
98624
65945
56830
92456
89510
19206
69361
12609
47081
16128
28334
35535
42047
18021
87857
19658
84254
48909
2115
83204
12012
30569
48754
32378
39652
2400
67051
65049
42954
2806
38422
77511
12328
9180
79602
42394
75149
23033
54306
98766
16464
27598
16002
24455
13278
88712
50203
22264
88055
10913
94323
30864
73785
62081
82337
4062
36181
39744
18294
15633
43132
36297
33282
87684
32196
97085
91882
23829
34423
53120
16946
73990
90640
79735
88118
58529
78143
17007
88407
54517
49456
79910
69485
99106
51492
90880
95048
88158
57127
97435
95311
26145
16955
72353
43971
56989
16252
82484
45711
68875
97029
43496
91364
96376
67573
53899
44559
73023
15382
14730
82834
70314
58680
40848
4431
63730
5871
5247
1603
62304
22388
72867
99551
10735
9476
46622
83370
68113
31239
70926
92637
7781
22216
70370
86272
25082
45504
80897
93142
31237
18577
50421
27601
71830
46424
57555
31565
663
83930
12772
93318
47246
7850
14792
20068
33434
87579
17173
3936
18079
16946
7992
45677
44601
1067
40682
50909
60693
46166
11876
88574
454
54604
53555
69044
50123
73684
40958
7716
407
88915
41
53746
37120
36721
4127
75396
35143
26715
25517
38191
91806
44028
48179
30806
87266
90056
96885
86175
59730
17395
91552
88989
16007
46303
56637
96986
28002
37281
86206
30162
2445
79224
96877
11191
70152
31675
67399
35927
4080
51441
60078
82281
35780
11422
50961
51212
66581
93860
21896
78229
38805
19893
48526
31507
43161
1882
25730
9405
31075
73064
8337
15698
79954
957
94907
43046
53140
38400
62211
12089
41109
13933
6593
92818
31563
99936
40356
85801
16885
2413
41657
92550
6409
21461
39214
94166
96216
80450
11742
40969
78686
75774
50197
59879
73455
90870
14816
79849
42179
48931
54846
7848
62032
44149
58519
8386
86146
71590
7693
43875
58463
15115
38396
67883
44917
30381
280
87895
23055
41953
41276
28726
23598
21971
49080
83531
64846
22399
32761
70690
81782
25397
42381
43423
81215
59510
73931
85479
11503
4548
71280
75182
55263
27273
89239
96076
81313
77294
44530
59330
98628
53890
13021
29220
21681
93436
32882
98661
33491
9569
87615
36854
28812
62880
47539
91285
27226
67125
5796
93917
65718
15681
6479
38796
95615
49546
54721
54039
30329
66088
31892
41387
21406
64753
23689
52918
53747
94700
19110
31433
19068
17335
31705
59931
22246
12561
5953
49679
2085
13711
33768
78122
86722
93838
46028
12991
18761
39666
14974
30565
90604
14745
14765
50772
20645
88454
42270
41972
10697
70452
68508
40175
59882
54076
71904
17048
27600
24952
36412
70060
35271
31437
3779
80904
76571
14242
12008
56273
62347
85533
29733
60660
56882
67212
32502
46296
8790
3538
46628
70321
93207
56628
39073
55877
84807
75239
10942
51120
20763
24096
19270
40263
43182
46851
10077
66476
63236
90313
14730
37573
47523
12253
6682
8485
88525
89578
55418
13116
22584
57870
41879
36333
72631
11223
86106
64730
35420
55848
38355
83084
93133
83583
16060
2864
44487
92822
94056
67066
88580
82798
80542
76744
61796
230
63566
29656
6404
21792
5769
77552
32157
21675
58413
71496
89432
86050
21052
43389
11418
31037
95511
25845
30410
92013
9608
65901
50751
96509
914
43040
15919
59623
11662
6743
33925
45270
9548
44385
26971
12814
1554
78945
41704
87237
11829
19849
19967
32313
14356
32817
42726
26914
67465
15884
31204
78140
76055
87068
72815
60494
28669
52193
63755
46623
13440
92020
85605
9814
52667
64092
70175
59294
37686
82412
18755
8935
2455
47625
75532
3777
62705
15114
1151
61545
14544
33127
36473
86615
20815
16669
68357
49411
12066
97354
45923
27519
72994
34729
99158
20495
56677
52142
74170
53029
73503
84030
22048
65090
67880
89231
88797
7312
68508
67285
92851
77254
81859
36617
99392
75309
69923
2818
98068
48664
45315
43165
59097
28496
4978
75945
73142
49610
11751
30921
15419
78758
76294
25794
96452
36365
89416
46824
90303
95871
52542
399
31917
46536
75832
2261
15917
6582
54259
96017
96396
82818
53288
59093
91283
31821
74680
55589
40920
27710
54585
85947
30525
66651
13753
88420
17782
25434
50957
46560
67345
58052
98363
61858
13002
67868
79437
50046
10596
21684
68087
95156
42535
44845
39606
98070
83180
71083
1547
6582
65924
52745
91903
49131
75949
94424
76854
67158
61346
97908
56176
24208
49382
30888
82354
51889
29908
83425
38758
32718
44803
35268
70051
7069
42853
49071
10283
10535
20768
61160
32754
41124
31217
42758
4484
67242
47848
91582
9002
79783
14837
79931
88331
56771
58194
27593
42310
8944
10233
52988
96960
55306
55814
4975
25371
32856
28165
4571
87140
85026
36227
60692
11553
61182
36517
57977
29053
26859
20028
30910
27347
98511
72206
3130
95073
47525
32785
60495
2030
90750
11319
83983
8046
31687
69393
57350
11274
55393
38930
53414
80881
46840
16399
19041
67549
36581
50592
84605
45565
98033
39209
67619
94292
7333
12743
29076
12240
50871
75652
20913
19182
83538
22957
53350
58097
24931
78106
42949
65407
64909
38791
47638
55521
25392
73093
76073
51304
69207
8224
95809
55230
57251
37541
18739
4243
55452
16577
24889
51853
35771
15099
565
24208
91303
44739
49788
60896
2737
36741
93658
60283
37403
15831
53463
38061
34214
6520
39555
33235
94357
12131
63150
49885
49718
96143
17237
89097
58371
67553
53796
96757
60318
56112
12007
41993
94273
64903
81859
30412
21772
50885
47131
23073
95698
72135
3578
21157
46933
51793
61106
59646
50828
87759
8402
23771
96814
35322
5632
7528
99281
52147
6560
88237
38752
52187
44749
25378
62290
42362
98569
51330
57617
36596
66457
59960
42295
57713
75698
11988
86145
57306
6058
79227
42239
9561
34134
59746
17452
66760
26790
43349
76885
63967
52093
5691
45368
85084
77611
30476
40308
40890
3021
5810
50379
65715
97835
60533
61277
57363
82706
82712
10316
12747
56627
62845
74866
54770
83901
66995
37345
84094
62915
73035
43627
85366
89564
53513
3050
78919
57328
48542
60418
59429
81404
69198
98430
45179
63774
84310
82415
26313
38388
67894
88003
12480
50844
98132
22116
84297
96397
44108
57356
16760
62325
80707
51154
40499
50497
53871
51291
80318
38773
70532
26930
66599
17227
35511
69330
84154
82347
77191
76894
56069
91522
43774
89497
66574
89712
94374
87971
2157
53163
48582
5656
67418
80927
34897
44439
89638
94169
66236
99699
24404
32730
43720
91763
15396
89724
27845
10346
69850
35831
55880
55903
7486
67576
94143
93084
1059
12559
79025
38199
56748
66527
59485
14927
77989
42236
53027
19241
38895
65504
5541
82308
49681
5067
14235
4844
27143
50413
84747
30745
80291
82578
59378
93351
85315
74830
319
74992
33346
5022
40878
63963
90034
85508
96796
40265
84602
4748
27308
66308
40041
90318
14698
31898
44603
52361
75834
73690
82522
94732
64928
14451
10934
32002
4343
4519
47434
76997
89080
84207
72132
61798
65228
22322
97145
4552
79020
66646
22645
50593
78357
18144
54095
33392
88958
16914
27619
17631
29691
99668
50752
86415
9183
77781
94713
3452
75373
11098
65819
47779
85195
65685
65270
42182
97151
22052
33191
28817
19730
57822
66502
30429
11543
20748
59506
90390
49541
35425
15043
52014
52587
19829
7864
16276
65666
14787
88155
78732
36670
10603
30028
9812
92756
77537
78183
96068
66765
24267
69212
35738
75082
36612
8947
56422
46084
70222
51560
50977
42118
80089
87843
84924
81170
97557
64139
35738
1228
18175
73168
36622
43618
96153
76152
63559
98345
86639
47896
4177
95787
52460
93787
27954
28561
98091
97637
59765
36977
35702
74167
16794
64466
10835
96464
25998
87940
34928
82874
32674
85321
95684
40764
2860
63875
37415
28884
6016
68800
69618
53751
23419
53862
73036
59833
43894
19342
70729
93927
42181
476
78751
98182
63583
4084
38001
8514
20181
82173
95753
55765
52844
47898
27607
5980
31747
58229
74935
78245
17479
43971
44567
84963
54344
55730
32509
15133
21862
11805
61250
74534
57276
6367
39068
87159
66858
29271
43263
25393
12182
26593
43000
8123
19910
74695
1614
68395
35639
66720
17724
43640
14600
99610
73841
79240
85280
71849
86023
84295
23800
91601
65701
15173
14284
72301
99783
90637
92586
69134
88010
60951
20891
69468
58409
4056
23832
46738
73767
11827
66092
42204
29717
81623
22811
47418
4336
18878
8821
19567
90340
9691
72086
43759
5338
22890
27964
24959
54703
67042
61693
67807
75053
98880
66090
38628
31448
46640
65031
54748
34386
1207
56489
88540
75620
24743
85088
18363
4099
91274
6174
87705
68436
93967
74673
81553
67403
19442
40116
25764
40844
82968
85236
63507
99409
39236
98792
9280
54061
6486
91368
9066
84119
29200
35269
48129
69315
49251
27283
66931
95036
70538
1643
43420
21165
35415
65677
68500
45889
1870
79085
87764
92203
22816
24518
67337
89462
13171
74227
11011
314
82117
90147
88911
84617
35237
50072
40687
91447
81369
7112
69047
48588
19506
66352
73012
67222
52393
77067
51002
81663
17134
59829
5067
76048
24256
77005
78614
73146
19815
97955
35712
7849
70582
77081
30363
43538
82691
40426
5635
23661
75902
48183
4128
17864
78611
61673
18083
7163
80673
97225
46621
25512
97962
92733
42698
30585
50695
12770
11304
63558
65290
11935
11732
2842
71708
76619
88179
19922
36455
19049
36221
37728
87211
24192
10049
51278
78955
21493
6699
53481
87146
98085
99479
45435
77359
32549
66220
94885
14017
63528
51353
47533
62868
29972
6377
90107
44780
76462
90440
84265
54290
37412
21041
16988
13587
13749
6952
48945
7508
37994
57267
52186
4711
80636
67929
43943
53061
37683
50084
31436
96303
85200
81276
70261
17883
95373
26176
18433
2062
9160
95922
84973
53012
85749
73685
56519
78927
1828
89592
62715
80656
66266
53514
28455
47427
6637
19100
48677
24089
87969
86458
47068
6833
17508
12617
2520
31625
99872
42208
21630
6005
25780
69558
34851
16857
53986
56931
55542
48625
51339
69191
79160
57170
20250
88181
40210
74707
25577
2007
96454
31034
12321
84912
42813
54771
63721
97633
64623
64134
75495
2222
57496
76511
59507
78893
89206
25706
62203
31674
1442
22896
47393
61177
70513
70341
14622
45168
75756
79965
88734
20593
18987
65629
28370
43806
37058
13325
63727
51373
82010
16495
44997
14018
89147
96773
30884
71382
87670
39207
64497
13710
96501
694
64564
45099
97437
94126
4954
92821
44460
39012
25223
58049
46842
62941
51493
98974
68741
65641
42397
83368
21097
46346
98244
87103
67381
96751
50311
36045
73256
42366
30911
38495
46825
46505
38252
88466
42056
65390
89158
76006
72786
57050
35402
869
81945
16677
93868
41911
61539
38551
60141
71466
99448
97249
23427
13677
14378
57213
53821
49251
84932
95508
5308
92119
41562
87101
55012
46471
46136
21426
11414
31124
21893
77499
93379
79373
39855
20317
11663
9157
82894
65574
91199
26496
27965
33659
8878
52740
67838
43042
14165
42876
47247
47114
74004
43317
76771
6223
99022
40585
64037
64072
22450
70628
7833
35560
26580
98880
84108
1803
65099
92554
4639
88555
71444
2357
36585
50494
16232
63829
75768
4685
23605
49196
32170
71707
52981
81351
14820
15338
93508
24224
81911
67353
70038
23850
47930
98003
74092
69420
14353
70046
83480
58476
62912
81947
73600
30499
70869
7411
77940
17575
37812
40954
56083
83539
6132
85582
26094
12684
20969
1558
52791
86450
49263
6910
62023
12817
64509
32451
85101
46418
89451
76553
44350
86165
24851
11060
51655
44582
36447
53104
5959
14200
37522
30804
76553
94905
70436
46281
13159
40548
56364
59836
7974
61745
97173
33748
48179
79254
23393
96292
59489
61251
31344
41482
1385
87220
37418
87810
36709
75764
1206
19438
43042
90621
56124
51551
91611
84531
231
54043
74377
92962
30509
55593
61238
3463
80261
89756
42910
5429
29255
14675
18811
54237
82432
29963
12027
47575
79413
8066
16992
19549
92392
8433
85217
51589
7776
11101
50881
12887
87395
46629
2484
74274
12378
29420
46073
12624
62353
48709
88090
76554
44794
9894
4860
83308
62038
62343
14085
75461
41623
48548
96060
58962
26808
87247
85945
984
39556
48592
25967
6173
56524
45375
73201
98781
64884
2718
22839
41328
51733
57501
96077
14895
8823
13563
87506
73530
44084
76302
15584
30550
49418
9695
70240
65614
55443
71764
51663
20022
5614
58759
90500
2873
85672
95361
92894
82398
97129
79599
93532
84601
49528
245
77514
91581
40928
85832
24515
17751
74709
88622
30529
21870
55205
36013
16793
24151
17834
3347
67568
32007
36362
24522
25680
52317
10278
15900
88845
79572
40872
87496
22940
50964
3837
8656
42748
1299
73622
61567
48392
99435
20832
93592
83173
22405
91993
32924
40523
3383
40129
65920
61104
60593
41826
9852
64963
14296
12416
25947
13456
10313
57777
16452
32166
92275
59974
46624
46567
288
57972
46914
76597
63628
72504
51547
9230
51248
61629
73667
17304
59920
57307
94572
66159
26345
91610
81725
41752
69177
59278
65413
19183
78258
40162
7350
70459
18416
33554
24860
42349
28660
55339
99840
94915
91815
79883
83092
69793
77221
44246
20314
81101
18588
59552
53559
85045
93288
10800
59664
52278
75974
55059
38467
82796
180
87156
73427
84833
15177
24784
84509
92248
40300
71289
52316
6681
35553
99577
83523
93924
58993
33434
3247
30770
7312
28937
11135
395
10403
31143
36565
2791
74376
17443
36838
95855
29100
73889
12916
7596
66681
11467
64475
12252
63177
50144
18731
39734
11391
54881
49494
71839
6187
82301
36612
90659
89922
42630
23877
64273
84759
21904
18913
20851
30765
29444
24288
53244
33347
54221
95820
74938
12332
78706
24855
50709
89229
3564
51390
8543
77142
53310
37347
72724
6197
62775
47372
83489
96636
29815
33894
40722
62365
21220
39024
83560
29762
93719
70345
89937
96087
61002
64527
15422
52411
44128
99098
52220
35741
61445
56799
56677
23178
57979
67853
99522
27347
98841
31570
13608
11614
95667
1084
28370
39882
77551
1954
98079
87722
80006
83706
41153
77035
94583
38871
94381
83237
21399
37037
49365
63531
96936
54200
98502
43059
84845
66183
79955
49085
19426
86916
34337
26346
45004
14545
33828
80839
15213
64106
97793
10251
98259
35918
24361
60038
86522
33948
55098
66416
632
87807
79460
37396
28478
92587
18608
52988
77808
61470
59305
81800
51808
86617
52027
73068
15930
60251
6260
82057
4888
161
1961
439
74242
59706
29406
10932
21981
21841
9181
72989
27861
53617
50532
42634
16793
18069
86200
66365
36923
40141
26187
96086
68302
88486
33308
1430
90895
28020
88407
74339
41451
58529
96980
24640
54851
37088
44385
19991
10880
81821
58201
82587
54743
91542
28406
42385
37460
69135
91935
20054
42493
42752
59299
49918
23685
97298
62904
29464
32656
78637
75951
51378
41577
94353
38955
35051
81042
92979
70820
24050
5258
91676
61677
57774
83679
97997
25878
25352
70348
91969
69496
75894
47723
40530
74295
57794
63808
36846
10594
5469
78196
62155
79484
40581
8746
42369
15059
73482
87110
17265
51757
55564
72106
49237
33334
91033
54260
37619
4981
61306
96315
35629
65246
88077
54634
84843
32711
85158
45979
60080
18379
77489
22472
81296
15489
86723
99618
18484
16831
39479
7681
31427
94360
598
92337
87115
95562
62362
42435
25947
49650
7976
98939
5795
17115
48408
58061
21820
77077
31160
87939
64957
95442
80557
27484
79647
19254
17794
15013
62168
91766
40601
74435
31262
28904
16956
73595
21357
8132
68070
83015
40012
5224
61114
97529
70257
49504
50802
67374
76083
60681
25846
61577
77115
55553
28959
56154
99962
16828
23474
7119
78752
35774
71802
6442
9210
34053
91445
49981
72516
2538
9715
92796
89924
27639
79808
27157
66015
76248
5313
86319
76454
95834
23249
92691
30926
54761
56844
27726
11092
32632
21639
99642
14640
37432
50416
29009
26238
31435
77884
45569
97382
9602
96524
19586
17468
30665
97431
88814
20190
35434
64647
11942
78478
42398
56513
25584
6547
34850
36961
53480
16165
27574
82420
76588
14575
77730
50501
32408
41751
71738
46729
67054
97545
61437
64275
6624
32396
92571
30409
17157
16348
7580
64715
48003
39770
67971
19543
6510
13557
24683
6340
96730
9388
94034
81721
76728
99741
18160
90073
10719
95041
12832
50316
78043
78955
62382
92563
3095
29618
88116
5154
20383
26370
21834
68756
43890
39469
84967
36927
26385
32835
59943
34607
17260
20195
81263
21259
33659
49703
622
42596
12128
99219
9272
58477
80300
52933
49421
96797
47270
4727
83422
97673
76816
90113
41914
24511
56437
12699
72564
4608
40789
99875
12373
49343
18120
59641
11663
98524
81359
15149
45907
18339
79084
60997
429
75280
80733
39718
2574
38138
38082
21538
24766
77991
98354
51662
84213
29087
825
77227
23969
83384
61764
28321
82869
83507
72432
96315
40544
3586
33674
16115
71680
29072
58356
85175
20252
38926
20118
34749
78692
19957
68602
98240
46142
96528
52726
46099
1821
96232
56606
76102
73912
44751
10865
68731
26999
62768
15016
66878
45143
68726
13685
85577
3277
57551
47091
38522
89245
66281
10174
71138
11317
40225
78567
61564
22178
70062
9294
75966
5923
77849
73181
30864
18539
30576
72490
34204
8781
38941
38036
6057
46941
22542
80098
4248
79370
3528
93537
74314
74343
33380
54891
22050
16413
95352
60842
81227
19054
51945
33335
56950
9413
16312
25337
14794
99977
4672
94338
24316
22734
97036
94049
559
77582
48638
26495
14896
21816
87620
75455
68418
87974
73940
73346
73211
93042
93452
34639
17838
36111
46201
36025
60529
10891
79321
40213
57110
90771
3432
13155
41592
25267
33031
27263
98134
32744
99624
88858
62708
30189
48202
72051
80634
43746
28311
15629
32015
11581
33328
72180
42911
87472
41654
23846
69591
48008
89425
86818
27390
6963
10073
36218
61516
48561
26802
47503
72325
91246
95118
30202
96952
16132
60735
44472
93090
94355
92988
322
47750
46043
79120
22399
99181
50862
92231
38863
95095
61092
6435
38163
80357
1413
95588
20567
46568
17817
59785
80513
38414
16337
47716
60608
13817
58323
43091
56774
29019
86950
34089
6545
73190
88532
42589
10163
58752
63634
24586
90491
4304
57812
95200
90899
75060
76010
93611
99428
99105
9089
81804
64121
98631
39646
84817
65171
11922
15922
45573
26259
96726
95453
90331
50567
54786
65402
57368
96324
54518
16358
93821
90283
13257
88853
59230
42649
62959
63407
91554
11492
46647
1708
10946
50696
51685
90902
32293
34755
65240
77544
97965
58756
12277
19315
8575
48689
69298
50705
99934
84828
43086
26694
91710
63944
57884
3825
59628
80142
65020
41441
18581
5089
98234
71780
69644
93890
68137
2771
7111
44053
52610
2600
23468
14611
23170
64440
78429
94216
20552
64583
52840
99109
94804
3138
17440
66446
6688
76411
80090
79849
16605
64467
73470
32747
68952
1786
18410
72642
55140
25135
29432
24637
72910
58785
46113
21344
60258
4497
66733
29438
25327
14090
88193
35480
10990
32002
25301
55103
32952
59719
64635
86457
11145
5849
88300
11696
70829
23478
22838
26782
84892
77228
35843
42387
37467
22903
14497
19391
5414
72153
37498
61472
13987
38008
28006
63746
96067
57934
74939
75827
82758
51316
64069
86179
69797
31023
86444
47274
58131
43669
91368
16708
58533
45604
64389
27868
48490
45117
26430
53748
80323
4857
31765
95742
93652
53195
31506
11201
24477
31847
26027
61393
28675
91384
26715
83306
76358
97714
37355
22719
5174
26732
33647
85933
92160
71684
44850
80947
30877
77043
64425
82378
85533
74586
90851
64161
77602
57231
37638
41450
54805
82557
4941
8085
22672
21651
11286
14131
77717
33082
82613
85724
11263
24719
68442
51707
89209
43922
49002
71066
24049
61598
79855
61569
63690
95350
80576
15658
12817
51884
27449
69168
37543
13797
59273
44307
98033
36017
79931
68504
94618
36554
53426
87078
30683
96734
34426
35996
72199
44403
84478
58770
11636
43294
73604
66029
40284
30978
45628
73510
13304
60338
23351
83815
93852
53074
43850
85870
16777
60086
41985
63867
44825
36799
28460
34968
44222
81017
151
58635
11351
91559
13564
35087
39595
4869
52777
66511
10899
35612
6062
91036
21904
95115
10704
977
66098
95900
21025
43148
11564
13961
45653
42610
72448
32054
78710
49106
17207
10627
19230
2666
79901
44459
10163
7368
25362
80044
98071
50173
69071
1434
670
72265
75121
37901
21043
43272
61863
82008
79918
84008
4780
30105
39075
65936
36130
10065
1840
23023
89192
82000
89020
43101
63821
84083
71796
33454
83707
77595
41885
23469
77767
28169
34155
1147
45837
80556
58543
62167
15858
68228
45082
63050
31908
79379
95750
99521
43686
36581
91885
75144
19984
89196
90945
95104
97958
71148
71568
39561
37912
39104
85955
9625
60725
86917
90493
35737
74511
33477
68741
9013
20948
37978
71079
89347
13790
33519
13972
5203
24552
52150
63430
14401
88662
68516
93828
22919
70702
60034
30560
22622
31878
40233
76057
22768
1167
6343
16593
82400
39704
14800
87055
83289
83216
66228
30565
55858
80971
59736
52111
49788
11754
33710
41755
25508
2204
41707
84737
79850
74026
2166
85550
7005
71322
16763
37696
70225
46796
45644
7156
44593
29629
44139
98885
72411
73479
81134
7014
10649
86132
50794
8057
9817
3878
80000
39565
97881
77733
43533
72824
20337
22736
37949
48067
89685
32485
38029
20552
67884
14923
27185
83261
35062
84383
9454
41227
96633
35723
77346
42198
60975
60023
37941
58869
91403
89322
7451
13942
17491
58403
38727
37212
92641
13932
28593
18220
96502
43919
33087
23742
84074
19340
38136
5869
93135
46349
65359
20878
2001
12819
68538
80797
19570
78610
19394
66331
81180
45887
4130
95902
72251
77806
77486
20437
27800
24769
50226
25256
12985
26998
70715
35966
80216
98216
8102
28367
8102
32172
90986
72787
69803
17164
5940
72069
77360
27617
38448
95111
76186
28871
1705
29837
4903
75378
16278
94958
20354
56009
6344
19257
59737
10021
37480
34769
58408
6478
68705
29800
51492
34821
74288
71275
58281
43859
45682
19960
33571
22817
16423
45053
73712
65212
4774
49483
53044
32174
8038
57640
34055
28918
13562
49074
20825
28194
54922
83848
36087
50006
71696
62881
88856
63018
18362
2030
24965
69385
88709
32212
35742
53045
87632
14057
98993
44907
21436
54714
37870
78895
69369
67785
91549
29175
68328
32021
76227
66657
53542
38739
7591
79411
73017
44738
49709
88692
51923
91535
11066
15538
38621
32836
97768
2366
69621
42482
28645
8265
93947
14382
61371
40503
15192
16118
55357
43584
86225
41335
1168
81379
1690
34026
23077
81953
82250
80680
96858
42796
75396
37260
34457
68015
88892
90529
22597
29236
77360
95565
97731
59118
76247
46223
53275
46989
63898
91062
76767
83890
29813
15882
44156
3110
17052
93000
83287
99523
43246
43052
29750
26459
64214
50311
54954
2989
78886
67438
48265
53138
53746
67022
15403
10208
65032
22418
73191
27698
23736
57995
11605
15819
78017
67147
68742
77788
86898
87350
77425
50229
68092
28931
59091
86005
67143
30443
20653
90899
99686
58649
90130
49724
41173
46008
31796
23030
40359
7713
67220
62849
90041
77683
56985
4470
23620
17944
41605
14445
10122
62975
3273
23807
82300
47453
51218
89391
58013
66590
51774
61071
57144
16557
65419
21386
68812
45748
9843
92430
77089
55001
49362
88579
63036
52066
21262
37615
73449
16049
52764
38396
84014
36472
38437
34766
61014
66243
42867
6626
92964
62138
13445
29090
24943
39654
99020
24455
42653
8393
67059
45065
38562
91338
71862
67716
12059
48624
61990
54125
58516
88894
9412
83920
95358
85000
61942
93993
49599
22454
56527
20407
96880
79171
268
92641
58408
14301
35854
8363
65907
64741
12057
32064
50097
69179
80530
73000
94392
55515
64047
12679
83247
96712
77631
63578
47316
11443
39501
71246
99348
86936
11303
19522
86310
51701
94769
94180
48973
94679
20595
41193
48515
39284
84235
73333
99749
52548
94056
18052
89440
89754
80321
3438
77678
43369
4177
95222
47895
33897
79488
55864
62360
50770
80025
41255
67107
98408
15286
11761
58734
36170
72035
65908
53309
69350
4602
62212
89477
40630
87382
33073
81231
6509
30979
6437
39926
9615
70222
67112
16161
2032
86247
48159
5900
82361
38197
49475
61323
99530
44778
98661
73900
14482
83453
56176
10843
27131
51566
76721
9755
47774
76474
67597
5510
33678
66543
75110
56307
93644
99366
89598
62039
88989
36017
16170
58474
73695
92297
57405
52063
43202
60831
25227
55487
16631
16928
67484
10000
8772
46932
88699
99542
62695
13277
63764
15245
43072
70111
18074
26515
93091
26469
98886
76016
58362
1353
50157
32391
32040
43142
56917
19313
28438
54206
66049
11325
63851
33702
11584
46347
16775
64900
74582
16753
56899
32844
42636
10233
10212
25724
11570
11853
88429
43713
47971
62309
45634
26552
34469
69071
40089
24654
79116
76409
52581
70138
96402
93953
90167
15125
18254
69446
87980
87664
30615
76135
10867
33887
46026
19155
57919
39879
68855
40083
69034
69110
87663
99011
63863
21507
36382
65889
57609
92814
2332
91737
24952
72493
63956
69678
47250
25197
56313
66609
86050
75971
71581
43900
58472
66123
96617
554
1298
14605
42986
93788
81815
20040
70756
39221
70488
9983
84695
34187
29371
50166
22428
83590
1410
14721
94786
61808
59448
10191
12041
1409
81026
61980
15808
98990
1472
63245
11268
35965
12430
46208
55153
80816
34112
38184
58546
49798
98216
41865
42806
28440
80930
54173
98349
62647
35455
92211
75754
77396
46616
90523
90120
74575
90366
72526
90876
76972
53068
60533
68966
27721
70905
21281
11519
32125
33502
35063
73477
37231
75748
76410
49458
62007
91559
94884
79783
45345
29001
84097
44356
31351
57762
83706
53132
11925
3866
1024
53480
79888
49568
81105
80389
79755
70336
65082
30912
38034
54424
42364
10497
32411
41605
86029
42256
70380
76201
85653
75585
14209
91459
65895
16879
12652
21009
30336
59550
98586
74189
7453
66272
38001
13664
20855
74423
36224
1810
68537
16559
31716
8742
16712
16328
37621
57669
38382
92172
63294
27611
18912
79538
13017
55076
71599
35090
67612
49731
13638
96397
25748
81366
84601
28540
80767
55635
32948
89030
75011
20217
4374
15065
87297
4796
60170
1995
32617
17071
63184
11012
38685
99434
11080
24384
5784
24663
74999
73074
76266
32491
42154
78386
60188
40950
52730
36875
22889
12226
69435
28016
91650
84153
65005
27433
76773
41479
31105
30739
83023
55474
7422
18207
98090
13786
77619
85279
56489
46273
81223
13774
52430
41130
29735
29729
69199
30893
18454
78112
80551
33517
36617
37464
46781
98521
81685
25914
30404
83545
50362
41740
65754
21690
28961
70619
15524
54189
1781
23003
86485
49744
79052
76808
66436
12694
52083
74491
43171
52547
57857
23445
17677
15372
31783
43641
64405
152
11547
71346
18233
74229
25826
33726
79686
15538
58695
66492
86451
87137
55169
22023
42117
75868
96014
3760
3641
92563
46101
6169
59973
37857
99839
98637
48166
93254
48198
25438
38012
25411
50752
80732
92439
51816
43885
60138
24950
4938
96897
86685
10963
74715
99183
79448
99922
95544
98931
16338
47490
58897
83943
89035
99558
1238
93076
69868
68567
47544
21801
70457
18033
28927
52714
12006
19724
32936
48823
84245
94239
55088
61995
25513
75296
18943
60633
92066
12746
80032
42898
50965
55969
90431
17349
50869
28281
45262
10312
98620
24598
83740
30619
26830
15349
96542
312
41605
85592
30215
25628
99162
38326
40206
56902
71178
59506
10196
9632
39142
31542
34599
46984
42563
61214
52808
11491
99683
88196
5465
91242
92668
68566
61278
67310
53431
98050
75024
36878
47810
90804
86884
34861
68817
13346
22199
94456
40519
34295
12137
64329
42062
8881
42459
53012
84007
44747
14505
5366
82395
22739
74380
52230
89121
74616
33088
62710
33366
9558
85230
58917
49818
63881
11759
94979
18721
21780
83155
1172
28755
82839
68389
42319
42659
67805
95697
6094
34965
20389
28561
96880
63182
92571
44430
25646
7931
6183
50523
74465
93418
21089
62496
55148
44206
62850
38895
86936
14483
13330
89005
60972
77203
33867
13010
4323
59008
90686
95643
73605
32448
5080
80107
24406
46840
50055
91374
53452
91041
70491
27949
94229
15925
21014
2289
79176
62732
9844
9303
54990
41136
85879
82237
3890
54867
20300
24350
84835
98918
73637
19774
13594
42302
11390
72891
28166
25721
34142
23181
65487
48216
43838
33773
45878
74725
97972
97118
41482
85375
978
88910
39212
4650
76385
8991
60108
5532
93614
46814
33159
1959
15296
51771
8494
18698
31859
21012
58188
18931
31614
26875
91783
67100
38049
81181
32764
13951
62395
38356
90160
34966
86744
33361
85714
36809
74040
50771
56553
54576
10661
88675
88765
88690
19772
98379
40420
4574
842
78078
54045
92100
91494
51140
97494
52883
45611
77622
12383
32399
34761
86111
58542
30564
43579
96125
94782
99468
25157
86038
17351
63668
81801
11640
77761
76129
89136
83895
76533
47629
82253
11186
49503
90480
75904
11153
6096
68698
6941
91662
52728
92898
3454
72122
94929
25547
97399
57064
73304
70979
17440
64593
58741
23051
91169
83697
10731
79695
43438
9801
36466
81260
86278
90686
59266
91026
89363
95113
92259
86676
84396
39233
64775
16947
15813
22386
18721
51356
86155
53578
69847
47048
27914
46814
91712
13649
87204
71865
57292
82509
23742
78897
7719
91382
90669
20170
55439
21787
87686
36568
52063
96425
63315
67086
10711
38200
31016
9956
79515
34249
48312
79569
53666
56500
190
75491
95781
20530
32146
30170
55020
4020
98569
59306
2858
80481
9172
12277
59468
1473
640
74654
13102
38168
75266
77971
68627
5897
68468
92457
50095
88447
18289
41829
35486
65151
57275
72269
58610
89069
53731
40104
66688
26370
35272
9386
93017
56620
90927
11271
20498
65686
67492
67355
62043
14092
49404
74753
2511
16487
9652
65919
71137
24032
37495
24128
63369
75020
50876
11014
40693
88640
34674
85651
65421
68970
84522
3935
1149
32608
89869
81043
20226
51820
63019
38164
88863
20129
50904
4300
85326
18704
54490
77930
36826
45428
41197
7523
62629
81836
31201
29607
45948
63772
87266
16264
82041
94946
20380
60921
20054
21016
86153
77926
81853
71259
31206
12086
60928
76408
60770
66734
22847
9296
51664
65731
89237
13468
6945
22968
79628
26264
71153
16251
4490
87818
77135
65182
43189
40935
58262
16311
94474
26384
45745
72698
80772
62147
20795
89446
81347
31179
76547
36618
26922
41777
7245
65344
11651
74998
94763
52908
61680
92694
79978
40369
56790
86025
91842
4599
38934
93728
76918
95299
42572
69113
20250
16471
17062
54680
54715
21403
38307
29469
11996
1070
18412
85464
16223
53083
52248
27624
75267
50442
58374
50587
53116
68430
67557
24636
29158
25771
56632
68640
72826
81868
70656
51686
12165
5037
42881
64039
7724
72326
76667
76903
53113
9840
28577
22240
64869
48722
57802
87216
63378
64043
26832
2150
81582
82066
8783
56373
91447
94040
24077
8429
99578
91562
95924
82682
78282
72018
87533
66692
86514
14031
76127
90056
61365
47742
79953
2492
323
34333
79174
82933
70700
41791
2012
42516
12765
37390
26297
4152
83961
50578
83224
6611
53988
80019
84987
55218
84603
22577
87608
45454
56687
45316
10309
71343
92163
64848
19745
29324
49902
53220
66426
92628
60805
40461
27115
45453
46145
77208
3130
40330
46466
5234
88648
98159
98816
8969
79860
19801
95444
6527
1025
44805
10263
48759
3945
91308
43298
87400
64544
82316
80480
16438
10874
18815
53647
99848
49066
59273
32613
88653
10949
53562
37573
5322
1443
5921
49091
14596
8879
27529
21934
63450
53170
86950
3967
40336
49079
23520
34918
13266
18296
81952
32632
38735
29180
18818
28704
63462
46070
67578
43122
52167
85289
51253
89208
75215
82993
76587
72500
24960
97392
74243
48821
74891
31246
38497
45515
80727
38253
12794
23739
77992
80541
71742
78205
75488
25945
21283
43128
28938
69996
40822
92358
64619
86659
70993
77569
63734
96746
86609
14848
39762
37054
9309
54378
94517
99448
41772
21885
97089
3269
18428
79168
25653
46211
63089
58553
88217
69701
17326
65663
56941
37305
98231
80711
487
6376
53994
27812
56011
98464
37339
31270
78100
81353
40717
26144
71522
15300
67454
31163
99674
32878
57137
49639
94356
33017
28267
8606
96272
11289
69803
51663
97249
90205
19319
23203
48943
53900
35442
90537
11046
96512
92972
12781
31428
44279
43002
45569
14127
14569
2714
48443
95715
44041
59379
67173
32578
20
93994
20720
34384
85931
9315
74993
34065
26275
47065
45768
50850
64974
26785
8837
98874
48373
34005
93744
10089
42717
46314
4244
56216
92491
10482
65164
51646
5085
84146
33695
42847
34183
93708
63018
93818
71415
73313
37582
52535
9611
13957
67245
5474
96096
59782
75702
34410
91047
80457
21070
29216
65278
77731
21407
91966
97846
20197
76373
65808
82450
46902
79819
77881
10560
76649
58864
1201
12309
98896
8865
430
14384
54929
95317
26414
14516
46883
61660
83521
89171
32884
99629
19413
81150
82588
35912
79979
9795
51404
86053
53440
54723
79995
38935
80313
11161
42349
1772
41197
83895
54872
66974
56731
26561
66572
95580
95322
18739
28578
35429
11451
52687
34749
9761
25279
10780
12222
34537
7151
13497
94426
58341
47246
59694
24654
82427
41548
84197
83227
23060
83244
83358
29008
90910
45688
98033
90204
68047
471
31544
47031
6173
99366
42700
36270
84227
8200
4247
22435
8644
15249
31564
35109
14605
44895
76605
91572
41336
84528
70967
95592
72461
57118
80002
16688
54329
4205
16463
88176
22530
40013
42622
90359
40589
2919
19807
49321
78462
44876
39022
26302
28489
35651
23017
26822
30267
98045
91139
54124
68089
80488
13103
32486
30993
32503
99804
57266
83332
93852
35195
19613
38993
85992
91905
89303
30914
34985
3869
99019
12138
63764
81305
79221
40371
60662
97795
50409
40071
73691
21806
32525
14259
78249
98409
39302
90862
39868
5941
5423
87648
96320
93838
24581
33508
64920
42973
27970
39356
27649
71644
95400
37911
52169
94524
97310
70050
20994
55362
48342
10168
79513
8870
74682
2036
47017
73996
60064
13682
93115
90521
75540
55809
31819
23264
73686
44688
75397
36240
3129
49394
89524
8459
57456
58593
15248
88016
81038
39180
27660
3675
76533
18444
51447
13189
56236
93622
19331
23987
99427
51066
32454
72587
99857
55124
89251
39888
52972
37253
37686
54526
1943
14488
71024
87704
14898
56913
56270
75962
42944
75935
25768
6285
60532
9106
77260
89452
98034
69355
38639
93141
63108
10636
38093
9356
82870
26243
76169
19045
75614
91950
92384
16756
77862
64807
51355
99643
12751
16324
78367
68434
76456
81266
60988
2062
83731
27474
30040
28102
4009
10426
64710
3548
89911
72381
66247
27046
55477
58695
25785
66953
5585
65848
96297
4992
96385
50731
38047
18515
24450
38172
10007
52050
83434
85037
98747
47957
30404
55550
30215
69647
13554
36018
79231
56115
65648
52110
93108
36615
30536
63687
28726
29461
58314
92648
90340
90937
18698
93288
75930
74452
44199
69681
77426
29218
53637
39121
41222
64446
19597
33019
51814
62655
19546
71803
28137
15515
97888
47662
45388
68724
37181
92238
39347
59243
27369
70841
80644
61051
33469
97455
12825
13256
98090
22811
96803
82586
33174
16199
15456
14697
24482
92395
87184
67232
26804
45966
63381
87686
96269
59107
27989
38517
44534
20750
83267
44268
28844
77639
87249
43721
8558
72124
77478
41509
8898
85535
91216
56626
68191
34456
23560
47743
1524
69603
85644
86499
42378
18074
99352
83224
7486
73940
25741
33005
76769
14148
2104
5083
88025
18227
62641
66928
25411
32609
51523
50862
26028
72335
73636
41766
59284
5228
13765
23816
44976
7721
28978
81017
6276
37616
34221
21209
53099
93927
34389
66075
44324
8734
62358
88830
3782
56690
3211
67499
70846
71708
8191
74276
74187
52167
37340
35573
43317
77798
9445
21978
43995
86145
69672
93634
4970
22438
33374
48634
97314
94065
3260
98652
97585
25045
83739
78926
77361
17101
45577
31615
62020
6281
11491
6563
30535
86194
5952
97798
53306
52833
54560
8988
96725
8509
86338
98988
72872
7524
41727
92666
79534
17962
46217
60987
68057
19536
72314
7585
47827
38679
74073
47860
54494
64804
73551
96090
75177
46941
80678
11348
99232
8123
9558
82459
49451
53279
98733
72564
32369
74374
51446
59044
39229
25184
87798
5600
77202
69451
51595
32471
79219
59977
16155
32118
6151
10125
613
91304
94041
50153
66808
3827
98788
69155
15
381
67883
37538
31572
72937
38257
55928
5258
6594
1364
93747
20619
16978
42154
59799
81875
14556
563
61831
20477
32853
60741
89454
96200
45475
32945
60759
47105
86262
89287
12122
70757
86474
91453
26048
70728
10651
4515
67032
56901
3644
84154
76176
11523
36339
44138
51400
74008
37893
77646
821
79339
31979
90762
48224
64999
72446
50063
99778
66436
41605
86763
63915
95324
29812
51060
8218
15491
886
69916
81003
15175
61711
39709
43015
94540
1896
47039
66719
82747
73250
5565
82745
72160
32958
73478
87213
40843
44383
70860
99393
31293
99418
78188
64946
38664
30799
72258
68723
83709
49905
12995
25959
46102
85883
3437
23953
26896
234
61772
99521
28297
32234
217
90943
54105
22858
14241
92260
86363
46566
86746
90434
89440
94322
73774
15036
91214
29922
22887
66522
29620
29072
84783
35896
10196
23627
11419
83971
40736
99143
32810
27818
68982
34276
34430
9912
75033
49646
75594
32454
98156
86531
63792
99036
19327
27798
81218
99818
78794
54903
3819
82135
50107
23594
76247
85213
55830
4139
19517
16763
74763
47936
7567
53491
16072
36421
98286
5869
55770
41308
41664
90072
38451
40576
45957
67775
59451
41717
8049
56087
43804
12342
67360
40356
57659
95585
35903
69365
52580
33853
65204
33312
78061
50528
88063
47669
9337
25960
85832
71533
76839
84063
21267
60432
41496
42392
18488
9507
35377
59848
47243
17664
95083
6384
48878
61087
13352
37988
11653
57555
91472
3930
20777
16134
67488
24002
83746
16981
31600
44581
72917
86121
13922
24478
32355
71572
71235
85856
42956
1714
66118
81797
11511
23498
51408
29243
48483
34502
88330
56082
42209
49189
85568
47686
97711
4284
76359
24772
84707
84595
80415
29724
17956
53799
10713
93552
34072
80131
87449
19120
67034
57644
35068
5370
94543
4529
6674
54191
38751
38751
39316
74256
42243
89208
69265
17190
31171
41482
80800
59672
93447
12967
53495
43370
45860
2067
1990
94938
50470
49247
93094
37040
98274
29567
67490
34793
31818
27168
86792
4676
40013
65551
10716
95568
67572
67210
1589
50244
97933
76910
91661
4485
90886
62436
27401
88530
28648
61377
12994
17546
51943
29941
83941
30090
88223
27658
26667
32353
20139
80127
36780
32872
19043
10253
93946
23885
44137
21915
64756
20349
97178
55713
94488
63262
91866
79814
91551
97489
72732
28824
32399
34107
10148
58366
75513
7667
70864
97020
15975
69713
660
64870
35445
73896
84402
94459
75423
80177
98560
38139
81977
31999
50128
30960
81554
48892
94125
37438
30390
79725
34673
252
28389
92774
7435
87802
81814
82867
83037
2649
29090
42648
17159
28724
32821
91702
72771
16445
16243
36664
92022
58250
32149
84436
98835
92316
31726
67027
59783
8476
24911
40402
18613
40215
30004
10484
82581
57203
92013
65496
65161
13198
11785
44176
59886
50510
43460
54425
89794
31083
58414
28590
84398
72310
26817
79262
2248
97092
56481
20113
73864
6688
34116
25702
58549
99186
38507
47235
6620
54593
340
85713
76956
79179
28753
62282
77430
78596
54167
52060
18252
14322
10279
14810
17547
90292
81713
98301
83928
44941
86075
60941
32130
34151
15880
79280
30158
55927
83018
50200
89479
70784
58923
30133
1667
73365
31269
96878
89137
11143
61731
33524
25567
4352
98445
6081
91885
17041
26267
41070
98484
66991
46582
26183
81720
81055
25579
94481
74856
27474
69077
32985
49431
6371
87751
93948
5433
63366
2861
8195
31975
25429
82264
62327
15640
42170
33124
34037
54894
55994
66205
94418
85717
45654
74021
46865
53571
94441
78702
50698
18643
18463
8526
38675
64449
32007
26695
64035
45217
34067
30552
86677
32875
43328
49860
13075
71990
61932
68041
12149
37409
53014
94770
20347
44606
89253
8997
27477
47252
73910
33518
93435
26794
93328
67969
56428
72376
28246
93837
55397
68319
78172
34871
91681
50896
34632
52666
15953
15256
75980
86681
2568
42271
87653
90001
19315
33028
7438
5179
78743
90705
91705
50669
17748
38317
34235
75767
95093
46826
60719
24576
84338
83619
79384
41266
96330
54929
7620
37435
35882
45676
61233
60553
39827
22882
68866
28828
43431
76539
21491
57210
20947
98457
82002
26716
78917
97651
64796
34285
90113
19562
64941
73695
72498
70517
86577
92119
44432
89448
76289
87158
55517
7048
83795
72434
27223
44495
56685
51825
1743
76717
22130
20169
51163
66378
89775
81876
9451
57564
50330
24230
66358
49360
95082
95073
19481
16225
49585
80764
35672
52759
58753
54749
46918
1506
86351
95344
39693
55000
60763
13311
1358
58219
66226
78580
1399
13078
11931
74731
2078
18578
95088
18585
40225
33135
66706
7337
81476
29524
62881
75291
96298
21441
2310
31055
64058
76434
89950
10525
55506
86899
88358
85452
9325
57444
57492
32832
88227
70211
83113
5178
98069
90528
23617
72274
21186
32484
51872
86092
14999
24600
95494
10203
53219
98392
7096
50200
84635
56903
82400
96624
97111
3948
6480
34329
48878
83467
55098
60603
46023
99529
243
92268
80598
41015
1385
27193
6722
25214
57524
36987
55008
87665
14588
75841
94347
6975
67620
49631
27906
27539
18070
16357
35964
49015
43762
84629
55879
64677
37479
92033
69519
60954
83598
885
80800
54764
53810
21537
29336
44076
44634
41278
93285
28645
63878
94490
35301
61643
18600
49893
81597
8295
54820
41002
29009
80728
46799
10896
40711
598
78194
99266
20441
47899
64206
65780
60069
96303
45472
70308
38315
58933
87783
19082
11562
24790
66420
27309
57858
89920
87663
367
82282
12689
57431
89416
80820
991
11479
27289
54228
28271
92325
36223
9191
2231
31877
11200
56764
96920
49946
76295
73428
43323
19194
84635
39057
16596
44869
60023
38126
85117
52965
10257
33241
91815
79343
39870
54103
21766
20219
89803
67177
55651
74371
8796
90883
20789
2490
73147
89857
82156
36108
78895
70720
22912
8068
80946
65414
10357
78262
36333
96722
27603
92129
93637
7908
45539
84672
80712
29924
29321
30852
36099
18783
98632
3827
31551
16854
51425
34326
94216
34324
45021
42538
25579
74609
44196
84921
35322
52955
92587
1052
27673
81485
16190
17483
52806
13963
54984
85080
72513
96068
67186
23035
41985
47074
89280
17481
55427
87982
11516
77089
70447
18382
8454
40084
47641
57993
86
56215
81683
4112
43878
91303
63702
48713
8405
77566
27564
63595
73242
74647
94376
23748
88619
63867
61609
49177
69020
91155
11210
43281
95255
84520
22421
20794
48411
29031
69382
90059
27421
75939
90534
85984
29074
22527
6184
87596
87062
69412
91383
67825
59526
46528
39651
6037
85238
19415
1003
91607
16791
61031
34360
94226
90940
5410
4292
59189
28806
14518
90326
26649
77692
59377
41544
808
19551
50329
65781
62694
29099
4861
93673
23416
42094
55520
23646
74416
45664
24093
90951
9982
79921
87982
8491
33615
62017
13026
30991
39630
69241
84311
39938
55089
70351
38577
67495
42909
55735
36643
71623
32564
67288
93420
53344
20607
41971
10539
45994
4383
72510
25698
72615
98979
11848
32227
11128
88710
66604
32144
64334
95718
86212
78912
45983
96366
33912
87244
11810
5511
64808
8059
88648
51810
83282
43915
35969
75865
24442
53927
46557
69912
85515
78765
36998
90812
56946
61649
61376
5616
56435
55677
81328
47323
84797
19066
97870
38450
9911
22107
81723
62858
69774
40202
81208
12403
26100
7380
43644
34680
25365
53263
49512
74756
89589
53844
25398
10661
24667
37308
25541
42797
48652
817
3311
37117
36994
78856
4092
11435
36791
59844
98862
14293
78372
16298
66168
13057
39541
5471
24986
42331
32541
44337
35327
7717
46196
86570
1556
15971
99799
58231
39212
42684
12409
58947
30890
87737
71181
43561
8259
72701
37067
5614
83650
57729
61115
44534
61944
35655
6189
54023
86500
47312
27169
57275
78713
27190
8650
11472
60820
77857
16500
93772
85591
43036
14646
76130
49729
77005
52757
55886
14835
66308
35503
42923
68118
89612
83329
43381
26966
65595
33714
14358
61497
49033
33226
18990
55203
72588
91392
3484
76592
47893
30741
27003
74101
76114
34417
59154
89186
80604
392
5394
9580
15165
31939
93439
48585
52041
92754
92218
57902
87984
11703
63828
22199
97368
67959
3166
56964
52108
73570
24815
92819
60633
20103
68670
63756
28834
7377
9164
93044
62816
45887
16074
15354
40645
28498
99497
85769
44563
79898
92154
41517
62394
98194
38408
72630
63664
85238
68866
86993
90651
1502
74069
5473
42881
90593
6644
42642
10727
26267
60432
2404
3513
62162
94894
64687
32765
78983
72057
66053
45362
67232
61891
60548
18645
44754
6241
86462
8146
34635
2787
94578
87762
65739
81528
40779
80880
22586
14115
75976
99513
25492
14029
95128
50311
62892
38415
41335
47591
19828
77992
74652
98408
99514
27650
66072
23328
4236
60702
71635
41543
76034
43412
54974
74769
83900
75690
64220
3913
78288
70433
41771
27523
87073
29870
94160
18662
75554
36656
76832
39365
82023
58778
56808
88148
78214
79146
84741
95445
76819
93496
48669
37906
4272
77291
73269
70232
46403
43374
88918
53598
79657
96419
49572
77590
72852
57043
63604
71872
42228
54313
91344
96609
83630
18554
53051
20091
57279
97130
82175
3995
22788
24211
21554
95490
88744
53459
11957
19510
74147
13967
6548
25496
42369
43243
70963
82668
7707
93904
6075
72357
6340
1619
73025
65215
64564
97676
25114
99331
91857
90703
6306
75810
4494
72190
15916
90753
37493
12725
52944
30718
90455
39359
28698
85942
99894
64501
75324
99846
65023
74838
79856
48638
98486
37416
56367
73157
16703
11181
17619
28734
94104
1219
39040
53049
78294
42580
23895
49950
36301
22819
78361
54492
73279
74708
53360
51145
14242
33885
80366
77295
72165
38981
45092
13391
97789
39553
60754
96755
92710
1976
11746
21584
67847
21221
76052
33768
47738
76318
64697
8401
14030
49738
11710
62868
24244
78961
97931
14381
21172
23485
73103
58991
80981
98857
73042
24560
14168
19588
82282
24113
51699
33272
25499
72131
86940
33620
34225
87817
64694
22242
28018
30148
20689
66271
4456
87949
32793
73391
83819
86424
74759
32936
91617
68500
51700
79981
11864
55432
23045
49580
69902
44402
63227
83931
6089
90834
38499
77386
28132
4481
98147
81293
60665
20115
78525
82421
92911
46026
12547
65256
77342
92161
85972
40590
76227
80126
47710
27985
79337
45879
9394
55938
3565
54745
32721
81294
64465
8873
86144
46088
83432
91866
49673
49822
80020
9238
39639
55253
28177
73085
63571
91612
57263
54842
55307
70624
41816
89306
58636
77192
76810
11259
32321
68171
22406
15034
52226
53464
98398
277
25501
22927
41092
39322
28261
13501
82035
80797
31342
87350
22837
35997
23754
31315
13668
775
54809
82383
46927
70695
99303
7356
93427
83744
64159
71247
25053
64663
67436
2210
32544
87773
50073
21323
52303
53285
95882
85586
12364
96815
15117
59862
29857
69403
87693
36978
3812
11873
63858
60347
76784
48544
2590
49986
50855
67410
68090
66929
33305
1856
27108
32757
99399
42861
99115
76442
42001
78647
63058
86067
47389
4494
12088
83578
8573
17806
78026
63380
95670
17591
63739
91
57215
95631
38129
62452
60811
90455
68571
2755
56633
67486
40280
29608
27928
38505
17173
90090
29769
98787
34408
70269
44300
2542
22745
88668
51044
61075
80649
73725
34457
34113
1840
96101
28349
20339
29581
26296
89568
37568
40865
26712
98024
45650
27873
60893
51538
55251
47932
9899
98060
41124
38057
69477
26109
77035
46831
29744
25960
43529
98002
96404
58865
56745
11575
18991
98711
17376
93107
55133
18454
65154
46955
44638
35516
93301
45943
87857
86621
46497
99988
35886
9978
64557
54838
64074
59967
50996
31653
66467
20650
29782
66943
61493
31466
54204
13012
84030
56790
20299
1747
90551
88515
49713
16977
98006
41312
66087
97180
22592
18073
33630
28095
61035
60326
45460
42590
29256
63517
88784
64947
30362
93845
25607
79867
95970
56093
34092
87000
16324
29568
89955
47375
44796
10497
39367
41742
55931
95328
85542
96830
35905
26345
40910
43274
90634
18832
64475
35649
52862
7820
712
31815
45466
38985
37366
23280
94409
65336
26181
10878
6371
88700
44042
49732
48199
44601
33092
81572
41875
36181
28109
75553
41691
48923
25468
10033
36404
12223
38919
66672
84275
44723
9538
72696
19587
1124
15530
16635
73964
30517
22538
92677
81552
13225
84527
72184
49438
26154
49493
83098
89957
48397
17180
64213
13046
22325
37415
74231
15972
43566
7102
87444
98528
60114
69993
51430
21295
78588
97977
10581
76006
47114
5088
45747
22957
60631
6859
31316
27550
63736
81118
35410
63318
3194
91734
48228
79030
4782
57804
2000
22362
81227
96760
47959
32450
30502
84476
30171
75662
75088
97536
36391
93941
78619
45959
65896
94831
96803
13022
1905
12939
99016
75326
85726
21157
7504
70321
35896
72712
94627
35227
49788
23777
63358
18098
88602
26643
32301
15118
42096
17628
23331
73486
42049
77241
22260
7286
68880
76005
66208
9643
91715
63639
3075
60508
5745
75780
25595
33619
59333
60324
56460
35389
55933
80991
39395
14212
84880
69918
11253
93329
93978
62939
73124
235
67665
323
19350
90422
30412
19852
39281
33915
10390
33642
43716
99462
29441
5318
69797
47953
31477
16193
17172
759
36554
61604
5429
85174
5549
19243
48246
79366
91784
57426
57577
28367
62661
60454
41258
59681
96984
72758
76271
88777
8059
15779
30107
32102
58479
57318
55129
1173
73854
10340
53318
58131
43349
25773
73281
5926
90748
76002
12426
4797
7703
8887
96532
38221
35085
53554
7111
47923
99101
16158
8928
60384
16187
56589
30954
79370
91503
4232
36883
34981
59726
7992
97975
66789
83519
42588
66535
96002
46673
89863
2755
15419
55333
52431
56968
81743
62224
38969
17500
53471
13606
78649
22365
36876
99776
35995
38989
39436
19448
39993
25084
30101
82360
36802
90478
19403
1459
37291
47895
10510
33921
30174
35849
93849
18037
66423
24938
99987
83182
20907
20934
28205
86798
43068
5742
89815
21121
43016
50899
81263
4271
70965
48550
49878
1052
26444
82762
66973
72157
17436
38780
42127
91641
78908
61251
99845
19436
3552
56169
50757
59480
48188
95767
98974
30292
38115
12250
93533
49547
74577
88089
35277
89604
44662
45343
59854
37427
5014
80413
25326
78136
47807
70823
53876
35424
79407
75406
89450
18799
34299
21029
64272
2068
90985
74343
51398
63431
90196
14528
16303
49395
14427
99344
74827
44042
36310
11325
25592
22608
43485
11021
83171
19124
63977
15460
56849
62792
20279
3366
67390
28267
40430
35256
11869
76455
12833
2835
5560
58467
42146
15428
51926
38963
70816
23083
80935
62786
33972
31421
4767
643
41030
69321
13521
14469
96900
27811
10767
1057
29989
39854
43440
17297
2032
84861
31032
44228
73716
16894
49197
5295
52115
3530
58068
76214
18825
55732
81820
10149
39415
82912
60403
95182
57987
20806
1133
94770
37773
17168
94563
59512
61864
32502
84085
49442
47404
29594
18716
688
95445
29371
89759
19104
65294
57489
82106
84785
47960
31207
47140
42459
94100
46119
44147
95535
1100
91721
31847
65696
20405
2406
78702
91080
6937
29312
69168
872
22558
33052
46771
70494
80472
14560
6081
79618
53074
34779
10907
65900
54872
70982
51862
55343
41869
650
93559
38793
19835
44665
90124
13982
78191
92452
3044
63676
45357
91237
38802
66635
35519
67708
92543
36425
26846
88976
91836
81364
16651
77193
43633
84735
11453
82541
30964
24908
77193
50253
46351
59863
91781
98
87021
1461
13953
70019
59952
92629
44943
69712
3560
84229
24613
31243
7372
69004
10482
97235
24247
64672
17304
89557
39762
91646
31430
4593
54941
99398
9201
75939
74836
53181
32806
68878
99229
27896
45173
22537
22819
89560
21535
82914
69632
436
81150
65854
3627
65108
92536
80352
68779
11489
24280
21973
41551
91358
36690
14906
64681
71244
20905
97161
50845
29765
72553
57464
62653
38759
45445
80587
63851
98960
69878
59383
88268
95462
6168
75009
68440
56654
75705
76178
65754
94458
55203
25503
39574
62707
95099
61439
77977
25266
47597
14490
41417
65112
89493
32446
53564
24642
59408
37647
39630
6436
28132
6080
57731
37983
74809
99644
70158
29761
3554
76214
80944
98248
66336
10294
89426
88296
28631
87814
96519
26408
85535
71117
92221
81993
54246
72425
46020
72809
56595
93991
73153
68158
47147
1861
52595
66415
77489
28136
83784
34985
85899
88347
28064
47335
60644
53821
14238
18870
39958
52828
64808
35566
423
33008
95959
8142
30024
8158
89509
99173
58477
6082
77108
74297
48527
53598
87786
94390
54405
26272
98317
10694
46348
11599
89269
52759
23133
71232
17732
38436
36174
48850
88877
53999
98152
54051
74001
62076
61443
44248
52688
19244
92654
86432
88339
9395
40469
73188
10502
71328
96457
75308
29735
69401
17838
18414
73908
7789
12577
78026
75660
19643
73561
27172
49911
76895
51410
52860
11032
4477
35501
27230
85719
36338
57046
12698
94844
70454
71238
16398
94142
5082
59628
38818
56856
31088
91797
15641
99849
48977
20137
62341
59365
63645
24
96991
81400
86681
95104
82452
30812
73266
36149
78955
37731
42315
56332
66416
76239
6147
98600
84842
39659
11671
5019
93102
87444
13665
75794
84839
68362
81064
90223
7841
38387
36811
61337
6168
4004
72893
18341
73527
66778
24108
2051
45472
52459
68594
26956
83938
35493
70
76748
47722
37566
36917
67356
81560
93613
3942
84288
22696
