69241
33844
83495
52667
65720
95711
7794
62812
74371
79838
33191
81409
19947
7382
38796
70703
21205
5427
72437
31523
5786
23736
29915
53646
96581
89674
58616
28138
38719
40313
66681
39420
62659
30638
13041
87801
73221
48894
45182
79575
64303
35494
99162
51034
11980
61112
92332
63586
30247
38692
30625
36527
72884
67044
43152
94357
62576
9563
95903
1995
63811
7427
54170
85321
45043
1917
98236
18192
28621
18018
40897
68093
86726
31042
84892
60082
66914
46661
72091
49956
18442
96174
2671
61689
62559
22966
17303
88619
52452
51878
32821
17370
8875
65974
85347
76270
32021
58917
85902
65381
93783
59520
54624
39789
48091
32905
54230
74301
78457
79980
46547
33911
4118
30736
95930
17575
91218
52924
69428
46564
86155
98715
2934
73785
86620
82985
47981
9948
94457
77946
91014
67607
40904
88003
55306
47520
29016
11329
66463
79517
89589
73056
16382
6567
64001
48206
55491
48701
66735
99065
31435
84106
51881
16650
15415
69986
46970
48768
22971
38215
27926
12062
23583
66095
30296
2399
34626
87314
22850
51724
43098
58873
36989
60801
25333
94930
51855
78575
23439
24536
31636
67988
34218
79548
25897
26866
70669
91301
75806
65832
93104
57949
38553
17861
61552
83916
12707
71926
82520
88819
98626
97513
1687
16444
43562
59229
48342
50578
22005
79468
93951
67668
86409
90793
46395
16079
38752
37283
99622
24874
88975
14038
8518
95063
21789
73460
30806
9343
53534
42706
50997
41839
75394
54031
84279
62975
6543
80890
42427
53575
61580
78063
81708
46005
82814
39657
21032
42584
77214
165
75419
78784
25965
62124
6878
65125
65516
8197
28757
34386
52366
32780
17755
20046
2361
68911
78225
797
41261
64289
67722
74076
20843
4734
76161
77027
85313
56255
20995
12808
12721
59211
49592
76624
7413
72788
31969
65767
47786
35616
50132
69669
47838
67105
4880
33067
26165
18025
32963
73667
76223
27555
32336
8791
74266
73025
9798
81288
3091
96441
74385
64983
31312
79277
89993
14707
66199
21667
87163
41071
17309
46763
68448
60853
21843
6753
35912
41073
23350
34673
97232
31047
23956
64450
4614
26620
66180
55660
17425
99102
85944
65527
48354
56047
58997
48961
83717
10243
76865
4357
10379
17842
90194
12124
69231
92105
73974
57666
44736
32668
66635
80545
7996
58512
8670
71000
52553
67921
66646
51507
47600
70298
94195
46581
23752
41069
87248
57836
73455
98371
64328
11278
83577
37689
91103
41200
21109
19914
24821
43018
43788
8524
76626
64325
24616
87535
9491
60288
4874
39428
73910
58800
90928
31396
85217
45901
38597
30672
44218
87703
41365
86566
77450
92896
44386
9563
50960
14089
26147
48703
26865
63855
37945
59948
6266
92804
57241
43657
36420
91029
57530
42448
82074
33040
24607
70463
72969
47783
74734
52928
89504
13905
2099
46621
59464
48476
64267
41783
85853
53778
62961
92173
54866
97263
95736
13379
94211
6390
13699
97324
47293
54622
9076
68143
66666
8411
63983
58331
38450
30810
93272
80874
76419
55530
60756
8747
25940
59267
32293
51869
89944
15795
51132
71101
12404
11722
86129
85432
11865
51322
33372
94730
61994
85262
69812
91471
88179
82623
61537
97850
60921
66786
60656
98636
40812
95092
50446
57790
48367
57925
72328
40277
32800
16473
68666
42268
48673
57786
8256
39280
62789
32662
92996
39183
18561
37831
55882
59270
16381
10964
47087
73495
83980
83516
53555
58299
46934
77258
51086
83131
39241
55240
8774
72676
19121
77965
75662
99612
96514
17674
96709
30174
42224
13858
63900
42242
78444
61530
82171
46825
19488
45232
84562
56295
49907
59877
77717
44349
89147
79889
21924
74652
61753
49827
9744
43138
52639
64654
80450
20809
49130
70364
7174
89086
6931
48289
8155
94740
48686
93294
82738
56920
51244
14475
19059
60092
25028
37307
91154
36230
47977
75206
93154
88167
79415
69119
5848
77018
46587
49430
99784
10213
15778
6235
4429
5585
19066
97538
23046
57133
87756
38593
87730
37398
53741
76496
24962
2681
668
83208
10936
99530
33528
97556
87002
55110
92856
16301
74309
90802
10298
24048
1723
43715
59471
92836
78509
10426
16442
40615
1546
95154
3704
46007
29483
34433
54817
58022
69135
47557
65093
31739
4365
84238
35872
15180
53399
73190
29521
20073
17638
34098
58050
16728
63462
44044
71010
11626
2159
78056
30667
98376
62417
49182
99585
13499
46487
69934
73127
26754
39832
92161
28532
8841
60549
38933
16910
23083
44105
59518
75012
84220
66393
27831
70299
19086
44221
56466
39634
81420
15335
48231
92640
24069
19717
76240
40195
95558
93744
8985
7387
5336
36399
58399
59646
66915
55265
33837
53447
31186
66679
81945
99389
4685
50860
29786
15620
52333
595
1538
13296
48172
53704
61133
78305
44783
40195
58081
93748
9693
50868
70405
6643
26328
56213
98518
20723
20842
85738
42559
44230
51774
85656
90387
93840
96749
29823
53134
89971
28741
39734
59139
53376
93234
51627
1496
91690
67478
40073
7548
96266
8927
28664
1381
88603
19131
73755
4550
7010
29226
95127
58042
94540
4934
36930
74148
39193
53366
66595
24639
46066
11937
84326
55191
86772
83133
60279
21454
92146
31644
48997
17932
74431
69093
25679
61631
90025
38731
41516
86785
58364
60928
56328
91031
37601
35206
68376
70122
96704
16565
78329
78637
29347
76289
35207
93732
32763
21251
49028
7823
95774
71572
98265
88521
32238
67097
49937
25058
9530
28070
30709
8831
50707
20728
52592
57337
79746
48307
13891
98503
39789
42992
74338
88810
79697
22182
75861
89123
35324
17669
16258
29406
30234
38194
29594
1880
92688
40977
73231
29862
71960
73440
6644
92762
90443
58320
25677
14150
85962
85041
92585
46356
67722
17343
37447
58096
40921
73002
56854
19827
71353
65400
5818
339
6998
81394
13294
21475
9460
64492
70099
62687
82748
22679
40925
5702
14186
45405
34124
40961
94256
33841
49001
12970
85183
12184
41261
94967
88338
52668
15277
90789
64768
99527
26227
56580
56640
45311
34571
94580
60098
82718
42915
77357
6130
69091
99349
92450
6715
37029
6889
85480
92195
30536
15783
81303
51892
6375
34565
82379
33133
18663
48769
76524
5921
14444
41118
10750
35771
55758
10183
8343
41094
27180
17650
7101
49554
38119
57308
86797
92788
73189
8018
70089
53117
33001
87552
33817
72347
3063
75540
19787
14643
22768
19359
49828
64396
13256
90537
79919
38636
9036
42921
37828
46911
59268
26657
8080
3166
9558
33984
95366
34658
7436
32562
66894
52158
54317
67650
67510
81757
49136
40756
77520
65020
80127
19118
93744
56611
1577
5652
81559
7249
71951
84894
69910
33399
91274
54088
34292
76977
47901
31729
84299
40471
50166
28626
17865
71504
95724
21631
22159
34932
23778
89246
80153
93845
75993
94490
17823
30184
67944
63968
62418
91234
79807
7278
93780
89798
61989
33701
93977
86285
28461
13892
75857
89412
65396
4455
12195
17308
14037
25664
35595
84998
43720
54171
88000
90946
31740
80116
95940
10433
72978
34766
75745
40665
18734
41432
85770
42247
66268
56002
81888
10184
24780
14989
89649
26368
44821
5670
93854
18640
3381
45736
57963
7565
23476
88950
50174
11195
52179
89923
3584
76195
13111
49880
12183
74854
86646
55074
46668
66290
6470
20689
62045
1916
63526
13297
17397
74231
1602
73327
48663
48844
27019
18848
69752
99305
97559
42851
31755
35311
5938
759
72503
55476
88801
38589
90267
48141
34899
14371
75079
19916
21338
26742
32480
20051
57088
21066
5379
31857
23530
63864
49849
31900
28291
42130
98829
47626
50068
52877
98388
84490
16675
88701
13841
25497
12496
4742
47872
4171
75966
55071
56026
85741
68466
16896
24522
63776
85846
88405
89110
9777
224
97694
83253
96101
31666
58903
35538
66949
38816
80905
39961
46841
10668
31525
87823
86192
88524
30791
45514
91639
42683
64124
51996
12538
1802
98713
8498
55368
99811
97746
81014
54961
76016
49226
18756
88299
18817
26506
7845
12818
5286
99557
22419
62230
3250
84174
29217
62771
87095
90764
67376
90561
12994
12502
48532
76037
62775
14724
70057
91564
63319
25953
33717
45964
19461
42426
90824
36852
66617
82656
69673
34154
74729
33786
49231
5227
78573
75017
88208
20501
44204
95607
49802
1552
68410
29629
76454
30252
7890
78585
10786
64117
90554
64981
91038
19580
38346
92462
85953
93833
52950
77422
87924
74492
52747
88689
59646
47201
16634
82408
94032
69810
31598
68634
1597
91459
8341
55454
72973
86329
87287
95336
19519
40393
59510
18397
89992
9028
98131
73273
74203
15334
88800
84272
113
78872
98999
24106
5606
14847
91528
71803
26741
99381
5450
54653
1888
13900
14255
80597
56836
83491
55382
40208
80847
36842
75091
67684
4750
89109
32031
66213
31579
28634
13661
55677
61585
3569
9089
67242
16895
58059
1215
90154
30644
5673
81984
45766
99851
73158
73728
34220
39209
46628
70731
4597
26880
37739
70571
5921
53870
78553
62334
21698
62503
30908
13902
23083
73532
62303
45697
99253
86534
73665
66443
19727
21689
5928
51098
80921
88171
50716
47643
84684
55185
71993
24668
76010
26173
14769
91536
37908
34209
4107
22827
29335
55985
72682
48361
96739
31332
21592
43880
56767
48377
83832
44889
9334
14468
90157
26747
54293
26617
13660
94572
57418
92881
85669
59490
1403
43667
87992
40162
12
19315
41160
28718
97990
82563
5235
74013
11790
28653
5797
91206
95235
53934
86285
6304
98686
47896
52804
75380
38725
58288
43688
75482
85291
37698
85973
66763
40450
70909
87286
32123
64619
93792
91963
677
6679
64340
40727
51230
548
94693
31580
9152
6706
107
94329
83069
20556
77154
34800
12676
80712
56935
98484
90389
37777
74550
97139
76621
12172
35001
19586
89577
73521
82571
8224
37365
83580
62988
93312
47463
52633
4364
61540
82048
83254
36650
95786
56603
48126
90401
87220
713
64374
97074
21061
63713
80968
48900
24144
2308
94839
95619
86711
7568
13242
92860
7359
63511
41085
4699
22919
18364
89841
93654
38960
80860
58055
29169
90850
12446
80681
96109
46043
63258
79681
38483
4571
45125
7333
72217
69089
35415
24908
57324
36877
45282
65984
22248
82935
67824
53622
34729
33091
11663
60929
63696
94685
55015
84413
98852
22023
1678
41887
43992
48017
55534
58471
29429
22906
63728
48585
79092
15343
64626
34261
98665
83776
61872
20509
84656
12785
4156
53556
84430
82283
50252
74803
57341
98044
56380
14733
68080
90098
34936
28088
62864
38950
38113
31830
31327
63425
82162
35918
26805
37604
38241
55588
50566
17026
27810
68967
8456
13071
64958
23940
40366
50508
71255
89068
2899
82366
54735
55758
86467
64028
76528
48386
6263
69002
83370
21626
42229
11987
40727
28467
52149
16915
1155
48886
2505
91233
42147
56272
85259
15240
39853
14966
36390
46706
73204
34784
74152
96961
13372
87975
44151
96640
45454
86740
55652
55327
781
55925
48277
7306
55856
93675
80715
45295
72955
49260
47802
17681
14030
71082
15826
27268
98061
55615
89631
99433
49590
9966
38357
26899
86808
70005
4194
86173
87129
64345
62531
40124
7487
84863
79137
42277
19307
47898
27011
99642
15158
98023
49365
52975
9872
71693
95222
84052
83038
92788
81521
4380
45329
82473
16867
17521
27477
7887
24941
50523
24319
41689
13422
24252
58636
75729
23304
35849
65423
44362
94591
40524
74134
96037
89383
63538
86688
59797
5560
12301
53312
62272
95990
50355
63641
7694
47932
12340
60138
71046
46167
43478
17495
67200
72472
96094
33981
31839
94222
82370
62275
15466
8161
76361
73931
8364
14814
6511
53136
76392
26515
20169
95478
3606
23531
12922
20384
91758
77964
83377
14609
81482
69916
90729
5562
20498
59200
65085
29510
94409
58767
70975
76024
68361
53064
1669
1314
65252
94335
63990
7354
1519
52537
21177
84052
4019
85157
83155
90745
88104
61305
60409
82581
6341
96298
41742
69959
66102
39323
63109
34228
3323
88639
32185
639
45666
34134
77640
4532
77859
85922
28750
7968
89376
23452
66001
43258
50970
96955
44428
69949
60401
17401
97640
6123
57206
84258
61452
79248
27188
45054
70548
54623
52243
59945
50972
14037
74228
37003
36212
22856
15939
87477
20294
39855
78735
67416
20466
6901
93428
92021
11258
6875
505
18016
81686
67795
88556
85950
97966
77627
12929
92515
77746
47300
94087
35579
58187
54031
97422
42893
20806
13462
3859
46883
114
71536
19360
74180
92921
73616
18738
20327
30566
6038
58304
9746
82064
66285
48969
74898
60026
19347
70255
431
92532
8047
88044
25699
12040
56529
28738
51502
60141
81753
52095
71672
72468
23653
7417
76015
23571
77365
44252
73124
88303
6521
86050
3245
65209
55741
60879
70426
11753
54920
33883
63822
68569
63403
3469
11241
86743
84688
26586
22719
93270
67177
79118
84685
38836
83143
1680
41852
84979
35495
53152
42955
30194
70863
42240
24150
19743
54951
25279
35194
32869
90236
59767
38753
19667
97151
14790
41173
33631
87977
52970
64848
14333
32772
55140
84228
6132
85230
19704
15673
35866
76109
87572
95333
5718
19653
50020
50480
87995
935
67217
33776
49787
66319
60766
21916
71197
16481
8611
88565
63685
40042
4035
15112
3528
12152
11542
19047
82856
93343
95422
80146
81899
54008
72910
68786
26580
68776
77614
41581
12590
13292
90315
56861
90027
54157
66303
92589
89813
71424
3777
14229
16985
55257
82614
31419
13717
99904
36833
93058
20465
62615
17350
96686
15681
67024
64127
34837
103
82287
34948
62976
76564
96787
42132
16684
4699
68608
85876
95892
1847
79144
99629
12444
10552
34578
819
13474
98618
29078
99596
31981
31060
82744
82131
36541
11957
41310
67877
75286
48303
69607
75744
5235
99974
61125
66288
70149
83676
85752
99875
92883
24347
99714
49112
72704
290
84589
61694
80109
67717
9265
84362
34948
20777
37278
65049
44581
18193
97059
29300
13417
66881
45138
78567
40067
8771
56352
69610
20955
11406
17039
80587
27255
38574
82623
55851
55106
90691
95857
57960
69917
63755
73194
95773
34135
85930
95797
17402
41853
68544
10634
20090
15541
98100
5753
59395
65218
18815
69968
32106
50895
34449
49958
9941
74178
90556
59572
22436
57249
83018
31187
46467
95867
37452
23456
64300
67512
82868
68614
46484
80159
1562
54633
68495
69734
27422
96124
46636
74995
89436
10394
89153
90102
8296
53422
83134
90955
96889
66848
71208
35618
33976
96829
11404
32501
63995
16935
19205
75118
28356
44341
6981
70265
10338
99864
6172
72140
80619
64715
10286
63312
70929
78112
79342
59935
66315
89041
13202
7623
75252
14002
54530
5802
64852
93613
89313
10627
2831
67130
29520
15144
43019
78242
58684
70439
46263
33520
13232
35553
5766
91904
23082
20744
92194
97046
14203
96049
13541
70280
44005
8311
7795
53247
10656
82818
35179
87150
97642
1603
34855
19275
54001
7042
72703
58356
23755
87781
2499
99449
31030
51845
87966
75275
21580
82708
33185
70186
84562
47438
9494
73709
22551
16662
65968
51888
66817
34880
4783
38914
17811
96411
48702
33839
90838
79765
66305
83819
77551
77251
69336
71350
31418
81907
64552
33034
41807
84350
22275
94813
99695
9545
62696
87947
1583
93267
12668
36923
75220
94189
2469
27729
25293
55042
48942
94760
3144
16163
4412
97226
96346
69049
40155
1794
1791
46452
69924
35915
88443
55762
20373
21574
56193
88527
90802
41986
49761
95182
51519
14582
67534
15790
92217
28453
17487
75891
21117
72282
8188
75662
16283
99343
72957
73156
26799
72447
58071
85340
68826
8902
96774
75697
27134
25599
66232
29892
5139
87231
14407
6045
54353
60321
28945
56460
54022
38967
15438
85018
39305
78819
93534
60256
11629
97251
57153
38812
68763
10385
18630
85063
26011
93132
63041
88374
78594
31950
45802
41411
20302
35054
71467
43567
67232
64798
65445
28874
71087
80775
38609
10357
89902
27411
2135
62471
47640
54673
18917
80805
81510
44453
51966
54756
23083
22007
83509
9260
7555
19755
72602
9297
40927
63066
40395
80325
60892
1486
80429
68591
91538
40487
23084
8056
70743
80228
53883
511
99834
25303
39078
16211
90655
5689
75008
35229
94284
22057
59559
69749
27990
73990
6450
87571
27217
90584
38940
98579
21142
54383
99265
72377
8565
9387
74857
53619
80566
24383
89100
47014
84170
25186
45298
61756
52604
26445
27345
69229
56920
21183
92710
14208
64300
1160
68038
99062
38269
65968
71317
48409
71622
62411
85872
56013
80832
22396
90966
90657
24219
99832
64169
79498
63025
34548
32410
50002
24038
9272
26350
76484
72996
16389
69910
62947
14641
98996
32959
32571
94726
24076
86386
48397
18161
92179
14337
1408
30704
89668
98489
1189
97941
56244
96705
35499
70637
7582
12050
54492
82457
45620
98734
59530
20538
59747
23891
49407
75139
80813
51131
26588
32417
89652
67599
35604
71825
43908
5170
23262
72190
56936
20090
45334
34004
33228
47492
13609
71181
7671
15011
69362
7700
42566
65849
50623
99547
79245
73254
90033
23625
98603
71636
62647
69332
42024
35294
21579
56944
66950
64390
65261
90713
51121
12971
73777
12853
15545
26102
9161
31715
56326
81433
16186
61707
52537
50367
29464
41655
21477
1844
35192
21480
95680
51773
64672
83608
62746
52906
16507
87246
71684
31272
49096
64013
77282
51239
78863
95319
6769
17761
42222
24586
75830
9996
1624
12929
66345
25329
92486
67228
82722
44854
98671
24800
30249
60864
50481
45632
91429
53646
62316
37054
79746
66556
84788
55353
98806
50660
2740
78874
16916
42831
75401
14639
84197
84042
65959
89769
81640
76573
16765
25603
74092
42631
77391
86659
73801
13342
97382
30869
5515
26613
10840
93749
36020
92674
29744
90222
65613
887
32504
41350
95737
73613
35079
78062
58866
79393
47820
50576
61485
61624
91410
82917
68447
54591
75654
38694
67144
95658
38929
53841
41476
62806
16853
42930
79168
31730
29336
42640
83093
38049
60365
71452
36201
89262
41894
38414
91297
38341
72941
19713
38422
48452
26961
84181
5101
12412
8615
46293
68552
84839
69251
29184
40792
10592
72483
6748
85450
87793
99475
48496
74970
13874
38950
9360
6165
70678
95057
30030
49179
24800
38137
2971
66624
18736
35804
46718
5628
10793
47753
73919
63632
72097
22689
25297
521
3286
53584
55842
22312
66190
59281
23952
80325
97792
50415
4897
74119
33151
95261
10395
51297
33825
56085
27877
14592
51917
86904
74575
91595
5810
92899
63319
29927
32817
50923
15080
26334
4990
40855
29304
16842
19723
77557
83800
54087
36756
12733
19424
48688
37600
4849
51809
18733
58
27930
8164
49616
9784
57495
80012
38048
48869
95485
32500
63338
58265
23359
20742
12757
21800
18560
77369
82380
84912
72178
39779
60074
29915
43240
82394
40591
83416
657
46713
7264
50472
98850
46679
86336
6393
49915
37713
75766
79329
36419
70649
90247
69440
77342
19850
19214
36499
27912
68383
45443
15140
4799
6964
92275
78703
66116
6543
62975
43430
25995
77660
94819
91507
87069
84494
99413
56194
73608
86221
26709
38306
56687
8557
91922
75429
49449
79746
51431
29598
68950
83233
48895
41582
91451
45906
89961
1651
57295
16315
63816
69874
93631
9201
72011
61270
25900
13298
41923
24548
17903
3236
65287
13358
19588
25073
7675
49488
14794
95456
1582
71358
63457
88678
99438
36653
15607
10022
75646
68720
80475
19976
12568
44149
28006
56454
43179
51839
45038
75725
19085
68350
10545
96185
6612
75737
83507
27492
91889
9419
23098
38447
52276
7556
82441
20253
96123
97557
21187
13148
45981
40765
77836
89274
43242
20710
58184
46814
24945
52181
25446
49732
48152
11249
14741
75521
57252
24456
68660
94032
33818
28437
52621
91521
32766
44131
40412
33997
5255
65938
67681
33854
98918
87744
18652
3228
98795
68112
21115
94729
16240
10589
9633
10476
6934
92738
9046
23596
32235
24765
11875
39826
36393
4151
25975
66598
16227
84370
22448
62619
1691
72041
820
70212
37111
81674
4988
44871
96186
42683
71072
77175
24237
91374
67316
29923
80145
75993
31088
61670
31155
48195
43816
5745
59291
92849
30066
5733
79432
30654
56260
62227
97907
4822
51974
79075
42750
6448
27956
8400
41465
53152
42716
87786
49294
35962
92358
49975
35112
4696
2445
57872
32183
48385
30582
34177
35720
72250
96165
93710
47128
16528
24145
49066
2890
50358
25511
91855
97523
2363
14622
13338
94000
18474
74249
13201
67574
29935
55176
42732
41467
30420
22695
53318
61242
95130
43055
66086
34115
82080
29138
94306
25196
56619
23756
37373
98570
52445
99981
99751
22658
71507
25512
15750
63504
38738
63325
7021
27568
88675
91980
83701
10173
28193
22786
58361
48467
76468
17735
54582
93074
82406
69226
31825
33054
11770
87239
77102
37737
24919
34780
26025
38072
88727
70427
99861
84267
94546
15931
14463
9548
66348
54997
87428
11665
93932
27797
67699
72053
53036
50873
45938
91653
46155
57287
5488
73518
15270
24704
13725
36418
80576
67636
68270
89365
47568
18120
75227
12132
80101
66863
18533
5569
15050
77658
74327
44448
47838
91312
4843
71154
23474
43794
49968
95924
19601
3387
10904
43247
18558
8857
96436
21599
58444
49063
47817
90723
62196
68006
55483
91083
5493
38668
12537
98103
95661
56630
76827
42893
73722
51748
41101
14572
25021
72308
24772
12478
80582
23125
89156
52207
52138
95328
14406
63318
8228
85825
2931
61027
83059
68773
8010
86378
80857
3848
39581
39281
24735
69894
78629
68473
93535
7782
78164
9483
51156
76580
71479
97417
77026
44114
29787
2428
66204
82572
63618
58867
12799
27749
65315
62297
27331
23766
76692
37291
37458
89793
9564
92247
58505
59357
47660
60301
66716
53077
73971
51294
9113
83398
88984
39373
80976
22996
78332
98115
52230
5575
17484
35535
34856
82889
68262
37043
57913
71747
22656
34791
59943
99877
11882
63894
10067
23828
51257
97507
62978
24559
39419
16497
82518
20049
29021
87053
4643
25893
64317
84008
21540
68949
90400
75421
33166
79606
52814
1513
61439
57872
71311
32270
8269
59052
44733
63744
38813
6529
23484
16241
87819
37037
86294
42706
21681
49157
72021
7543
52761
82046
18543
38811
26473
24525
71191
67914
30783
44055
59040
95392
36396
46947
44961
97784
82864
7052
63428
74308
53096
10106
50866
96361
14123
29163
68453
20263
49041
20989
90631
35979
63395
88230
21113
37574
21692
53792
78222
10675
85263
83655
8042
93603
35372
20883
39488
29634
23960
10579
39705
80883
97868
14455
68643
95861
85195
38902
87216
30028
74718
66702
83948
16599
58849
86790
74185
5686
7571
80439
53908
63618
29401
16481
68094
30970
62346
11099
80406
6899
2124
37235
97716
86351
96075
79090
78486
5029
81368
50605
58573
90474
92825
5083
91802
36892
23582
47607
3705
65361
68715
49324
86635
4997
57285
84525
30803
51678
90271
9806
91794
83650
88026
60017
67949
44930
72976
99223
2210
86280
93756
40057
95088
14168
15803
35341
74270
63448
4349
96342
40777
10451
45297
7462
46268
57804
1072
18449
27999
19388
62074
35104
33062
54882
53301
53022
37760
21052
28788
9431
63326
99063
54620
497
6701
15421
62768
21289
88797
23337
3976
39618
53364
57173
57466
63742
74482
19540
44004
22370
21481
84520
50841
64256
14221
33859
66749
36540
73013
48868
92880
7923
97198
72439
12135
55182
50105
96380
81664
581
67452
35614
87416
35691
58421
47474
83477
71940
98567
17484
4873
25455
89887
84334
37854
7025
11438
15419
25029
20888
79200
90016
10799
73809
31929
42283
35725
45600
58778
37869
56056
27749
28037
57112
29686
8981
17570
15682
87867
38196
50669
65419
25229
30970
54531
39695
76282
96688
28880
97338
6193
52980
11232
17768
53822
63171
68487
12849
62731
68840
30378
47217
72706
21999
5637
26721
71525
75855
60203
71088
12917
93372
4555
54415
45786
69913
59251
84199
85925
99173
69879
91696
7236
41606
69113
28397
28044
92132
87064
86642
46111
12333
35834
65267
91581
64924
23877
93334
28125
80583
44587
81121
84096
57185
43277
24566
33610
85511
71620
11935
96139
19232
4826
57222
48328
79808
65494
17070
61082
16689
81762
29360
19660
41257
28570
55265
64151
40257
34821
39264
49738
68909
78570
87051
89019
25951
96523
8674
66775
8000
69139
38167
47079
17234
20483
69783
72350
56614
48211
9477
92366
61860
76204
65920
3625
39046
94034
22483
36827
64195
74142
91342
40811
13528
1049
9193
84344
78145
78988
31175
23868
38078
8865
56421
44455
82673
34213
46236
28889
51192
6376
40639
19738
30992
13044
88641
43932
94229
62231
43489
45343
57064
97011
90360
79708
16275
16413
87045
76063
85314
45358
47304
45208
63229
60242
30555
99629
97212
53954
72069
44755
49440
62077
55270
11523
78934
70983
83403
24373
4173
34232
62779
79267
30102
8802
58184
22516
27418
30710
62635
38867
42764
4578
60326
77269
64634
97913
74414
17002
94246
922
10091
91007
81835
7685
37045
15167
86254
78144
41252
56820
73586
41130
46814
59473
57447
47944
68717
4055
69809
68987
2971
33339
1026
24686
63058
23350
24027
76562
16159
20783
19078
79012
31079
83813
96182
46439
10481
94101
69243
75289
71153
48543
29888
5505
79807
46084
64235
69145
27658
41770
59094
86718
74015
19012
27081
11277
28034
87505
75065
76275
91809
71647
2344
3565
54754
11496
33504
15743
84309
20167
17103
60640
20775
48009
76023
51374
21132
21199
23672
11191
29555
98417
23891
64823
94528
95319
98244
29257
27780
17320
18016
20598
85403
50861
5870
53488
29876
27373
4810
50319
80251
20624
6233
16108
32910
29189
69845
15033
85207
95610
13130
8410
19875
57408
9013
99508
59200
67396
14711
61940
16736
2428
64055
53405
51659
89127
55087
86876
36894
2105
28742
2244
59343
79190
74788
79590
81583
82100
13814
64388
89906
75287
78246
49115
71666
40195
77027
27878
26013
12253
6950
1698
50401
81457
24703
57973
61972
49604
40498
40833
14833
12929
7742
37971
71040
11801
75512
916
62369
38549
53970
58762
54353
61208
21983
40454
59053
5476
86701
8078
57212
78119
60243
37778
48370
67774
70088
28094
78706
18555
19214
10498
21379
17559
40726
10727
60549
99912
90873
73920
35356
84188
2871
43243
49189
66494
83088
9114
42659
85173
17598
71370
37587
52088
57175
34383
38757
4138
70429
52520
47397
9683
31485
77308
25721
48560
23499
22454
30531
60695
25109
46318
47441
67892
84087
36254
72372
13548
57769
42307
2736
95372
79328
47605
78314
55610
68523
83173
23984
25129
17731
54933
4334
41806
87703
89628
7764
45860
21765
11240
53038
15043
98457
16838
62743
63561
16792
18826
39765
92427
27820
81074
65299
49778
19529
26752
23978
63986
26185
94978
40085
57558
97777
69505
7755
63583
907
26425
76955
8424
38891
12565
25551
97378
50649
61938
60096
21287
58544
8743
56236
70894
56600
26949
54593
89473
15716
6878
87448
39915
95474
9707
3512
57693
17145
2629
19407
63011
84261
39948
911
65452
18953
16053
69795
10784
45984
56887
48531
72503
54454
76088
25810
69234
88429
40414
6900
49935
67017
38847
95582
85600
47638
17972
50321
90094
87427
4509
30826
68910
37419
73024
8180
84959
14152
70404
76803
53818
61501
84037
34897
23157
2196
99296
52095
47153
98930
36956
56340
73994
42710
60055
32956
10631
59214
34203
47567
36809
52372
53441
14467
48541
41577
6288
50935
88537
69878
88881
97433
67825
75512
29073
10489
17099
90204
8268
15921
2626
41965
48119
23752
76786
1245
43373
19811
13790
73279
71022
31647
76297
54762
57218
38141
91114
36191
81829
17874
54926
22407
36810
22351
61051
86799
60697
9972
91754
62878
84815
78114
27792
86989
7322
11416
42604
65709
84712
73447
59471
87475
12770
57085
76195
51795
93497
64444
68702
10045
78710
33441
95922
81980
51552
15725
38798
15981
81868
88355
26098
30698
45319
21541
61954
39153
14069
92578
61625
44551
86601
88493
88373
5925
93842
82040
52253
63273
62471
28846
70494
43881
78916
62764
60902
27376
18730
37391
96935
61553
6469
8546
30710
74897
88301
84892
40209
44078
35772
75305
12837
99805
24671
33430
24292
89038
34246
55947
58856
70590
84908
76188
97005
70268
67205
47040
85438
76186
46141
19048
59627
14024
74318
22529
71501
25788
42517
98386
67564
75809
76597
13896
75945
68209
80993
69156
57945
12217
51472
37543
73277
53036
77519
65230
22730
60084
70035
61979
36515
25663
53799
26968
53667
139
81623
20899
26727
57585
66740
11041
76007
72058
26846
85242
35836
59464
96887
69055
1369
52459
93068
45788
14262
40960
23550
79995
52272
16064
43402
75020
22517
80666
82034
37615
49715
40739
85301
77006
97180
92180
10347
85821
72689
77148
98073
35792
52704
24754
71368
26373
81176
35709
62459
33734
40825
95280
74690
87797
46355
95914
37103
50674
47857
802
29201
90592
22314
80056
68537
9796
56700
67518
42774
81079
43516
84095
94958
33939
44620
48976
24870
54994
16493
56965
86416
77978
81819
96561
56268
99555
13788
27775
71868
3764
33380
24749
66167
28168
40783
88486
37741
28248
7111
67979
57334
94203
7446
70719
81544
93479
94851
36303
5702
72783
1559
74180
78289
82030
715
4149
93470
38909
36101
66137
92316
97006
36238
98927
80102
35227
84241
87014
71968
16635
34838
33955
30498
97268
67899
90135
50754
81870
31751
35626
89521
66624
17584
17721
97853
81998
46369
53976
48172
87419
25185
66607
23206
40273
77092
58428
90757
83556
54598
91392
24139
70109
32210
21679
92755
89191
21367
61141
22290
12821
47406
74377
42677
8680
45821
37065
17299
51304
28281
18269
64990
86925
83747
31594
26728
80932
44151
85365
1943
74106
11489
11919
64872
52744
98646
46019
16786
52287
12934
2058
96486
60710
44967
76664
80955
32043
5580
15027
18057
57108
15635
47673
39089
75885
64254
17347
5088
53444
83474
91542
62399
74561
2014
69564
47178
39383
77161
53895
79770
20345
71089
98421
46756
29698
14906
4644
95941
36601
59042
57739
84058
64709
46052
17837
858
50364
89895
72034
14643
91947
72123
30547
89793
16772
97300
24739
9417
44624
94704
90709
5358
47163
25174
20175
5220
43886
68684
56836
68491
63549
47816
52889
46803
75601
19760
26907
21427
38260
47939
53788
54929
96925
49044
80535
99069
78208
17430
35833
29413
3440
22953
95547
71190
1058
61424
9748
9374
38270
70889
51646
10918
27456
40316
66749
2263
15795
99271
38774
11319
45629
66943
88944
45393
31846
20652
96811
21457
21169
69324
60037
4796
523
38389
31066
10253
82181
53332
78963
9558
60138
99806
31209
41859
83881
53455
59996
55128
38283
488
49839
15653
75934
55834
75667
58335
86759
553
37546
13905
56502
99008
8458
98141
34585
49513
36645
80355
65272
19010
9082
79138
56872
73410
94473
88969
66087
85206
2053
72606
78993
89153
84192
24865
14352
9146
12175
40029
18522
94689
15145
40514
19270
67169
22728
51195
34142
22065
24868
9592
13630
50971
4087
23796
63010
24355
2534
9812
7958
35706
38406
86093
51841
2516
57437
89116
77698
39511
24444
50684
25075
56803
13358
77816
9942
29703
36047
74824
91409
3829
74571
12295
97032
15167
31744
97075
77197
2978
5575
18741
24574
86742
31530
94007
18550
72536
36546
86484
55456
78816
33322
4383
12626
65669
24667
11129
41848
8338
88455
4316
79905
11880
13938
50704
9730
54289
1130
10660
81953
74046
82986
67917
67186
6057
79128
6315
32610
16454
62314
41093
6074
34506
64170
12218
30602
23414
26379
7466
88750
22495
8821
9708
92361
36118
44324
38775
7592
15059
48592
73405
10639
18261
93856
54039
88964
57629
47831
52068
82277
79241
78042
11982
31310
7174
67386
77559
80764
69872
70846
57879
58311
25169
52243
33807
67679
16311
15638
68346
40531
4582
64889
50256
68738
18572
1229
93942
29919
95852
52545
33237
50521
32009
28777
68110
78210
28477
17965
11898
67926
33892
2309
55716
65206
59653
82538
39681
90049
15369
11065
12908
16169
32299
90428
74187
4832
80260
24801
65619
34712
98805
22676
329
33192
96436
13553
71746
82604
4749
27650
9489
28182
9070
43658
72884
57120
5120
87349
42300
46200
82538
25783
72150
43037
85672
9544
41419
2746
31824
4309
83423
53053
87459
97925
65220
75617
61174
22714
4787
94163
53383
78406
35308
99588
96953
92380
15386
37632
97834
5759
1070
54582
61581
94371
2456
15036
69493
41831
48570
72582
3662
35404
20759
64734
7635
69965
92838
91102
99937
46177
35742
75456
88235
12060
97626
59067
39804
25264
6726
18808
40222
54630
58188
66449
11602
13845
9663
49192
91798
72077
73225
1558
90259
7306
79316
4812
29219
61900
68609
17667
8873
29637
32617
82461
87750
8519
199
75218
803
41988
20477
20346
76834
41818
58685
72792
9315
43031
56539
83288
38945
97913
14511
23764
23535
410
56407
96451
65793
44042
42959
11039
4065
93465
8952
70441
57940
80788
88648
33505
58797
91219
82818
1407
36318
80152
10312
58359
65773
59033
54420
42731
85654
73356
58117
12797
61469
92082
29387
43656
96251
76235
44745
56118
65166
49343
6153
64498
68819
7834
75723
6297
96502
39160
4631
87852
15762
85397
51160
64797
40009
35200
39175
37224
43359
73919
86624
32340
72085
93065
75315
11364
93935
81348
78305
32257
93262
38890
81542
87847
20108
49722
44492
12417
41711
32417
9461
53405
76643
64148
51420
10510
67014
14658
67560
74905
29912
82784
9898
96662
99600
72838
11943
79252
45466
88198
75683
46549
68109
35192
32563
28762
27808
18873
18058
72400
6326
56082
4694
49099
93008
5111
3663
98255
45669
75085
43242
45384
63243
61293
88631
9927
43530
17896
74652
18688
52384
82321
92821
98957
54361
69739
38181
2805
50334
99545
53554
86228
95957
22883
77959
27335
89179
20836
97804
80927
96667
95567
47995
37587
27801
14302
75719
93629
67328
35779
5598
71511
38434
74233
72131
56636
80117
98929
56529
53395
19617
79379
46222
56304
13112
44201
10014
68361
5145
35595
37195
51217
62320
38294
25245
32990
55603
96837
45044
35528
56149
34203
94151
26994
11821
33340
56835
63299
39086
71372
78352
66623
88148
26706
94507
11215
31783
29188
57539
36627
2606
93186
96340
99592
22814
37913
70922
8326
88838
65042
17478
29263
15852
76180
60902
4730
10189
16550
41233
28803
34963
69700
65073
89427
85331
14266
27695
92410
54607
19090
29048
30177
19162
78946
15297
75674
38457
55545
29268
37898
79509
69346
13213
73051
18152
92840
32828
9611
19482
63495
88044
7457
43282
1757
16329
30293
50273
44742
36805
67534
78588
39210
60924
11510
69252
80263
70522
32119
88452
28124
87351
48873
35500
70101
17030
75866
93010
14267
35489
12134
35341
55958
18972
19
164
40028
62496
41007
89606
36484
44329
94034
29551
44277
50625
3584
45998
69179
92143
1024
62379
54095
94374
76180
84053
79215
33056
81891
4175
90321
7282
99467
12613
44312
35251
65425
30120
84483
17447
24738
84820
71546
38119
4732
56890
34373
56590
64260
90769
96142
41909
89627
61546
86893
68822
6900
46942
35616
3633
47489
98471
72501
86806
13034
67673
23507
66647
87561
42964
70448
28601
79215
85300
48928
29497
91442
85276
33423
41115
59467
13371
31283
53658
55836
61899
40922
13353
66363
8433
17510
71348
76002
23009
67900
18133
73055
66171
17789
55316
95541
41550
20663
45759
95721
3843
74716
58060
92060
14267
19826
17399
49068
33369
15141
93726
67532
32821
41121
36959
55916
24975
46276
27067
55392
74683
81698
44160
89657
85087
4721
45674
50909
8276
32117
53602
71759
15016
24117
18504
77763
39672
70018
63060
79281
67911
51342
34
83460
13086
88578
71953
29546
97052
57997
2322
98693
60672
55286
8103
26517
22645
35771
74627
35982
3894
87820
6084
66752
30615
93488
17264
25251
55325
30389
75233
67340
98752
10996
58497
71655
2118
80739
97030
47459
66255
54775
57874
95904
66632
70243
93286
40041
60852
77467
97556
68652
36639
9638
91436
67125
76833
78814
66060
91506
49196
57345
38432
55381
20773
41271
64270
71793
45143
80328
11785
94548
26192
53363
85182
51553
17653
75270
45619
51272
28085
17789
78806
8858
14756
61150
71654
32243
98602
78700
56004
7888
5191
37529
86946
56571
71901
45345
29225
46401
77403
25539
26586
59813
57480
3022
62508
54099
47271
68569
83713
70539
26152
76134
9318
85704
81457
72821
84063
34447
5573
89541
34829
89229
58737
82454
90915
62787
58246
94605
68632
52673
31406
6400
61225
43702
58459
32288
29603
13453
45068
72555
95365
41469
92977
75891
6734
27286
97366
96880
21557
14668
39220
91149
56432
49839
54719
39693
59912
35074
14530
24997
38443
90375
41672
75364
82434
67883
27877
90090
895
82241
77369
18833
2108
18033
7277
10071
71884
9155
11560
76084
76522
33752
41016
88803
16126
24552
39614
47314
93316
96281
20041
78347
33558
31185
49837
58411
30043
26017
80626
62731
93009
1103
8065
94232
97650
32236
60029
58687
7634
57718
21484
78264
37840
2184
63962
33048
70902
15669
65090
7742
20889
15931
4912
42270
40923
45682
54159
65245
21100
32127
56394
64163
14486
91290
18073
81615
95199
94077
64374
48729
52307
40418
67584
29211
19257
48648
38970
63259
19988
68598
19224
87721
83652
54205
3746
88421
6142
61744
36699
5301
41451
40412
57533
5095
53718
46515
28733
7182
57128
40541
7085
59385
72183
30554
19178
10130
36455
51905
8077
2515
54240
87734
62226
26581
62551
58040
91603
27837
66855
44273
6798
54863
97196
78818
78096
93666
68886
57323
83202
16365
8199
4752
57056
82965
33643
11521
7151
58945
98163
25104
3676
88138
42663
21694
810
37523
73827
15065
3205
42105
6783
62362
83476
13834
52134
41853
70053
14359
32236
39292
80976
74383
28353
80362
39375
28161
69551
5844
68812
6997
51794
28579
96981
43232
48479
8276
92849
55345
87027
73675
71114
63792
54501
49215
80260
29837
59837
28094
97551
12859
81675
25603
25307
99968
27957
54648
32989
64243
8585
676
30937
21936
79760
35058
16870
93561
54229
92346
56959
74929
42655
1973
92339
97110
93348
26761
11915
55493
30115
13763
81179
17531
89893
4268
45634
60859
49464
8663
51226
85303
47241
63868
53628
11791
82451
16622
74194
26571
78582
49169
59775
46775
97514
84361
71374
24543
99933
69657
70065
46154
44644
12112
32620
39548
43851
79978
91333
18641
50307
63973
95873
5910
83040
70355
20692
1370
86165
8816
90865
88700
6535
57355
71571
26212
19121
17212
51645
39863
20261
25416
79500
67630
69772
58206
55884
22232
26979
14639
24416
88711
40956
50795
52637
33888
81323
98184
28441
47013
52001
31327
57500
59856
47448
88874
31274
36655
27969
55306
84563
43566
8423
46606
52623
91192
93052
76995
52926
76432
15925
59799
65291
96747
32283
72168
87193
3002
41657
99332
88130
22032
52728
16325
20427
56502
79915
99725
8624
9679
30898
13026
25074
14713
93866
14404
5828
41479
98781
86471
55269
90633
51278
68826
57421
85720
93492
41691
75041
17353
45795
81406
13666
24951
53081
62919
90947
51835
69635
71655
11631
91843
48541
12593
11246
39850
50925
30572
53122
36228
35691
65905
58619
80596
3065
10406
61965
36585
381
55701
1920
2261
46239
5579
63884
23049
30749
44427
41681
24725
21292
59289
67911
34636
84706
3960
18203
9182
81574
11616
67691
76462
81652
23074
662
92152
45231
25539
74039
172
40750
99063
88094
70197
26166
24212
10730
2658
30688
14246
8345
90160
81574
87808
78298
15272
19000
10072
89806
27619
47551
48720
59080
73429
18144
82234
74592
93201
62862
37467
18602
8755
17229
66173
39157
17855
86293
87924
78253
94057
81412
79753
87968
82451
35394
78237
75769
61367
25016
33038
40044
98589
16547
11052
84979
1911
18214
71383
96616
88876
90531
11178
51602
84024
87018
89104
89016
33087
86179
41851
83236
67193
95452
66640
52032
87314
57647
28243
89773
97906
24432
83788
83841
88079
16477
94959
31194
78265
73960
51575
98123
44497
95328
53742
50580
43336
4210
39225
24123
56116
61788
34996
59244
24612
89729
78000
86452
658
80105
59582
34282
29706
21165
71460
59433
84803
80266
6971
97209
87890
97558
61634
41571
8927
4912
39651
668
57429
86270
60811
55627
77458
97738
78301
29480
632
65640
20468
77115
65527
10065
41478
41750
71933
30836
1275
6251
16662
81640
41682
88343
78619
22419
15355
34813
3806
5679
82742
87114
2815
77860
44717
48380
68064
93011
20668
53096
95739
99008
8434
302
43982
84662
98706
1610
985
95956
58171
93959
99091
40966
36927
871
96088
75818
11655
85892
76880
59380
68746
48949
55209
65068
56501
70625
99002
54906
76588
35517
59518
1629
40855
80455
26191
86040
34791
36895
45133
71837
51200
4900
65348
96921
65220
15767
4008
1449
70832
56994
66401
48201
29158
53810
96881
77214
92449
9652
6660
93742
63093
69105
48986
58537
89835
60535
46416
20252
48548
70845
31669
9421
94805
98798
55275
19089
13273
72619
13229
93504
1689
88467
55566
47189
14545
8491
31293
47826
40315
12299
67386
63797
90176
18014
31912
19276
66907
81152
58584
5066
90390
82247
94548
46695
86046
28523
14819
46677
43346
69952
50693
65052
3760
14682
62846
91910
83905
48048
20271
61472
67247
918
14762
35765
19729
65318
59019
16293
22681
38005
56550
50784
16120
72883
92052
88403
90660
17111
81942
15242
19428
55107
26070
57247
13550
9145
41405
95181
88842
46549
59732
67929
35321
78789
55943
67049
47880
76922
45251
29049
76077
37291
85572
88603
44598
25268
7527
48847
37331
24773
43774
35315
62830
33131
77637
15602
66413
75700
7960
822
48913
97801
10144
29134
24013
9735
27792
76788
75513
69189
94171
51419
79352
45105
61601
7441
93171
17759
52779
43352
78617
23784
68508
91081
10890
75751
23991
34271
28731
88193
96905
6925
81220
14913
68825
24842
94296
24555
56371
79829
71728
33113
52717
93856
70667
98679
36010
33759
48856
89741
61253
93793
15360
55339
70113
89658
28655
59437
34476
7959
44697
80396
65979
29496
43709
45708
42545
16407
83587
59294
98787
23511
27951
28773
26530
6778
54028
90204
34266
58351
39229
39438
31228
92564
39722
92526
93871
38961
53473
40739
40984
59835
56957
40720
20154
3444
56894
11340
31737
56989
39111
27790
92224
47988
39384
54181
87570
70165
47615
84477
5440
37254
45243
59484
79056
78667
72369
75831
96315
48847
78748
41505
12752
88773
94450
86159
8488
829
94194
51890
81582
90861
84331
70134
85077
42969
43086
29983
57387
2488
45571
78313
67082
67250
37775
36949
4396
71185
8656
12850
17040
35320
55820
51306
45846
59350
93868
49721
57156
52664
50647
61011
48905
43943
86582
26394
58616
13796
2641
13293
49102
48414
60128
77848
73226
4131
31837
49192
53748
64893
82215
41940
75451
37467
97256
14912
85217
6605
21666
91259
80132
4458
12034
85331
99044
84867
45997
69208
45800
85147
44761
6110
5552
51281
50146
77679
48405
44433
39541
44425
78473
95328
11888
57003
7609
16394
64692
4854
6323
99405
72949
42631
24456
3078
80335
92913
74899
3469
5494
65749
95555
7376
71091
46600
57584
18888
6245
12313
88340
84656
10831
54489
470
18529
31179
22401
21885
56603
13944
71514
29167
30717
54659
47034
11390
60053
17338
27051
61083
89294
16214
37132
28999
42168
15430
89600
90736
98
8121
50602
74101
1044
71428
86715
64705
53560
67410
7649
52037
83624
19011
49236
19999
12421
32197
96856
54581
27764
47004
92954
91976
19919
95195
50145
81035
34611
13146
23939
95892
4176
27697
38320
63011
90748
90911
45036
24840
32429
55466
42056
6358
82279
64550
75324
1770
52441
52231
89333
92617
1764
62024
72935
28733
13214
61702
45970
12560
54047
96203
73199
95691
41424
63785
37997
88457
51549
87107
94766
48536
67707
57949
62015
53800
45693
5885
88041
76691
67569
53904
93299
68530
79579
72042
17791
42844
75612
21814
51991
21950
33583
98829
71578
85067
55511
16645
81614
37474
65294
41657
47232
73127
86105
20417
86350
73744
7051
23138
43469
95333
42266
73360
37244
40070
75366
14939
8915
51030
78472
37586
6272
96376
64994
17073
25010
92258
57370
60737
26012
97055
34570
8183
18146
27787
71460
78739
56634
71343
21807
44150
226
65039
65635
93878
97805
6442
42865
25038
1457
21761
81675
70927
21166
37000
73976
51662
50743
14647
99118
53199
78836
63245
72930
65378
185
63357
41857
43847
62987
7808
81717
39029
5068
72789
73634
53215
71345
54514
91582
6087
93119
88577
55084
38461
5628
72367
81226
43177
12663
34935
99869
62377
234
16747
84305
88875
18314
36459
54006
63125
40109
74613
42419
99728
38530
78182
87984
24786
28455
48937
53180
54623
7709
74278
91628
57483
95969
5696
79085
4553
93798
38831
70787
85233
99529
394
55648
83672
1094
72288
72906
25895
24431
53112
50240
77266
52856
96526
12741
69817
48066
36381
11028
30836
71519
77382
92329
67439
45659
71664
90444
33282
58118
41763
76114
81927
35571
36473
74181
31932
69574
92824
61306
45478
69843
43775
18969
60662
85357
99334
552
42671
983
91272
4758
36892
74248
65568
34085
33837
95632
68530
95800
88084
9654
61118
68602
6779
30644
66813
41465
75050
84132
5695
27131
76729
47369
29385
99150
40601
22783
67191
89578
28100
35051
83366
99603
32780
28838
79316
92368
9206
72693
98032
33330
40291
6961
55584
267
57244
31128
20667
82407
62756
97675
99380
43888
52036
40149
28653
56799
20398
41750
36296
80989
86944
33236
68861
3002
71741
67780
63165
55415
98127
20583
70331
33118
48823
53138
42217
53032
69056
32791
7769
34925
16988
75958
73531
3991
58775
55735
92035
31923
39783
39854
27364
4441
31980
78755
58852
56149
55405
67302
38161
27910
10234
64743
1568
9131
7634
99685
30266
93749
82621
16681
84495
69542
56337
92707
91014
6121
97971
70270
5591
75055
73672
78812
23481
79327
69269
28217
19538
64705
67193
86504
12010
93641
50144
53606
54213
22383
44993
20333
65966
57190
96679
51199
45329
38458
69873
44635
68418
77305
99325
56394
62976
53674
96026
95128
92440
88962
31436
54554
5775
36702
45777
86774
89345
20839
47798
64203
76621
73250
20972
39323
35895
45608
87769
21640
64678
1783
91419
94958
14817
32863
41077
20201
17592
54492
38313
35870
35813
88934
59990
55271
72928
52264
4657
66245
18486
77698
62991
35221
44135
42457
75118
11251
62222
73666
90322
53831
38312
50076
76284
12098
52444
5180
7176
33978
69936
49588
65872
15036
46448
85203
33210
9668
14646
80953
62697
45606
40241
60181
52064
31317
66891
22966
65775
93230
35915
57806
18237
61407
45008
16058
46178
70687
54910
2793
42596
21655
21169
68819
14418
11522
34149
86351
76713
44114
11098
18947
50038
10837
24772
4771
34058
91614
15045
41045
15087
58212
92357
30387
46489
76849
11048
97470
29732
45860
60648
82874
91128
37239
43685
61628
6758
11071
76979
40166
41940
80437
24669
68962
31128
34952
69461
37324
54638
77022
47293
94440
10174
80803
74835
74749
55979
53068
88321
26199
28977
4479
80143
34972
74326
47350
80008
11943
91476
3475
12493
61916
55986
47813
25478
26768
74778
41005
25860
86015
67417
6938
1988
73332
27728
45449
15269
10230
20517
32956
42877
3778
62680
16514
35940
47676
18535
23628
42869
21604
11581
39481
99025
16756
18354
56686
39383
55693
67856
43845
61271
66996
88064
50470
38503
51403
92136
964
84744
4520
49539
14624
62163
23604
34577
56646
22887
39429
60051
30665
4030
44149
77609
18648
2789
88640
40338
24790
96518
10904
72392
20077
13355
96954
21158
7175
51711
1908
86514
47016
25489
7699
67883
28878
34731
49323
58750
80127
20657
17840
14907
35779
54869
97565
97644
10034
11739
88763
17295
80931
2845
59792
2989
15064
3290
47692
65700
69094
41298
13023
96672
87356
52939
4321
9895
13706
62398
82824
37026
58665
29957
19993
14831
86503
90824
68741
85181
31989
39375
59114
74318
46559
80475
32900
41759
89667
85692
14251
30869
18142
16591
12949
86357
91120
44334
58412
63863
56911
90679
50509
96914
16584
29485
44556
12184
41765
67230
5548
95222
78742
64462
689
60880
13220
15457
19439
25389
25516
73279
66525
61633
35280
92080
90549
52174
74120
48812
48534
66202
16448
33053
96562
60302
29927
91236
46616
91228
1129
98750
67524
71744
40762
26374
35941
12537
77462
91367
38732
70298
2620
18804
33305
81990
74846
3216
3749
28715
38117
50641
65856
5684
90432
27448
75909
46073
51367
69380
12924
97631
36172
61030
72876
36616
94120
78529
5964
50739
74488
88929
67514
12
59198
2429
38507
98532
53305
15240
45789
68784
91037
27611
59857
32378
12103
7982
88428
36794
26390
44754
21009
24639
11432
10701
53706
72810
36955
82286
75656
85002
35361
10418
17745
27947
20966
31361
10868
19785
15023
29029
12810
35636
96730
29966
20955
93452
69001
87691
52720
42308
39085
79170
56116
38058
51939
12161
96473
22746
34023
9716
80963
7637
24456
25132
83635
30948
42056
8350
68280
92548
46337
43160
51374
10392
78771
23172
71906
27297
71427
73149
34784
69224
42588
6859
36639
6351
14372
48815
63329
97183
27572
28707
26321
73108
15442
73410
47257
16748
8485
40092
69849
46365
72604
66782
45573
42491
75570
4427
62436
73582
59348
6339
42839
89469
42596
56843
3071
84180
94136
5530
2157
4188
78108
72710
35627
54673
24731
564
13270
89768
92688
80317
81507
34778
1823
97268
72798
50443
8427
74445
22510
81283
46441
38773
68112
34253
40211
36030
39844
79661
97210
90941
54874
45515
24614
58827
27327
86464
44796
93850
2860
79392
65887
91748
82328
17900
49071
97341
11221
94673
92436
20497
49304
4649
36514
42573
13743
60347
14324
94365
48449
81055
38197
34641
72076
17626
9890
53490
10117
36993
68244
7683
89745
62548
54633
37295
81798
33774
23252
24428
99130
3030
8004
23052
46347
9600
87720
13275
80314
54838
92266
11892
32007
58752
55494
94852
7754
69208
87985
644
57593
15193
45456
14050
66273
73032
80894
10403
11846
89516
22011
53101
66389
82263
1857
64368
395
3756
33770
50066
3724
83738
16044
99439
61452
1553
15400
3181
5076
80733
89989
59120
84183
24447
44643
4951
23578
48852
31550
64006
14748
91600
48966
13610
90262
13624
98791
28141
17649
46475
71152
44148
75642
48413
63760
37837
7446
12788
99786
38440
21567
61473
58170
47995
92053
2869
95655
82838
27793
62463
64882
49060
88390
49710
93519
35265
1302
47664
30173
3847
87742
89741
30057
80532
79701
85287
5862
85493
58618
74169
67382
16766
13682
67943
87734
77577
26590
47061
36861
57410
72499
1519
99011
62183
56171
47755
92618
64447
51094
1347
3827
73813
18056
31109
83386
58712
8760
53274
44128
39477
48461
77727
67736
57980
27979
16574
51186
65680
83814
47267
76896
50835
75168
93813
12462
16884
77883
48324
30378
9603
86584
14661
76486
37612
58555
20353
61104
3840
43267
42891
16835
66067
74797
58067
76882
66786
95141
28845
41586
28972
5999
45437
48039
21703
99650
54365
23667
58457
70020
71794
13420
17656
60118
46778
42670
81241
58310
80728
81397
431
51076
74183
52002
45710
70191
54944
32790
51645
49792
60775
11865
5588
60667
66486
79627
64970
1037
49815
16879
9976
19425
10284
59446
57799
68679
32336
97333
98449
98784
63233
21639
50653
10860
59939
73680
39103
99399
11428
49147
92470
32462
91431
52473
84016
87233
64382
45186
61276
33785
94931
19902
37439
93661
18964
33613
2514
51791
42084
96077
64755
59676
85811
54003
91589
65443
2051
66002
35208
88861
27203
35075
83324
36160
33711
27955
51995
38435
62695
32129
13758
1443
30879
62526
47394
3761
28843
24847
19775
39869
63139
56338
3723
44535
67839
51253
26564
58256
78529
23643
14361
52601
65599
20445
59135
12358
95538
66200
99652
70693
81169
98900
41799
84576
24864
11394
21105
36507
52607
20145
45782
11472
18754
59539
25403
3442
33496
46868
45905
28670
68367
51184
52152
52089
51316
59184
33159
11921
29794
47126
99804
76521
33711
52247
89850
31908
29851
67144
92916
52036
71427
48622
80735
32845
78752
94388
18002
10364
20239
74466
11273
96877
84028
75507
20295
96768
56654
63041
35355
72655
31090
14984
81039
90524
41351
88805
24495
26951
44695
12976
45019
50180
2639
31445
65773
54712
94877
16577
51916
81036
66810
95990
85180
69531
92496
91385
76142
92530
69010
6105
99548
17185
15897
35613
21976
16051
16131
60183
9869
65729
24282
90304
67208
39895
14406
98865
52910
55163
98553
26141
30086
55970
37855
74567
55440
19436
69403
29562
52196
25000
49123
91710
8939
62277
93314
23045
31028
10082
40061
33441
66780
81216
68042
76035
82284
30688
32569
14286
16555
32357
54599
36429
3770
95749
39441
33386
99639
61409
22022
42386
25674
14643
343
66001
98311
12143
64072
48604
95554
6291
13465
18104
45261
74740
86846
63768
65524
69313
12772
70595
13210
4614
19556
47245
76797
18131
32257
25126
66533
35286
83345
83629
4676
52647
83109
88080
3374
18617
29147
47195
76597
6510
84807
10993
13964
22521
79270
97841
72546
56211
86024
93573
72065
80261
36895
84095
42866
65573
81345
3987
40801
22325
68233
1656
30447
26609
27370
65952
73872
93469
59402
56041
57503
15611
2441
40448
18794
89023
73027
95132
23838
83688
50963
58121
17142
77698
38363
86772
88957
77912
69283
66416
990
1851
14389
7526
25286
12126
2173
421
84946
57286
33386
67410
6216
4037
15454
66681
51246
23337
60493
42657
90927
57453
8146
26293
84821
8916
12623
72920
52828
28834
54773
95419
47956
65843
91150
30199
82926
280
7453
44619
77484
51174
74814
5751
77455
75172
70010
8322
6228
73781
36272
71068
96834
10568
9383
18075
44033
92581
63941
24393
12059
69535
73326
75517
31701
92138
34864
80955
11758
70164
47359
36633
17510
25401
65327
6416
5088
96449
89511
48314
92279
11982
24558
21432
62022
17614
23615
14785
26987
62747
53764
7711
87802
63974
90425
39675
97367
81448
54839
53549
31477
95975
53763
5646
74531
79882
3091
85692
40814
39297
46041
15133
68404
61646
23784
66982
58661
36606
23543
58327
47752
13495
32245
73945
33290
94195
12584
61569
72581
24833
28540
65060
64468
13844
35607
95315
21760
83652
9871
63736
86573
69782
10116
29288
60147
4724
61730
47344
40758
96122
904
79364
14981
50300
15776
63853
31572
76179
60974
89400
57035
11755
16708
20668
10336
51043
8550
14049
20216
5436
29721
58366
71183
32528
93190
75870
39001
71574
1006
2204
10566
45197
73556
7492
77283
84574
88104
74109
72511
30317
95478
44437
54836
75529
4572
52857
80897
5317
14194
44060
60201
63359
76004
29528
14896
7836
97773
10414
79872
3004
37603
22299
89719
9787
88211
4129
64624
29813
98696
8691
16527
23656
90497
66615
21058
82171
53903
56656
26142
84157
16445
4531
29599
11527
5096
25252
15120
59210
65029
24831
55549
84710
45528
91038
41152
17007
20135
76643
95476
43287
17836
48330
39565
32751
30165
3628
27968
2250
87925
21125
22551
10843
94949
39663
45387
88634
38797
38043
2377
91966
52206
8493
72206
2645
15029
58801
54448
81786
82684
34284
5556
29423
25735
1184
54286
99206
57396
44890
13575
41767
59179
53597
22470
59811
17334
44496
69143
27006
16170
76614
41346
69018
72647
53570
55232
46419
16181
53950
31211
52616
18760
79619
3866
56625
258
3080
58560
19242
92
66986
69249
94063
57731
67102
39994
86488
33520
45208
33799
39298
29583
40048
24359
82686
69557
85217
14777
43642
37697
21869
16070
2854
28343
70281
62741
47776
51250
59955
92617
59216
94571
51216
63806
50768
54700
92482
64837
43135
7896
79617
18543
82073
57435
28716
31568
27327
80145
45537
12232
59991
91336
62492
26261
47597
31876
14045
15778
84015
21973
88733
17993
72411
48493
37588
19380
34048
20161
82420
36148
12903
14945
53589
61268
7683
4463
90525
5542
36937
61136
68189
92951
38804
9366
73764
71123
17228
48502
28767
31756
16940
48
97399
34064
8072
39848
82964
14207
34845
98088
58457
56212
85399
57101
40936
29550
67037
57630
11542
51763
48033
72103
59041
48188
37524
23995
4756
94864
72767
16595
73522
6746
8567
31727
25965
93361
5277
31832
94167
7610
2773
48125
31078
70732
12748
5202
21024
33208
46881
44924
61051
21471
34667
7764
59937
29700
83083
91948
72641
82442
87749
69701
36769
66307
34330
78113
44013
20371
13182
22143
74739
45244
88012
50738
59886
54399
86055
22624
84795
45330
70486
63848
67311
7965
46452
37776
86913
79456
33036
90738
4753
44737
40286
57068
3527
2868
83600
63272
7726
90798
52619
51195
48304
23580
61595
72742
96321
42262
94202
66968
49237
75032
35191
7657
15953
40135
56747
18918
11348
83285
50994
61147
580
24090
14169
63511
74306
74234
93453
54612
68791
2868
74571
98136
54686
23877
34220
36322
84227
51363
53081
40936
69335
7384
37933
62712
52500
13437
8861
88689
52361
39471
54306
59670
60102
53945
85808
72966
31537
8394
1654
13337
97500
7060
71893
69218
41929
81215
98943
59304
80250
39713
65048
18317
77382
38751
87846
23858
14440
79057
87012
86871
11942
74896
30213
68042
61009
38968
66894
60789
66142
4379
13403
52391
4029
60266
72482
27731
85112
29171
63478
506
80718
9520
29994
40069
61925
96273
77035
85989
95767
23511
13919
9921
86017
98119
66856
89586
62136
15090
80886
12061
2355
24826
6753
89682
35584
38038
97547
20613
87331
42457
78370
33082
53157
12255
72189
1678
57617
62314
85309
50052
62026
33134
52693
25398
50707
39962
67575
12910
96145
84277
66788
16015
93131
87181
5105
88870
88170
60694
51343
3302
8171
66779
60645
17459
71915
11976
46001
76562
16093
43714
31945
94247
14761
75564
63885
13300
50235
37768
36737
38877
1785
3481
10125
59465
86994
89047
44248
53507
18231
44970
95371
9961
50073
65499
21822
9537
43713
19721
24442
81876
61159
89924
26051
65362
6651
71737
51923
26903
3092
32291
905
45388
72591
97104
77324
8295
202
12963
26988
72011
74163
95212
96412
56657
25538
61044
88214
60610
43113
20606
57367
71902
9942
7568
37766
1317
58399
14822
40698
44559
33602
46065
74192
72715
80230
26020
89677
6416
24945
10488
74366
23404
41530
44040
24399
70293
47399
61707
72395
24219
2398
18576
99518
12652
91699
48553
86084
57593
56049
22116
65146
80158
61982
18744
72863
65509
21706
92360
31549
34330
35624
93494
63260
18012
70874
41629
1434
35836
71345
4856
43804
48952
70799
36429
42094
18663
79098
88910
80866
44021
67407
75852
38394
15588
35772
64581
85211
99123
58473
85334
9086
34265
21309
58685
50761
16366
5184
75150
26869
41799
46219
23422
55602
35052
13142
14271
45287
21675
58098
32887
72344
26921
49445
17055
53880
23505
29626
52703
18230
58903
6648
16669
76867
28379
76647
249
17237
62174
40162
32255
47017
60262
23790
43360
11734
29908
75054
28298
22596
41047
78159
12005
590
88504
97233
87367
44340
55225
80708
73625
44663
98269
50849
45034
51845
84341
34577
21147
15298
49216
56664
37912
74941
95247
31039
10880
97626
1585
31857
31198
75578
6146
63682
12933
56260
15718
6437
81175
72882
77515
37376
47210
22606
62235
80545
66920
52147
189
49491
36794
11285
94264
9165
20370
71817
12089
50998
79621
4751
33340
1209
46749
93743
66794
57258
61854
50458
41518
60954
91898
90207
29946
22248
23894
88543
56829
20473
56538
56134
96217
10644
50366
9778
9194
23103
37543
23094
11454
26491
5812
47525
97
56758
9115
90826
30069
36163
5935
1427
53972
88590
88052
17123
42850
39502
29975
10212
71648
45847
53996
5781
22138
95997
60529
88467
80075
10061
64758
78764
91946
91632
61755
20483
71606
69075
36598
61226
17145
75660
85421
53140
32179
77007
15030
76654
60961
31527
47263
31016
25061
59350
64448
72078
53460
24355
4167
6225
50001
89211
63893
1021
46633
12222
54660
41450
58615
5402
88249
95340
99288
13482
30239
7819
19267
75626
12755
67837
96005
3362
86011
35197
79659
23977
21296
30871
9090
52133
40896
25977
60629
52070
25600
58392
26855
19321
79121
70428
78982
1655
6496
43140
60308
98384
5967
12362
88468
16529
71367
33817
97823
82353
43050
49681
35370
42420
54708
86505
410
25899
50370
44903
14442
35704
53271
54889
28145
42938
16528
90614
1543
21362
96216
3925
72041
25152
54034
62604
11949
70239
79073
21636
67163
36508
75534
56573
35283
29934
46256
26238
1491
3768
52286
68303
30814
70765
26798
33647
85527
32653
94535
26197
81975
76071
65685
2547
71491
21789
76534
1776
69210
40084
37175
7689
88236
449
38938
44015
81773
65344
22052
46769
88670
57487
71176
78767
93816
95612
74610
5654
25718
96279
35004
42375
53435
89223
34804
62474
75742
45542
49357
78885
76219
90871
73117
72622
38024
74191
58057
63585
83303
76552
57809
14981
87162
67519
57
22624
12129
65561
76478
43654
51307
28458
2653
52374
40744
92667
31015
6896
8538
28579
75527
17184
16512
78699
35228
94921
28447
95999
87150
70525
29761
45095
19380
3890
27927
36716
12731
71903
1861
77809
16484
57675
77932
30168
85789
88621
56001
3936
67394
8940
53066
45138
49887
69520
67152
39708
33190
34489
17896
39209
1589
94555
46895
59556
74080
14843
47435
7219
74024
18191
31717
24286
57638
16249
20541
19156
58095
33122
51780
71451
2944
23083
35142
23255
38320
55818
56604
13995
57980
15600
99315
7354
50500
46730
24201
31170
46759
33255
60821
83693
50309
876
90668
73551
31778
65731
98313
58330
38111
72808
42183
86327
19173
78429
33746
6626
29718
56140
81425
11636
5563
61769
76822
37393
93461
30926
81149
49705
4098
975
6682
83260
21780
1502
63836
97796
33712
63159
25808
74273
23415
65684
69067
80314
41203
70694
95705
66611
40789
52300
21222
6232
8675
57706
28152
77417
17071
86911
77943
83520
49422
2799
9832
8717
16776
90560
46576
65850
46371
25279
52226
50069
28079
86188
25941
14644
98047
17409
44842
88839
63392
98641
52238
5694
75054
83774
28193
80419
27376
82523
35802
1418
70854
64663
58734
67199
57382
55529
96381
84284
37071
52781
35078
81470
46339
19564
71325
16925
28274
9937
41665
88140
47935
39492
88338
25921
48428
85563
72172
32992
88615
55826
66018
63467
91003
70834
19278
3050
15905
84117
75995
49924
23811
55449
8771
43635
44359
60754
35318
59391
81080
31500
72209
68687
98845
31580
86154
13947
23735
77798
30791
29473
27549
31270
44910
88412
20
50151
26274
30440
75563
66630
38670
66782
61737
93218
77442
7682
21134
84572
83439
49488
14120
46171
80534
76649
25493
83873
1568
87658
72897
85860
62765
1007
38327
62146
69187
42772
7415
79775
10950
80311
12998
62761
74981
42484
67463
4789
82875
53115
21180
508
53462
69987
81361
10608
11000
77037
60357
21706
50982
92657
7668
92341
29804
80374
61175
88626
189
21180
12873
88149
93565
78130
82960
99405
7874
25209
29688
32443
81058
9578
35183
10825
1792
67735
26693
31333
72399
49306
68829
31973
8597
95181
80818
13702
17270
67809
10762
90869
36283
26911
26496
79976
51585
53021
90863
38956
95022
48042
70637
41166
7511
23519
4518
21120
42894
83661
24255
44184
74138
41785
56165
33724
35905
15056
20954
69203
21077
92302
36349
68100
6875
27433
86536
75382
83831
59075
11594
37305
83243
16801
1808
71344
11653
32721
82118
53933
88248
34505
69648
72397
86116
66472
23489
4044
46553
33846
24640
95801
89982
36816
97442
1136
60559
47461
26675
78383
16911
17851
93930
88932
57392
49048
40850
55957
67155
10433
84631
35038
45734
75720
55101
17654
57574
37105
89956
11815
52475
14638
61369
31216
64218
4076
68842
85088
9254
72091
68790
19707
55210
33954
46033
84917
14407
56668
8801
94302
29609
12348
36964
92871
65174
97364
82269
17689
84707
4036
8583
89162
45901
42489
18695
30881
96800
63837
50266
42659
9371
21488
6959
62457
4207
40728
49969
53412
59958
53936
81382
23827
83906
74655
24205
43602
50250
68350
43893
