63071
96111
95559
71884
96087
12755
2154
35660
22454
11698
18183
57417
3842
77797
43484
93701
16253
75637
99955
43711
31651
1603
99894
78352
28380
66506
92739
12317
49826
71474
51923
43097
5750
50997
76163
42153
24625
72310
14878
95827
31884
41681
69995
14633
43035
8863
26752
11027
47116
11164
42693
92847
81039
26106
57583
81707
95505
19406
39804
58550
75078
65119
36787
4099
90968
41407
91185
33614
24626
33896
16214
70498
79157
27398
46513
66169
9312
36045
16245
47838
58006
54475
3869
12402
58929
29485
48609
19663
29374
49280
35519
73236
24597
62606
86335
80809
86860
15245
58039
81779
67966
68104
57408
18440
58842
74431
94059
22610
70847
96037
65711
3190
34364
69623
13817
18946
33332
96935
45207
99064
63863
59203
77030
38717
85537
94881
81209
2529
31920
84134
64696
16630
64897
46633
73358
81477
94761
46277
51093
11962
26549
31732
13847
30579
35527
61445
22994
56786
70355
54848
75118
64457
12020
86944
22188
85080
38950
23839
61844
51496
60279
30874
67041
69716
32947
2330
48038
96575
17107
57684
44104
29685
11275
62412
94625
65589
47808
10982
98669
78280
38579
42259
33513
6913
41207
15359
81640
27507
19898
36653
29299
87698
18663
36790
46587
22290
54068
5847
34964
47422
13900
19840
45807
95616
89822
29516
97917
79324
43879
47550
37328
40970
79130
30692
25296
77216
18999
18265
90963
75909
86448
43566
14209
65407
89203
87953
25731
21769
15665
89839
74573
21402
71779
12654
14813
59902
30181
93412
70408
61045
64763
7827
4216
9003
55743
39746
98719
9193
13996
79674
50959
93621
52366
59862
26989
17127
25736
61489
65225
48997
8638
56716
61332
69997
88523
39453
81601
36665
92963
9161
37371
63371
31199
99780
97225
69546
51856
75941
18372
41207
13867
2483
27518
97915
9390
9907
48034
27228
26266
15884
463
96117
80052
28967
77390
41542
30883
51456
20038
52497
90722
80684
99186
37210
33932
87760
16388
98100
6127
15558
90565
80610
60767
41569
49310
26066
5216
92448
71662
45656
38000
60837
25528
71973
56318
20125
85151
60287
82334
65028
91060
44602
49737
89725
68717
79300
42043
83995
17561
99782
75063
28608
63615
92594
61146
47596
39227
6924
63102
58102
30925
28307
64727
37555
32175
87455
60502
10317
18944
20745
37314
98201
76931
90378
22524
85189
65867
60772
5143
36780
34744
58973
19309
90402
60757
13199
52398
75391
45953
53233
90405
43427
66466
70711
53884
42355
28631
44379
76276
17776
45517
60043
61912
89438
22148
25727
1522
32125
92669
16034
51034
14717
11951
69790
99230
40267
29165
28604
31626
22290
14436
58403
43535
2378
10223
65610
35541
37492
7136
57528
46215
3817
95038
40478
55040
57603
54934
37660
90982
94891
81124
69655
35753
99871
67150
48630
14171
11226
63590
1996
10565
36189
89489
65593
24378
53022
22950
3651
24200
39850
83365
16717
66902
14335
46602
7688
37580
40571
63691
31625
30209
544
85140
73518
96832
6308
39141
94221
7527
24783
72495
44255
27926
48712
17095
88359
99550
10152
82534
95989
23102
70226
92005
93875
62066
44375
15119
59736
44910
89394
21080
44344
82881
15668
46425
63901
88714
56574
7578
59046
67043
926
93681
88066
81047
40378
12063
13515
87897
71454
83938
3505
53575
30497
45120
25972
66498
44829
18883
59847
85925
98176
20970
64582
97347
28481
96792
3426
60694
38342
97721
29711
91042
6562
42129
30234
29000
44014
84157
91269
20531
55521
31673
9420
84251
73723
40234
56166
76182
11551
65523
93461
95007
97173
18331
65798
11351
95481
60776
88570
74737
79414
3442
94877
86627
85128
73949
83235
81983
42264
17831
32110
95446
30022
59780
75276
66290
94257
98440
43209
50982
48211
24290
12368
15297
71060
60171
70832
89326
1525
32981
22066
69525
38831
76466
96617
32161
28595
78529
30116
29690
80918
87837
22983
86723
42869
57990
37231
80425
45279
74543
80512
41565
22706
17193
77903
31816
92880
88243
90632
78994
45557
92114
69179
45236
82838
24597
94949
789
6684
37213
47495
52550
43721
15503
77137
49235
13494
48029
87201
62249
85033
93797
37984
8580
86621
28925
82529
63701
23130
16010
58332
42646
79277
49453
43700
37240
70435
97392
7333
82443
86034
12535
25917
47744
36053
53242
76826
5345
15371
54758
23068
62078
35033
86432
49590
16845
53061
11401
61098
35796
56361
39678
6393
56363
38237
17648
63433
21840
23308
76211
39307
11128
52246
67555
72608
22898
12457
80699
15169
88070
7158
2421
45791
71483
7881
28846
3743
60376
89956
47913
774
85553
87252
10880
25235
9599
16537
30623
40513
37081
21863
60103
19259
48739
85205
332
67022
43216
67708
24369
11269
52957
89698
6947
64523
651
50538
60272
37331
73647
20393
87519
9836
77903
70695
21097
13985
89255
26081
9380
75559
49326
55973
7481
98136
87593
39082
75054
27358
77580
22447
29733
9722
42802
27428
37970
7222
75840
87649
69960
15873
5145
97648
77643
67841
53640
40231
8381
42354
48837
85666
16527
99282
93036
81866
82488
80082
61927
19314
35494
65552
14733
55337
6809
29501
23324
98538
6845
41049
98762
58514
80672
36319
40993
70142
49986
90057
60854
41018
70111
80773
8822
91746
25040
55681
543
15993
97451
40254
77544
85353
65085
63803
11352
32230
73498
47121
48452
65026
27100
43720
34731
95804
66128
3137
22248
28217
54011
66489
77252
20089
70050
26985
24106
35957
93568
77690
39643
38304
26947
57878
6843
26823
17092
63630
75493
77366
10550
80865
44418
74763
84578
12710
48537
6997
77642
12361
71749
83828
27014
57678
58118
10824
45970
4469
44239
94940
34923
74388
77115
64502
84636
78730
46106
18301
84830
74745
20966
54096
40703
59995
752
25627
52934
21312
52376
89017
93044
59982
30378
15337
53910
50710
53247
56423
86158
11476
17271
43962
71833
21747
20910
70492
6316
88789
22049
53317
33230
21239
54459
80654
42607
80044
31776
95212
16192
3861
27867
52447
20708
69030
9137
31936
66118
30313
349
21877
51566
22418
63811
50374
22021
37124
20715
54427
57279
54855
36575
25359
64152
15856
17957
82820
40656
99118
39346
75152
18874
91298
44227
19962
26943
403
28503
72236
14858
77902
26965
38889
31845
28531
72217
98778
22528
42716
96161
27656
68678
52428
17743
48812
38406
24594
3256
56813
53749
6461
20469
10102
77771
80612
98606
57712
17363
27411
42876
95281
49818
47111
10655
34505
75682
25053
7125
93769
46677
35086
85560
94186
91673
15114
60721
37887
79160
87158
55701
68802
41127
13843
93163
10236
67477
55205
22850
19800
16215
12729
64584
70212
71520
57982
76170
8924
30524
74350
14294
13133
40185
63466
71323
11403
83834
46771
10424
76295
56545
98128
30301
31939
72912
25897
76090
29812
4922
17890
39045
1212
72264
31885
50208
72993
47702
7375
45741
18023
39648
12302
10333
13813
22336
5279
60440
28767
7048
91555
83243
52640
34415
36303
61226
87495
85081
80631
36221
732
47267
73922
78048
76725
60111
84678
68854
90854
97283
56925
96141
77929
28777
92108
23869
63689
90376
15495
45702
70443
30407
65271
75382
13213
20938
15533
29106
52284
95559
70805
60373
25781
94864
62893
44967
24230
93679
61346
83964
14828
59348
51545
85629
27928
72593
7884
38972
17658
33366
36774
42199
90959
14408
54019
16069
94417
47667
98072
21848
89898
88879
36430
19639
43560
18304
48764
77513
82176
96590
72674
68003
58524
8070
49354
44095
27980
17258
40663
3391
19219
77447
25393
13123
40599
39503
8283
14405
35514
11794
76801
11411
89508
78849
55336
27967
8500
37263
30186
52622
93749
97782
44822
64380
49626
60055
55492
95379
63797
96869
87657
79715
13322
71797
6455
26067
70361
17031
41048
95066
52910
71145
37200
24158
36442
58018
99695
75089
57705
40760
87412
57251
25562
43518
40275
10116
42109
75496
16868
80781
87897
7786
44429
57408
16906
54371
26653
99062
58753
10281
9857
53065
72491
81321
76213
23482
9003
71059
86896
10074
41235
1631
35222
13623
45135
86528
62371
11335
72699
62285
80042
41626
69490
15708
49935
41306
80778
29852
94347
56165
96641
7117
1348
16461
3027
64733
11839
64385
85661
83267
15895
29925
21791
1433
58746
40216
19337
55903
47995
49533
69845
32463
63971
89958
60279
31138
87964
54232
37388
21515
80928
81036
15543
50399
51444
91222
2233
48819
99886
50285
66634
11541
76358
96377
69177
66586
17718
69581
96111
48751
87306
49788
34783
23688
91808
66621
2095
87077
55465
23902
6787
7055
60428
60462
28015
87732
36889
96459
74039
26950
15695
76902
63429
21784
86665
62745
86447
62508
82549
45177
32502
17004
22264
9890
66677
54391
24348
23647
88582
28220
54937
9400
96840
14415
40097
82645
96338
79090
96965
46521
72196
29886
4116
1711
3856
26556
87503
92726
41298
72803
70630
32560
84489
45260
69631
72131
81115
29583
78960
75335
28687
43972
55145
29279
61571
92485
71343
89874
38216
13183
19328
14113
8314
13562
81894
68320
57946
5519
770
60770
51698
65479
19995
7240
4772
87931
55931
13383
18834
91271
98437
54821
66205
63605
1209
79546
63161
78455
61681
57797
32458
40346
38820
14366
84659
63331
17960
24321
79502
90946
2673
90558
32258
2788
92680
84403
84165
19166
55958
83565
68143
33119
27786
34543
82031
36835
82007
28761
5586
11726
94546
96269
64020
18824
78923
53677
97074
40538
32596
74902
35066
31349
68679
4973
48716
74665
42473
68651
61994
43989
44605
17895
49034
14705
96405
37432
81929
51431
16312
77745
21709
39078
89056
42149
34520
89536
25366
21643
34459
3352
18762
94477
22130
31240
99713
85761
68572
90541
18008
58485
26004
83068
77636
16342
59061
70595
31074
14376
25854
57651
85253
29861
19266
7714
25484
43839
64773
88995
96485
69645
47103
6918
15194
81990
21550
73970
81248
91452
3985
71625
49679
23557
1793
16085
5421
1285
47497
30598
72242
29374
90349
77165
45903
18356
72853
17454
3365
3309
10076
21405
19543
60452
6917
15038
92698
79616
77835
47135
53750
93105
73303
57027
11920
76557
39246
94589
50352
61036
8649
11662
91804
61651
25029
17502
83344
9520
24227
43190
20373
31555
4937
4762
28470
77359
61389
45588
34470
29431
6239
65113
88210
67714
25509
44143
4280
32168
26845
5752
31902
98464
28974
8453
84836
48794
90163
90735
24357
14755
20828
57680
22552
25533
49895
4929
17220
45857
29430
84433
20125
62210
24602
97962
33121
38407
74816
25592
58510
89438
10233
55441
86614
76180
18121
7363
18468
45127
54904
55635
21257
8972
65912
91191
66719
57052
24602
21375
55492
16473
10161
71860
14118
670
5794
79754
82326
9854
94457
88232
60313
2211
37296
67902
92379
80802
40575
85782
5267
62721
4600
96431
2260
97069
55752
67615
32701
28513
32847
58199
77219
69798
47625
23139
36768
16209
8481
17162
32237
44980
75724
19136
22690
8070
63817
9017
70770
66383
97276
26932
37666
49030
39889
60522
61731
42239
28929
66488
49564
25716
29886
5862
616
45668
45761
87531
55898
53158
61321
29584
19341
97894
53190
84764
29742
15345
76103
27537
79743
42668
39428
75721
31045
47971
20855
6776
91707
39727
39558
79090
10797
51451
87196
75067
12348
30796
84078
52277
82954
82325
12007
99712
98794
24698
8818
55704
40018
36389
24710
43733
79547
62792
32098
64025
36626
18247
92544
68184
38333
30216
26818
11293
49883
26958
85369
26010
19936
83790
18137
34746
89615
52224
8237
37103
37288
60522
28010
98785
7740
67051
57014
57052
50191
6979
73868
93029
70809
93838
88669
68123
13989
83937
29430
42007
70249
59842
92153
13346
9311
7355
25207
47615
45121
29883
92444
17915
45263
6633
82022
19831
5586
82521
83705
85947
91547
24884
9546
24693
29114
14801
81207
79882
63536
13484
46329
8221
44899
98413
41488
59704
95599
77980
56478
35646
95583
89517
69859
60894
37866
32464
84758
48516
84486
15800
37850
81949
97178
73685
74281
86240
53085
80142
38510
28260
94592
13418
8814
78009
10725
82312
70176
30665
77324
62193
36679
27001
80599
36778
14605
28439
37389
55281
81654
91927
14853
42157
11340
62292
77269
19403
65377
36305
22908
62149
68743
45999
36066
2333
99236
90262
96870
63213
51424
97963
36072
52726
1247
57651
81722
17844
30138
674
83098
31487
24352
33052
27695
28971
87600
91352
37028
30590
72197
7406
20203
26502
26111
79657
57154
98110
39975
15178
45501
84683
80063
59231
5917
42919
15730
40615
12700
62511
6892
19088
11353
98335
5253
68427
83083
42740
17489
50939
59571
89297
85465
82911
34235
24614
6024
86854
78022
58707
85496
35418
5423
32445
83233
28541
63869
79230
69811
10934
55070
85190
52873
20008
82708
83129
30790
43010
93689
52822
70465
63459
47909
59657
77521
60175
26381
7363
83639
77402
57202
80234
1875
6469
22641
97065
72701
92402
39700
42844
67224
41351
92337
97641
63061
76633
93964
88959
56409
77641
93644
30647
55461
59994
28555
10944
2663
14441
34789
37506
51066
60850
8964
70633
73143
69187
52861
57829
43929
89369
67771
60732
19882
66153
66655
31404
76677
64793
92906
94038
98934
70541
91566
89537
39542
60053
59330
11022
25886
32143
4309
39436
65069
88295
76660
40741
21608
33625
26683
51102
5330
6358
50062
51812
89253
82900
49351
26445
90937
40771
41014
23457
32452
57498
96221
66265
91112
12279
44132
45381
66997
32018
19834
87547
16679
92038
9449
11382
58752
90392
50828
26210
42861
60747
56731
13320
56457
19646
15520
89879
9033
41054
27885
88450
26822
60501
42618
88437
38362
70509
82887
48861
66189
11507
14406
15499
5278
66079
61690
37556
31782
75166
80058
95348
32395
76210
11025
8329
60124
77427
13592
27993
43727
26706
87022
82211
74029
73777
95957
68930
34891
40610
21756
38941
33588
69706
40141
34952
70303
54506
21171
75382
59393
60150
28145
17760
89669
50634
95609
36964
2800
73831
7822
89455
94469
25370
16979
23366
52579
69976
22950
48802
75680
40285
96077
94128
94090
31973
11841
45424
13986
40723
72468
31499
17178
45581
2372
72558
64074
51195
763
20456
54445
11355
53014
84790
29798
59880
53657
60409
39657
91422
97500
31681
2468
46298
19880
87414
99985
79613
12544
11893
325
1504
22145
73938
46209
9135
57318
46153
31623
52434
994
58015
80078
52623
32905
3167
365
20020
68261
10278
46150
47838
14607
4563
85067
10805
99496
67739
80251
50501
92936
97045
77387
15645
41879
18913
50773
32016
4180
53101
17194
80779
44906
33048
34641
21276
45374
88296
89359
19637
14023
97757
37473
78378
91205
93084
49854
61495
50976
67824
33887
16017
86538
41783
14517
98496
69955
3138
69554
33463
55179
68001
44213
15016
38090
47789
71477
33755
74052
36605
48793
17514
58020
22436
74837
88702
9544
74470
79091
74733
8311
60010
94983
46645
87011
38959
76790
60794
45094
97603
81329
45821
4262
69535
10534
24290
26704
62494
21405
69502
92812
17811
45820
53611
14850
26871
86267
11190
8896
65500
59990
66058
61507
35866
9022
64161
70878
26174
72180
70332
4664
71163
24786
66892
58749
1783
5069
69732
84092
44688
73993
61917
85097
36947
39460
66559
88701
86263
78648
13842
39560
33795
67706
26620
8495
67487
2781
35242
71928
10045
97840
26262
75846
28085
22110
47275
91039
4182
10775
43831
5514
75584
59974
72095
70926
90852
55749
60688
75960
20584
11387
14428
35253
35831
23841
78964
71159
45335
82698
87231
96674
89974
86693
90304
59562
24280
89641
79336
99734
53750
2707
67948
47715
18106
15843
22471
44222
74214
74668
11106
58632
79559
40857
38837
93679
35232
71012
44595
35192
26980
74187
99978
85315
99063
36153
30927
43633
70555
3927
18992
43163
68021
19407
42342
67116
81029
88589
2351
45290
70029
11811
31755
34874
8044
33779
83158
52610
26708
20693
66068
36630
41515
29955
76823
84903
21414
98896
21551
88306
85525
62189
98704
12093
9078
5510
93129
50197
9964
73544
21219
87872
8688
69126
18365
79824
3303
28332
63286
78925
85922
39797
71749
6833
44016
31807
7245
48636
82109
46477
35362
15536
11417
69548
55207
28367
99700
20082
65859
20857
99734
47445
19465
74997
24174
33363
93947
22309
33238
75549
40960
46993
69941
84470
68553
99529
23300
97063
74577
82695
81562
7398
9030
47188
35506
26121
57084
54408
8811
70933
4908
5487
12045
64600
97189
1054
10771
64165
99578
2639
28182
37343
8216
58048
84093
92552
59245
83736
77107
58197
43029
76988
540
37656
75944
78612
8218
76036
30270
66107
89833
70052
26779
91579
45518
88939
76738
36264
6524
47896
38487
60906
70592
99775
86636
81638
73656
15211
77005
84025
7839
98446
86463
65798
43627
38300
52006
30464
80324
59835
27072
729
89885
13547
96369
42443
94743
95567
44069
68359
18043
61203
88943
82340
27
16178
84687
57314
92509
4241
91370
38514
24390
97761
97171
32275
12861
85282
10346
28107
30069
18390
54975
22105
28160
98509
25465
97731
82632
58789
87371
436
6851
89823
90538
37685
41388
46395
58697
95953
46405
74386
97735
68170
99117
46
70595
56904
39718
60121
19160
7857
39933
70523
85481
36061
69017
7320
96377
53353
75607
49256
18961
15472
54987
3670
58400
85766
56422
37455
55914
89223
19612
10039
18872
1463
56304
48684
520
3512
38264
66067
30989
88953
27868
27686
76657
35938
92043
53458
35019
47215
77567
42398
53673
71124
17324
35686
70627
61645
30343
2740
74848
5707
16132
13882
97382
43735
31087
72084
75119
22539
62098
94894
70169
77354
90870
45973
87453
23001
12131
22950
78412
34811
21490
28782
87643
75011
76842
65344
37063
33579
23409
15386
75000
26758
94989
8636
38782
45471
30710
7064
73552
17722
79927
81144
3566
67788
84216
79103
65481
878
81743
79535
15208
6181
27792
81395
68541
23051
37873
75913
34490
67805
6309
21673
93211
95813
53380
34164
66796
91419
9074
24219
30217
40559
80965
6165
37370
48202
79577
58494
65303
96495
46807
86184
44136
86814
82055
13191
38064
10126
24324
24826
31064
76886
86309
50920
2949
34838
72091
3532
12132
37900
50788
84464
82649
95670
72656
50568
50187
88705
88385
78953
13604
7797
1550
3248
21741
32238
1404
49072
9890
77010
85411
37081
60568
93673
53001
42295
66038
52037
39403
37864
4484
74683
64260
7391
17363
73142
16170
4522
62711
33750
8517
65777
80404
46005
6067
24111
56542
96992
27610
1896
7372
58145
76812
86089
72391
90956
40868
61795
5048
28375
58848
72139
41435
98918
76179
65335
18426
94242
85643
897
30079
74623
3697
45860
44936
44742
35740
21961
88457
82172
62858
43477
46405
25249
20468
1559
86059
22619
68045
64946
2020
6214
99508
92576
61083
66196
59890
6493
95828
99025
95616
80420
64024
42233
85604
48989
28863
31884
26836
95225
78146
75399
84112
45029
80517
23220
28211
92744
69
59785
20433
80425
16752
16782
49238
17454
53293
41054
80371
20444
30413
22572
63405
84390
70282
76798
30854
24833
11590
74544
30757
47107
29040
71121
71689
26660
82661
53562
39643
95631
21945
96287
32622
29728
32740
35508
27051
3347
85317
5502
99331
96795
74145
37573
11985
87256
3454
50153
99606
59569
10502
46332
35775
57182
91042
10620
55885
92160
35631
51783
56853
70821
58189
44117
95306
69612
88824
38960
18065
29062
23834
48201
28139
55555
81277
51064
16100
26405
58678
18536
23160
58172
3627
33175
48388
18939
66660
17580
84411
88981
79217
51134
79953
23912
20258
82199
83377
61650
79994
98173
75251
8176
75052
93052
80729
78349
4344
91060
62196
92419
99532
32984
67268
93930
14659
63006
80569
32959
98527
23482
2433
53036
34608
76927
5552
35246
70691
57293
3964
1134
85450
47845
72600
55026
1786
10464
56723
64393
91567
34686
56271
14696
79641
92860
67271
26333
47615
67430
69054
17157
64051
74157
7164
20501
87563
9988
62339
68075
88449
66083
20315
44776
87704
20589
34501
74271
91145
83120
62049
28180
23903
13600
78533
27974
49646
74932
7049
75248
59885
59065
38029
82196
52683
83364
77167
68274
29524
25387
9026
66399
25495
37971
27449
8412
66311
52377
47826
74010
20659
18824
88871
53424
53128
28102
33609
9139
97382
63851
22688
14532
86449
73237
75724
1082
82480
90486
78589
58777
20006
38472
98640
56781
7027
932
93161
24575
72731
27901
26101
46701
91159
95486
71191
12990
20424
30574
97249
25353
15235
19083
29747
24387
67050
94371
95144
20037
22623
39572
51613
1881
2408
26073
91756
25576
85136
41246
5974
97317
27691
15609
74831
27216
47608
85319
33968
37249
89415
68870
36702
67815
87560
55816
96370
91863
40772
88902
32707
43755
11307
30480
87890
43213
49332
45998
25074
62963
21141
15592
9181
50162
29012
26249
9682
16470
74393
18101
31427
57700
68114
65141
1877
94485
54984
3136
77297
67360
49447
35135
93047
50574
48110
22273
73600
18406
69900
87166
875
99889
7113
29714
13773
38107
84510
70799
21228
75837
26421
77155
57847
30879
99828
34464
40599
85392
53027
66613
95035
1159
8401
29464
87290
21441
87496
99524
86736
59243
79832
81540
56915
15436
24958
56824
8311
96172
63079
89449
23176
93959
53895
33754
10605
30561
49988
29994
85115
66829
33828
87984
69897
59765
203
36715
16001
28175
78962
9452
33681
40364
57791
81536
46768
123
32099
26411
46307
52750
35044
89034
31462
38224
36012
35814
13393
38341
27635
86146
20690
94026
34877
78875
39577
93449
86755
21327
95929
94659
35067
27936
12617
18738
77642
73224
82144
57606
10291
63480
68146
93658
51091
43583
43058
1807
76222
91882
4155
79437
39400
75668
40534
20660
13927
84542
1376
15874
6768
67357
74029
69859
51394
85833
22458
70412
31320
31219
59278
27935
77207
83611
46638
20670
42815
44414
28739
30972
34676
63053
58967
41223
58038
98645
42286
28986
35838
66063
55068
58310
13587
22313
73312
76516
52878
56991
43435
90775
88426
42176
67087
92962
6205
27509
68483
86139
43960
60471
20593
13992
2638
19978
93562
65883
73603
84078
44131
77928
34472
58368
37692
62960
20269
25607
56041
84429
18276
48180
87298
47985
62282
84785
44554
94648
7770
13844
45363
39324
81902
73272
78428
48779
84984
22347
20090
99496
95790
2589
49552
42971
13178
79020
20567
7257
29476
59311
13236
14474
30960
26148
67606
59780
23787
58266
55486
15219
3819
49274
57287
58379
28254
25356
39419
34618
55965
98962
49801
3625
11421
46128
96287
57284
79609
11602
31526
71728
5760
96698
2498
21406
16535
47246
27006
39184
71242
68023
33095
57692
47122
96948
73562
13719
84109
66926
46160
68334
94804
36108
58329
99710
86702
5320
38241
64584
25985
64336
69099
26500
11527
5876
39211
67194
461
86440
53716
53808
30807
81641
12121
8925
92524
75569
76239
42954
88723
76025
73289
68008
23076
16394
23317
75075
58195
59643
89017
82
13431
71137
99684
87508
7421
13112
68899
62825
80268
80991
36414
75071
76163
52002
4274
93026
81668
47784
37415
55016
14909
45373
33080
73155
760
77315
41573
27024
42632
60134
37212
17305
11474
75502
31954
11223
75085
27253
77276
79095
40818
60110
39559
86526
68618
73966
53028
65171
54142
70872
1156
61060
40446
8727
9758
30655
20817
74023
53607
48237
88609
10752
52821
19089
3772
69985
47491
82566
10069
87414
46241
73778
35117
62101
75846
26844
59617
37858
57878
88745
41752
58688
58113
41259
25738
36006
7514
84736
98899
32657
25978
23662
47834
25955
28506
63107
69831
64539
7005
72294
9695
96262
18096
48545
39474
84546
94566
67906
78414
34993
23717
32777
6416
8192
13613
67276
69456
14588
51503
74020
71010
53197
50906
94078
69471
37698
67301
3877
50795
22525
93156
13713
63931
59252
70562
19095
98951
38774
29579
25249
48988
4689
24377
37251
47104
65824
8905
34802
46175
48150
52662
9406
17500
4158
53632
67234
94953
94035
46684
9952
70782
48109
54145
29540
1096
76636
83415
68281
61609
88028
89267
51914
18812
28634
78025
92161
4432
78787
5772
45978
67347
16886
37517
57022
584
41353
64988
97315
29285
66029
22790
47178
74608
5240
82279
54282
74485
20320
11257
5081
77962
83485
70706
58629
45452
57239
73080
2594
52207
71224
48519
76107
71691
39563
89512
76972
19417
39427
2758
99730
10955
33899
97521
74104
47233
22211
50467
91808
77879
84441
97667
94894
44006
58202
54063
70578
94521
60457
88659
36839
58553
26391
91622
94997
86509
56356
28596
37450
73875
11737
18717
94257
56384
17923
303
71762
67123
44083
75282
25483
65876
31295
18498
76532
51289
4980
97879
9735
52579
66928
59678
12971
97865
72681
52818
22999
46761
54836
35444
38312
93703
78989
93635
5450
55295
40906
99084
53484
30280
9735
39543
61967
91418
59309
83115
64060
30138
46155
27792
53276
78536
8394
40541
74245
55968
59037
63193
75189
65590
73974
88761
96781
12370
48491
23180
99791
67193
24567
6099
50698
53034
53399
16538
24796
55161
17708
79874
88498
71268
10419
87522
58024
6653
25834
99593
45148
84735
65617
27141
13968
90281
58631
21710
17113
2265
27316
48053
1154
758
69212
60249
52270
92716
11745
83733
90805
49204
14557
77772
16716
58814
81783
46777
14749
23450
80935
13974
366
17917
67625
8551
25725
10892
37478
55223
82140
75935
89722
69071
97251
39913
57707
72921
28792
13994
11546
35288
18498
92329
91883
44800
6977
43593
77181
59214
79696
25382
22153
28266
13291
87650
34018
13738
22313
59762
70476
87562
66581
44364
47137
39536
93613
40105
41220
69244
62741
43773
28565
31619
23694
29365
61691
61195
72462
61078
34800
50813
92343
69828
37898
86808
20017
46414
41913
32076
30216
12711
92904
7142
18728
60299
90829
85592
8945
8892
52563
76369
50034
70261
78263
56024
47046
48928
12972
69027
77002
66650
72056
11673
36314
18994
60738
19044
62430
9333
43644
80643
38252
78433
6997
24264
80374
72966
88226
1769
16845
76104
86707
16909
52120
54141
40570
65569
15598
99658
16887
55957
71478
2075
98781
57029
93465
68795
26183
92663
75615
65743
23705
63948
66590
34042
9327
46834
68627
48162
46831
48295
53020
5455
39735
14924
38152
29343
53791
94970
56259
70241
46655
140
92879
2310
92334
54769
74576
98200
54708
59359
2607
3525
32590
6200
11478
42657
16354
86456
50810
45431
24665
45363
77940
68771
69896
87159
44895
99083
47499
51993
64423
41754
28165
4117
31221
62466
4529
16987
8621
82308
10987
84187
38048
4328
88700
22415
68897
13023
27015
13498
91902
88777
73709
54848
8742
55727
5856
87848
12818
30020
84546
67382
39033
44044
78998
99614
76760
53520
5291
63767
58164
12003
1393
37302
73121
93727
93620
14614
11587
35327
39337
63081
81038
39782
42540
17208
11628
53738
99601
81596
74321
5787
89038
76210
93474
48737
41648
30754
60268
36325
8887
92391
20689
80329
92931
45000
67793
42390
90949
69210
73496
93214
21191
24232
76039
40607
97657
83807
9171
91734
96938
18510
88195
51951
93021
22550
50449
77971
3896
3396
35801
9776
81246
80603
16907
48389
35810
3034
85940
30915
50675
56115
29836
19021
74628
29804
28003
51252
31483
30980
65912
18604
47477
58761
15469
72990
80541
12086
44616
84339
69671
37087
54848
88716
36029
54126
99259
88751
11893
47209
14059
45389
17257
31172
4863
50752
99754
94681
31596
57859
94441
25875
53807
38929
79042
72843
4563
76947
27062
54053
21767
81420
98192
86708
97977
57896
29118
99447
15258
6647
65915
44128
3675
26074
60032
25656
84518
69223
20437
63267
48260
75509
62080
93137
15433
2575
75823
95663
23330
67346
84569
62710
32951
71711
92958
635
69591
15030
79718
35334
23286
24779
66726
42397
58222
55462
71394
13360
38506
80131
78870
11512
50984
3935
31357
91220
29613
38369
88918
38865
48471
53072
55179
3650
5888
40235
36411
3308
73408
73769
71
91154
14224
35298
24625
39187
96612
59410
96862
93960
50772
58352
17966
54142
65265
25028
80396
21933
76927
83164
61791
88359
15487
46301
48037
67320
25267
40990
95581
83786
8121
63563
10255
99526
49269
94080
79038
32572
59015
37968
95883
20440
97304
54310
14888
55915
49018
6143
79480
15506
7368
51028
21665
4718
17439
16773
86548
534
81645
57674
69674
89932
32688
88296
69468
37550
70979
21985
72322
90770
17150
85182
84714
62100
39689
91431
80967
35291
69222
59967
375
93912
98562
82438
46466
28253
87043
3987
90392
22451
52086
53078
29253
55664
39281
99648
32023
14591
72165
8504
70700
77465
93136
89983
8235
1288
37368
48002
13123
28066
19223
27417
9872
86897
81737
93630
12804
88207
86510
39990
92183
97292
58002
7972
75624
14643
68058
6390
89667
40898
58142
38464
65858
27674
43892
69379
23214
3047
5362
25061
40885
4563
86298
39398
6517
99081
7015
86355
35516
76595
87694
54471
82888
65699
95409
96432
28249
1560
86038
31711
38895
12413
98256
43691
43869
44809
69365
6721
61627
65481
43289
39350
72266
46362
93740
22462
62662
55640
23126
64706
88976
93995
29950
728
2378
39934
68389
2728
12674
6103
27073
82009
83631
4185
50074
58148
10197
18830
23577
77215
28728
88570
94456
11253
35571
5966
26855
85995
59427
85323
39910
43191
89061
57856
21525
31345
81668
39394
20884
16352
36915
23909
41665
31924
99806
66342
75400
43972
4507
93597
54902
48779
18899
63082
49682
90430
92574
30473
69083
86748
61078
17660
36270
94737
22528
69150
20835
83974
77157
46937
59914
76699
63670
39855
31000
66846
40937
49087
18987
48248
59386
1224
62393
12333
83524
22192
90239
99078
68735
68045
26429
810
69319
14522
95163
66275
12376
34127
15896
45532
94019
81361
25180
27891
88660
77789
10792
88008
51173
63193
54470
31355
32646
55746
46634
12785
6352
91394
13756
34806
38560
90598
83324
20001
70533
43769
39309
4573
13773
46583
78345
67765
37156
17229
21436
15400
49818
64503
39227
32180
14612
73753
48728
53040
16905
1766
58665
617
83089
71073
94728
21130
37665
77097
68538
69353
14629
13329
43523
57367
25318
47200
66797
66903
46018
72090
57962
11171
17832
95871
97401
60019
99446
70688
96213
95834
64865
90624
20317
75482
53679
86303
57955
33581
74444
41952
60373
24129
79566
76228
91912
27422
33954
47462
75567
45148
5575
52389
20787
36427
27759
86065
18130
35430
56322
50374
49155
62488
92808
53766
39517
86786
42234
64159
6827
39153
52795
98834
90822
70555
73932
70864
8527
75291
45448
65476
2472
11313
2425
32501
34513
73692
31408
61790
23764
23316
23543
61071
6216
63869
33364
22954
61941
65199
12698
74974
23981
65243
74335
80419
42007
52044
29649
88579
81478
93783
27882
14525
16626
84928
55134
92513
78076
42494
25296
53334
82301
87409
79987
86396
19383
29640
90485
99256
96466
18175
96939
80059
69388
92751
53581
19697
1244
30662
81192
78570
54525
85677
57170
62968
17527
32415
50466
95007
91061
46005
49910
44482
45604
36656
48094
49369
47820
7065
59223
44267
60622
89432
79681
70135
10589
78174
10
84633
73244
27841
92618
81359
82590
13172
75032
20018
62378
14239
69985
17703
39027
25881
66861
67954
40031
64728
69440
59803
94989
42745
91153
67551
4209
65643
74659
70680
98356
55192
96285
49816
52164
33492
64166
5269
16050
53545
4119
16765
48558
33115
69822
49855
18105
73838
52233
71679
80674
90195
943
1861
42500
23956
36054
58515
82817
48529
93165
57522
80973
89068
76591
6922
93414
41637
81744
95382
38934
31799
78510
27289
91984
92646
75263
34777
47942
7679
64775
81919
84720
46104
4672
2763
64931
48744
13075
48038
88181
98239
1311
55858
7829
72977
58177
92148
5353
46005
97573
76233
21324
28079
39887
55541
89596
59129
52152
75242
16224
45697
45169
91362
21549
90794
97799
54463
25768
22944
38498
68709
63878
71933
77081
52286
69853
45337
19547
44090
37400
12024
7348
66253
6104
79255
42645
57691
98778
78398
50856
79843
36370
25177
16219
90069
9864
24054
97161
90130
71607
57275
49652
44392
23628
52970
45165
70975
4035
57433
63411
96902
94292
57193
19785
10024
77188
57684
84047
22865
15224
1743
3539
69059
78597
35752
4929
64827
75341
27289
96619
46302
88715
19654
2747
98483
92049
37390
95641
2344
27092
86022
79449
962
91925
11698
87115
36096
85119
4460
96563
32135
34493
48578
63583
14445
32567
52915
65549
52938
77606
50587
84552
48753
30664
40342
63840
32675
31324
8637
63666
53326
16782
27886
25773
41860
33303
67598
15350
20092
7045
4232
9650
39606
80098
93996
10041
7718
11185
13098
82616
58530
30718
74883
77796
7797
50338
73349
9946
98878
79509
17003
34419
86986
60519
1187
66360
84707
37293
80501
41407
92959
17083
89599
93147
93587
24787
86867
78030
78860
2602
76305
66932
4080
53061
90869
32974
92938
4358
71630
84868
85899
35974
75442
55506
11204
28061
8129
41462
58499
23126
42937
24505
58339
31366
81654
76108
1583
56667
59312
7115
48160
96332
49765
37769
26037
46454
43949
63674
38664
7879
93162
46214
96293
97533
57305
45793
78632
47437
62428
86289
48344
32208
68839
19244
43757
73849
16971
60618
31200
37324
64997
43688
97019
95195
64540
16952
65641
50203
99684
93516
9188
33844
11748
35918
76433
15961
85571
90782
79145
45495
90796
73799
40629
40157
54724
38
8320
68959
29719
56400
69594
71884
32481
29759
53002
51475
33626
88484
69631
35341
76913
37839
62643
51310
66624
66602
93324
74172
5917
11266
58351
28915
69824
88504
12526
9671
78108
91781
80755
96635
63365
47326
21075
45230
15000
76207
11712
21308
20612
76145
639
23433
65058
45253
81833
10599
46771
15072
99413
89563
36893
53231
17500
39792
74190
75906
84710
62540
40487
78712
83421
95153
2570
83517
64884
1331
67122
80181
45608
32693
56091
33382
25608
51860
64649
12711
12802
74611
92208
29392
38421
14747
21548
44240
13049
53071
90121
28576
65747
77568
90381
80285
52144
36173
42846
63265
41711
48817
41237
26147
9354
12074
43576
4742
77929
18379
30942
63146
97016
31376
22935
93052
78350
15684
95111
7413
53663
34693
12682
91729
57265
38873
62034
95152
55577
76123
43001
35353
18604
34038
12378
46000
38199
80232
92338
45875
59505
67274
99479
38356
52492
99571
21620
17877
58863
70725
61598
53361
34348
69960
41009
64035
32861
69946
98475
41628
51724
62245
97279
24645
37269
99111
83014
61524
49202
49638
65951
87221
40566
52344
72871
3704
94375
44093
1911
98080
72695
36908
77914
60343
98462
34148
17526
17702
63563
27331
34903
65469
92428
46018
82712
55534
41148
54
80113
54017
5442
55560
77328
17829
60861
24911
44786
24149
47206
34625
15828
60519
9440
39683
29432
39411
45455
95252
62971
59151
18700
89483
37918
12298
70147
95846
82656
17888
10471
69759
6880
60728
55980
26103
91251
31575
68848
56565
16049
67139
82551
9033
85979
68122
93984
56811
5867
11656
8979
20018
65194
18580
92601
24504
23876
79875
20386
60412
98534
29516
4671
68916
76852
51549
37672
10631
86620
869
5952
82724
62622
15415
47290
56803
8833
93943
30772
20144
3587
72805
80391
29790
35439
20383
39587
39857
84740
76815
56361
78907
1664
39387
28719
83185
38186
72039
29301
56589
786
73486
12395
64310
95036
41682
95782
75145
79607
27651
56732
55971
19393
92232
96409
26555
97902
88488
81930
74075
58562
27756
82374
97580
34897
9156
24716
41773
86738
40601
33856
58450
69063
8316
39910
24174
28044
27907
74288
52651
18519
48526
64342
62372
24028
35260
90052
64531
84040
17086
65386
77024
80575
89630
76689
59381
78702
36843
88081
37343
98155
54386
77611
39340
44067
47287
86687
97015
20984
43437
38992
73993
84623
24368
71164
25358
69993
81812
78041
54628
57684
40562
32722
43628
61906
72356
84350
76582
57039
30875
36546
30375
32651
14420
88746
4665
36890
67935
29350
892
62613
45557
12616
95811
42277
35726
59765
30938
23963
40647
61998
45724
74155
30282
66063
42672
97316
75537
1521
33323
39512
26280
20380
13250
6533
8089
76007
12390
16997
89085
37080
38847
2240
67760
74317
95148
43002
74243
16464
15115
28271
55440
37150
54552
2130
22428
84755
91784
40387
85105
31109
53669
20796
50338
83832
14014
84707
1221
15157
33141
86196
3954
90845
88170
59841
8882
54873
93014
94672
37469
24841
74230
71174
69473
97960
36901
91514
73093
72666
69071
75680
66241
23646
6435
85064
1930
97704
46645
88095
58347
44118
66688
93640
50841
38506
50474
66656
81737
3604
52413
16322
61347
79657
33366
97706
49993
89159
92116
11565
11269
88841
29322
58282
91059
1427
73774
90478
65533
46222
68153
97117
48042
18973
78265
27776
87534
97653
15385
27383
70331
4583
45382
85978
89149
20221
85629
67782
90673
94063
10825
98026
88363
49515
92813
83813
27308
22101
76802
69136
33695
1638
62024
13540
43566
28043
20883
27861
77204
56313
55846
31154
38969
84146
32725
58275
36810
10436
9400
15944
68304
41417
75529
96349
90601
92007
82316
85832
36063
2274
6773
43680
82169
89704
31915
32902
58475
82926
26265
88122
21245
39920
46227
9864
31973
32381
43139
89699
13863
71056
76058
96076
25071
82483
65120
74394
13923
75117
19002
15038
40540
68918
36756
4925
57889
82475
86497
77832
16989
27713
6150
91893
91671
70333
38986
43595
12810
46687
87508
9876
93106
15627
48741
77066
57524
437
86391
77510
5308
81278
18256
44661
64524
41469
74475
27586
17132
42031
82611
83518
52242
574
72798
95474
56660
10177
84556
23493
79015
64881
20375
46151
14425
14038
85996
45259
95885
47798
23651
36190
19406
55030
1762
81626
73329
57794
635
85852
55961
73049
1959
60674
67334
92673
85975
19194
8467
83259
87550
41407
18012
28353
58509
60013
70505
11697
24270
74517
54687
36716
5998
71047
47549
10589
13
51923
20577
94974
95380
46894
396
37030
16352
92384
7059
14960
39034
99563
51534
1276
41157
26371
72795
2764
51713
54067
82799
31309
86517
1094
65498
23427
51027
48641
14373
27287
34894
33198
20532
19334
43385
11097
47276
68463
87720
72950
32652
34901
32349
46146
62368
57754
29800
33557
28019
7076
6611
53702
59823
13509
99801
52718
43873
96728
74900
88774
61636
35808
52803
93833
28795
68685
93995
31779
39192
35515
82697
72974
84352
65513
54235
54502
35043
33309
30315
73695
74695
39227
97363
12447
31371
47839
72146
62185
12963
25610
72573
53043
26517
40959
20328
31647
45400
28707
55298
21676
46503
49783
77005
87240
88398
68296
79233
29391
73305
38066
99305
90471
5603
82795
44813
47707
8545
53738
29734
43693
93307
94706
39763
52185
19432
27145
84602
62823
41880
52626
77546
97475
52164
93660
71524
77165
20324
10553
25491
634
14765
73078
84051
65643
21665
26025
26105
61010
99470
97158
90239
37134
22289
86528
30409
91228
2249
24461
63494
63320
92171
17108
34206
31407
29851
9238
58066
86983
35989
31395
57657
19940
89657
84829
47924
74916
32482
59530
81128
9880
22144
95415
68576
51847
2504
31193
92632
50091
75875
34361
51630
35103
18803
27024
4677
37524
83293
20831
33559
27642
51100
68718
57794
27941
63811
88282
11243
73793
61721
91697
65491
38647
14687
40816
29483
57950
59642
98007
10724
36919
45991
63834
20899
65413
20496
99558
48939
1408
36230
84334
85024
66731
67756
84780
30459
16815
25234
90291
90150
68586
12443
1330
36408
41459
55024
65776
40217
83113
81803
9866
74733
65705
2396
7706
62778
95968
88304
74745
75676
2333
7290
10765
41538
95728
30213
85310
31112
18274
76493
39507
59356
71184
10829
65632
25102
50942
28078
87870
98004
92557
80019
85771
24131
47092
74296
90537
90778
74341
45274
78097
84765
18102
68232
36946
88220
2699
12850
79130
19483
63575
83041
72177
64773
82767
40903
2799
12588
88500
9833
84337
92484
90022
46338
56458
67699
60246
19170
51315
31317
63528
71101
95812
90015
1627
10705
39371
56515
6079
41267
47021
16783
14316
71874
1420
91685
58675
42361
45224
14167
7343
19952
24984
46673
72855
37003
3629
49680
98265
34397
37285
21429
5981
7318
76265
95703
88929
67648
57347
77312
39344
81854
44631
97592
33113
17906
19148
96971
49210
56147
37236
54799
67204
20278
91355
96867
21374
42234
37448
46463
14390
562
18129
14387
31892
42365
44099
39060
56869
80394
16570
17523
49217
28206
27654
35275
94033
53981
64598
6131
30895
74730
19661
54264
75971
5471
31752
28816
64898
77998
59421
20230
7646
2895
81102
1003
66488
90475
25028
28167
36330
55291
20455
43885
99855
63924
71895
99408
34703
72526
58658
21910
86708
30439
96062
37509
54156
14945
61664
19535
91874
39299
55363
96775
34432
30385
60991
24644
25116
36550
89816
92867
23900
43754
68399
25077
58752
76422
96753
36040
39878
64743
92032
33920
6814
60035
59953
20390
29739
88257
48314
92595
75399
70491
26893
92770
40449
27432
83709
99417
24437
26990
66573
56310
32220
72889
49020
22682
9142
78785
70593
23993
37638
67242
39003
50118
75114
10890
13571
74573
33569
62212
5824
33866
30951
27540
92815
2145
40960
82365
67665
32248
41168
95871
13047
88263
11942
551
7563
40282
8605
3952
78912
57376
14358
38227
58646
31080
2520
72303
95479
33386
75858
79948
83435
88606
24858
92180
41110
6436
62639
5384
22716
74387
90872
29402
41711
50714
80852
94164
72429
16269
48484
426
69554
70975
7718
23488
70246
14788
14701
68273
9662
95104
40630
14426
36259
28083
32856
1675
95817
63196
34423
24340
40229
78816
15861
5820
17406
54507
41295
97849
87949
93015
10734
78244
5834
25575
37461
33574
69209
19174
89482
56918
8716
97601
99962
42644
31845
27436
55739
32348
17038
8546
44961
56830
54659
35701
99344
56468
54638
53234
18057
12200
1010
14265
97754
18910
88965
15760
72777
16227
49527
86030
3088
4516
27069
17388
20523
99099
74255
36576
67513
71310
27637
83599
41030
67233
6225
59998
15026
95485
61392
57247
59390
38526
54373
48520
42112
60090
31966
92124
30915
4716
96608
26474
86658
60348
4733
58712
93981
55009
99280
38410
49523
23365
51057
87739
36022
92201
41690
30572
28898
78109
39080
73765
60853
94442
8276
74460
67448
44865
86539
86872
82245
13867
89114
65858
82303
77817
51425
44675
52692
99679
20413
38322
65245
90681
34228
37662
32817
56323
34256
75810
50874
67127
74071
98646
28669
73422
92844
54915
1962
81381
41690
52905
81645
7358
55267
70684
34031
90487
19137
21869
84391
5515
27738
47261
79247
90150
83688
4238
45021
87228
18968
69307
88305
2697
46125
15834
81686
71957
71060
71432
85315
2176
23807
23930
37144
52753
58390
71581
55855
95360
95191
38461
38409
913
83727
97853
40117
46618
41756
63340
42356
54374
9611
40708
56869
6751
11242
87035
32296
55628
42531
14117
23133
46431
58253
29062
71799
98143
81765
65940
11130
61350
84
25358
11345
41315
27220
88545
36874
46970
73105
72958
62670
89256
50634
13580
54958
76866
82402
28467
71364
21221
28850
55980
33881
77059
63508
58073
83287
75705
36872
71482
24448
75003
71250
61456
42488
5968
9985
90760
22938
84967
16130
98023
8791
47387
47087
22592
15872
55651
43144
41509
33235
14751
46259
29870
21061
3467
30264
70924
93460
82641
89238
99740
53935
11079
97024
58321
53469
38689
15268
29165
17381
61662
59783
97799
15710
85434
17485
51396
93787
88986
24062
27000
77944
40824
72468
69714
17328
86981
4171
14283
69548
15113
4139
51625
48374
22131
14687
3676
94369
39191
19770
78420
9882
75827
56432
81768
56915
11680
309
110
57440
68012
98402
37874
40872
37158
81095
47163
79840
44419
35021
12395
21844
93261
70092
55933
62638
68407
75416
24903
93467
50811
77392
13537
94386
88038
79748
72728
3461
75272
60261
95898
15479
88616
44048
57469
23351
75920
31378
80291
58001
36433
68917
87715
38391
67198
42148
32025
48818
58421
77275
31332
5585
56604
38440
72061
47309
47776
6229
69725
36874
24106
5855
12841
1726
92468
35830
34727
60977
10906
25802
91059
29980
20896
47560
51866
9579
81753
66007
14808
33310
24686
22877
6728
79555
96290
67008
87127
61489
37399
39326
24314
46625
98866
86365
37200
12805
42086
51208
36104
51584
40749
66597
72408
55994
12659
5413
42496
54874
87780
14922
77482
33379
37724
41686
40755
54204
78017
54631
70075
25556
6241
8050
97331
17093
73317
94886
43892
78192
47069
46589
73236
77347
91448
70539
38477
75169
56202
777
21702
4076
11320
85292
34154
90115
75384
32152
99183
13732
14694
56721
43298
99888
72915
18944
74014
62378
40255
85632
99706
31263
35357
23182
41795
99193
74227
97595
3589
60354
16662
5193
44383
24375
50284
23463
22635
4148
21083
52559
54234
49772
39996
22018
26996
13901
90336
82492
73033
96845
16386
94677
5454
39910
48834
30731
92103
19472
66244
309
7327
41898
55354
22
65460
84977
12762
58144
55705
80683
70546
15500
73568
38623
84232
14562
37901
72092
90374
3430
45033
85933
16537
9885
1453
35276
98339
86466
6617
21357
78838
78808
64682
65282
15863
4249
48003
55078
32710
59714
56814
63104
57467
92135
20216
46823
52099
42844
36856
38562
23092
40843
60598
83897
34945
25839
50540
23889
9131
16204
39441
7433
9403
31817
47930
5644
85011
14442
62497
5540
91010
86133
81596
58128
87094
42225
28561
92147
33588
46254
15920
87819
1416
35011
43646
78756
61590
53813
42784
50805
49699
207
62347
70323
42574
45465
40636
40703
13609
85761
29111
89445
30900
49424
51007
71195
46098
88456
69725
68379
51413
49269
38736
6541
84596
41837
31089
35289
40238
83587
86642
83473
82319
36677
2750
71402
48670
40591
36894
28492
50996
39161
79603
28517
62782
33497
54081
7602
4414
53483
22907
5271
65652
99639
42603
15697
39994
68302
64186
27778
17097
2269
15084
37499
19853
86161
81502
39754
49873
78283
44359
52816
30983
50177
36109
25347
87785
23199
21013
21407
41240
83903
1379
8050
18507
54519
27259
73638
37040
73821
15065
6626
19130
19687
70871
41095
25573
66379
51773
62156
87868
43374
13123
59980
64995
4713
83325
78445
68075
34539
59963
28766
30288
99529
97100
40750
91991
62759
54375
78692
60446
76815
27947
53197
18724
41628
23125
69566
38613
18218
13265
74748
76813
44615
67312
56810
81934
83689
3742
96386
66502
58387
52854
47411
74682
71929
89305
26843
77380
3139
52722
89060
28310
73127
59519
42850
88380
9029
53289
78724
56870
42433
16297
37623
65052
15886
96548
69500
66177
76454
62320
39309
40082
45156
2075
30821
23932
19566
20278
43847
19455
9784
98771
28537
748
82356
98303
12953
95106
38179
21321
37524
36604
2978
17600
60632
99531
2761
15860
65215
26122
92670
40803
50897
36900
97060
60986
73980
77626
33464
76421
66325
11655
90108
26298
79227
79593
22868
88136
18528
82633
73232
79145
70317
61299
84316
87229
9529
10479
82713
27968
9624
51956
88977
93196
57898
5169
8085
95257
21645
93161
98102
37869
12220
20603
5434
27343
33112
63107
63480
52042
45550
18033
11161
9847
58843
20103
67720
84664
82552
9873
60099
86791
43661
89365
88547
91551
83565
13963
73799
75919
44775
18543
72290
12545
50528
69574
79685
42447
24357
49125
12425
5616
38298
14563
67236
67881
36763
28801
31988
17242
25906
73894
95061
31865
30699
10561
58047
26376
69454
13093
86629
76957
95403
54870
55491
51170
19410
96048
64929
22613
72307
24663
55207
5445
83606
58111
5825
19735
73104
56927
52042
38147
65721
12409
34641
37198
70914
77998
76627
15285
31628
288
32774
58969
19327
20795
99344
75571
97165
95993
88203
66528
17365
3182
96503
65875
32168
75558
86351
5437
99905
27569
28272
60286
85182
42587
76151
36849
46754
99174
56004
23593
75018
55411
87635
90756
59157
82917
85386
22129
7856
79562
95548
90198
90717
95592
61967
3874
91994
43132
52561
95544
22602
87564
89922
95029
3327
65828
45275
31875
47007
77636
40985
14548
85044
1879
54659
1217
66834
37557
29502
13885
10510
72702
66897
55346
7460
81689
91602
9429
45068
28343
84546
33163
24901
43303
51981
57955
70583
7233
39515
85975
92847
90136
9034
87709
93216
81774
1091
72402
16009
64565
63358
63334
43482
91020
75241
59645
88862
39155
12206
92991
57123
55325
27422
14238
80542
87700
6311
47508
45422
75676
39724
17791
32228
14450
56422
49062
18550
21599
43806
27417
72688
75655
5154
59994
97396
38607
78346
77553
59672
73504
45444
25611
11412
27708
87593
27232
26097
53567
25974
50722
77774
46087
71920
14319
29821
51162
36998
92257
29758
39852
60982
30934
69633
21693
58049
8629
58061
11203
52936
99844
37585
71411
96691
98454
5375
9851
72647
98532
82587
41444
85359
56664
42546
99784
59013
34889
41030
27398
14577
95754
73124
86546
81124
39066
33715
48846
95136
50232
29460
9485
39235
89301
27698
4377
23313
59954
8831
80345
66479
17183
87748
37451
74361
56963
11261
49583
60894
39320
83133
43170
17964
35929
55929
92482
67212
21300
69430
26471
38260
37123
27457
5890
59300
4980
34381
30699
39271
54212
72548
73359
62363
81380
83893
26663
66143
13638
88978
73534
11010
90807
41625
65113
81419
10386
53743
8635
48988
68496
57394
29767
18119
84129
22734
46445
10312
45440
22985
30318
7485
90420
66759
60231
15335
71371
21653
61823
85803
22477
85520
68127
37213
5057
41147
19873
71507
72826
45195
43822
87428
19122
16515
31046
6533
67938
10780
39844
90044
67485
80050
81031
65260
61774
89740
18655
60291
18809
68889
40300
77581
73581
16384
96372
54389
96694
39552
22781
77042
95125
89663
42928
8694
35145
36807
69772
51278
58745
84674
71386
78650
72815
67530
60486
37129
22825
96319
28971
80653
77215
22118
73082
42023
94694
79931
25659
18633
80934
77450
72513
16244
37437
90957
86183
91414
66352
56463
36292
41022
6199
4513
59870
54188
4968
22344
1618
29800
69458
25474
35907
25815
90903
45424
9450
30982
44060
75503
76731
75541
79572
26154
92774
40967
90403
78045
33144
91681
64494
49604
34517
79217
14440
18940
69327
11994
33912
44302
85422
38930
51454
53466
50918
18372
66388
83892
81086
37529
85286
92518
60477
74789
90289
9083
22379
85119
19121
48529
37432
15334
23615
43373
18128
24051
8860
74703
17104
39600
67579
38114
37739
53203
61781
96863
57226
10610
2225
22074
31991
33711
72810
5485
85216
31590
11860
62742
97197
30907
6761
63490
40000
74751
51551
94892
64697
8481
99786
38409
63513
94919
59947
34579
74909
44750
840
54727
16845
16851
89357
59260
61433
2840
18655
12871
34019
39879
36122
89927
87768
41254
86892
39238
49769
60809
63181
76862
89947
53997
46064
41212
758
11591
98445
87804
97098
67805
56339
63879
74233
24573
11601
7639
74539
24849
14099
43998
4529
38192
99212
23399
82057
36312
87587
59414
12099
18618
36217
80361
43132
49898
5969
39801
49090
87858
37640
15188
79940
79976
81905
23378
45058
14936
38624
54427
12592
11745
81637
73961
1340
46780
37407
7785
11271
1206
35669
21425
52878
7145
41293
963
74403
263
11010
73159
31662
33616
82605
38943
58048
50538
37153
79826
30930
58988
84143
55492
69878
75648
68434
77788
28462
97809
53117
46888
3603
22527
74734
42757
99443
36772
72388
93920
81614
92615
85011
54275
85177
13300
28621
24576
39131
71625
33918
62263
4372
38188
75133
72349
24540
34386
36787
30370
71573
47825
13034
2695
17373
56388
40557
8683
9678
42963
65545
41263
26376
49823
20609
79633
20799
41822
72339
92687
12798
18197
43690
45048
60485
36463
75862
7142
45546
19843
18572
5157
52214
58269
80033
93490
18541
43592
60943
53717
62357
83814
75360
41856
40884
40995
61676
75561
9111
57086
89820
78048
97415
73621
26842
46672
89677
49297
96764
30966
51940
60419
24915
34042
3974
60288
98936
37266
64545
68734
99937
43389
18375
7722
87502
52995
58233
77837
79685
92304
90841
5484
3536
77741
80161
52428
98298
18741
70158
73128
3787
66770
40776
60433
34534
77646
80457
19026
98900
95842
27157
94574
94482
33086
29637
49101
61118
99320
67602
96057
31007
79130
3651
51428
99695
32355
98202
84704
22423
10370
25346
61236
90434
85946
52583
32324
20606
21834
773
59373
98930
52144
5665
41764
72496
29625
54725
72300
63638
89305
17080
99203
54620
14537
36467
65075
91902
98116
14642
94661
28100
86821
24309
81849
7653
24195
13119
86789
85295
87526
30426
26795
30325
54319
68079
4434
23305
1059
92726
46997
76959
77424
40204
61659
19340
29387
88481
61783
34454
43488
75619
37843
14850
31012
58358
92031
76769
31503
35785
93158
20432
15003
81865
80259
59157
88433
27561
75300
61837
5449
908
83902
48266
88203
59558
87357
10088
54465
16967
54199
38875
75466
50019
94896
24610
39620
72737
27483
33878
87318
91110
69421
87599
32907
28473
58003
73487
21683
88427
93999
32395
5898
69526
73398
1787
94876
52041
27197
98578
20901
68037
35412
106
70856
40084
70129
32462
6854
41830
33508
16156
25502
68840
36811
49872
16426
85321
85022
9887
68565
87841
35903
47236
74157
38164
37985
35008
34648
1654
93802
11423
14234
73385
39163
43693
45471
55106
27907
89526
68902
8852
68138
96098
36311
18723
54444
41142
60818
14825
66134
82417
28933
81204
94459
63239
70121
69924
93739
72806
9276
90114
80249
49234
72101
24718
16392
4097
68974
1688
27958
16873
99540
68963
93268
74180
63063
82112
55951
8693
41961
84733
88814
21697
87533
5827
84322
42530
43852
24782
10620
22886
68015
42179
23063
80957
77629
87086
71624
39529
96864
66736
38133
21853
55794
58946
50712
41183
50453
25194
70372
31067
68986
74601
21207
82592
84914
98601
37385
1880
41188
36581
43019
39724
88698
52709
97527
51457
232
97800
75621
53439
14069
46981
82752
36234
35535
99794
29334
75320
40319
94208
26684
89358
75751
97312
50920
94376
25216
87086
36696
56069
28889
86841
71429
53762
8609
24925
45126
97547
1422
77700
72472
2028
88566
92940
96027
96683
90654
15227
66652
61601
99355
73979
28216
37132
6756
99572
40583
58258
31040
37468
50206
3561
86343
27825
87081
25577
11608
52292
82933
62368
672
96778
69695
48360
44920
78900
86893
69703
11594
47176
10327
69193
72296
8378
66743
61284
26186
36425
1471
87562
8835
20154
65884
18564
23658
90682
36197
42409
67080
48451
20290
20447
98399
24992
3785
75390
18663
53694
80008
29929
41318
60082
53621
10132
87681
52392
52176
93379
5827
11646
30348
35289
73200
39530
50509
24249
2945
79467
19332
6940
59534
44513
94062
34752
15511
50777
90671
70109
47333
14748
88194
25446
62472
8042
77658
28313
44164
59442
39924
80059
78553
55187
34461
70444
75834
45110
24924
87631
3333
13931
88805
61860
57067
58518
68730
90691
55245
38136
40250
44229
30938
57621
10884
29132
37957
28731
75708
52201
9304
33261
43839
18670
19363
47279
9281
33025
80915
67917
41754
95509
59712
80477
12079
22922
75130
15479
62903
8541
11503
43720
48879
1016
56278
21244
43517
56157
32989
5448
76499
88745
75343
17916
59562
99256
72817
45234
80103
26675
33313
46226
61114
24692
77262
35411
66259
26922
66974
49759
71160
81600
83131
21370
39974
17971
83586
70277
16645
87612
55148
21163
45105
84468
96522
76350
72829
10428
29266
74260
32529
84914
91444
3187
10244
2652
57773
76967
23959
76817
78226
75199
83211
16490
86368
4394
38129
62974
18227
57171
2762
90836
76444
90969
14629
84456
746
78911
16132
94246
18024
42109
40811
99706
68856
16910
37439
96636
93273
8472
43405
37910
96624
41576
67804
93405
8993
69570
53582
57331
47566
46453
32817
79879
50973
57982
83946
14514
54353
83382
53962
55027
69639
35986
61251
50971
47250
77453
23152
86850
27129
9778
81598
79019
85122
33108
47456
26552
58528
6971
17472
13391
14638
66922
88915
65113
53968
36278
1829
47609
47338
30007
49660
8074
19260
52075
15714
39770
27117
16043
66274
5380
29940
86856
86527
68243
29868
10224
49876
32091
52425
65900
3319
54623
93233
57666
92130
34342
30693
46711
30649
33931
68304
43077
73774
61102
59888
85507
19106
56762
22484
33571
99600
82856
22672
66984
27881
3029
9639
30421
86715
44526
68620
79502
84219
16114
56356
81879
52647
71617
15426
20214
43393
5232
93322
57823
65157
91411
10533
95708
53743
50241
6570
77174
39961
29042
45469
60415
38565
54890
60763
5639
98174
23359
57866
49905
21125
8
11158
93631
45318
40810
47056
67017
14324
39742
75724
56606
43890
79473
29333
9068
69559
2680
48433
47743
68290
46446
7839
1221
56162
93668
73166
85574
11549
66425
17033
29692
71812
98460
66164
19379
49169
96964
68828
91568
95594
73207
2937
50748
84318
71206
74181
12550
5048
78387
82852
13013
44502
23917
18789
60682
98819
10536
51955
27922
47771
78964
72545
29265
46559
40329
42606
6922
60493
18783
73602
63287
69889
8628
19074
70150
74127
26800
57493
25865
91642
15196
76968
4169
12180
34273
4192
98698
42515
73539
33098
87535
91284
3241
59628
8061
60961
55502
72967
32390
5970
19177
42392
56986
12474
74918
40730
34650
22862
31978
32607
10124
64487
9721
8594
900
29218
3317
22466
79450
53056
52260
30021
19677
85607
66957
65397
93476
33368
38343
77092
62236
64848
13890
95550
12845
34299
48726
65582
53016
58418
2366
73012
95056
24528
87699
69375
12757
55454
82440
40010
97384
52126
55305
54343
46798
83861
20731
38673
12955
84714
85165
83772
34092
97556
28492
88302
56303
21620
8974
56884
9732
28151
88961
21862
42745
11271
31432
3671
95156
68703
31171
46858
8183
72344
66029
81947
31079
73966
282
52651
52754
39747
34297
6760
94395
26834
1335
87556
73091
54476
74244
10136
13009
66941
44734
91942
42027
78615
54946
89415
52646
19421
11379
33229
58424
26454
77187
31868
42731
87895
3549
42021
2818
68859
2378
92441
82609
34296
75316
26853
11652
15237
46435
55574
91526
83922
7032
80149
88338
60694
9859
53388
8392
7377
31497
11180
23299
98307
9285
69844
89494
61620
52695
14788
29641
36298
2479
88236
43429
66588
28160
7726
64503
21464
12634
34164
8787
71833
86986
79014
75924
87710
85997
18673
1318
44290
50844
68827
35414
92717
88498
65100
47748
65440
7828
61841
61498
68075
51056
7061
92773
23798
70830
19150
98684
97323
44054
1887
40923
61105
45586
94139
13666
97826
29933
66831
77805
34825
24705
13421
71900
42606
51999
7197
22358
38642
29772
28194
90220
37710
11139
18059
52885
99434
68704
27787
92058
41982
18066
78555
49072
48848
82590
95703
36417
95198
50381
95779
46289
45506
10796
49306
8376
16616
62157
95305
38892
30197
97673
68212
94147
71750
33975
34094
32294
97914
29299
15851
48004
36537
37980
55819
99672
78182
34481
21325
21767
97077
44146
2144
66924
52201
34925
1774
7759
92383
41395
64799
6653
75299
69288
44866
37893
3238
94103
73616
99035
94668
72350
68621
41291
72714
15878
52319
35636
15571
21386
91163
33039
2086
17188
46025
75252
68728
41226
29408
87225
57268
89559
43588
73055
45320
37061
51028
44582
27482
63391
29568
86224
94130
79498
22789
36199
94409
91608
15538
56802
97836
39113
64001
84313
28938
98403
59719
14651
42168
63709
29945
37369
94043
45721
20704
41716
63155
63333
24550
44469
37099
65632
70406
67904
6375
4742
14988
11546
87753
55258
55504
63612
46233
45398
8369
10204
48744
25542
76951
11964
30361
52325
89282
12500
13284
29539
98679
88093
69316
89639
92684
52964
75730
48868
59110
19535
23160
93492
7543
72399
44231
44283
27870
88932
12707
25734
86490
37356
92179
88942
85241
68122
35941
31617
20692
60764
73243
87015
55128
92150
43380
7229
97026
48663
12968
49920
63238
51415
96551
71791
60619
36940
78110
94628
69304
5845
75038
84613
77153
28055
36925
79999
12777
55869
4758
89076
64111
80365
74955
68513
49290
78245
54768
77474
69162
17318
45828
13478
90142
82710
53446
85549
15969
57548
36789
51002
5542
7453
65245
57319
35710
86364
593
31110
70473
99935
23817
72706
16904
61192
2015
26711
84227
75973
38068
2852
95335
96185
65699
28172
72587
3977
50679
49232
24650
40433
83031
5653
66466
79434
52312
80614
29193
53388
68756
48116
23317
14041
45028
4896
80907
185
40173
61596
27543
51909
86658
79808
51094
63746
83205
52638
7977
9393
30564
13952
79694
85255
93791
37411
97358
19432
10990
82965
7260
93908
16089
49740
21923
90716
22159
96574
36766
36050
9407
95425
93728
50276
63811
49115
73336
50889
77336
2511
59264
79497
42443
69124
64093
62558
26449
15141
43160
4201
42359
34170
71349
68205
40821
32260
56514
36130
69489
19576
41462
29824
21654
52927
62638
7635
56109
68566
89489
64228
18565
8961
3580
82519
29165
34222
94816
23869
59213
47705
50621
82491
25943
82718
77921
57436
8646
54079
2689
34743
72953
15797
84028
18168
30551
22411
41298
31515
53900
78265
65273
88854
32541
24407
885
8274
75003
35009
99703
61893
36377
45531
37933
12999
47347
97763
28939
37124
40912
40813
34577
92818
70726
96486
81606
9244
65827
10306
84245
39839
50031
58604
73287
21656
7937
48182
16999
4631
93691
3088
13996
99887
90845
38715
95190
79180
88000
15657
42588
51666
51562
57906
81825
30654
98720
52079
30938
23734
9387
35067
83253
42392
12903
65859
71695
34691
70377
24151
96334
47226
99888
89500
57396
68112
50498
2808
20965
88056
16600
95533
5530
32347
13824
63719
12848
43993
2765
80347
15554
83877
39617
31886
63065
19633
17701
96836
5617
66871
42332
37325
37016
29701
84927
73623
68797
78235
7359
56551
94113
16487
65333
7067
91708
44921
63811
48987
69345
48761
4825
45784
33041
59419
16378
90773
58940
1723
87814
37915
80737
73365
88557
8493
44237
25245
90825
47319
96494
59884
83167
54087
87706
72510
65193
58618
66487
83579
76195
52597
46294
46619
89038
32871
35463
74092
26240
46917
23709
80857
78863
20274
69623
64881
95198
56202
32947
26952
99087
21795
13253
25919
25964
80742
12801
42548
63980
66158
25975
58315
77763
78866
40224
30220
79992
33884
50228
31105
10669
70663
40184
68987
96656
17535
79393
4668
36602
83530
32869
36176
57115
62970
21824
54050
90624
21034
56482
68216
16292
5481
91675
78062
93995
43364
3409
22146
34154
39575
97346
38183
70797
80676
57125
81948
10763
40295
47103
50928
37372
74503
87324
84004
56417
6518
34365
69989
81154
42234
96996
3748
78460
31860
97441
35794
30807
68450
29954
34175
71794
48452
72163
79723
81594
11096
77953
98822
1270
451
6833
78935
26012
29702
98345
75705
98728
66473
81411
21515
60980
46821
21647
20704
32421
59581
1435
576
16266
80025
10508
78764
58477
94959
211
82800
71726
45588
52914
8036
16591
72937
728
49400
2830
96455
82123
4443
19369
2215
23084
43040
603
91937
99089
58965
28115
86208
54453
36851
53791
91748
38111
93666
98542
86796
21546
7917
32832
33295
68009
89485
37525
94353
74695
95959
48171
45875
84297
19514
91884
81318
25362
6125
41375
77496
78850
53948
18514
19623
15242
48409
92278
75538
78085
29527
39231
4345
93315
96226
47100
73775
65199
80651
40388
56661
887
44328
3348
7909
10984
15885
77089
78996
71516
13058
16233
46617
70869
7872
40406
43434
97029
12192
80320
33852
31069
65170
8044
87731
35467
17317
13529
95419
99519
92748
10779
47366
70222
30991
93368
22600
78172
6695
34025
91456
84542
6119
54285
8333
32331
31028
52998
52172
19638
20369
57774
13398
53564
8500
52813
22608
9893
40282
63866
62045
42450
34052
7585
62824
91536
48006
19401
97881
74324
48756
77822
22790
54727
29298
89150
72451
46968
48706
96859
21007
44759
76653
3572
60202
28704
56667
81759
59766
91998
96145
75753
85426
50575
3536
49231
18999
25479
96092
85326
1719
96126
23037
21452
45182
68487
77602
9742
3545
41585
68671
58875
41088
52057
26219
5275
85455
32437
7301
37057
11998
76605
36157
58712
95518
1903
48692
23012
88611
71465
71527
33888
55231
18180
56844
94604
8802
59775
28579
66012
26710
76449
76200
94819
49505
94616
33565
85014
72458
88535
92992
58020
99376
75050
49271
