22352
46098
47066
73248
14626
67493
98429
3668
49099
71095
21920
28107
95407
56950
7357
76465
44780
51745
62948
82018
40137
75359
60145
60701
16695
34302
94197
36389
41632
75011
27717
99214
84076
43079
10701
84452
1903
32220
80526
40389
25911
37109
30928
86811
34517
37416
19954
89228
38001
65058
87008
35281
39148
64962
61720
47839
45456
70623
58797
86729
36663
1154
8747
51365
16937
40688
98080
60487
48769
80031
33926
96871
24837
94661
38285
37618
66444
4561
72956
53183
3696
15269
15917
15386
24635
83299
8857
43229
23923
500
22515
28827
99132
31124
4827
39441
32353
6719
57716
17739
61254
88382
41313
70252
70073
78436
55244
62244
82518
44107
89269
61523
68526
98398
25572
34973
82805
96165
7846
51710
86042
50953
16831
80913
1699
97450
39191
4251
72039
99163
56721
20072
87847
97020
32601
95930
73012
41626
28334
25177
79139
4378
84811
30457
38308
86908
27031
43805
11942
90033
67502
22145
94060
31745
75105
79730
64927
39845
11845
58026
76871
49783
75945
24681
90335
37877
26756
95285
79873
74388
96552
26224
18440
59448
54286
23312
40917
24547
46785
11296
59712
10197
42058
14475
89718
62320
65479
42196
85270
39003
48468
72666
72410
43853
82243
48091
58533
43281
5190
36820
16942
14083
24666
78188
18184
65114
89638
54032
71132
94525
74103
41791
67805
5499
39526
51843
85422
75066
2853
43127
5009
90017
93886
80028
91499
44710
28367
39988
84031
26426
5868
54272
43109
88060
5297
22654
4585
57939
92138
64960
9732
30700
95410
6733
39417
35410
49924
18600
30887
98296
55603
36422
21162
86424
50019
67036
31583
69514
85135
42515
97592
92848
38456
89876
99191
66479
49534
11250
38606
49795
96712
5053
20058
73605
18156
57286
13548
61190
40579
6580
89342
10161
91168
46555
31480
21274
85144
48160
50223
55145
16515
4312
34984
34209
2008
38426
66009
22578
76081
69476
6071
58006
81264
65771
92289
66390
57885
8940
64205
761
62619
89083
20956
50403
96488
5643
21844
60267
99359
80349
83883
1557
21794
21127
49828
69093
27347
79794
3898
67217
40829
86791
76067
20402
25113
90596
94760
23187
10774
99245
30341
23637
4777
52901
98992
38189
25032
28683
91512
24585
29981
35097
75681
10948
36739
80668
71736
20765
63625
9757
34118
35287
62708
54339
71019
14231
84561
49848
1397
25462
75076
92853
791
49665
32935
58037
25633
49451
7446
53342
45343
60301
15979
51710
85315
35991
44285
54908
23118
65520
85172
175
47452
70748
47305
89029
44387
93249
26734
75783
67430
82197
3644
14206
80140
49303
18628
52133
12777
66612
25085
9353
57069
87653
32404
8430
86769
63825
98234
77971
2713
49911
68100
54088
10394
10091
89550
90042
71766
28542
11772
70287
75569
33362
18809
97063
24008
18360
21041
92072
42820
70472
30999
13513
89616
85337
86717
93252
61773
48219
3883
51216
46931
89660
13769
58521
64464
64360
82063
97199
72817
22989
43684
50432
32858
91440
41209
83100
32881
51905
59424
72228
23965
89644
98538
41754
17137
86333
39595
45487
36246
90430
94066
30486
37104
93076
75229
67440
17156
56345
92728
82988
61303
62668
70414
55746
49929
66092
32419
69410
22532
91108
82986
25356
33010
9919
38193
89884
69443
99841
11685
12887
46475
82458
60245
15652
73016
98102
54027
50110
40457
21897
94408
58959
71684
62942
52490
91968
13378
23873
72672
54904
19728
29841
5945
93759
57628
37606
76021
63086
45837
93604
34381
46690
71613
70538
43697
78742
22455
5751
61057
10234
62173
98741
95780
1315
33421
60587
9300
50455
7140
88907
25316
77007
28496
86176
91040
10055
16839
66891
6955
95019
3700
13248
33969
20966
44900
28933
84803
82696
9506
75744
44649
9521
33880
41272
46229
41647
14311
57440
52155
24677
29858
82805
16586
14121
7440
61352
19420
15057
49292
3062
20438
17539
91223
85005
63851
83386
42289
3206
32703
57316
3705
36422
39547
7956
23379
50754
96704
74421
28206
83044
74509
24018
69490
99637
36416
5975
21097
37272
49329
83452
4925
68577
40117
65603
62360
21731
41497
71851
40145
43634
31386
20992
59363
50445
75315
40149
95707
84558
44017
13877
75410
55275
89467
6791
85887
3072
61563
2548
39721
99184
91394
15735
45978
55646
5158
97095
33913
77479
28159
9226
21139
95559
95226
12785
25213
87784
93979
36308
51339
1067
52736
31951
3525
24857
42684
8229
49803
37260
42877
7832
11603
95096
38243
10981
81547
76023
3916
70301
77411
85356
43887
59498
22504
20270
47421
72362
5174
75037
95453
88375
76901
89732
69737
87288
75673
75108
53219
75590
45894
17072
21488
8052
91425
93925
50581
27072
6732
86783
18812
93314
72421
1346
10002
5582
7927
97558
36967
36294
4902
99541
51697
36239
9774
22464
68990
19335
83218
20496
43580
68117
50818
15255
27564
99379
77665
16625
69088
1668
84136
8028
4536
61273
62336
37617
58701
29027
32530
92159
43956
45870
81379
12347
41578
94400
62588
79313
77652
53033
45897
38585
41442
89040
80993
34327
7097
73919
88693
68964
15092
43698
56648
15703
65626
72713
6562
7354
65360
7582
74498
28574
77204
77768
3212
67378
84567
68842
50032
7790
10437
24389
25952
18612
95403
73270
1313
63335
30533
29131
66228
5605
78545
47590
38312
88960
48840
70551
36381
47050
95947
7143
54105
27651
83678
11815
21564
5396
44680
16364
86052
23328
66479
23436
16611
16523
89753
23629
81719
65266
23865
15027
35297
77999
69542
60088
44418
58068
52935
6986
91198
62642
17957
88724
88976
30187
56688
23527
2165
29838
83879
20460
77704
267
5412
15604
13940
47797
19522
66037
46617
93008
27871
96784
59547
8812
52179
10462
31819
44770
80096
22829
89206
93950
91169
35264
13915
39288
60608
64721
12083
7331
92259
79818
10763
62113
49224
55731
8026
87299
49488
25665
7601
72033
37591
89229
39349
72849
9728
11995
12083
73637
48032
55833
31732
37044
29589
82600
46722
1794
47474
99875
29352
74091
25468
48460
35677
16627
49499
80086
69790
74378
50000
49430
24803
33449
80043
67594
81108
69912
29303
97777
93070
53676
43633
75115
30434
74339
1015
81893
76776
22576
82299
33355
58036
49842
8745
61291
39468
9089
56827
35761
3010
16120
17357
8371
51158
91837
47834
64777
45014
35103
11623
47208
19550
14237
11106
28489
52965
76274
48622
60485
76886
88853
17225
85802
24837
38654
21280
16480
21164
68990
81502
70605
20644
20712
47014
80803
92047
26018
13208
45208
58964
86593
93306
93953
57237
2358
83813
30010
31766
75280
39243
18623
23273
69358
67898
54102
97332
13899
82491
52544
10346
25494
73101
19385
13805
58251
90508
8915
19632
67165
54545
60778
67055
97872
22905
1219
8000
49192
81789
73742
88270
42135
48446
46803
16028
44421
89435
88998
84896
12921
16557
89147
6217
97903
56224
83094
98966
39299
45173
97297
89503
13527
22748
28995
4526
10188
95688
78652
55546
73571
20271
84337
51672
1858
43601
22229
83085
21215
78343
5365
31188
41908
55226
75447
30423
46253
20567
56999
17906
60071
8801
88480
48833
18534
26681
18441
61053
1562
25566
54547
44923
60089
72312
90748
14396
80320
27319
87830
22235
70076
67251
9679
80066
11119
43426
92547
99349
79334
7827
26960
84538
25935
95023
47344
35985
63054
18906
38441
8190
51238
81581
90055
17786
37397
6045
55315
80816
59524
7489
61822
47272
77409
14578
71722
52145
4309
29770
43911
59620
78357
64634
83752
11810
36703
51221
58570
79943
83336
20250
60819
60890
77464
78883
8671
73794
14173
74626
49830
285
8500
14901
8498
4084
11720
22094
80965
28365
11434
24386
22959
90198
17715
5304
50877
65366
71166
14637
32558
84382
78796
24696
50573
31333
44760
41202
64262
30008
83690
7551
84669
97223
78919
41870
75552
38280
92378
141
88426
9300
21436
92821
66780
46578
73898
50111
65179
90480
76339
11365
15676
74188
91133
10529
68182
58853
26515
25524
3511
95342
74067
41891
55898
17569
12849
94934
21159
50909
76693
12430
73716
49477
92267
4083
97650
34963
6671
74439
54869
25450
33399
11721
85111
48788
66682
73922
82267
742
13417
88452
75525
25142
3198
81835
47730
94224
52558
99232
82769
6696
62871
6353
18244
82882
59017
51036
54280
29435
25407
70576
49925
14383
58294
83305
63315
29989
53351
37358
31288
62736
72098
24592
4346
31454
37730
66348
32853
96167
22373
33329
84081
49372
31173
61303
70156
44745
83871
1044
10491
93770
83849
1675
76238
32386
31046
24731
25799
85198
76949
6568
36726
89532
75214
49145
56788
76384
44872
67214
64037
51089
37828
81799
45524
81489
33729
25124
36690
23518
75989
95294
21288
64855
2514
78714
34764
59416
3505
81901
96156
77597
21291
80887
42126
47179
33440
23859
2240
30464
10001
97652
18528
53552
48557
17556
2551
6109
5989
82350
69566
73173
64579
58921
16722
56014
11951
40383
95907
22227
87276
42307
592
23589
57598
43176
61358
55081
33328
77369
29510
2231
9789
38334
82125
14105
59887
30040
41753
1523
40019
20308
95397
77944
79109
36955
55323
40053
60000
48510
93436
56573
94522
62473
35818
29359
97363
67751
35981
5036
95907
10597
48577
97630
21660
25763
31570
6434
51770
38033
84844
26258
4273
91842
8061
50599
33209
68255
54020
55949
6981
97618
25759
39732
30
49515
42012
40748
22260
10882
78943
50311
19712
5617
85932
46476
97951
27677
91331
64611
55241
1479
402
6464
86889
87812
53934
79518
37379
15079
88238
11641
72031
46210
16920
24135
83508
4148
94535
89127
74987
74407
70462
69194
475
18435
24564
49204
19103
9148
79254
9620
42228
63412
86854
33757
83024
51017
49157
918
44118
61895
71193
48797
13480
78323
1416
742
62798
89261
75564
69644
90950
12998
4076
18816
72044
85040
17253
51838
20191
26870
3082
36316
78106
24688
23912
94402
8947
29351
68847
95504
27921
82927
94409
63623
81013
42274
97453
49652
71228
66020
66979
47023
71834
84043
51410
28585
35749
12262
22816
71157
1031
90995
16603
74285
26661
38108
19572
49355
64205
86876
36514
63143
21067
66298
37963
98244
38403
49694
1312
94830
72634
63748
23360
64739
31765
91873
48183
10643
26992
87378
6147
42608
8631
74227
13511
11056
52249
42308
86295
8786
44113
66196
21050
95485
24689
70666
59517
93225
85390
31699
85164
16866
48502
32253
49091
99601
98231
82860
97827
30786
28039
55279
25733
39189
11705
42619
6808
42716
3583
16838
88026
29781
99819
77620
36234
34158
66716
92100
7287
36920
59593
4616
83633
28145
21794
93051
75363
33081
41308
8855
39344
7235
78014
26425
49499
36820
98383
77042
73709
30913
99656
71095
41524
51924
21237
49152
49059
67328
64511
6813
79533
15450
90896
39156
95423
3939
87605
95980
76164
30786
63714
67551
40708
94684
8177
32341
11949
18059
17592
37395
92791
7571
93977
98843
67084
18788
36492
71519
52962
13065
87158
50767
60442
60833
99996
71362
51442
85455
7427
44527
57679
41008
10112
14501
48672
10121
32161
78528
3360
95252
53628
55703
24174
92428
25182
58481
94786
40213
57174
62737
61372
39579
25110
72048
16244
52726
25795
63669
12453
52836
34555
57416
30998
51040
88314
87757
23716
12141
21783
63716
80240
16745
83049
59314
78874
59380
47017
76509
46335
13481
70715
94891
64455
77593
1687
67929
67095
97387
55088
13198
5883
81636
63400
896
43488
36936
5030
27186
83829
97048
93566
47430
86135
23633
77351
11173
39081
64431
69635
35617
26965
76615
47652
1398
30269
75444
10335
16284
68112
84583
62838
30799
18324
50226
55553
85691
84932
82447
87484
93832
46971
25991
10195
54646
12513
79028
26460
45422
1734
18143
77358
90668
39078
54446
25021
28278
73050
68649
53993
10305
19091
89185
27384
39541
98112
8449
21426
82137
79175
31967
510
51345
28889
33958
99360
91007
42297
50239
19131
35024
84560
41430
24055
12804
19257
34857
61793
87339
19363
24757
54092
77287
37447
90590
91974
95514
82177
43644
87748
67755
6465
39967
45190
33943
28104
63075
69821
63528
39515
94894
46103
44028
51491
64578
4777
46274
29638
69825
11280
907
68348
77649
50722
35946
72001
67210
2680
94469
67721
78968
25134
82355
21596
98516
21627
10293
31190
46057
46290
79546
6528
41231
36326
47249
46655
76610
66944
92242
71789
13028
84151
82122
97356
71379
15810
17104
69477
49836
40422
33226
29023
60783
81177
1239
91234
1054
44331
69640
68169
58297
17828
84646
21743
12649
43602
13077
98578
37531
61942
54816
90895
83887
72207
1457
84071
38722
75638
34769
74797
64946
62322
63860
76486
89962
93769
9466
74227
32886
50446
35225
77729
76625
93026
98120
72792
32384
98625
45994
8063
65448
74602
12865
90706
78123
66240
61811
43468
26820
93509
92790
47325
16331
49329
2778
66008
77357
30966
13089
91745
3258
94347
34505
93154
18168
91688
83477
55624
97774
67613
50334
1107
13608
2434
12099
71052
97927
9296
45825
84050
258
11974
8713
4990
72365
30930
63606
58276
52465
28595
19061
2755
88275
91512
81044
86975
95318
69292
66087
47725
45760
84446
61598
98045
3445
99019
14501
72820
20051
8295
67494
77961
54518
73596
38351
27194
61419
48226
77863
38863
22167
21100
88553
49924
89833
4299
61770
41069
94498
555
61199
24077
80410
79884
92675
2683
88594
3249
2816
43183
66165
60293
76079
44893
74400
14819
26300
11134
78384
25234
56594
82700
27957
80251
55782
97600
43445
27988
27815
84295
4116
96938
26882
65422
19527
6594
7469
6362
394
14577
15878
99588
67322
78636
85593
34259
40832
88553
9789
86570
52646
44068
39748
96427
41830
80988
61870
1074
79927
85213
49931
64774
90669
63396
78775
84905
8635
37786
35491
89953
20963
82635
47475
88550
85803
64294
11266
37256
91215
60687
97959
87283
75172
33601
78179
75320
19015
5658
74008
94132
61560
58435
68460
70735
11966
41813
98632
89530
9872
89300
1940
34218
83909
40543
45084
99439
22325
14288
22404
72404
47720
68208
31613
97508
43479
97806
56177
6676
96884
66590
14720
25789
11678
86888
31201
24579
77187
62895
79844
81937
52092
23908
48145
50473
1640
65907
6
54500
64248
86499
82452
92248
16234
20985
66384
30735
69584
20618
84832
40553
45326
27626
79020
78515
46246
96466
85170
74318
25249
72614
14900
15093
36929
33748
57939
94009
59194
26743
86017
15642
45007
75496
46710
26290
9515
97726
75027
44006
46230
37445
79077
50269
84453
67942
61159
58880
9713
16905
19129
95669
69300
86809
80408
31604
22814
92040
43852
55261
84926
77762
72938
82804
70351
59001
934
32704
55960
45254
50404
38451
32878
24535
20264
58429
67085
17786
41838
86093
69993
55767
86691
29793
78915
34107
45481
51944
16531
42875
78023
50144
16571
25405
4153
35279
57167
25301
28970
62294
22561
86143
40425
60781
19827
50289
85642
50203
19434
6464
85575
14600
63854
95788
68765
77132
71150
28653
49073
63661
84042
20602
88760
81760
63069
86247
98535
95701
26840
55098
13315
58892
39127
15891
66448
75898
23357
84632
40095
17831
49842
1917
24136
13147
38299
69926
58840
9560
25674
21646
3602
55584
68266
72354
403
71307
28827
9315
45905
44462
7815
41313
84709
74807
19878
98950
85795
46637
64242
61400
42334
13395
84138
85785
65275
67038
35985
62220
21004
46223
94421
17059
99156
56028
74125
9248
81230
36245
98965
48611
86269
57691
99243
97187
45258
719
14064
13087
10675
41825
44297
90641
63454
32621
65698
15389
25788
2110
50146
63019
48193
33558
5016
46174
32806
68619
47872
85706
7946
52951
56954
83796
29649
13807
51915
82268
47654
37610
62404
82111
36872
2709
78079
86172
52116
60868
31702
23073
3306
67487
16824
38830
80942
27877
11504
87087
78782
50410
14085
68128
13232
28423
44642
9369
57210
51919
82613
12429
63945
63121
98980
21736
7654
77735
85431
1995
44144
84806
66822
18360
78653
84107
93635
45520
54997
4144
32790
40843
44953
1742
38481
86122
85768
77466
36054
12702
6767
50214
77580
77472
63097
67180
59033
52050
40322
13858
9717
76120
31695
33288
58658
93745
52350
48454
45683
25797
10556
49497
14571
50496
26590
32587
31772
36492
453
25831
48088
63539
26971
89787
74951
45568
16551
53131
8855
73436
36353
63990
40086
32235
34007
19901
18630
76815
21708
25380
68388
10678
57728
47633
49650
42054
89895
65416
64269
47486
20727
41461
70094
13499
97049
61138
91312
37816
62549
39371
23640
69583
63749
29728
73731
93553
29042
32960
59964
42869
9358
75322
79053
83155
48818
85218
35086
3819
42865
76864
88317
41507
6639
61250
32284
28052
25228
96601
44938
55171
18160
15621
63559
92334
86429
84501
90359
97856
56575
67086
16426
51700
36960
83324
98433
13066
88896
81058
97925
47743
30601
74260
93732
95778
58176
71885
39568
65425
82176
40380
83736
32827
25967
13646
67234
62571
45045
28458
2504
11501
88269
92917
50152
19128
3607
80456
86983
84437
12357
92017
81867
42248
14834
75650
56191
35382
96279
74522
45803
83686
82845
85885
9541
57605
2636
90397
26172
77954
10077
48946
87333
52195
60304
73016
42208
42058
62937
86176
32544
23087
71607
49347
21893
2477
65916
91777
67342
4430
8525
23454
66487
70911
38709
46845
77361
2672
96948
73009
50950
3661
85103
40512
24965
950
40879
10185
78344
75050
2410
22060
81969
10818
11730
91867
25063
79919
70283
58496
16082
4300
13322
39048
68699
10154
73990
72439
10737
93989
95960
72680
13755
56308
46963
21976
87839
32751
17965
71597
76004
25690
55634
91240
11724
39540
38138
80331
55210
32442
74502
5241
61464
97403
54215
73174
37817
68514
74783
65841
71997
69280
38059
2492
6241
24971
63926
60457
85327
18102
90309
10187
96254
63656
51790
70153
49565
96765
40726
10542
91232
54642
7328
11121
57620
45872
4987
50381
93506
93677
78275
81607
93339
1334
96652
90276
38415
22493
53923
84430
40834
14498
39852
95241
66785
13282
57630
89927
1941
79644
7520
80324
37273
15027
52765
88745
58060
90069
80937
44085
9293
1748
28213
32913
65084
20608
98523
8620
24431
34049
18371
52133
13515
20460
98757
85990
71653
75873
30630
55503
74627
99270
1275
45158
81111
92769
69280
71921
69055
36305
48302
56108
69667
81696
62819
93548
20539
86521
4107
91405
56670
50325
54537
67247
24909
23434
21079
27617
2939
3953
88720
95127
59488
58191
45715
6236
65617
67280
34207
60103
42304
7810
83142
69424
88555
75495
49989
14606
8971
49825
28061
41626
17395
71725
85542
30033
22357
56790
4694
46226
34068
53596
91241
81522
99127
50877
95512
95364
83903
22958
12099
2948
34271
1973
42965
36873
19039
55620
29577
1931
13652
80537
4330
94524
87494
21144
45825
21718
38780
31565
74222
83215
30197
51701
52859
15893
46750
27476
28152
45212
33299
15912
20240
88410
58675
3247
3778
36888
19870
89029
67357
82626
42749
19466
9327
15678
92892
52788
93036
86283
68529
5335
8995
68987
6691
72149
85329
2349
95468
23035
34259
77313
49454
57330
31261
25877
45183
43781
21285
54357
16285
64216
7854
26778
51429
58730
2320
93774
20633
21005
93516
26459
13864
33334
54325
81479
34761
26756
45344
86281
90535
77705
22992
87609
17066
85331
8814
10758
95541
12094
15078
12356
57342
77445
92727
78593
70586
24245
92636
10013
67107
79691
47803
21697
3027
56102
84648
76542
53696
67841
89224
58674
38415
85921
20636
46842
55456
1498
60108
38012
32046
17710
81489
50220
56728
4301
39365
52019
7682
88827
11518
27826
66801
69114
42358
49016
74961
32594
75935
17916
1120
78734
66235
45727
50281
50212
52690
71001
23447
18625
17915
54702
82377
18372
31648
62479
53137
35377
45512
53393
42170
75272
35558
80401
83048
17995
12910
52335
16431
6498
64337
39768
76216
64638
92315
1350
12417
86608
84566
93234
88430
44633
71145
85105
12453
43605
13686
45086
65607
35803
92635
55001
71590
96873
74928
86958
503
26598
24697
77528
61700
10043
41516
45006
32450
64639
54385
85725
10950
26904
682
6515
62541
7181
27228
44971
81205
25920
54042
12804
91484
95561
70066
47830
53611
36726
61032
74430
99075
73278
27368
29755
3674
29315
93531
71702
18495
38454
86983
53464
75
71297
39411
86638
37429
23714
22727
20704
921
12235
47380
6021
5942
43262
60988
384
5422
84558
73854
92040
74048
62152
88883
26473
26744
82424
96157
97808
25694
38808
65990
98494
30138
99704
79399
74497
69848
47041
76141
2526
99501
52427
98807
31911
32656
72065
11372
76143
78757
1088
35678
38511
44724
74075
70414
80422
62493
24511
41908
41237
50366
23321
93128
42366
86632
19286
13173
81623
57986
53729
96216
9824
50161
45889
35322
18645
7221
30726
36144
23169
93643
29697
6548
96929
14196
93588
95117
30099
19243
30034
90957
81313
70832
84777
76036
5433
90648
84564
19937
72437
45342
78097
2186
90442
54244
28259
46601
45757
10866
93107
73135
66346
42623
66824
43458
89991
63486
40427
84404
81442
89089
20815
63893
13824
27702
71526
32880
85402
7934
33293
25549
23519
83060
31773
86059
40701
19770
71306
77629
56809
61522
63446
73727
75683
93455
1703
29787
67900
68548
57318
1907
63164
97120
94617
98891
57031
4287
81455
22397
5103
76935
93509
13289
34798
40830
69868
14738
35755
63650
20814
19815
62456
23150
76502
11863
82260
91538
92998
45313
83055
18306
2397
97006
43006
241
7384
40033
94438
26353
69
70468
81060
63215
40745
69355
38144
32212
46130
77032
69428
54254
19438
77861
80047
28776
88043
52897
10726
66576
29502
11225
65825
43784
65661
12588
62097
96151
63104
97397
91476
66298
3200
23016
89194
69728
45584
83057
52781
935
1727
45349
80946
4148
60539
89180
24077
37408
9043
10569
92241
33704
62895
22610
39614
84898
39943
25559
35512
49341
61911
36012
5684
64867
9877
98716
52311
28462
18834
41729
54987
3429
56057
24020
94326
46597
15146
51854
25142
75506
57263
33788
90085
25154
66334
61351
71664
18618
5977
28890
33722
77370
36577
86234
92821
48056
3497
43310
27680
10103
22903
71973
69811
27697
34986
18277
98423
72242
29797
35201
98293
93992
5662
2476
46758
98699
14320
15616
29984
4039
88529
62974
24928
37254
72146
39810
80580
86640
13997
68461
77323
38509
30269
40249
936
71953
16970
13855
7746
5355
1909
76736
42821
205
77741
64087
13081
86420
56345
99431
44507
79953
29162
19921
81936
30990
63334
49530
650
22789
7587
13172
15244
68455
48459
35661
24580
12405
80957
51176
63747
84454
33193
17681
66218
2603
14239
99296
25293
85543
98968
33076
83270
40867
70344
72506
17721
50964
86556
55086
94870
56864
30982
28714
69811
37619
66114
63763
76074
33786
38034
51367
24374
1446
49763
70093
25190
54181
51851
8065
16169
1905
10547
16896
22842
60837
37545
55262
45147
82928
95103
3886
67592
43985
50541
38365
18534
68633
13851
9524
89973
86871
3075
60248
55544
63957
91695
19993
96994
32020
67122
96049
6238
34757
87404
18181
49774
40650
11443
93002
98580
3269
11030
5604
45460
99847
83831
80232
97799
94602
89190
27642
76911
86481
16830
25463
91292
42772
16842
857
66897
74391
2316
2635
26884
78130
43919
77112
84929
78774
85459
86520
26558
57825
60159
68297
87615
11078
64829
8876
58253
36715
30554
44701
47981
57769
74030
29686
86476
78081
64099
44328
59591
81279
74943
75895
70272
86189
3880
77270
58458
29732
37639
49462
49041
17085
98375
65194
43813
81559
48174
5710
36181
92975
70979
47973
94637
66109
70897
8145
13110
94023
29768
62591
7425
699
1675
72267
17645
17472
89354
47187
37852
95016
90146
35263
26019
51415
5844
58846
93777
64985
20178
82448
59143
45958
97691
11993
60169
3691
7609
44280
69924
66991
98791
22872
79337
15619
52812
84709
63883
14549
55435
69867
60201
22220
4028
9875
98654
66126
5311
39394
33859
12329
12312
79543
6891
97510
37049
88111
41453
87464
18790
53409
1413
27537
5646
82501
18829
81357
24830
34339
22714
46255
70683
56965
3148
74045
14839
51615
41558
72476
48104
90070
66177
99290
75142
28172
82730
7434
43045
59711
41169
56782
15991
47217
69234
8634
66930
44790
75197
3069
55930
93291
39459
5514
606
33800
66608
6493
40333
71612
29245
88642
31767
3072
27941
23997
64977
58601
38663
52373
30975
49395
24392
56555
72156
11044
72348
14860
57359
27110
44265
8554
97083
13222
16524
19016
41229
6361
24730
91417
27309
18047
50064
506
56830
83075
62748
6292
97703
66716
30306
63149
20073
47685
56839
82446
3502
721
89910
42826
51154
47541
47831
19685
27369
55221
68727
59448
40749
20357
85144
40648
81966
10634
42360
1428
77216
32648
62388
62403
22605
76440
22515
6449
17150
2020
41962
61435
3941
99759
67640
11576
81624
33641
99168
2282
46707
11084
85775
93641
2588
64409
28430
53597
92867
51217
45160
90646
56088
96400
12053
23888
75079
77433
83170
47462
91128
59265
38106
13185
92396
18401
66941
39095
2483
79547
41044
83490
32568
10368
73750
97054
72215
94175
4664
5838
67403
65231
43709
69317
47632
49599
6036
45988
61987
92512
92502
6977
46991
81120
98244
21789
34190
53725
73407
56699
50968
42966
67731
21664
16240
82674
44788
8454
52467
35740
23304
57985
80721
20026
14170
12138
37945
73404
22042
32779
36670
10404
97762
94091
64530
67357
4250
92104
73185
3558
69170
49385
19691
17770
63524
97913
77861
24984
42063
35012
75427
14060
14398
74670
67665
68793
39562
34813
12503
95739
74705
65923
52602
23538
63248
8451
3795
55045
80871
80915
79776
99586
85381
20479
33750
57446
65934
64142
13807
43909
47631
80637
54345
24512
2100
42009
33723
18801
78452
25582
27790
69748
19965
80582
73657
57040
61240
13591
51774
9919
49444
79758
8179
15777
76423
51750
98586
46671
55873
30759
36042
56596
84265
60405
38561
52056
50367
58772
18862
69199
28101
53447
54803
6947
92127
17007
45805
34679
57550
88522
91222
55436
53467
22108
92371
83644
85713
7804
57991
39592
22766
34903
47301
39401
72464
29681
36783
72254
9755
27236
30962
81569
52465
42258
98965
16513
47661
73273
97816
32218
44744
10715
38332
11015
95504
32241
7621
84464
88417
45732
20861
48937
63991
56898
40723
36220
27123
15090
71618
26497
45130
88501
61772
88081
74004
46700
4903
91737
39298
40660
41187
32807
12102
46254
87109
65587
50035
56689
23037
86461
14695
74033
11826
96852
96169
54373
48709
40484
97535
57648
50377
74024
99679
88758
63691
48041
78248
57225
60763
17544
96037
81703
77909
88359
47180
32422
99816
81722
95246
94460
61046
30935
39283
91376
8133
74562
58143
83884
10739
52794
1589
721
26889
28802
81326
43725
76754
20052
54907
72615
21594
91804
76883
33080
52256
80109
16474
35829
14507
62463
57036
86432
51602
73794
61355
18429
54142
55623
12116
6531
59508
37572
19098
34860
12756
47138
3630
89100
60568
19235
2993
88281
17682
83241
70576
86950
42001
54222
821
54939
51965
96543
78853
72693
96660
75369
30755
82708
20602
55803
2694
61360
52114
78015
82326
51435
89541
50392
77441
6629
63140
22775
16180
17745
86935
86330
583
83374
78275
83268
17542
77820
80191
62036
89970
64735
46020
95081
48159
90027
7904
92071
66431
80899
50761
94590
47550
94271
42278
18643
54614
90464
75839
34369
24256
56989
37725
77237
14204
37546
25076
57054
69890
81150
96424
4412
62324
67131
33981
90650
34951
72918
84240
99379
6280
32411
50519
71743
17407
93634
23156
15504
3661
96123
98934
69927
5260
65495
42291
83603
64298
44533
66700
58862
29108
30302
71948
48003
83867
80738
8344
96964
95206
55600
1723
26747
56390
82548
35845
40883
14939
57094
31292
6205
61787
14129
79797
84810
57200
7468
292
30273
55702
16592
96944
26404
81843
33318
34670
35793
17723
92548
37690
88328
13382
92993
55565
3613
52502
54965
85502
79040
33632
98495
53552
84464
48367
28364
65001
7803
2542
31731
24595
10309
4098
82715
13500
70117
73296
67273
77680
24521
5045
32269
67250
82330
93457
99214
40102
84070
27521
23645
30555
20395
71470
71448
86239
44782
64781
77060
28066
8096
42036
20839
57365
8451
72442
31402
8899
78449
37710
72651
33691
27814
26296
95985
51793
57499
36334
77504
71918
30844
78028
6611
20506
21877
71077
40811
77909
20510
11767
85176
54609
64768
20392
64168
71584
12564
78269
90554
35047
77740
17049
16853
96536
89191
8033
35040
62208
83103
98204
32336
83408
82695
97549
58171
61379
17115
19652
14944
4360
58420
64762
39825
10809
1582
93283
92524
68718
96893
46618
90336
86693
61702
14694
81479
87508
1986
93299
81416
82279
31318
77384
34008
13113
85007
41165
15021
40602
14716
8323
33126
68327
12106
28105
5993
49950
43160
58910
65478
27293
59454
5013
39717
83502
25862
90905
41201
79623
94201
33533
33054
79257
11270
8752
90052
75456
30630
83539
63657
37614
93840
24393
19057
73785
54670
17203
20437
75144
39116
23961
74496
47027
6183
38974
76926
45046
97466
79930
59228
45796
85071
52714
10867
89671
51584
4821
46281
2971
1793
21571
2567
18714
8240
95467
32018
36091
43104
13879
51434
2980
58681
26954
9384
39064
47147
68555
26500
69508
31898
27352
96928
24779
32768
16725
70319
93032
57393
75647
29002
66304
45970
13481
29959
80036
8476
5348
88880
31774
7281
24609
85560
87275
46233
66889
25684
24969
71073
677
70745
82757
7035
99859
96123
53830
98082
89246
86136
83536
46390
98212
51775
29770
12185
60985
42307
30285
35873
62330
90507
74601
70278
49647
22054
14332
87568
19491
77462
62782
59047
2343
55330
57277
5460
77948
65716
70790
33870
68524
28013
27122
72264
20612
2316
56796
80667
68546
30970
4985
909
84947
6651
29577
36567
39742
25451
26969
61844
66251
54181
44299
55724
84125
91515
21264
94149
89085
68411
80126
16320
97479
79297
13139
94840
94852
67960
42450
90381
66869
75058
31323
38414
48311
84514
28901
44761
86227
12215
62610
72398
91626
7234
51320
56847
40130
8328
22438
73934
2348
99069
1116
74759
37710
85590
27208
30110
13561
68917
90199
24822
29699
44410
75881
42188
70628
79022
76005
88247
95946
84752
55030
85554
59264
29622
89442
91067
28666
62341
87069
46544
33331
98955
65746
21961
42820
88857
54619
48025
89357
71242
22908
20912
62320
56678
37191
40317
64953
8835
39306
3842
2339
807
46720
47911
24834
93643
74560
38668
60927
32723
25252
40906
14819
50366
86475
6350
58775
27098
88880
84306
14058
56036
20875
54231
29942
11281
78758
66672
22194
60234
3267
13963
45391
64018
14643
86691
63517
87352
98121
48967
41266
16922
97687
87794
76453
29634
59280
21591
24892
10599
2690
23343
1905
83942
31145
98577
56150
43553
79018
36355
28443
25571
99464
46541
55569
86285
90931
36495
65993
13115
69214
83683
67359
44576
29189
49860
93104
57268
59680
59576
41259
71188
26817
13834
2672
69414
77098
58819
24750
9803
83267
16021
47442
16818
13487
73374
67302
17280
28893
27066
95523
56392
13492
61522
54417
91291
88646
97107
21745
41447
50914
49891
57050
8768
83415
54314
23236
42632
22891
89379
625
88481
22508
61425
47971
90511
56513
62865
77748
81254
45478
13014
76192
61550
16584
17503
30802
38026
25438
90676
22742
74808
65218
80240
46570
80186
69120
88720
54792
72470
76612
4204
50023
82813
62697
61492
76172
79245
33662
83314
55675
12519
73591
53322
34082
62231
77792
63481
47005
5434
82704
40544
70041
16440
88578
11107
5137
79972
71000
30226
2716
90700
57334
80192
14990
4
90194
49349
60053
90727
61600
37110
80731
80197
64900
14365
20448
41724
72728
14237
53666
63351
96656
30529
49882
90095
17688
49222
75163
12355
67534
63209
81791
67013
55468
33136
6856
8744
46431
64277
91805
72706
29067
2434
57162
9715
54787
78903
24408
54023
71837
85182
14939
81263
36326
3465
41935
57110
31559
4519
28717
19871
19113
7
39626
56032
83042
73301
23312
99713
77391
92757
31354
48172
99775
19647
63090
53332
13572
3610
75934
41736
61571
6212
16577
42310
50943
81552
22478
75765
66552
91836
51190
59185
58748
53113
55245
97638
52303
33698
28213
44578
24365
61490
29422
71593
22688
5050
62428
66324
21851
59532
15177
62812
24357
38890
76222
40916
7553
71428
23512
82159
38826
62611
3976
58864
4494
74082
77567
11144
87505
31438
90529
65869
8478
1392
2605
57729
82824
27355
20720
73185
2593
24290
97118
38091
20335
89481
27249
77464
88017
90603
4742
89890
60202
20643
19056
66043
19207
83348
40447
42965
40329
99582
53147
18122
18534
44692
97514
45975
17172
44114
81724
83589
44977
49542
61425
61956
12821
62815
42515
97755
39417
88736
87145
63038
24927
28684
955
93838
13448
35609
64303
69432
77386
94570
17266
78469
8223
8797
53859
88996
9794
85465
3697
40826
75536
94289
85588
31234
36041
1352
82955
71047
8752
97220
11081
29478
91268
79515
14149
10837
72035
89981
10941
81821
92802
55132
52969
71547
52745
45672
95552
16018
76117
96749
75118
7437
86917
31339
1358
40455
53604
47346
60218
17772
92550
157
95649
59636
84734
77119
27625
63648
54711
2395
76457
90061
96615
40153
94347
18680
65959
17274
27603
97890
33576
51795
87510
10710
74421
46319
86321
10241
84218
12753
38286
33773
78827
55484
36847
7153
83135
90509
46854
56304
44588
15176
12478
70008
35566
17035
92665
64923
45240
31596
90027
81445
45443
31846
81371
20211
25231
37675
13524
98179
42799
16888
67899
53578
22593
18630
64945
17798
54873
60351
55399
3198
79999
20068
38150
61559
97739
63555
24434
79942
11827
31420
10766
68289
5958
38014
2197
97266
60050
15149
28964
79972
77560
89069
52135
76916
5810
53974
11490
35540
26014
87161
18564
15908
67014
8370
5598
3161
92519
88556
79450
61288
16215
91050
70461
67211
81731
24734
15827
85353
76255
87967
28915
38920
4949
62733
19586
77053
93388
40639
49145
13956
81632
79485
58987
5211
35028
29480
30010
8127
96493
1031
97756
48358
2424
61873
92875
61876
9599
57008
74684
67581
57856
81129
9538
74728
6017
46328
33639
39747
70049
63707
3187
10423
9321
1533
46637
48885
28881
56702
17552
29150
50677
66035
49360
56127
29339
25965
50074
89903
10661
24513
87102
32623
75604
30079
8689
15006
49638
90689
84576
95658
50270
95456
27372
95456
72586
55901
65156
69355
72939
13898
46978
81304
59258
43147
70290
55044
97406
21143
8864
31691
10635
93202
74964
82814
7604
72625
15575
301
76415
4552
36924
72747
71403
19214
27162
95488
54331
13331
75220
48805
75142
19693
9734
84473
24170
95698
77716
18185
68613
99002
3977
12344
64056
39534
3722
96901
82890
79034
62726
94666
31550
65663
16224
87603
59930
11827
38002
80511
14072
32789
85698
75405
47391
64808
88144
60174
75576
52677
34665
56521
27807
93621
89207
49505
51187
74714
24477
81034
15314
88970
67237
84127
95778
38750
29500
4780
26143
7135
22980
3787
83044
65918
33263
96581
24332
79812
8172
14482
35669
4808
54101
60495
90299
43432
48196
71901
19563
98111
72709
30167
37207
88783
99457
85678
62122
56779
13839
55260
50841
6706
85254
43019
40088
48615
40959
64896
34647
91275
35077
72739
99164
82530
98657
64047
68172
95719
41748
22078
82462
97961
87691
28488
50598
56953
39874
15431
84988
92262
95790
42653
21407
87349
78723
92345
31042
10055
78663
19253
9507
33599
51402
55240
5423
31083
12011
96144
45951
26791
69494
59007
97735
53759
58399
30587
19957
3031
81590
65659
27458
60058
24913
61624
66709
29642
51293
79044
27073
44696
39971
13897
99714
82627
37448
27575
12226
39517
32490
28627
1884
57796
74462
55625
80636
39727
20353
56214
78954
17711
90137
41956
23339
16794
88377
17078
55529
75711
27721
43640
26046
2197
12325
23342
62712
41489
22150
45232
70242
62040
42083
93307
89714
29147
68163
20646
96316
88552
59617
35301
34336
83653
31598
15913
85046
635
20615
62586
10059
52384
77496
4802
70588
65513
7589
30040
5305
36397
33142
26164
34654
40006
39605
61325
21121
40501
27173
95534
98512
58529
91324
59220
44515
44929
23918
80410
22380
98885
42714
80525
35444
24902
93234
82777
98478
27466
86509
23773
49271
97361
13389
16577
67597
79303
80806
87024
48841
31967
77733
94313
12014
59514
95036
60932
67890
50532
70939
94012
43855
49309
78208
49825
44181
77476
66867
17240
2472
85531
68605
57259
26790
29675
35934
24395
73806
81768
62805
23241
54898
58608
35995
10115
61442
88989
65820
60707
68048
93130
4199
40461
22103
80905
4874
71076
34544
15631
67209
33356
27702
66411
36398
26164
67610
94219
26796
75199
75698
46011
7560
68848
36393
56891
40200
92881
91029
28528
58754
46141
57980
29298
90650
36594
39075
36643
8135
7768
53237
60547
69279
44490
34063
45207
44965
24111
12053
42420
7387
95425
76144
91289
66234
47464
87454
86303
53752
37683
8817
96571
87690
18574
9926
98339
56777
32302
24185
56152
69085
65809
99367
33933
45818
24110
87880
36526
3783
36391
62589
75299
88134
74123
54604
81709
44654
50131
59147
17689
95206
85219
22196
92604
29082
82706
86078
77338
4167
80228
1168
51368
21783
31231
59567
24722
68904
76637
2447
10239
48919
40127
36959
60262
92891
76531
44398
47106
43609
78637
22322
70710
44309
80399
72710
77835
43840
41562
24224
11320
21609
65526
93733
49423
17289
46835
79333
68995
84666
97021
98631
48450
13237
5058
71317
30290
10317
47722
12297
90882
18543
2932
82727
94594
5681
97452
1997
67887
54364
5448
8333
69307
79157
43112
28693
28360
5824
59965
75433
24774
59743
81732
23987
9594
30572
68689
63304
26436
2498
49369
86018
30785
7694
62597
11738
51615
76017
95748
94309
24450
12625
85917
19336
21136
56244
68327
70780
24410
7874
11664
76124
6836
98993
86687
45822
29080
58811
65587
82321
27071
26814
93551
32852
35793
17416
32676
83485
84654
94726
70889
88021
70156
12656
65885
38527
55271
31602
15066
20798
85050
56991
17583
20450
14213
78705
84029
31353
56260
53741
87202
7426
88653
71776
24034
88581
63786
62184
3910
28617
51500
91471
89607
22968
79
73548
50293
53195
12991
89057
87033
13828
67034
12667
7643
66576
47225
19728
45837
53392
55473
78454
60856
24461
85217
36590
10678
66085
52079
96544
45718
94951
4536
20240
19777
61611
19714
79284
5370
6212
32353
44798
37185
25646
20637
65009
19226
13497
24433
75807
42016
95060
23821
59593
84438
34871
3916
48703
7220
42773
529
8196
80279
88735
59756
71797
25130
60934
62033
94439
95079
95957
19881
8395
15179
17183
10064
17477
13189
42315
79706
66422
54212
27787
37848
13863
72979
99815
9749
16437
44341
36014
56195
71416
18116
64350
9984
95813
45641
38326
66762
78986
57137
78313
97530
26115
72794
88530
88105
53031
59024
28454
54891
37894
67352
40062
5905
89170
61312
98502
86234
5037
7707
62357
92115
58383
53849
2980
22472
93469
79115
57322
50243
82409
54792
18820
42936
23868
59112
4286
57587
79951
70114
1043
77681
86809
43919
38004
59074
93091
75625
93063
66057
85513
4715
61134
70710
51165
56852
29404
81823
26884
90952
90895
2899
86840
87154
39261
25354
58521
6389
5924
78026
66182
42393
18848
40495
6502
36346
14439
82020
54957
5048
98551
75304
58257
28945
55449
83062
17090
93167
7049
87893
2821
45889
36338
64607
42059
82500
55689
8753
8194
42823
48301
64240
19890
92162
68703
23429
39641
8493
18797
46317
26031
75562
84965
57539
81571
45361
56208
1243
24654
30113
70788
10569
87925
52319
96369
73319
93741
62579
90393
40558
10060
12157
31604
84949
17401
77282
41017
17491
97276
13943
69717
21647
62720
24944
48955
30723
20497
6647
8026
5639
98895
29163
64067
80810
90068
74954
42091
23438
72229
2988
56310
27539
53720
26418
43752
23573
96625
88774
66719
6761
10673
42450
94811
60994
56433
36407
7030
76199
74605
72671
60945
21885
63914
49583
13465
2324
90627
56881
72178
59278
9452
76096
90722
48789
96707
27186
98217
82093
47640
9243
75220
94951
25323
42315
1525
94658
6030
24095
29620
5384
58873
96824
76384
26330
13501
33351
56053
59406
93312
95976
92159
89869
29857
63661
17465
82304
51732
35574
94002
83426
69617
5038
59013
16058
79890
66054
27099
23329
92482
37079
55354
86239
61898
97874
43019
49150
7582
18450
93538
72504
48695
89011
27492
38395
6886
89376
71450
17387
73362
86153
34689
98539
47860
8193
93950
70680
41261
15427
81861
95608
54568
2905
62216
74991
45070
5568
28372
92830
6132
89192
70000
42503
64718
56286
47101
33121
46605
47124
12081
71139
54826
99358
19758
75525
24118
89651
84880
83914
75557
80505
17935
71640
39268
90579
97291
58340
48676
49690
97660
36881
96311
21145
28006
23651
76670
43105
29320
58497
76183
23406
23618
46210
19320
61381
37355
99573
75116
97477
7038
92887
36099
28302
88642
10319
47256
10599
93251
12120
2444
96563
42659
53469
67558
33127
56152
87158
2362
20742
16490
2587
3185
35791
19525
60556
50837
42352
79944
45794
21529
34822
94176
18802
41980
7872
84427
43150
77195
89389
83598
70875
77032
93305
82628
54758
77255
93242
88927
41231
74844
95644
19536
76183
58163
31317
99876
80020
28128
16704
47697
38765
27296
56712
56094
56838
85276
65516
75507
85139
28684
97829
76598
60299
67999
26097
75407
61008
89772
3258
41953
59752
95239
27485
57848
66812
24423
87010
24324
88464
87156
55998
44214
59653
84543
99765
4069
95529
34324
57770
41499
75217
96962
17849
61156
74655
26655
82467
43526
62604
92465
90324
17947
97264
84199
42114
73425
56758
49785
5921
68972
80110
15040
3095
38197
97746
92309
28250
3450
19778
49098
72340
52334
72899
43134
56519
33330
76614
92662
52011
61673
56090
72522
43
94265
97161
84988
33273
94479
42221
56035
79560
90873
22678
76346
25267
82407
58955
51120
95315
62172
56052
18150
45613
63388
46198
90203
88680
83269
21363
87348
30374
42580
37816
2643
93752
5036
93775
9451
27660
33346
59399
97964
41497
10232
51531
17580
18994
62131
90374
11425
66891
3214
9408
64698
37302
37453
29717
15981
85988
95653
76576
35405
77879
36173
40777
92974
86332
50078
12488
71848
83221
84725
34888
55128
50198
41217
49753
46513
91525
37845
5920
46031
66367
73557
10081
10763
37605
7292
563
75154
2191
41175
9665
82157
63867
60600
22776
50622
74057
99713
5246
32258
39863
63810
58507
82399
53537
25236
30647
69717
52956
81488
56090
98893
54166
46265
13774
35718
77562
35635
12730
69977
88745
65836
16966
3801
94791
46934
42278
24904
57309
16222
65373
16821
86276
95872
21085
47916
76612
44455
6317
52522
3529
40168
59121
74151
94009
98801
12411
45616
90996
79015
92562
52724
88538
25298
76598
14996
19562
16694
96455
89994
71705
97152
21190
90477
74992
42029
8085
18402
84643
88949
3997
63770
94046
13685
11290
30077
71987
35699
8241
25942
54132
26284
72396
95600
52915
37701
54796
25220
81796
1803
40394
40706
87018
34434
23419
16589
11390
68892
82643
27738
23197
24009
49161
35129
14374
37782
71718
21293
21792
77293
33579
80164
66175
36882
65051
18952
23526
48921
92797
3521
80728
64749
48969
43063
9005
53494
63672
39986
90930
99842
70765
24505
37
93297
49957
82518
30085
56389
52703
81274
74305
21263
65666
40916
45526
71871
18489
26870
34692
20757
26760
71632
85570
38844
10900
7039
90950
75458
8242
3379
50897
4278
80036
88589
32338
74754
20144
41732
26825
63348
41580
14215
22655
12668
29866
98833
92364
3345
69794
46997
9006
52699
27021
64682
64240
87669
61620
96209
73524
34187
2097
95540
77939
16097
38375
69415
6832
80163
19121
98187
51420
65451
20563
74091
70377
45612
99997
83103
35502
88030
7112
31386
92168
80784
19186
31354
8578
73938
50128
22235
19479
57240
17102
99098
33024
43933
36477
23585
84694
54943
47246
15865
56818
54706
96726
88098
88439
70135
68375
12645
99691
29424
2703
74911
20134
12468
19901
56909
97177
71578
22291
75923
25424
82653
23614
52710
58378
75728
23373
24351
51968
68860
68833
23487
67513
36615
24915
18482
75966
29169
33822
87464
33683
28784
54614
28526
10996
51916
1273
40857
3264
4243
30033
59929
61339
92425
8401
51633
94191
22029
56185
24946
28040
71365
29174
24824
38588
29514
82339
40375
78508
5363
53067
29028
25880
82130
28287
54845
89217
5826
88034
77507
10222
22540
72543
78137
73320
68571
5447
56244
25984
15293
40003
56180
61899
22101
89159
7045
97335
20081
71784
21088
83038
18403
8590
57675
79010
36546
45695
14338
4013
81751
85471
37105
90334
6066
184
46480
22716
82346
6631
44075
85012
25240
43508
52453
92038
50933
51399
41587
11751
33657
91865
89704
89090
12186
45167
34586
67275
49062
34990
99243
70343
41331
61871
16891
98583
9628
50053
1738
7043
60043
46618
68717
83339
96673
55769
42099
54697
43770
12887
63045
59983
67327
18941
83139
16143
98496
32164
46734
79056
34656
6366
99279
73989
10808
99551
64094
55615
55294
17773
51387
46762
56782
8127
9950
17992
18284
92496
63629
15220
82731
70595
10776
23879
65527
42074
6107
50384
66491
60659
16829
70991
95229
26820
9062
13281
84155
90557
65763
11498
96535
30132
6819
25768
27795
65371
22830
86157
70501
20015
48260
32348
50463
19443
2295
22364
93904
48569
67611
77370
11079
12701
83469
27790
53575
57288
68629
85564
71308
6559
61862
70050
90332
79095
3950
87033
63492
5931
3300
5581
2645
98073
21456
44773
82096
50782
71368
57484
16159
35614
2441
91645
7120
34535
65736
761
76966
6548
77062
49984
42963
35792
95122
12586
12961
17185
8861
88999
7479
96072
7627
47092
99340
39403
3819
8870
17249
26794
1691
73212
96331
10617
93249
38779
57232
8318
6599
16843
90970
93343
92072
95096
11300
55865
14303
70143
48272
53968
28507
28124
93999
62444
37341
51800
38823
50209
93100
8036
76726
24672
94381
18988
89023
39773
31095
76089
42145
36986
48211
31947
15942
50826
24836
11999
2710
22725
25857
64466
50734
3763
22538
89835
646
10169
52691
29711
11545
82957
63929
69985
12159
39574
74436
83785
96275
21069
80880
37719
28743
14167
53096
66013
3610
40007
87982
23190
98960
57529
45762
32823
59765
96449
7592
7981
74866
49525
62187
35036
28356
61281
68367
68783
69128
93150
48125
81812
94888
13535
49738
7849
92260
92262
71245
23814
61448
27848
44208
90426
14701
69946
68070
84215
17904
66361
15384
68498
54272
3172
52790
99141
95167
96220
10243
50468
43077
83117
63323
58225
89414
34517
77397
19454
48343
39819
85465
33270
28939
10782
5713
44753
37746
20549
49529
85119
22547
16722
11687
15554
47643
56629
3632
4886
48153
22200
99478
74371
68921
22521
10104
1742
25496
64861
67752
885
92065
6084
79315
75727
27236
37915
78092
83439
25413
11303
52460
16473
7561
37292
61482
4285
9300
35490
80591
43902
68468
35668
41791
61998
8478
69859
20304
41525
29165
74119
47762
62170
356
1274
66232
67819
35072
15032
13350
39463
92001
18153
26431
35313
32171
65948
85696
79522
15166
29464
42863
59547
38494
56508
42228
58984
93993
23300
13788
22296
31836
13924
5299
58293
70017
64174
75758
57126
59249
73325
31405
25935
41772
64218
35637
76191
78841
75775
7446
11759
37773
24797
25632
37902
49940
49354
96176
14489
70631
56877
85879
53803
80409
79591
34269
11223
69697
89664
28335
42411
74054
69555
50761
32836
94815
24513
33500
76696
72834
19028
14317
6933
25346
14258
42175
35858
53053
99781
62748
44915
56361
66575
65204
72719
70482
33573
79021
49457
11610
52931
30944
34785
19070
86292
54675
16249
71960
83496
32778
59967
43215
74549
75687
22797
82757
26211
15712
1033
40599
43738
98143
94966
88866
77870
307
9436
5640
5479
576
33017
33556
7403
63751
17146
40113
79056
11866
36136
54046
26810
7109
91285
61561
54944
56174
94116
70356
41072
24343
31737
2249
30596
99791
94389
49299
2847
67844
55201
53487
52845
21930
58262
56029
21320
26854
84662
56073
77767
28832
70581
19869
48260
26062
7264
79073
4629
67704
7462
26216
37714
41523
31742
86598
31673
92901
5562
45605
95721
17660
51143
79940
85182
96971
4135
85685
84659
89882
82015
33543
47878
69746
2427
92781
91618
10781
9248
91278
67156
3060
57147
92579
13839
74449
28385
91683
91688
20880
61251
28898
46871
88433
45266
54349
26033
87505
60211
39774
76227
88026
47115
64711
21528
87777
71043
76773
21487
48913
45927
87869
21672
74166
98261
48384
32541
96203
79095
30224
61390
87509
93216
74191
47934
80101
14538
4887
70043
64018
82436
59617
20553
54909
56283
17664
26300
91406
12568
9376
83512
54915
89776
24442
53196
6823
74472
2255
64453
3441
85989
56343
66939
23198
92870
72608
91442
33990
43739
51367
57310
23711
9130
16334
66936
411
16085
2753
68786
26313
33788
3227
15428
29278
73454
95173
4169
52957
93430
34451
10704
25104
18354
33749
65441
12923
372
52262
77311
95405
50979
29460
65207
47772
50603
63465
85949
48961
33095
37350
28094
38795
81404
55319
25208
46415
28277
78246
33384
6796
4768
94719
14546
84203
95411
4183
21852
30500
63184
81645
57244
88283
540
76523
24690
40385
79303
21782
79643
40900
46978
82915
35673
14729
13973
54996
55196
82960
84688
33755
58249
94055
54171
22069
6115
53528
98012
57295
35865
84848
48252
91673
90024
54072
16908
5632
41523
20773
18103
36771
24122
64017
5188
5810
14418
20059
62460
89732
22397
53806
39203
8319
8204
32076
72873
31089
49199
60339
57052
84462
52015
97701
62713
60282
24702
56322
41020
95213
30151
58360
98726
83925
22906
64386
5400
14069
24547
67411
88605
91075
98769
34430
95089
83757
41906
56247
73307
14737
76017
60454
268
4544
54112
23119
87674
98727
25293
33563
30166
6527
22437
8773
23725
79383
93718
10810
64741
16247
97668
39489
57789
56576
44282
64924
24613
15222
10120
46874
65585
46539
30152
57992
2336
12244
73575
74994
17483
39576
4139
17825
56213
28193
33096
25132
24379
46779
66428
59122
27557
53891
75092
71843
66603
95073
70830
97189
26642
22563
4485
51099
80415
73357
68878
58208
70434
66909
55045
55858
1724
36553
5129
73488
32439
29621
32614
25484
73347
19070
42274
12131
28241
95123
229
36638
10711
15285
93247
75246
33559
12460
44900
6807
42446
13366
83941
45309
21232
86157
32988
5918
29349
18646
98624
66783
47785
37385
85791
52174
24069
62471
1174
66206
42583
48620
27531
14447
78087
21652
58171
98667
79923
54556
7599
87665
44191
89338
4212
50734
1402
32897
77488
75055
72227
84961
10600
40266
2051
40722
98335
37098
17579
72052
65587
51412
68093
47109
60063
52683
86907
31537
46952
53532
10237
52451
39804
16117
36098
51154
97652
97125
28138
92412
46179
41699
24181
66657
44775
31091
66111
47350
77241
81472
15891
90421
35179
47048
57654
55260
13216
71603
60
79302
74550
1944
11557
24007
66680
22790
51911
60642
29644
63436
54227
54327
51919
83063
27028
62281
59741
12925
51118
59391
12747
51443
90894
84546
63191
97463
85061
62721
31348
19123
40343
51440
72358
15350
56280
99073
37824
35071
83479
2876
38954
89486
97952
37748
88344
77609
74220
73360
62266
45948
53773
97007
51633
84346
16615
24237
25494
43837
2938
58679
97759
62438
96512
51284
12254
29271
8969
37704
61608
90760
28483
37571
81516
35117
95665
81809
61204
54525
27327
28132
3755
3104
16373
97849
12003
75429
85619
58841
18469
72927
79870
91577
87852
64813
85314
27601
33128
56380
48607
85983
55307
83074
31483
31112
18272
91805
28975
56279
34739
84423
22408
13990
58122
10669
15874
59718
15248
59812
39809
40661
95615
85273
64525
72917
21118
56146
67541
94651
21109
35420
29399
28894
18011
50063
68327
38615
99150
89249
92535
50787
94755
72172
98362
63335
11597
21337
74434
62913
6386
66854
41806
21330
67377
79754
58977
45226
28374
2350
7938
37990
76146
17202
39600
92849
80198
43580
9300
63396
29870
27035
10993
49595
72555
27534
35986
72009
62520
7444
80779
63472
20870
89886
17652
30774
19766
14256
8177
48376
57917
73872
62477
71864
18395
18150
83494
476
10318
44467
32711
48571
56848
88106
87932
69627
70347
84363
21703
3770
58732
85667
40543
60301
53531
64888
63856
3778
89390
83101
78587
809
27836
32692
74778
31546
88816
9968
81316
46313
16715
32887
16635
58227
1692
22758
15225
99265
19241
64276
61164
79654
84476
2290
31178
11205
39981
3797
67973
94172
75158
40629
40299
3063
2731
98442
59399
56873
26164
10392
94420
2811
59081
91892
20264
65591
95466
9039
63688
24392
87905
84727
48677
79381
95627
54574
9372
70581
99806
50942
45849
88681
37863
4804
84812
74370
69732
80850
32996
31074
17112
42305
94638
15152
85904
68451
34651
58386
48923
1533
54594
15280
31650
68930
39543
88028
10581
36221
89145
62764
56936
15507
40716
82660
69098
57492
67985
35979
18565
24928
17536
57728
61159
13341
38717
3193
37809
70928
16037
9707
95625
64190
78831
30553
43465
94692
80041
77213
26924
14114
63767
48277
68036
22127
84225
3743
33919
48371
62664
79532
14632
67538
93785
48332
31866
9626
88862
6044
55982
72432
32727
26237
64938
43020
101
5358
84002
81300
16421
33529
23752
18324
31756
5374
41215
33334
8253
62007
23375
2663
90225
77810
39880
71838
45461
17378
89224
77289
7151
40945
98696
18459
20002
98835
46686
35957
86936
33400
50644
46825
81809
26762
10898
24152
8046
8091
88120
42480
33808
76501
37399
13829
45852
76053
10362
43037
25478
58106
75197
56619
28443
35597
81350
49464
98950
80764
69802
97827
666
97181
36011
65976
40163
95770
19055
56789
29343
89797
87337
75715
75018
72390
21156
86152
50479
56680
91520
76551
29901
85480
55754
50138
28962
8345
53015
32820
80339
33169
17988
65246
2605
17963
65599
23656
21937
4024
17194
57708
84317
38629
10487
84039
72906
82679
83627
82864
6124
63519
20023
59182
50843
10439
81780
9124
75674
77663
47460
15304
21823
11040
41178
7586
61250
24719
64746
31513
72632
78044
59041
17396
5961
25176
23
5504
15158
33811
92699
7889
35768
4120
85719
91205
38428
8447
61032
48097
38177
96255
51204
43200
44362
79625
61814
6880
34733
8434
1402
1015
90646
67909
94838
4335
50817
377
30099
40946
30898
23062
59895
16036
66714
6483
86882
29386
5805
23501
2475
68172
24200
75133
18580
94144
74303
26450
58085
27014
50012
52171
85791
4922
35290
59195
7018
84374
5603
23830
69
51297
68797
87404
29775
63298
29327
28005
74533
44709
38747
4142
79355
84569
39631
81876
28911
74057
89597
41163
87337
18989
87441
20931
15371
55817
69231
13535
65119
33048
82316
67436
23955
79675
67740
48147
86546
32368
59268
21451
29107
80370
25903
97405
40572
25175
33972
62498
8013
84295
19415
1861
7117
94021
4706
38357
61248
29599
97466
31133
67913
45279
50004
85375
28313
37178
29515
87643
24784
34845
61842
49644
23171
95586
6663
73304
70924
67178
15411
74456
75617
27518
50671
76570
48430
67987
37095
72852
33175
65663
63243
40274
28024
61433
78588
81609
71479
81257
76419
85324
85821
98947
16557
77081
87330
40404
70412
14216
57123
68894
15646
91830
88850
51352
17372
10855
78290
30591
61175
30506
75741
84616
63874
72301
11110
16925
434
18047
93361
11309
62715
61500
69790
6780
35444
60290
53904
62649
55834
23629
85289
75217
46995
39687
10428
97106
68105
38485
5294
51702
94955
13106
32153
78180
21230
65797
60290
42816
17592
59284
94261
14687
35617
13292
60613
12168
54435
33986
14191
8912
397
39162
16668
39092
7526
54855
79697
25681
28412
27478
48070
83353
80993
79879
28059
40850
3657
76183
18810
39106
32400
42149
4900
23953
79252
78819
37303
2734
8170
56308
61701
78973
30337
82518
10411
86615
46806
85050
45922
31521
71582
52959
81122
56187
17385
23255
70754
54041
57149
87516
25133
45125
28004
85848
96652
61242
76151
90058
26104
5930
91345
77868
89991
38279
82874
67094
63250
64466
68426
6002
89094
65126
90491
14703
38798
29164
94051
80876
14318
74371
47968
92001
17810
40008
67971
25537
59612
22740
20840
60264
74781
67895
64790
77755
48188
37179
61573
51491
24308
74566
58260
96532
53580
96550
41073
46705
87045
63628
86246
40561
80333
59159
89737
13633
74743
79714
76321
30489
61638
1587
16704
75785
2265
78983
64825
8938
85845
48631
26896
13089
34168
36627
74155
91167
63000
92093
83045
41271
95037
22384
65718
99774
92621
65031
96741
17328
83565
90327
16234
23143
83240
77428
41280
3681
43215
96332
45623
86366
40032
7666
89054
28448
63736
52811
18303
11086
93048
33872
16594
13407
16271
2825
26557
92729
25263
4759
28057
39567
13098
32685
1346
63731
77431
67631
2864
66137
59240
78005
8191
62995
48230
72274
92330
66936
36956
58170
30517
95723
7211
24951
3171
40575
72442
48056
74033
35131
29716
60508
41421
42603
26594
60609
83747
29572
52708
98242
11888
86024
39735
2893
39975
16284
42674
14302
39890
84345
86686
74815
85759
12491
59195
62704
68517
85345
75017
26019
21993
11888
58974
62989
98585
42018
25097
52766
16994
24900
21822
82353
50183
92825
57619
7382
96710
71076
69861
45651
96719
85913
93309
64475
3562
56353
69681
70956
65732
56812
44605
38368
92033
56542
63794
19895
32548
97428
22679
9647
30703
42504
27385
73409
26246
99402
24613
23804
1601
60402
28299
92362
68103
2435
7633
71830
93513
75667
39196
48085
59098
53302
19525
76101
36042
16105
14059
17588
78307
23459
52442
53526
96248
96555
10765
13533
44459
20275
46119
45956
77032
90972
10526
80679
30998
97314
47947
81235
20584
6099
32840
59430
46791
82615
85687
37287
64863
27725
6216
27898
54406
62796
80280
37438
32715
52189
62645
47002
59630
38016
25994
50164
51618
60218
69922
2792
14965
96156
16441
42426
96706
31397
12767
95113
72161
69805
74649
34141
58641
23742
94871
53777
12077
8150
7492
33348
12364
91473
87917
28284
51493
39440
60862
43217
17254
18243
64028
48496
97463
30867
87898
78522
56781
35270
1601
96996
46174
56872
67281
46875
44687
79200
96724
64807
84545
38487
78683
25961
13975
45848
90271
5277
30607
38322
88880
38564
95971
43877
2637
91774
62181
63299
51999
26040
60965
68535
51021
4918
92467
9670
65828
36496
77875
75200
66785
65778
53136
14056
227
82377
35971
59186
16616
67745
50542
1302
855
79690
76371
73699
7001
5536
88789
68106
85127
56907
93846
28098
52239
29480
46216
53957
5816
25725
82771
91876
47889
45603
97769
6033
41588
17525
47824
9435
83858
20835
23944
27853
86923
54086
75030
59162
95593
39088
77719
21506
52744
74709
67674
58503
81860
42608
92325
24888
51856
5830
66139
8132
84131
38702
82377
67831
14247
89989
89222
42231
57071
67898
74451
23172
8330
52515
52374
67384
82342
71296
39976
75453
15908
32648
6887
36373
6110
41417
79326
44702
48349
57472
11470
30111
32124
45779
4435
93651
30140
79662
34398
35443
58714
22085
80876
56581
21363
18898
27435
75137
18637
92398
24106
98411
42134
61137
45902
34754
70066
84050
46082
13259
83254
77694
72036
63976
80128
59449
12019
41447
55943
25459
94751
82136
49577
80870
5483
91217
6410
15389
42329
25905
77187
57416
97839
36128
26057
58174
40380
80302
2542
87118
2500
26215
86366
46343
39053
45757
38203
58791
80551
79725
77049
16662
66975
92094
18196
81735
32006
49015
22147
60558
85635
32570
19112
50262
46567
47453
91417
23807
26048
26806
25505
54532
29476
59943
58342
44252
46246
76615
14913
90957
76125
69691
94053
86138
12674
47251
40396
24710
92593
89579
81002
93385
31341
30518
81285
93132
67383
51331
74089
91259
59217
55207
14111
5950
33178
81918
21301
83379
89608
95602
7978
39817
49701
26111
79624
48291
90943
33873
29620
79311
61947
56345
75063
2047
51030
82788
73504
82262
9873
53254
51230
28506
91193
73455
17103
93305
77037
62566
18826
72211
11049
28773
15225
47642
30411
93755
11113
76691
55483
19511
21982
13360
50126
31566
18504
39318
73346
86249
33355
78986
37354
38115
39164
17721
38865
77864
80122
82266
77847
85717
65736
66718
16350
26571
94818
48851
67111
65480
39467
28853
21394
46953
37032
22933
57763
73532
98265
57946
89729
56622
37950
19017
28028
45061
70144
98622
77745
40470
53541
56979
68299
86680
28273
3091
53992
80967
1877
82744
33933
66289
49738
73010
20859
80315
58527
72150
94339
45183
70615
36086
15495
61524
54522
92555
76378
15378
36009
91701
17348
56063
32624
53119
33617
60082
39703
82546
83367
81274
4337
3279
71880
23585
64313
71137
57609
99661
86327
6420
53089
7102
54836
3712
16997
79781
98293
86145
25886
31805
44335
46042
83612
38403
47003
74915
53488
36491
69911
6138
93472
51886
39219
27371
79052
66555
1877
56738
97786
15760
43225
71391
78216
22008
82135
46999
47922
25040
7679
55284
79424
70976
19564
76055
77437
30216
12611
95749
36735
49667
50633
83610
50480
12477
95256
76806
70079
84417
95878
25326
81127
19891
38364
17504
80875
47628
97646
90793
18117
96080
61101
67264
32390
28076
86944
57154
52013
85
46244
67508
60083
3849
23770
70605
57292
40419
55073
34276
56767
83858
72808
57407
51733
49095
95517
43021
30797
86928
53077
50987
40567
70296
30294
75055
81115
17213
87181
21792
73676
71147
34485
7379
27360
92877
34340
16961
88865
1972
66174
19180
24137
10334
61486
86191
873
64199
15978
68459
49944
16592
48189
82681
25149
10967
83465
83322
82192
20771
42423
98843
65830
333
68435
57951
93963
34271
98403
83272
45921
13917
90504
16561
6524
29496
26777
63813
31839
29936
19600
48105
48927
77671
26377
86001
17972
99923
55062
4327
81570
96617
8922
94101
81363
49780
66898
25528
4096
2300
687
9858
81725
69354
2974
46934
61181
40929
72119
35940
83436
50729
55231
18783
27116
35878
91600
25450
17137
31214
77615
57381
22692
80436
39227
12708
32615
73909
91273
46717
53033
88881
75404
87944
81465
54843
18722
91844
53952
7457
24036
7111
3982
55625
60231
63338
12730
24392
90159
28442
96267
6703
67544
62647
1822
34337
35595
86569
5551
96341
36203
5975
30751
78522
28363
59696
92767
5078
84295
70279
48033
57716
57710
85073
65378
15393
68609
38509
3762
27274
20199
21838
26657
12698
68390
57091
69498
91772
55803
34485
30163
31679
61746
11134
25918
10611
88241
48575
48332
15782
18584
63521
40734
6762
2787
78389
26411
34985
33962
86903
97555
83816
16037
10620
72364
93486
56817
53163
52122
4178
65510
66324
98414
5453
54759
39014
34741
86860
88445
53676
8172
28562
32627
97149
44588
69575
80180
13342
45901
34823
98664
53577
55190
61968
13526
6154
1133
66715
36981
92922
33580
90792
59513
76266
14852
12298
8220
29758
78729
57404
34249
23892
63406
61763
29115
60096
5752
72296
81043
84577
53094
7080
11696
77490
16533
32268
86289
18328
83668
1170
6340
33842
54626
24505
86258
23085
65318
79208
87432
68986
36303
68199
40604
65500
95050
80808
40840
59900
43151
2064
27787
87142
596
57502
17541
79338
86953
58598
38228
49939
8033
42762
89516
98930
70287
7773
92834
28160
47603
3569
26681
82982
23482
32120
28988
89712
38764
55897
92064
43423
82728
81799
37538
61800
1797
41624
9323
77551
97059
65883
30213
66825
59214
52292
9870
89241
67566
15215
2113
31298
46255
46692
14867
83119
38572
60625
77454
87307
78902
8988
14663
68875
89648
61616
79464
56052
72609
97178
98986
70345
84866
38437
21105
1514
63841
23620
96574
67553
85278
78790
12133
99549
45373
19703
35473
1397
5886
34745
5393
45949
16945
83772
32804
2727
11997
63126
31217
2637
58427
81955
43595
33781
68585
15580
93652
9812
62563
18293
27361
44523
85377
57884
77687
69851
66615
72420
86384
17458
31024
55959
81203
66306
18598
54217
7296
99710
8330
37383
70930
77404
51478
51512
21490
49805
5975
95697
17880
54961
