39559
80792
82318
12288
92786
51309
67746
7252
79945
85588
12971
37985
43548
95574
42844
42321
62224
79479
67479
83539
74949
75647
2228
41783
11623
24825
61945
30249
4491
76663
51004
20888
53920
46722
28560
96392
22624
93324
26008
26816
77738
48659
83585
46825
78235
31528
4383
14071
12106
29906
75815
64341
24575
35364
12202
69230
88568
92741
20394
86620
58478
16311
44819
93496
30777
8513
53153
80207
88068
1243
73052
8873
66596
25070
40986
78176
99610
49724
48389
46103
66605
14553
61401
95755
8629
59504
38670
36314
45104
38731
52326
23898
88939
17322
14130
12765
7991
46031
70180
94665
56747
32509
90144
1333
31760
69164
43455
27338
33545
7267
76329
26049
49259
30383
404
58006
38185
38286
96531
28200
98136
99982
43439
41519
45695
51385
41291
99757
88782
9198
32464
36088
5939
72308
16171
1991
55963
79083
29482
66332
60346
50739
40711
85472
40934
39276
11669
62877
74112
34844
98290
9744
13029
98372
71858
26112
77680
16452
50444
96918
70957
59774
10731
23723
24759
13619
29717
52672
40364
87534
47057
28225
38703
49882
92577
54540
56816
23247
47432
30861
81305
35625
6225
97905
45345
42138
32684
16833
17868
26842
27242
50459
83550
89282
43212
99623
87746
43916
34527
59487
64567
14640
14024
77681
16624
78709
7256
22180
19578
18617
62462
34599
3115
77163
22390
50347
86313
98821
54014
28344
31124
67117
41168
62500
18617
25889
67945
77978
91496
35444
48280
71498
4813
19723
58274
35625
49714
40111
6484
4751
22333
44083
15815
38366
53154
94481
27334
4994
9101
83420
71542
2497
34376
37582
49838
77619
57605
11263
70829
27286
32712
99018
18026
60191
28207
66899
3232
64051
96077
58071
25375
96527
82167
91033
63726
75683
58827
65299
76486
93581
42857
90211
42941
1452
79345
90023
29997
64510
67765
22590
89620
459
46412
43009
91903
14772
46013
24234
30218
9760
58343
54466
99615
1223
16490
149
98111
49115
7510
27615
21470
58312
85612
27889
75964
37850
10549
61416
19153
38259
78096
61361
57512
48557
61485
14944
57089
19132
63709
95418
7999
15775
33383
15932
96043
30368
24577
71142
43106
52540
37204
58071
61020
94588
11083
4319
55951
61292
53592
67941
98604
66449
11831
29107
42934
64079
3040
20130
93445
26343
16696
30756
15361
25563
62618
80132
39874
94970
40187
4541
91474
72463
96913
81053
41689
15132
71221
65273
66605
47314
29938
50256
79828
24558
56186
3129
13350
73959
59421
23822
19462
51913
74619
27279
97147
19924
76610
1052
84990
18600
35862
30773
21747
54849
96335
3790
45206
56640
52609
65856
5129
38235
13966
21176
16834
40399
17943
3222
30857
44407
21291
75839
41867
628
92715
26500
24491
18028
39734
31691
97701
73050
55100
84435
54199
28441
2363
10256
27139
83097
52291
78167
38175
65317
49238
67846
67956
33303
31775
52765
12739
23138
13107
91088
26413
26267
73042
5510
27221
49626
89358
55219
96130
89940
32492
66743
88534
5185
75456
62231
92093
68465
50239
78771
26678
98974
68368
63264
99095
91800
69404
91447
42006
81212
20052
97983
94193
21471
66864
93566
76589
53321
66418
39594
15345
85167
90173
51469
72459
65902
8765
30517
16548
4476
26178
7990
40374
77381
51376
78080
44351
6466
58179
225
91893
57684
62163
84707
14337
37265
86136
32240
19416
4046
51293
50478
10764
76966
73454
3095
50140
5634
23332
20510
47652
29011
79863
89877
7395
48004
4242
683
36762
98033
42888
72446
66252
49342
40080
79190
96106
10063
68708
1897
16424
53111
61960
25433
83141
36174
19504
35036
88670
21691
48668
4967
92388
84600
15360
58498
57309
32273
31036
96933
43859
91282
98573
1043
36481
42311
48294
8867
83023
73653
63372
2934
79087
2624
26872
89022
2587
7502
13560
35961
65069
22629
26248
66887
55326
24311
29873
77988
16664
73083
44100
80638
78060
96201
8854
92177
51132
53169
36381
38218
37795
30738
20891
5688
25056
82423
93379
56376
77595
33535
48063
77738
8273
45320
25781
75211
94169
83015
1301
73507
22403
61934
29892
97850
38058
52929
63789
59007
13974
36255
79087
7841
99369
11406
30939
81067
50201
134
27675
92542
55776
97639
73524
49290
50595
87949
80291
18465
81046
82212
82982
93363
58486
49294
2049
93963
66263
60971
53126
72066
87780
23663
18922
77166
85705
25330
94592
65263
90756
79308
51652
93952
44055
9477
32678
16155
8178
32907
18058
6840
98250
56115
16794
36057
60320
71701
58645
69599
89652
44449
82211
36205
11527
89111
54951
83498
14753
93438
83565
23871
22976
92390
9154
15866
60961
72890
59525
85945
66436
76737
53557
35096
33581
996
7077
29696
33954
18855
43025
35391
5927
86377
43046
16410
59567
69977
51481
38130
92493
59082
77205
70633
35014
9136
42279
62978
11995
8084
7845
84364
59835
29649
43162
31496
46734
18338
58471
67783
34378
92645
10639
24588
67580
93033
99213
98684
72622
20732
8628
29736
63947
41820
59175
72339
87216
33895
98181
94721
84221
25077
40083
52523
2169
19378
84923
4619
51088
19834
8125
99380
41357
81692
53601
25662
53147
89921
27478
44969
76818
99
53307
65250
50255
91640
51669
56065
68204
5581
24117
89804
77986
66987
16109
18631
41293
14962
77944
44807
12579
68600
38677
25518
34004
24972
60160
14982
86482
65263
49257
55903
47207
18204
82338
363
17989
89747
32132
45090
12263
38490
40337
82989
79793
16095
7059
78726
63849
31157
12038
7371
526
82946
58536
82825
54195
13112
81405
6858
41947
4607
25101
19637
51716
70512
84150
93840
55816
90962
99413
8099
23594
48139
11135
18767
52745
1507
5570
58871
81729
46778
95009
24090
29164
64590
12624
44324
98799
90564
35421
76308
41567
18147
68146
15019
36505
90879
5158
26093
44300
41272
17121
59982
87381
94131
41066
12465
44966
95504
36649
13373
12105
81322
67516
24556
52501
2811
86346
47997
52433
68833
86612
98391
60628
61604
14556
64609
36948
37590
63911
2374
63319
62222
14016
15785
9896
45866
70867
92723
82513
65352
19564
64895
62818
53659
96288
98876
84001
78456
85083
70638
64669
10897
44984
91931
33310
55084
71368
93163
12612
72507
95675
72605
4030
27427
51076
70557
53886
4700
82593
42067
74695
92279
63022
59763
22733
98489
52258
59637
26986
49982
28666
96391
16571
25302
96489
20144
39238
97807
4125
30610
38695
85007
11293
23712
79051
4107
30920
76876
49343
50753
82292
82874
26544
81103
23612
64700
26231
22968
29999
93851
56324
21150
39178
33581
47148
83891
92495
48984
54426
10745
19403
32392
66353
20139
75827
9302
69632
54026
55002
15439
78055
2974
57100
76697
73381
93534
99139
81034
69259
95177
28437
43015
96153
83926
45903
2941
10142
99820
44026
91389
22261
9618
34691
38722
12372
90428
82978
96218
34479
9319
60406
46434
6529
41729
58360
54954
32379
8768
94043
34784
37595
63062
19650
33754
16371
15845
89545
93121
46839
81008
14294
97972
18434
87009
12352
49708
68267
24544
18561
53580
28553
26805
55861
7265
86621
12530
65037
28414
8089
93619
35359
70946
93000
46646
77290
47393
2522
63591
8780
43026
12209
94962
95857
92170
68776
11097
84863
27421
12582
77065
21379
8157
9623
20411
29052
6309
66508
6671
39173
46798
2049
62740
29669
38761
99852
84311
17884
47371
59248
28778
88881
63797
57960
63621
75362
44731
1877
47336
65206
6645
88511
65300
9469
8243
17442
98076
54932
51104
51271
25226
87525
90162
28856
65038
74396
7514
31080
48701
88941
50668
69262
47977
8446
85447
82690
68175
81421
47128
81158
34249
90801
18050
24691
97255
7324
26843
15787
84612
31385
40044
41505
89842
97480
90335
77086
73330
25569
71658
17080
54850
7032
85927
81368
19375
25739
65618
26397
27329
10137
89493
87856
15892
23793
77071
80517
85682
29128
12463
86945
73966
72984
32056
58229
47394
87948
12925
8820
78011
88022
35931
23484
39309
26133
71600
82224
78529
52484
34736
82811
27679
53162
86554
99280
17639
67800
47956
46466
34544
97164
62838
40681
86042
67145
22241
2565
98115
35033
51707
57374
47117
88647
825
34550
64007
28567
24820
17463
4391
49277
3132
74896
18752
37800
18267
47405
39672
12206
69761
97160
49415
69806
54326
46845
30444
69312
52167
72625
5662
74158
76457
5941
60677
99587
65628
27888
52152
6495
82972
4063
54467
3310
29567
9747
842
44717
99519
79572
11190
16011
23034
9657
5220
33643
57131
91551
60444
76661
9710
91768
51788
42870
95596
6512
93206
67679
94142
9124
23115
52422
8784
13089
40186
64028
81612
92156
80417
56213
50942
35070
52393
39567
76854
3883
82122
12817
85531
98781
2754
77229
78442
93322
31316
82219
94855
91034
30584
12682
67628
67181
22012
9252
63838
65612
93669
35845
29345
1565
98538
44988
33369
24907
71848
92629
1214
6448
10529
45910
71406
19681
59874
5862
18720
75176
97262
53152
62870
38251
14974
86391
36243
18709
20031
41423
64448
32087
61948
80717
1479
25747
43918
93447
33498
3582
91802
79975
22163
19802
99857
18883
81753
50355
42291
58013
42854
83913
51172
62015
58938
90712
32588
32417
72455
17359
30827
81230
36993
28291
91449
75601
70288
62140
2753
54449
68519
38820
32146
34778
96137
90262
88347
20747
98368
77987
38744
11165
55167
51912
52538
91873
79092
64686
32956
50334
75975
65796
21959
13882
87946
80032
4343
96156
91630
56485
60811
86241
47214
33032
87031
88977
84590
59223
36209
86364
38750
69891
10097
25764
9212
14860
86583
3613
87719
26194
9401
84348
61755
25144
22742
67398
63587
36116
22443
83613
42081
63996
71181
56646
90865
18362
23333
67750
77246
21100
92968
68859
22506
5241
7112
32303
10655
9789
8267
50894
50619
10111
428
40280
70203
99671
59251
96096
92395
2209
58975
32889
22367
57196
98730
39168
12002
41448
87386
51669
69455
45901
98396
39008
42182
21274
86594
63881
86461
30104
3503
1079
55177
58663
45484
51337
91871
32634
56138
50903
70365
48383
77823
52683
69947
72650
71798
40293
46248
95994
34529
36924
1358
16694
9325
36757
58446
25806
87654
2125
50982
47425
39362
27360
71617
35952
51250
17258
58292
92455
54007
60184
15882
9990
41835
2627
23626
92249
19515
24419
6433
15058
28164
75582
70510
77717
27705
23058
15714
6132
87167
61950
33991
73075
43277
91215
93163
82451
25300
65429
1251
1724
92151
39670
70513
98439
75698
86874
56583
7498
81810
18192
1522
74164
18374
97914
40252
88243
58208
95598
10951
27528
4348
70247
96533
11896
24948
46267
98369
92062
49791
28732
2968
92956
67007
70449
47773
82537
538
47215
82864
30890
91349
88193
25318
93206
63742
27386
64709
98587
53622
23975
71084
68295
57759
72100
25394
36256
44334
69264
90291
36749
55871
31110
67202
72154
32372
67350
64953
24677
56766
89781
15113
26758
80128
2971
10959
37686
5751
80217
88004
96563
18799
62809
45943
45515
80416
36764
62108
7063
34300
62195
31609
27846
5986
65727
84466
63353
28522
25376
46294
19592
77403
89862
22308
9390
39377
6777
86986
36729
43321
38795
92602
42287
59100
50415
49972
62998
81405
14635
48675
77605
9247
66462
23355
18971
1931
8922
88239
16437
59605
39149
2192
99411
22571
24371
80455
58691
48626
69360
72211
70474
36969
16474
29846
56583
14279
8205
74765
94337
17088
2616
42951
3682
31749
81472
93291
94443
5617
68079
19076
74730
48582
35050
30070
83833
23022
55028
12096
7243
79762
89293
17439
41261
96477
65942
52528
5389
66667
4502
44069
77419
87545
40328
94885
39007
7839
34806
46653
39256
6826
23799
52162
23532
15706
30620
39832
37068
53603
24119
18492
4640
39
99793
98076
50687
79034
82743
47541
14719
50637
1029
11973
80868
60576
43991
74793
81674
21229
91156
8898
58922
96069
1303
8153
80582
78394
38233
42232
73755
95393
10228
99003
23610
64343
51148
26692
1024
72277
67547
43089
5742
17764
94314
79733
45932
94123
63856
94528
31032
69252
23104
80157
32456
25122
65971
50633
60476
48657
46962
1261
24458
43540
54840
6412
60380
21509
63280
87403
39385
69232
64223
92819
77757
64385
28480
71121
61067
55751
69254
25258
5147
96957
70268
15371
50756
70808
45843
24379
85672
65335
63340
26358
21294
6901
64416
39989
66865
5896
27476
94803
30089
86451
33747
85111
62452
44946
76428
61739
97190
78972
74251
68103
9601
35908
62580
31623
66970
68662
45405
1593
63176
9383
6359
77052
18214
31289
41068
10585
44387
83758
92173
54943
51258
66804
81159
93603
90195
73358
80517
95191
42789
93836
60277
76190
59211
28745
33522
25438
94642
21801
7328
83091
81776
20998
80542
71995
10589
48310
11553
38404
87937
70042
15953
62715
1743
96166
90451
60790
58120
15545
46355
97345
3682
47602
39867
36682
71595
96479
54577
69132
61991
92085
81306
31738
86765
19867
98993
18189
10234
97406
61684
56900
33562
65217
50248
2428
69768
54874
54153
45401
88440
90119
77831
13270
42754
40888
18627
25355
11436
1771
52205
68280
63160
27145
65988
49159
69278
31480
5822
61342
36250
350
86661
52596
50999
12507
6000
69496
52569
90522
1345
36947
73005
93483
19828
97081
34624
53776
56867
5927
365
11058
39252
42318
43080
95980
9777
11617
46221
3980
40411
84953
5699
60125
90954
54223
25600
84713
12296
46939
51964
91704
43872
72674
71813
86882
2285
60051
25863
73616
57176
24948
33395
29099
73091
3437
42844
85630
50852
71258
27334
2735
47342
54128
21075
47076
72507
50299
72107
33987
22484
92594
87971
31538
95859
61741
5668
72250
20906
44113
22854
74351
67018
50282
55615
33304
29833
5013
65126
97597
9921
88521
90787
53300
80746
87585
29423
19637
71522
61938
67204
9306
47383
51614
72013
64063
2549
79350
75080
54135
6077
80144
42122
47678
18063
51021
90687
66654
9696
21177
22039
22932
61465
84720
91901
40878
2361
94309
39291
27329
41077
80469
63015
27408
51043
24862
59029
73700
17237
7978
10682
84016
22893
3312
14371
32618
65209
26697
69590
36455
10930
41775
32907
34119
94451
91990
58798
15452
42485
2378
12196
66059
76811
47627
87016
15804
42468
1010
81458
46184
27760
14855
8679
82585
43784
5841
14229
86695
71240
81684
11070
74571
56288
12324
21169
54894
7900
87817
28926
33514
55100
41332
2354
61863
45711
98157
36919
28962
23786
67791
5831
34426
20935
42189
1893
84975
83322
15054
51209
77736
17528
21273
71536
47705
73860
50333
35416
63833
30073
71457
13428
60282
37143
77819
74906
78130
62620
16579
84394
6485
61007
39832
2093
32199
89085
92956
10860
43718
94798
53559
22175
90660
1448
49996
3214
90013
95211
41093
521
86440
44338
20307
8420
10997
9449
72739
85937
96468
97731
85348
52205
31054
37012
11838
81084
86762
11329
20535
90037
18407
79238
84122
14411
4793
72015
57204
52835
77443
25102
9202
23843
37570
29170
48747
81472
31550
73294
64310
82788
98927
73524
25622
7172
6154
73932
17165
61441
86279
80356
51897
59441
52526
9043
85867
44011
35426
83846
49939
76977
23591
52821
97883
25800
991
69257
17676
69849
52017
85148
90649
92681
23416
46902
3195
35855
59380
64569
86656
49026
74808
82761
67163
86842
99072
3404
27029
42010
44695
55219
90232
94282
68689
70109
816
98824
91259
27612
76423
86852
28572
82144
44348
30656
81913
46127
21727
57136
24920
96818
13854
79098
83626
69193
68866
19836
18168
77863
4722
58830
8479
68312
917
931
29123
36753
86192
24018
96412
40248
26439
34258
98003
41721
46557
53476
57364
27241
47954
842
17693
3651
68115
47538
3197
24357
10736
78250
29946
21284
24113
65478
19560
9258
45607
71923
81733
13803
36272
5734
62811
70593
24045
53130
46971
11824
15729
50723
66901
75398
67629
49925
14143
26865
91071
84199
93044
92949
50966
78405
51761
86525
53426
14051
1481
94906
51073
62914
40661
81655
70628
72360
21580
1398
56729
69726
75965
43124
11234
47601
20767
88165
80199
11278
84771
15953
97859
73
75510
50402
18358
45073
52098
30830
83798
55966
27276
86317
79269
45298
17240
58424
89043
73514
60984
72533
95702
54642
80821
2470
60987
20681
17988
79117
1560
26353
82377
25041
85170
23212
84167
40873
30191
58671
72576
66706
17391
68294
83087
95369
22034
72612
72106
88619
57397
50761
12609
29554
91008
90176
65496
83967
17087
69969
93509
97466
53913
59348
12067
31470
90781
74856
73620
18679
13996
23328
55704
53941
87321
8686
57504
85349
33164
48127
63676
40240
37009
29296
72563
25555
17326
75473
87983
54348
40488
22702
85232
14456
91458
16104
40174
41942
77554
95329
76210
33461
4889
64870
68652
50007
30536
35567
37169
47702
12813
3201
5577
81099
59550
86992
75319
90324
53686
43454
47316
74703
86595
12180
55694
81601
44485
62842
30294
78484
21434
87734
27451
85349
73168
69087
79860
93253
553
66542
95363
50302
33144
27882
6470
49502
93441
42658
75762
3588
77067
68377
62741
87030
19700
4405
12098
93880
83948
65603
72559
84556
63653
44455
50071
39706
43922
10477
81767
87614
9269
99310
70432
99101
33778
21945
85406
17683
21935
67688
33615
79019
80302
52169
30531
58717
86664
81740
17580
16446
62505
61290
20275
37068
99108
43006
579
36429
72912
8137
59571
79842
86162
98034
33505
10223
66348
16148
48014
41675
69577
55212
26960
94971
44455
19349
21600
37705
17111
76569
3933
1823
21996
33719
21453
84611
69287
83486
66642
70377
24673
8914
36904
50283
33042
96139
48348
68953
64100
22844
51437
4304
12377
19209
17982
73404
96449
92455
72643
63588
82340
81524
65380
35383
72382
72788
38219
62036
16313
93642
59058
53764
21911
39703
88424
65849
28231
75339
4815
70912
82492
62179
41954
87870
20528
40600
88344
75100
2754
7040
66798
18156
2171
55350
59499
24510
60713
9703
55880
8615
68433
13940
5945
22824
49641
37166
32292
25644
68770
16544
10521
74338
47094
86156
55080
30275
66372
22794
24831
15521
48021
36830
17899
5901
94594
48498
22430
49697
28573
51274
82300
64109
71341
34835
99280
94016
16148
35389
52892
64162
89760
1115
56877
92079
76091
1143
60946
42700
85308
35492
71220
37688
57897
13944
80587
88537
91715
63032
68530
74964
67349
16808
22142
90048
38243
45466
51291
28355
48774
71536
599
27182
5747
69547
56233
20384
40646
46718
19334
33526
96625
15620
28629
99155
22495
53662
18591
74836
72974
47252
56241
66362
17227
84206
92679
22740
78076
80242
18989
52554
32040
93800
66333
64073
74105
82390
43567
4844
78923
1785
86613
65881
95019
24250
18101
90660
74837
22096
52101
62855
74328
83142
28717
69160
55439
35231
22375
49655
84906
1614
53086
82680
69397
4961
18193
77594
48889
97361
59780
87834
93578
32403
31196
56756
41708
90598
55044
38674
67270
12662
27612
30895
98318
86242
97246
71874
1129
29051
14308
22287
81392
46334
96334
17211
63210
87206
2856
792
55365
90264
5729
86125
34306
81803
1915
51228
72524
40917
11595
98104
94911
95520
43036
26498
55522
34776
97546
13412
29824
86402
7119
20733
76178
18199
88979
37846
12475
28590
15750
3737
67992
79376
17795
52403
74733
56515
7365
70229
56938
9997
62275
78263
9532
97983
85065
62330
87390
89007
82214
32650
71305
94750
96776
5893
40243
39933
44377
1678
81316
99145
987
9706
23657
64877
82751
80965
62325
38992
38975
42871
83179
16157
39369
54945
24020
98186
26771
5389
84678
10884
32422
61898
66013
39302
97173
58300
38042
1177
10797
53944
76985
31211
5068
71506
34977
30217
33539
62826
97040
78662
37362
36621
49405
11463
78928
83110
61120
80144
21076
43832
43685
43852
75111
33910
62050
39021
71264
65384
5287
31586
33279
92868
39198
61236
15281
63053
91944
60624
8421
96407
93901
25027
43614
40227
14779
18186
40451
67921
44529
34501
33841
88014
93539
32771
45764
99277
72809
86435
69575
30008
13568
41658
87113
75044
69451
60435
99489
12045
34614
39146
34423
4681
4472
68306
21349
92287
11703
84962
20393
13245
32829
69724
39655
92089
165
42066
37457
68511
7854
98858
29649
77354
44829
72399
80159
28178
78346
48006
30611
58004
65546
92745
25164
17401
31863
30140
27180
8709
97623
9835
40630
62768
47319
46826
59797
85273
94130
35814
4841
44274
50658
25474
45852
91414
76703
71204
42799
84296
9235
47605
48581
96843
88833
35551
24444
89032
589
5729
33538
62350
31180
36505
91092
18437
88570
97846
48505
99019
81967
22569
46722
36067
6036
17729
80416
80164
89202
31390
52881
87525
27139
64645
48913
30805
31399
28076
69680
60759
9637
30582
41030
38223
79139
6558
46170
30010
96029
50708
5507
35778
57104
32260
53368
62364
66005
23307
99470
76376
23212
65318
26453
12855
21153
93148
33981
62083
50924
35500
74356
83874
43707
10192
93020
54798
32252
35460
92708
71404
80687
42351
65556
5350
47137
28494
27520
10711
42728
89505
59754
23683
64612
39151
93350
31993
25914
4046
79787
5950
4905
38722
5570
98167
24241
20554
25231
93202
8249
342
74789
3546
66414
52446
49285
40231
69512
89095
52324
37315
46313
85104
46964
33773
76140
46307
92548
13291
23623
75519
1165
45689
51040
41137
94188
20906
3918
39608
59748
70791
93556
8880
19080
63030
11053
33522
10591
7829
37114
47998
80036
62737
96340
68413
14692
25862
96353
47297
81207
24759
31985
15687
81474
89701
46402
24839
49495
70318
26867
26885
68080
95979
3337
94360
28496
37599
88723
39458
89629
30540
23275
72576
27500
55077
78933
22805
24832
38941
2700
19810
19580
56866
45051
70063
39782
41843
30559
72167
81312
84640
36886
87796
26507
23085
14585
7170
98241
16508
87502
71693
31390
59224
76225
61373
90740
44327
9208
15942
59670
92652
72598
6367
47646
68736
14743
1721
80457
64444
75165
38524
48786
55226
78150
66177
39899
38227
14252
31919
49008
55518
32767
35890
77364
25712
2784
25878
57468
9470
55040
64806
71109
46641
4528
6953
6272
95775
91513
12922
29521
48714
17748
39068
33328
52376
8406
16276
82009
63761
22845
30687
44920
94136
88007
18374
59536
68271
94759
35144
13661
63874
47345
56433
68131
35365
30942
7260
31600
2681
63824
66022
54410
87520
77746
44893
5391
85920
75449
82009
13238
56046
10200
91097
36669
82186
43054
18593
64626
56393
27633
86774
4364
47557
62969
89176
83984
74698
53653
35680
98241
63595
12679
55061
6598
64069
8629
81289
73742
83219
96991
83317
424
26340
74863
66274
16711
8475
82906
78798
88713
5654
75465
9872
50262
14234
7543
41338
56068
96052
77980
32249
10477
85493
66040
91914
26626
8316
1868
57
38483
66820
88354
89590
98292
92304
57331
9634
12707
86655
26511
54108
60419
66402
54041
35614
45599
17199
75172
13485
88322
48889
66864
44644
68996
66821
19037
31534
95424
88681
76266
65789
44867
89558
78045
35664
37086
6897
34497
58075
34441
48416
18930
10689
32074
10535
20701
57458
44606
1718
51653
65665
94472
29374
89345
26007
47464
79381
98208
28236
72525
23934
54408
79409
13055
27605
91241
11492
35795
43912
5585
37314
53765
18949
88483
65596
77654
90929
48966
13534
94395
95702
37474
78584
29502
12028
65464
29499
86188
87922
76004
64331
20466
66586
84634
54528
73736
92921
12484
82886
99372
50695
67078
76455
40760
92722
53951
37454
87316
30262
67071
99886
26508
50436
3222
18159
52819
69496
14197
49224
11872
5727
98292
15128
17913
88146
58191
39295
32236
53756
27036
75757
34231
69918
27972
99156
72188
15823
70265
6207
52114
97507
35600
47015
73788
95374
46812
23288
10287
48941
53314
34003
40951
95518
24262
17081
67538
31301
2353
35248
25466
3248
65400
47728
60943
79543
79841
77968
41783
72616
72241
69310
30228
49219
27532
5192
49009
54594
65015
99648
51758
64450
48709
98055
22907
24874
28472
60529
11827
42936
72431
52978
59885
36761
30531
19369
53401
4927
57002
12868
7013
64075
84599
83492
44967
88678
70605
92958
10263
12527
30154
37867
66649
5467
50024
45910
14024
70967
74112
70755
43496
65501
67890
22885
72665
66073
89890
70444
37003
87499
96599
26753
73148
8362
71630
35878
68934
30745
46875
60437
61061
2234
24552
81720
232
85381
16094
89664
64269
79177
59534
74922
71252
87149
11728
38644
28155
56131
43116
28841
11141
72370
9899
76195
14707
23987
89324
83142
66007
82253
7832
15013
11984
10382
9872
71699
87493
65508
50
60239
83586
94077
66596
55622
22246
75877
37197
87443
46753
86207
60306
76962
976
3294
31259
29992
67291
5049
74247
91576
3955
92467
50222
29390
82856
84174
39294
26043
53004
90270
28307
4632
20788
11722
55497
35002
12171
45961
44259
35109
5036
97759
69096
49279
19217
55510
92248
75934
58857
8712
73174
47683
62503
79811
97051
18535
69598
23766
44610
46972
8280
54977
86785
12278
90958
29362
53311
69585
70225
13227
3952
75060
61694
48620
96801
1205
27024
9273
79329
97743
13236
73213
3402
29828
92865
23541
2185
755
2339
35505
98256
55548
85133
84262
92921
64128
74539
87783
75497
27843
58099
72691
64882
99019
65248
19784
22679
5322
61861
79784
51002
53436
68164
19267
99198
25700
92855
56674
76786
83120
3203
6167
96102
690
24475
36104
95138
63288
8808
11812
77005
59508
46854
96554
43530
58306
77330
95986
80152
89683
38105
77948
24015
698
24136
66620
52319
63227
4027
7164
91869
62428
15332
84707
12960
69917
17493
99291
55319
10097
2239
13455
38634
8647
53317
79054
57975
92755
14852
32871
50337
16149
13183
92043
59858
18657
33986
33260
11813
19033
24345
51591
39971
70501
51982
64471
520
23070
65712
49426
82775
7082
21192
11722
24482
6320
35438
29583
44637
61219
92237
32180
99062
59023
29323
54306
67899
7181
76685
54809
76398
75143
61825
88369
63263
24909
15368
35093
23958
53021
98542
70509
21221
80241
55823
70724
84454
35015
61026
82370
77310
74030
59544
71097
10076
57901
40291
88952
52003
81063
45003
55159
28630
965
79278
60292
9870
62853
28486
76220
2844
14402
9943
40481
47754
97097
62667
12194
92667
24898
81816
10638
95955
13046
48161
74477
93063
82712
48365
9476
43184
64429
49667
12957
78859
24787
59265
19889
66212
36313
97563
5582
23963
42557
27683
93640
18426
79213
45044
91285
334
57663
38668
68330
84933
10320
3224
99142
45795
18424
61759
6317
39772
10560
57475
53412
70507
95743
52880
84772
76375
34160
97770
56536
40121
8358
89633
90711
74862
1219
99981
50845
83003
57025
16467
60911
17186
52324
2535
22038
6531
31124
40508
48809
58993
2781
73123
4922
55046
78389
76861
39293
43958
93207
27451
17934
11118
34051
86059
19778
93646
59949
70492
38288
88419
44077
79279
91389
45424
14702
51794
35051
19280
33580
38682
6726
74568
13022
67825
32253
57622
74936
88108
9131
98188
45880
88090
9900
11560
38292
43837
66357
43896
46083
43358
36803
70269
13531
12598
90799
47398
73698
37191
37389
96523
74416
74449
31348
17614
31342
19649
39551
5757
40062
13942
22699
67867
38902
68010
71666
20001
62475
64353
87964
96964
83273
59402
96103
361
4167
71468
17763
10203
80270
63033
90981
75849
75211
97172
96410
74399
66185
94993
64515
66082
26408
9265
92873
91430
9789
46471
14687
3231
92761
26284
17146
50103
7649
35211
79106
34476
6922
77429
71696
59179
84226
65183
13731
23559
48647
77835
9493
42364
51863
15775
87258
76396
62599
66710
31544
12475
1726
64695
56895
48878
68370
6496
85286
84321
98553
72414
99576
7529
22038
81676
9180
94951
93057
3266
22437
14806
64948
25364
32924
49556
69487
83304
53464
96554
8501
58828
66094
57380
79725
63187
1717
30032
56337
44611
42031
10858
95577
65340
55359
50574
27340
26388
4475
23224
20496
31864
21016
45958
77817
6793
73834
65520
61470
73660
10245
98793
80213
96571
21467
65036
35887
18967
26242
51080
29901
35919
18028
6974
46449
55967
71387
69584
86587
23194
87438
57146
53271
88061
99278
3427
38478
68917
70201
16289
92904
48297
37017
41661
71674
24573
22338
85484
67523
9569
88842
45289
29657
27783
38194
36375
55707
82590
16835
60178
7130
70014
77876
88703
48777
53950
68172
40199
53113
83717
53997
55887
72694
1104
47574
79825
79591
56866
9414
95363
30342
66720
19706
83872
81024
2606
61632
60632
95004
31891
7192
30360
63537
31963
88541
25716
53912
23253
89693
12046
57076
20120
26538
66190
51575
21943
61563
93785
71832
43584
28483
75509
58730
39344
85863
60359
99468
38696
93413
96042
2994
73792
31936
19041
10078
87502
49975
46497
80626
79094
3130
28727
63979
95282
6658
11347
23682
40648
1206
916
7927
22399
84762
62662
23723
29503
60505
76140
6288
69242
14812
14795
12645
25942
81521
44367
6190
33236
7006
6767
76312
56822
98225
60757
27234
96431
30087
70770
29239
3900
79846
90849
51709
22761
96157
81793
856
45761
59721
54867
20380
10809
58730
83438
5139
31853
61562
85251
68952
42974
22265
68191
48321
42821
35881
74670
37475
55199
87918
94532
56489
65318
96316
29665
56240
62715
4800
10971
66171
1453
92908
3216
10559
59368
12734
36303
50550
34646
80221
1968
64349
79073
57727
98248
78728
55215
76266
76708
18657
89056
11282
83370
37381
68866
91526
71199
92705
11669
9548
778
3872
26610
16480
20618
10460
77664
64233
90720
94568
86956
38851
73334
53374
13180
21362
12043
43897
62673
88749
75870
80345
99882
79304
51719
43018
15478
43647
6800
35340
58251
17081
60654
95338
79855
44097
75654
35793
22606
89605
49283
30808
75446
36500
48803
74017
10037
34862
21030
28057
14333
7532
14374
79084
48462
994
65647
65473
13638
1426
20345
68712
3439
984
9408
68946
53648
71316
75116
65553
59663
8131
52136
88015
53835
19121
64795
59677
96714
89062
89626
90685
813
45485
67235
23667
18989
61708
581
4292
60972
31543
55486
86755
73302
74615
18279
77155
95061
2485
65622
1339
1426
8066
17184
89421
17582
86907
51302
55269
4182
73107
84347
68261
37562
10922
13614
47700
87693
99784
7748
34277
22002
85124
32581
28689
97085
29708
57311
35373
19467
97458
37806
5248
93744
51945
77933
14041
92181
66080
85612
10278
98715
94870
64363
74423
61861
83033
8220
15136
92815
4911
62245
88830
49982
65788
42698
59836
75643
71467
53660
41480
63881
42398
30070
23928
72959
48327
832
32969
79205
39836
14450
32115
71577
81256
93570
15354
60609
24463
8466
68099
18366
83659
47030
13843
10175
10768
20575
54789
54016
73541
68745
81418
35048
35088
66873
17113
12215
78951
39909
39626
82060
81662
13963
66746
40448
58343
68082
72931
72236
87399
13216
80536
7808
89080
74666
45540
81217
6972
83345
39794
82907
75806
70553
29664
60147
26264
87199
49291
99680
58682
54242
26470
27107
9958
21879
72059
2754
55342
22341
18720
42764
698
5558
95647
95023
87197
1548
78275
72655
85535
83966
49054
14250
24851
1822
94225
84348
77440
15251
36765
26142
49146
63940
6276
39242
29974
61720
47859
68358
8878
90589
17140
32288
99039
60697
64264
19908
41287
26490
53780
37649
44583
85179
33560
36415
63100
82887
17257
7117
47503
41750
99709
77689
11947
60470
26492
76913
49414
88702
44616
88585
90192
19224
6573
76130
78880
45142
24597
74004
85933
60044
29676
3084
62640
13908
57908
72190
63198
19523
59662
4171
49714
25484
27914
44061
47199
39205
86525
64610
63407
97892
97256
60910
81173
37468
66135
85234
89221
1957
39143
14878
84251
99567
2108
13677
68190
18738
16819
29256
47108
9631
51093
89684
43350
7395
88494
86584
56970
46179
90257
41107
32777
66195
29366
87349
48440
84368
21984
12442
51641
45034
62881
37119
14132
79972
43442
76699
21392
47414
88220
69245
12832
88409
66591
53100
91152
38923
48241
84881
7704
83983
18171
87278
56523
56447
83589
84794
27965
64622
42987
24787
86482
17611
85364
97827
11480
69362
64400
68187
32886
12833
81018
50206
40858
92833
30534
80283
7693
49967
94190
21149
43019
9683
17960
74372
97170
64320
28784
19718
90994
84900
81479
33328
66185
56824
71697
84551
29248
30737
99988
97158
5158
51075
60867
85579
30252
67691
65155
66958
85354
42972
72132
32865
51873
77312
27051
78928
61459
41210
82100
94633
72521
91213
39661
8600
89689
51625
70276
95239
44727
24266
75176
60768
11279
99450
70904
89926
70474
50792
21305
30463
60302
56418
65647
34815
50881
19834
98310
53038
40768
93336
86999
63249
2354
13514
72633
82810
90494
91786
93220
52186
95389
9857
98343
76776
10491
96541
66029
74120
16608
58144
83415
92102
33867
22658
4255
23153
70740
93020
79083
26940
94367
91061
34497
12727
14543
8866
11633
66802
86653
28856
94036
12961
50586
46031
83118
11051
86489
99721
10820
27324
84151
41568
36138
48074
11811
29191
36737
19748
81326
10556
27172
10973
63402
50748
51667
32731
93896
14096
56630
41302
299
30552
32506
25011
20630
19571
98162
83766
36341
59659
78830
91507
81318
95487
99918
94175
92928
38148
38345
5876
79526
17179
79395
5599
23359
35419
44124
89284
52584
61832
107
40806
4523
72147
77259
21996
2744
57833
46128
85593
48092
66674
32480
35219
78042
91149
67454
89283
30647
3120
12438
94722
42512
75957
25655
54844
43317
32910
71498
71073
34583
91534
20320
63874
20144
18612
51713
72650
8178
79705
49284
31531
85282
76462
2005
86385
40196
1652
73166
19842
4829
79871
84782
60615
18048
33946
5409
36639
17166
67809
74090
13923
28408
27995
3881
11225
71302
79400
97439
64362
69590
73016
41637
78987
20744
19664
65118
10907
51256
61043
64212
7639
84960
66749
93036
42892
64348
69390
58860
89171
73573
51906
28043
49606
96575
87854
4362
74047
90368
13005
56028
60281
17663
14704
36446
85324
32822
19118
72139
55328
51759
12920
81319
28204
37548
503
28151
31607
54489
94192
90854
16602
56911
64321
41068
35083
78883
88347
21377
54775
30055
16486
45315
11573
24420
22801
48942
24819
29996
39095
62285
45408
71710
37664
40590
85642
72654
86984
49956
80259
73260
91249
2290
36012
57798
72453
37184
73229
87468
98154
29875
32206
44170
16793
73622
24556
68915
72201
4148
9701
93246
30178
92118
13330
84657
52707
42657
70698
62288
62082
76204
81090
28462
80491
48022
65894
34023
66243
61234
46802
57270
35528
11281
59291
46271
33824
85488
15868
11963
29465
57463
39594
61151
80955
75088
17294
8002
21141
77390
52528
42935
78820
89602
60358
46124
64223
43555
34481
80579
90885
90246
3131
83568
55912
56301
26355
52401
6262
41596
57012
34601
58532
88118
6951
23413
95846
63908
35640
8413
9243
65847
73597
30529
14931
56697
93509
41166
5121
8293
67868
66870
17339
78411
44293
62662
86612
36752
20003
81928
59573
43006
77870
24389
99685
24377
80696
54822
62390
12899
47770
99796
30152
90260
54293
50136
28689
87462
13632
12374
3162
53272
60820
29879
83922
79479
14453
3994
19239
52734
92615
82420
48479
98410
7878
63392
87624
73110
33861
36885
53053
48064
10037
44483
50681
96059
38093
29013
67895
4264
89387
66111
62060
96349
42876
79584
79484
95128
45255
94708
57378
75013
50405
18811
92150
32269
78625
75499
31214
80537
78019
25550
63549
43591
73695
99112
98641
4963
27849
49545
77383
99053
38677
48955
17581
58863
71139
55019
83530
56934
17034
68781
57977
86798
9274
28640
13111
64366
65392
82452
90102
43188
68474
67054
98968
54483
30534
69390
55424
25414
5803
52317
31691
34524
66136
86605
12220
8642
26708
47712
14917
29689
13132
30557
50558
77313
86179
43952
99449
3549
9856
54003
22414
1559
75800
68446
79250
13811
80093
61916
67021
69504
82008
69763
86683
50151
75750
38166
32757
19169
6539
28652
34175
7085
49041
93558
12242
97102
37277
93989
24029
63728
77831
42798
76651
86460
99121
95081
9394
43842
93892
63421
95698
3524
19919
69307
14390
35646
29587
9209
32211
28942
35072
42376
72070
12059
96751
65001
92200
24249
59841
60325
534
68085
50589
17584
10462
79847
75831
52506
93047
63293
90674
39773
26760
65308
49551
6316
92415
24831
59782
17905
38964
71063
95262
94323
6944
47840
62865
15508
13995
87420
68581
60077
4589
10811
94999
27944
85888
95818
90083
20766
72203
59336
22387
48272
44408
26579
48491
83415
70044
93078
9752
73631
40057
56767
20320
45139
13600
31950
39660
80236
86379
43529
51555
86237
72897
45337
77285
21018
15349
38151
99317
83285
33545
63066
44718
78456
24845
56807
48854
8046
86686
21503
69063
56418
52510
2456
25676
62922
14476
84325
58826
13103
56839
26709
19207
9720
3616
631
44030
84955
53214
34371
2157
51135
30271
97214
61823
36719
32097
15537
68431
64443
64338
61264
73879
51692
52822
81838
16382
79813
22460
43216
44390
93836
55617
31003
92416
2039
11424
79688
87632
49720
575
99109
7570
9779
90123
22614
99316
53761
36816
12750
68349
8862
73989
8821
79392
9554
46747
27844
52550
59861
63918
20456
62063
36367
82357
76760
39451
81212
17927
52965
71327
47198
31695
13586
24833
19848
95529
85135
18652
83524
68382
80844
35276
51121
69016
49951
6570
42402
12947
75804
64637
36334
70979
79401
30572
59907
81885
89353
27214
4266
86885
54555
96581
88595
82370
42590
62357
35342
13484
77838
40992
44518
62694
13708
38083
13022
69897
13158
23836
76418
58668
11488
59810
5136
80721
10376
77044
63670
96853
47681
72907
72761
28941
47831
95335
60076
27880
55003
94311
86285
81321
70837
63693
96788
59639
19001
65318
28139
42817
49388
52425
7103
99330
42033
4063
69179
82622
40899
43840
47525
11241
41987
65810
22163
21720
74904
22375
49839
39820
66621
62310
51172
37729
50899
53782
100
99437
58168
22475
63633
98673
28179
63263
61350
5955
45968
51045
56552
18168
26563
77930
15828
53385
87392
81355
28137
70212
62656
51910
6630
34149
79478
37554
78827
96755
84371
91547
69423
79554
36896
90662
38759
86957
81703
16603
75328
94162
85894
9545
63361
79413
51297
17774
39314
69558
50994
95635
73968
61632
51146
20888
76346
31469
70311
83989
55060
57427
97674
51836
5045
89963
23863
19397
79609
68949
11409
29794
77686
71442
31744
47723
31937
71760
66976
10701
84550
37248
19050
95960
55330
82476
15217
13847
7596
43748
57770
71574
24214
80046
94004
79395
26549
75939
71144
38521
84055
67743
44629
60123
78194
36123
59373
5442
17157
74086
6181
7183
94399
88037
53061
93862
33607
68686
84988
85099
21514
94888
18091
86832
32604
6497
68412
65144
28524
52131
57178
92340
19473
38882
45407
90106
50129
84100
37848
15164
22244
96740
36717
20205
8651
47057
9251
35503
14228
7135
41570
31736
38574
40700
40668
98856
13257
40263
86858
46919
27442
78301
62673
45537
52912
99254
36823
58549
25208
19009
88099
47681
93960
50042
66781
61428
65495
53556
74288
90863
22922
67760
3327
66984
75355
58645
3122
6034
60909
12448
19334
1960
9237
23039
98132
60493
66799
87873
76665
35655
49207
64880
72701
74105
51326
69482
22887
20201
29682
95643
22212
52831
95862
10202
81101
34672
48382
60092
3252
68891
97981
97002
42349
76078
27225
73185
75602
82978
68163
95699
14703
39494
70694
47134
31728
89510
40172
33075
40070
41649
33932
60762
47451
44539
80004
30512
30748
25156
99456
13368
66294
86119
20828
60606
76733
89580
43917
95477
20359
99380
75491
11042
10451
50352
92959
32566
53958
12708
72807
1512
19393
73141
4252
99650
62414
13932
33390
38160
51163
16324
62243
6846
70834
87539
6738
97194
64193
15788
6042
96668
99557
96376
13526
69035
57989
40463
18962
84376
72421
82317
28087
14247
27536
76539
25565
26524
54120
38394
19860
64368
84405
10364
57093
4632
58756
2970
75372
49103
70707
54865
89013
44200
18894
89687
29665
67432
19628
9060
82162
64146
53643
91097
91263
33340
76819
43718
11000
56718
22871
12598
21535
61765
94968
98064
49160
67495
29653
23226
78552
97351
17724
75239
26301
13792
73890
90497
69732
38647
60253
90186
72989
65273
37818
47166
5156
570
46268
80145
44093
4733
49339
23006
10593
73395
89984
97472
89756
90839
30267
18310
1443
70620
42378
36237
86840
96642
43376
76538
66063
85848
57596
14784
47984
68991
73113
95502
13058
11137
90867
81082
28050
69581
40930
13758
95124
42157
76577
22750
42141
5717
34428
7164
11703
47500
97978
47981
37209
58794
85177
55505
3288
47884
34716
24427
86829
5861
48829
76152
88310
53060
68027
13725
42183
16910
80314
71301
99154
86020
54359
51356
95941
99705
68174
20233
86713
78135
91901
2902
95807
66161
61972
55739
19809
21312
78030
6914
98833
95770
42745
77715
41200
10953
8534
69855
37263
642
3004
10975
18379
42210
93860
41241
4
53391
35842
26192
27900
27007
82907
16049
37958
94445
72108
14292
12834
69748
92790
91186
34356
56806
3697
5341
43920
41711
40053
15643
69439
95586
13701
52001
12949
21929
47940
336
53849
66514
75145
40526
75638
92724
95720
52887
46602
86827
45612
49193
17512
51997
83469
45316
3514
39043
2274
67745
36573
18927
90276
31041
5253
15432
83201
42542
23531
50502
58633
54564
14488
58215
43297
34901
71616
51940
45254
71013
93620
8016
59865
69067
67073
61002
69177
25956
31966
94747
89223
70932
3973
70482
45889
68513
43096
62221
46584
32396
65944
3908
61138
22509
36825
9683
4042
6531
61855
34228
35127
37010
54876
93774
73772
47836
77978
85202
91895
1845
4664
76945
46250
37567
11603
68337
60750
66117
84885
78503
97267
4504
49190
21858
46514
2480
51203
39718
1243
13498
36978
36923
66820
87685
70312
41470
17698
86407
94255
67018
78521
52610
1497
12475
81366
43616
55657
39963
69863
9996
69889
79099
66495
84070
43376
84304
91705
42165
31425
47520
21373
72676
16567
35199
13196
12640
48994
27291
78381
88345
88554
71261
39629
60968
65045
55974
84324
75067
58328
67520
24725
12227
96944
79611
71873
2329
11434
26809
94526
75675
29668
54877
68505
30521
8251
27914
11888
95274
60779
67396
27601
17141
87364
48548
88268
1172
42869
36400
89741
15763
23529
33118
19802
93361
80312
39399
21504
17750
88819
60815
69415
43681
5928
98767
61621
32821
59388
8488
24017
22454
36501
85056
35686
88377
88288
34835
22572
29544
14575
86468
59299
33329
51960
98805
72612
66052
23237
69242
22169
92705
35373
14986
74354
25348
24411
54671
42526
7549
37112
87059
85143
83711
4680
9908
34136
17395
15282
90056
3727
50137
30288
8742
17560
6537
69459
28706
60748
12691
26275
91178
39123
95599
56688
47416
31116
96307
38246
93784
78135
39001
87892
18186
93578
21239
97749
61097
37153
66020
96941
77453
70735
47787
22313
29865
49549
70699
58522
56589
98988
6735
53348
99747
86907
46839
9473
28248
13554
42072
78665
99007
59249
37417
33812
99232
92645
6214
39854
64122
86538
87805
9679
62966
73035
61176
87035
11100
62317
37634
81195
56777
25302
82994
21509
84584
97088
86582
63149
23121
48178
6535
72689
55576
31162
69777
46256
81762
62177
25699
91620
33172
39313
51769
36413
67352
28860
63381
81558
56732
13714
76560
67030
71700
98360
75737
37173
61471
82841
76243
26246
27035
20727
355
1249
76814
60219
3698
75846
202
35441
46948
82422
26122
57365
43705
21030
35596
51373
48739
60428
1301
42158
98638
27759
60421
35800
44084
57366
36483
94645
44067
86376
5327
15255
25985
36657
68918
32325
63198
60171
20341
1398
599
69757
80716
58821
12427
82045
37710
87082
29231
88790
36537
139
79582
27268
99059
38769
88384
64329
94642
48039
25132
84970
97845
47831
84305
18247
95757
40515
33056
11201
65402
99854
84731
56335
50426
64497
76368
76779
17218
50781
24744
79837
1853
41618
38221
66080
31274
43335
1929
5852
65933
94588
1304
84991
85985
80728
34735
48297
95880
9433
69173
33218
87130
71673
89855
96949
57604
14181
68253
52891
86344
60160
93586
97113
68436
20204
57994
85756
60387
70687
78844
58043
15644
47435
52522
56343
63658
15841
35944
72999
1244
448
55844
17699
87487
96683
79031
38573
37626
809
98701
81773
34475
78528
31150
33247
76586
85560
98205
8807
88490
51664
58368
74021
17197
1316
36376
42496
53678
69311
42482
67024
75302
21320
56009
19009
7776
48209
95328
14845
54361
14227
25833
34557
34386
61747
2396
34489
40480
47269
63226
20731
8325
70330
18084
35949
69037
62715
72298
61057
21837
10753
52724
18460
18440
4676
32305
5133
5852
30872
87905
66851
68817
40
80858
87784
75738
13798
45265
58272
83263
3577
18487
81663
16006
68611
22548
91401
51933
87865
6901
16953
79217
59848
33032
67880
88675
91789
30099
654
47637
37786
97502
27433
27799
7648
30114
94783
13828
90581
59333
76513
73637
53431
61027
15800
72856
63777
57123
85904
50606
67134
59048
62779
61986
24109
85087
53995
92910
76364
84237
62965
59357
40792
17286
44084
57986
50224
38512
86874
17028
72324
39751
32205
39064
90726
25048
35662
87302
1857
60732
47284
61014
87855
67619
77901
16416
65988
65585
60868
45963
52712
11646
97000
32197
1251
19505
49317
60321
73577
29989
27260
45143
25018
91317
67551
58161
82678
89886
41212
18517
3152
48801
18617
19200
98208
95845
64439
47639
51058
66074
43701
7330
61853
2035
63225
83498
3846
81089
74349
45743
79273
27897
16720
58251
40414
51012
15653
36236
57780
32050
53830
8072
42644
17782
54901
68362
9660
94708
75210
68745
64268
98733
63699
42018
96076
76040
76084
3920
39107
47829
39619
90773
54884
11422
82710
64291
71413
32381
87826
11605
70536
67624
54447
88453
77511
91628
57720
26529
44588
37732
34987
68384
46707
12072
28765
87945
60385
81303
54697
82239
36865
27135
77621
60554
78058
3013
9832
43914
72689
6519
27109
71247
67996
58391
86344
67143
15363
37008
82026
32027
11950
7650
47374
33023
38510
86772
89869
76846
34462
28829
65112
56807
15387
9604
59343
35106
83428
92523
98804
73314
38825
29460
51245
20426
67248
22191
68912
31762
32047
56075
10384
73093
12106
30566
50306
60257
12747
4488
54199
94261
93394
46872
24055
40214
90183
91707
80713
82284
58637
4473
65378
63655
70135
49269
66132
71200
47621
83994
48386
10045
54062
39967
82646
31684
34025
52600
5814
44839
68199
49817
12230
19491
52399
45854
67845
50504
95268
7582
38361
72210
2457
69758
55097
75136
99762
26156
91482
42682
85611
12611
35911
71207
46568
5804
39790
65523
21374
41146
89381
78822
2340
56467
26938
84268
10792
12529
66957
97145
19165
36353
23335
21746
32491
3272
7367
36784
67836
52931
40626
43967
91809
12961
23751
65203
65019
80569
17753
51444
35659
91081
38019
51148
82732
85963
86929
71617
97648
35161
12377
72135
36171
73993
83775
93700
18024
80795
80944
68116
85852
69973
24077
16326
82370
75999
93062
36449
53556
86619
74939
37708
61386
62512
29987
64329
64948
89832
80608
29718
63736
66824
12794
75730
38256
64928
38310
48937
18137
73527
19009
94906
77456
67035
24334
14060
91836
5213
8594
69932
51799
23207
82061
64124
80965
55985
57962
60301
18224
53814
54888
97728
60848
15031
72910
33445
55981
30572
92633
45423
95274
24477
73976
25730
71201
88281
13370
29180
15398
16832
88117
68100
31472
79989
89926
84254
99825
88172
66558
36832
39742
53419
37874
50614
89994
6298
30287
39772
99598
62774
50799
34197
15836
98133
42361
61251
68475
32769
66792
76990
8972
77543
92875
79418
65048
66679
37518
80848
24711
11902
9302
92432
58551
69774
35772
48118
90802
9683
8810
68730
8823
11780
38852
42757
8954
60376
85039
61422
39543
41690
78698
18476
94017
50455
8606
31490
51694
67749
98914
89954
73331
39720
3288
83664
48729
60654
77658
77283
57981
10106
46880
19783
12930
56540
61166
50735
86368
82830
67024
27032
84132
26823
3823
518
29241
29183
77253
23031
35361
77167
68073
15734
68584
94389
89484
17354
90379
46156
37220
471
60080
40160
47646
54236
17977
21849
63315
21695
5060
99685
68889
83970
93444
81255
14237
86611
97583
99462
47352
89352
50625
87116
35646
93703
60483
12789
79718
60326
75233
96484
43204
56628
47140
57931
83139
1949
30003
34565
39116
13738
84231
27671
95294
61893
15244
34396
16832
70739
70674
52500
86537
45997
36313
36112
24643
82443
4918
35049
87065
52368
21379
80974
19473
90751
98841
17248
40369
91740
17906
18478
46424
85191
44206
24403
94002
29019
8535
48215
13173
99545
7686
82990
35459
56156
39257
29199
9398
61945
63861
10303
15269
6760
11767
65242
55232
50881
24355
40198
30239
8647
938
70143
81003
22886
4504
54592
79578
51077
71163
92620
65018
77926
26948
48256
9712
54807
57373
32528
48892
1583
34426
68422
51123
7129
12644
29599
2447
21192
88838
72597
23458
92032
63622
9145
29213
54235
36670
44323
94778
3117
10944
89265
28239
72212
76658
20520
82993
60213
72028
86297
1543
13916
76210
8502
20318
76136
31831
86361
47423
28687
15254
4787
98470
89370
84967
17185
9978
81372
98933
27388
62631
140
13817
70237
82826
23286
83000
68064
87890
67489
62454
95286
57728
50921
34214
43077
54731
91633
45356
82025
55092
40966
61341
65906
19129
76627
85909
44048
31520
61136
59534
84391
81379
69546
65183
90142
72291
83829
49588
6796
13412
60860
68938
14388
47464
93556
11438
36184
93668
59047
74056
53883
61466
89877
63985
74162
83078
94186
41791
86376
47733
80516
48940
91011
58500
14676
90182
3132
75284
30585
97094
72473
72479
37729
81266
47075
42292
29906
78415
25565
73263
88280
13658
84740
99407
36771
82432
18081
36681
22525
62399
96803
54672
50635
90577
47388
22849
50028
70126
15320
47414
86384
92683
80732
41305
63514
88162
38959
89711
97089
3858
66328
38445
92751
76567
54274
22978
77119
682
19719
32645
53093
43365
12498
94957
71021
75155
31422
64754
74390
3714
1548
99425
11517
41805
87675
24049
60536
62108
25246
22002
98615
15050
96517
73184
48186
98988
7958
12500
21922
52681
65588
41316
68584
28872
36055
34403
99076
6093
18910
64712
46488
87275
65005
31335
18566
57121
64025
42197
38156
15999
20239
10633
62471
17403
70322
816
74078
75158
67484
6297
74294
30669
73607
20053
74709
51480
65340
67650
84054
94988
11859
39851
30189
17552
54309
21105
51659
16914
56688
3198
48255
1641
93920
81301
29121
73061
21994
62919
26390
145
49870
48229
7063
34485
44373
16395
9230
42938
24190
91317
36222
59989
31013
10884
50387
75879
29094
118
51047
3316
17949
16167
50354
75098
73395
52253
6357
74209
20353
66575
19559
99554
89410
54837
42890
29502
84348
23962
799
59281
80672
24096
29650
47817
90622
24393
47421
64388
3121
77834
7421
51373
41652
77845
65872
89393
75250
81770
13719
98295
86664
44073
81838
6279
90067
72993
43174
67868
43081
69104
72252
12002
66969
55001
9036
13026
79613
38970
66671
42059
30238
23511
47679
70643
71195
34552
1543
1433
20348
8773
16638
24814
68870
80432
14480
19607
21385
53813
12182
67015
62772
99330
86954
20206
85624
50213
12666
91905
33450
22726
82440
84847
42715
69038
96990
20650
35088
54733
86796
366
12751
20191
72408
82026
80564
704
28034
81057
43480
36676
38169
88897
35079
80001
5189
80926
10041
8075
38286
92704
84320
19094
53412
57312
72398
6212
88366
43770
63991
46469
42192
21946
22699
37771
8688
53401
38843
67959
59485
61966
55776
18067
5727
38167
30603
76903
87944
70687
99815
37945
18598
79063
47761
29038
5289
21499
96726
23082
98933
98318
38046
70577
35461
12851
69820
56788
38445
29580
7583
91303
47513
90161
62974
49780
21185
43912
40075
37203
7731
30033
982
91456
64885
78384
84120
8983
47248
98932
58477
64797
19931
80742
15057
72671
30715
78316
18938
26243
78149
95877
78151
1821
65824
14978
68354
38904
93668
90897
38178
95388
21716
29337
64883
96227
60684
87053
37692
77038
33822
79054
7649
53310
71579
64613
96350
77829
88088
23970
62363
56944
70485
78414
31770
31750
50303
65391
96587
56019
39121
3747
4417
82709
39719
6500
66941
68202
4494
25466
35605
40968
17821
12841
45126
76439
11099
45918
15948
76609
63839
71230
63922
19057
13341
10364
54172
58758
69308
51574
13894
77539
40261
97540
37625
3035
37354
54609
14383
85722
28999
92543
44038
40309
80959
74142
83538
54412
69793
38147
10039
4045
13855
29801
33345
75464
57168
96184
35223
13865
40215
94156
84442
16182
70782
40474
75682
46446
3929
95975
13770
25803
30651
48013
83151
1401
27005
44414
50566
75808
75956
30943
19285
36083
30191
59160
44503
26715
20196
72981
4895
92452
32743
33698
66933
1645
72113
66085
8946
86185
6887
1567
87533
85604
58565
13312
80187
2703
4281
51270
37898
16947
24799
3144
96488
60850
14645
34803
50697
21269
19098
11775
51199
45690
83193
65371
40623
42557
35550
14635
9988
25780
17414
50782
93870
39799
89932
45495
33260
7307
6604
13806
55518
48999
52327
57481
5314
56594
54277
91266
64747
92088
32554
22139
76050
97086
65265
67016
94233
22689
54875
18827
27574
63798
73787
36502
75293
13373
18272
9494
74480
15964
9704
90384
57464
96333
20270
34875
81422
48643
83190
72128
34133
66115
16146
46702
58962
77521
65114
81588
68400
28739
43631
9231
20386
36415
93042
47741
89573
65476
85856
48009
72833
7562
76531
80130
95306
43062
72513
25617
64020
25410
17255
97418
404
6032
12171
82125
29977
4800
57951
57831
15104
50354
5092
64931
80016
54317
5961
57041
91259
67382
10989
46149
35309
40841
49775
59946
14894
53711
55237
77123
28076
92533
13145
9914
9714
55221
24454
90379
69173
38850
34466
32514
65172
56785
30114
11712
31117
62529
14540
31204
83656
96449
55286
69954
57792
6403
36017
54588
54977
49888
42147
73011
24658
89852
54924
95463
54011
3266
60282
71711
49251
55976
17443
26338
86025
82986
53803
95847
43144
12146
26698
24782
2461
9698
70921
48177
7351
26693
57306
98094
24905
27005
674
57727
34133
78304
97636
70471
89049
83098
95607
63768
71215
70754
83123
89504
83717
26874
56917
24551
47552
55734
1607
83749
88479
25898
59973
17983
66211
80987
22776
47764
34940
61541
64522
84491
84928
14068
91761
8418
94827
6845
7532
32157
46160
10112
36043
90845
83159
89169
7291
712
49737
30385
33754
15570
51170
41016
79455
30880
40094
61678
6801
44314
4363
95787
31950
73178
35138
90920
29883
53358
37473
51446
75098
58128
17536
12412
60117
60082
50307
90099
64831
9837
5626
64158
12536
78870
23967
33167
59890
92251
86835
86183
74159
70811
631
61834
61533
81642
64855
1932
86108
50214
59072
12067
54096
52420
4590
12656
94276
7942
36458
8948
43076
91853
81376
17410
23997
96589
4819
17790
30619
57360
95893
86889
84350
67826
23544
41524
38638
92249
97705
46007
25958
37121
28029
88853
22701
76795
35648
10749
3759
57939
78869
61810
740
63424
47484
43698
49749
18631
25951
84019
97184
18658
46298
6657
46590
53433
51911
72912
13353
44822
58512
15603
94039
18180
44704
54062
68651
57272
60928
74195
44504
19667
710
78423
31464
73312
50569
38982
64183
28829
20053
99402
41684
75263
59543
44237
94470
18109
13311
89002
24519
23405
33817
54931
41906
94152
41938
52396
88867
31277
48586
41040
76088
48104
81935
71856
76319
26391
84329
69200
12395
85173
14683
78561
4236
575
594
5391
97496
11961
62323
75446
43595
7386
41661
22461
91963
78579
5400
93337
95621
14004
73015
429
46962
81845
45190
22282
60146
89261
23652
65529
21326
88302
17857
85734
91597
61012
52021
51232
29457
59463
9768
26587
5882
50504
81371
840
62533
15197
6036
18006
90449
2841
13709
85703
38747
38922
69614
59139
64776
9680
62607
40400
73786
66464
45804
23959
85976
637
41713
52119
80710
26695
22793
82059
47801
47681
42882
19163
2429
57645
5698
24419
78882
70582
61248
52936
46090
3419
38528
95930
32627
27611
26064
61019
13480
80525
35201
76097
79611
34355
85647
93473
80862
3333
39842
15535
2807
17111
93738
20396
72633
34052
62780
9757
79877
86620
86416
5450
85681
75727
51600
34335
93467
45418
86609
67415
2310
62660
37533
29096
55960
46153
74049
27521
74555
46532
66492
60820
8294
68000
19589
40300
15342
75221
35220
43118
23074
50495
16559
97670
71870
30948
44066
68051
11443
54989
80910
79537
13095
22405
82312
19605
51119
4598
89039
60407
18237
77682
35789
41436
44684
62898
74923
47212
49361
76016
57150
15662
20448
94218
22982
42630
64281
30966
75703
26450
14725
4582
97600
29869
27769
62740
75461
16535
1616
58928
22500
30371
84681
73748
23508
48728
71781
58030
38452
55989
66308
82870
47336
27412
58778
39966
93418
81812
20386
39996
7935
90637
54780
69731
88165
19239
73793
11532
80827
12487
62600
95362
68754
16379
46855
13267
91838
94320
37094
20099
13487
70156
91607
19247
57591
74399
58158
96223
56601
89725
15447
64959
66915
16946
75258
23849
18425
26245
24921
39921
37101
81454
74139
2898
64795
20592
13071
67169
32649
51669
97254
81444
67018
84980
25070
62087
84456
43762
32831
34752
738
66569
65875
88309
76683
4968
51327
82880
74813
75758
30763
17009
35445
74154
84748
49421
66846
26115
69217
19213
51836
19921
28752
97676
32922
13871
59730
71775
93197
2349
43561
61510
54608
87924
5136
48071
86757
39019
41056
48191
80790
66173
41404
29530
44061
64598
42743
11515
70197
20880
78801
8915
29169
21065
14682
92328
44523
46876
24911
90466
38791
25519
76104
18568
47935
59739
94275
15417
91118
69759
53095
25573
35010
36099
94405
64429
52469
93823
54772
49248
96474
55174
3738
28609
91270
90019
61088
42991
55024
83659
48739
36764
19144
96487
41937
36798
75277
59387
44512
78332
61559
4952
77226
76795
10324
21782
29517
94185
5418
18223
9470
91277
13705
15975
24864
89437
9404
76843
94329
6614
15947
75168
67256
75298
46965
21147
86879
24935
70092
12667
8546
12751
42089
54408
76553
22107
80912
76764
50151
5749
9843
21529
8059
42673
91005
11969
54796
96794
66664
18839
15515
66738
82251
64076
58165
48818
11353
99312
87742
87220
55431
9248
22654
22633
34617
98181
39396
40742
72237
30591
36294
17559
80042
52234
60109
28298
47793
93843
2334
67042
73138
44826
65816
45219
90325
39427
83461
75194
62845
37991
86284
89732
63157
23105
18078
88109
89319
53881
3182
24404
4523
30244
55042
50249
75607
57116
20038
72667
22225
42979
51473
67409
18819
89982
87868
48899
82353
83698
15274
14633
45557
8169
20754
54741
35555
30180
60864
99186
55130
51483
77049
99462
59077
20979
7857
72531
80213
20451
19174
55470
35145
89538
38179
48828
17187
24527
80031
25457
22185
16498
96244
37437
29648
41839
20946
18122
7208
3357
95774
60659
94604
46523
82185
9440
54915
27684
51171
29688
66383
76742
67279
44603
97353
42068
58963
38081
88492
69889
2167
60514
67808
66323
6986
4151
74174
33078
10518
18073
3650
91384
94844
70974
18281
74661
80997
71534
24555
24300
13786
29725
90587
98161
8318
57634
40546
80674
55651
56394
12151
98547
99325
50978
51613
43260
43122
61669
59878
35673
56343
59706
77490
29793
74998
94807
42747
85505
76695
5811
63805
42076
75280
9885
34284
49583
94635
54215
83967
16872
85515
43307
5910
69782
61489
73350
88206
77626
8397
36220
74242
13969
74406
6135
31786
6755
16848
17470
66691
33638
59843
17702
16874
87169
69120
98523
87136
3424
29183
85847
63867
80808
49083
19426
33280
56593
55017
83521
82612
82702
79813
23787
46571
66564
84195
11059
92952
98345
60809
67390
75253
88568
87157
42703
88504
38176
65809
8925
22596
30162
55128
52195
56766
63438
53768
15483
13527
71816
93807
17037
204
55976
93564
11667
38958
6879
15133
6120
5683
69231
67411
76233
69655
82024
12644
94962
17815
7123
50023
31772
91066
23269
75851
49382
57544
87566
76395
52191
87110
32533
39917
92803
27795
65443
31695
91749
60152
6383
21226
50173
62290
75968
18641
45092
43472
16923
93429
92767
12414
11424
95693
53474
1219
80016
95681
88912
99468
48000
21139
71471
66804
94905
89778
44126
49542
85860
14448
71634
90049
9933
95194
89775
46024
60622
3833
3328
89163
1259
74953
2160
5095
29214
66936
16434
85582
39773
18129
90767
46946
95247
69226
70054
34913
69123
14738
434
98785
1829
85447
15601
86955
99824
34291
79884
7765
40603
77933
10574
91592
85349
54926
69346
8438
16074
29711
93208
92117
13806
72980
38333
48793
28057
87090
73550
44208
19580
97589
961
94699
66009
54982
76280
83367
90643
32249
1240
88560
83704
75658
88515
57791
40701
70346
11324
5333
4205
58548
48920
45254
93796
80701
28679
89313
91823
42639
24314
10370
55364
63839
13444
31082
76586
99555
50256
55263
44895
92092
75217
70201
63764
81640
82969
9584
49847
10772
57458
42357
97036
50529
6137
4406
45616
54848
94563
10804
25779
95927
74684
14013
533
95073
44781
8468
60881
36258
63625
71742
64307
46037
39856
41615
84056
88617
16571
13536
33099
97059
84098
21213
61598
48849
80998
63871
53271
18498
74975
66636
47768
31502
53572
99882
26361
8163
88960
28551
81664
54348
19669
96451
60275
37891
64050
15979
42955
46604
29425
8822
86319
20487
56597
28214
1042
89773
14412
79746
62451
77177
68444
49282
76095
88187
56333
23592
1438
67792
68394
60996
51627
64705
5458
67663
54985
40832
7098
34218
37374
54961
52433
84240
10624
48312
89524
1437
94007
72174
43879
21479
18507
12013
34642
87409
10596
49860
62189
80815
55474
84561
63879
49918
76835
60042
83145
13035
66571
33636
47468
34722
51995
69680
57272
11854
68408
82416
76175
43973
69172
23357
90554
94633
38889
73319
7128
94447
29628
83401
96558
53766
31965
46509
79420
90470
64157
73629
25448
98963
13109
31526
55491
71628
6585
63987
77340
23052
45091
74794
56647
14874
70048
17058
92322
88485
42022
98248
80373
55379
71702
22895
75574
1675
35699
87848
97310
76403
7213
58853
31624
66084
82478
22926
96215
47198
55268
14600
47744
72159
3794
2548
10064
93779
69318
97642
21662
99399
11689
5061
56578
14366
8489
92294
84428
24063
71035
91988
80712
59807
4386
53812
22069
61119
51565
28487
60431
47472
59343
70731
23742
87299
41984
2306
12078
87130
42669
86356
85732
25672
36710
40010
37269
29341
93938
68352
63172
66357
9332
66457
63025
53395
21213
29836
26944
22321
56794
10124
92879
38982
78288
8644
24388
10884
28247
85914
49800
29077
3800
64853
1093
89571
72716
87605
74305
42586
81132
62507
34763
26029
43345
26341
75441
86145
55189
92107
80729
62831
55761
25258
98434
74710
51820
95289
64019
82497
40040
71908
83740
15841
42805
95971
49578
77747
16224
26008
14005
66195
65797
85603
16426
3566
64937
55328
78504
46761
52432
78644
52707
79018
32769
1757
53960
2353
41620
18806
68243
86585
18959
80346
47092
5979
44555
96175
81802
63350
71796
98596
24046
56228
21226
10856
6396
82348
90189
39128
95285
64306
52458
3486
64780
38142
50536
54418
92299
73827
61920
27152
69292
74914
81178
59592
44703
13216
98210
87621
62975
54836
24697
64905
17639
41567
81561
12369
16965
41500
30892
27703
46468
98735
56419
35829
7095
14384
70210
9930
8302
15694
169
26060
11428
90189
87360
86402
31439
8023
64687
94127
77464
22382
66595
96233
74304
51488
6535
63303
28726
28028
56238
37238
48301
63289
75062
7609
9390
32271
95390
57328
22097
47166
23490
5510
1880
58519
19770
47754
1733
83827
81320
42009
42961
9595
7040
39992
17912
53611
15449
92574
36170
76442
53661
89539
17040
29464
88095
82648
5774
93675
82676
99796
79528
1453
51142
28812
41966
33846
67106
83974
71896
74013
32125
26854
88536
19978
27699
32569
21618
18141
81710
80354
83423
25515
47726
99622
8703
81383
48456
28802
31906
40696
76715
12782
22591
17786
32154
80455
10105
52384
29428
43924
89341
5143
27339
29611
60194
27172
98080
42188
41525
43245
92275
71276
32114
20473
65916
52009
80275
13009
78153
16013
89186
32388
35430
35573
71113
38913
68084
94221
49995
97801
25635
82829
78606
91285
