22927
28819
37911
37107
55145
29953
92788
28011
22488
11933
9820
9819
80880
99774
33236
63093
4331
8850
9271
64864
19398
86135
31178
74527
50071
29189
83620
11160
93500
77453
85445
2183
89223
87553
13840
91009
91011
83597
5524
60046
82935
56960
20019
30744
64457
66288
49028
45315
55865
60466
14412
22416
28482
85423
83142
6032
9957
57101
65252
40209
29545
4412
20091
13619
98902
16741
3753
57136
52926
30823
22310
97025
57324
59234
30632
76974
48765
68242
81622
37702
67290
32060
20170
68173
91178
49230
38951
90521
53976
35482
16378
16419
50952
55244
32533
3658
44256
77342
53987
66299
84392
28805
21607
68743
19866
30687
28843
8378
62924
61896
64981
30285
56634
97363
38670
98400
77383
84101
31111
27554
41482
92123
34065
51736
72165
11381
62030
84237
94551
44991
85803
44816
62271
81564
41883
72760
65345
85162
71718
6176
50004
49515
66377
85796
49533
49553
99258
6990
77932
51049
85389
72680
95461
46393
3383
63404
48599
50966
54946
27502
70174
51389
95059
22861
29641
25580
70018
72435
35282
9974
5943
86906
9429
61222
74855
45603
70239
674
91047
35864
79372
48463
54428
87360
54846
6946
28579
41440
55903
91941
23692
25256
89078
72173
3273
20183
44463
42354
48732
63020
72336
11328
63243
77544
37497
52942
25313
19709
87328
80030
45263
15341
36596
86530
53733
59846
40568
59628
7172
85477
19681
26716
61126
47686
52679
88533
14101
81270
5322
32811
24087
36443
34225
83538
85003
53089
16553
96991
99392
39846
97870
11841
55821
93543
85292
65321
35645
75542
60554
36103
69514
79337
81326
46858
72004
30185
73985
50466
5727
34814
66443
26490
99201
96928
14701
67264
18003
99652
8671
13962
71571
15985
39098
67956
48866
4169
55490
13725
73605
57437
75875
76758
55859
32582
33216
86376
36802
3042
53442
92509
4877
96332
68818
73494
23351
40675
61608
87367
77411
17314
85632
18501
21542
80406
65020
69767
26887
2709
82090
93521
75891
80967
10922
58495
74894
22956
89131
23784
93907
80278
26481
95322
99284
98605
88616
76687
70825
78082
93401
8163
97732
67121
46125
98476
45464
29420
21248
62817
65080
89199
61139
62094
4316
46752
48808
86712
6590
27545
60946
11948
70172
9886
88618
82544
78080
50068
18721
40334
91108
61981
56044
53483
89360
41426
92733
77314
1021
44361
26262
35064
99557
78040
85302
63007
46606
57520
32968
38132
42897
10055
7199
14115
82722
88462
46747
74661
73148
32958
44552
47308
45692
32950
43824
54369
17830
28039
22950
9109
59693
74734
12854
36035
90684
88566
1715
13585
68088
84819
50451
33725
24885
93979
45200
94510
61523
9789
53260
9964
65308
1948
18946
78661
61839
23438
65506
18282
7232
17522
75024
33754
47072
44582
89355
37795
56951
75610
98214
61547
22554
56480
11515
34645
18682
35225
40417
68178
27674
80971
33461
13088
96616
59266
47626
64850
21027
28305
6607
72840
80447
51589
8775
89465
18296
84031
53995
76953
36998
36049
50221
45650
47456
12149
60943
97740
28363
61912
17594
32664
37252
17570
88417
30500
66446
19283
26510
71494
80189
20259
43727
53571
44732
72500
33118
56595
49891
94023
25970
63181
92553
53362
91837
65564
20187
69125
61917
35843
84667
20102
83933
41260
80225
36699
26019
62919
32179
97665
48486
74465
83504
15356
69741
8350
45852
66415
156
65764
33305
77199
89860
88708
83003
77321
36080
64354
55837
82406
50229
82248
21194
63352
29530
71251
61026
17141
34358
72181
71091
53274
24980
41905
87474
77200
19365
23792
14685
53550
75638
29764
29440
64673
47108
87123
83702
24641
53242
10783
34914
26679
22506
51378
78838
97708
80114
48615
28561
61495
55332
67122
70775
89772
20208
38145
7125
80026
96997
89668
11637
79075
34823
82190
15323
22268
21359
76311
42254
97296
37593
59449
2690
31838
33664
82464
72210
79322
79686
93402
25185
11461
76964
24278
52451
90944
40455
80823
78902
94042
21636
72505
98958
75094
66102
21099
11653
59599
32921
37434
81167
34715
46931
80112
84350
66623
51918
63288
28266
75076
16394
97007
12725
14044
18332
14375
75101
51283
8791
68227
61108
24556
97517
4039
7833
9479
1772
18018
78554
24228
61215
14370
70562
17945
17471
90169
81073
1908
76050
39927
34581
49932
98071
64403
45109
2832
63869
48018
3754
99187
35203
52899
9374
93014
17569
88411
16441
33084
64560
14249
36733
10625
10230
52481
64876
26844
80285
82613
99442
90417
56056
93500
40155
44666
5741
51864
65423
56691
10533
40260
53141
90910
14401
12837
59584
60568
49859
95445
74870
49639
76511
27621
81638
10583
14732
3876
80039
72804
83511
92066
78087
90666
71308
25723
90525
82229
79800
59481
95707
25085
74373
44194
20194
60003
28523
97082
53697
62979
39336
12567
24954
5995
93590
35409
46927
120
34288
59637
33184
97148
36062
17974
34693
24901
68743
29856
57958
31235
76550
297
95410
93824
1835
64174
16077
86423
27463
54764
90987
41593
88974
76057
15005
82330
7397
56645
13743
68878
26754
43541
45387
34019
79360
57173
75962
92496
34088
36665
61381
14755
400
61935
85034
79078
92614
86393
20506
31694
99939
47039
79641
43918
42068
15601
6720
59481
21672
43093
93168
33396
85813
93379
48716
59597
999
21874
64658
88901
73288
79023
24077
90125
86618
77470
19021
14806
40355
59733
49862
17010
20747
67879
81423
86765
68237
74751
77021
24562
90154
36810
22808
73043
2045
25931
13011
84626
5730
93217
99441
67140
37773
55891
15629
58146
45672
75005
23316
54782
41193
74621
77015
28434
67330
82786
82134
87891
58717
83941
67060
70095
99800
68432
41978
73422
71265
85643
90991
93104
18005
71660
15569
67897
72938
76952
51611
50259
59535
19663
57540
14701
67647
42732
3249
87206
65965
92372
11195
40760
55524
32669
45567
98828
99019
70705
7250
71794
1946
47706
83496
62604
77506
10002
57080
27001
31232
84706
77483
23598
84096
83242
71635
21607
80253
68780
12055
9713
69122
50831
22527
35101
92980
27388
69689
2832
91464
12487
12182
93605
66276
6635
93282
89759
94553
25549
94568
69172
86889
51530
43941
5979
26701
4708
50832
83315
49674
53018
85374
44077
85608
44777
65056
44516
12803
72643
33934
92512
17370
26365
68909
83581
11143
40210
80829
3011
1829
52772
53013
54175
31726
98801
93240
18087
17065
48106
71199
14367
57157
624
99743
16846
19706
27159
62485
93165
64542
76289
82119
76270
34616
46274
7607
47577
33509
90876
77307
46319
21836
92445
19986
17217
33174
82576
97446
75147
72217
87847
50870
60671
80991
85223
40767
20967
18543
1499
47374
89803
66222
45179
73995
22092
64444
61564
45719
15686
30423
798
84344
77629
87076
31610
88443
63562
30174
19920
74086
61910
21800
74150
11618
93357
39171
8164
23854
87525
19590
57245
66495
4114
70720
15854
37808
52222
98269
95249
32380
42158
43244
2261
51917
85243
56242
55734
81963
83469
41527
37122
6101
63296
77139
15137
31708
86092
60494
3476
43879
61593
82302
14444
15795
30301
21742
58145
85330
88599
21868
30667
41764
55555
53949
21519
82714
42725
60397
73187
27811
24308
96734
8902
99600
96304
49756
69228
37588
36926
45730
51430
42710
42592
20426
6849
12831
25604
26075
22451
270
47898
64175
96458
26657
61372
13859
91555
75603
36690
5300
22761
98063
4196
64434
14638
23392
62992
61737
65052
15106
81529
11580
7557
12870
56127
33218
85306
51139
5569
69308
18592
97389
86251
70471
18219
14641
88468
80171
22049
58321
18297
51299
46249
86561
60399
44030
98929
47637
22669
79942
32745
83854
98177
23428
64136
56492
64766
31186
27030
82597
5243
21482
23036
74422
24874
42
72238
37951
70886
44528
98872
11801
89537
11692
10549
52793
3801
67627
96995
68030
49385
84650
16907
15142
56888
38073
79909
36238
23099
2529
18584
58339
68525
9287
66883
90435
28933
24558
42552
22981
40926
39905
70283
45493
26672
13420
65473
23549
55946
72477
17286
10626
45926
84559
90580
91197
43604
53624
63974
85848
11513
76019
17458
1380
9936
23806
34122
65575
40235
40091
14934
57987
8382
85396
46169
37597
39589
99389
24697
76803
49455
8651
70100
77619
3558
64108
92018
71481
24951
8807
41109
20320
31243
33231
73949
78016
25662
89778
84621
85151
64188
94270
18279
54032
77287
78712
48344
12955
75658
86089
15886
25351
24467
1889
43653
68597
42491
28026
99977
64395
34349
69625
47707
67539
6494
34390
68644
23461
99172
82426
60474
52053
83813
37585
19323
25620
86036
25065
53450
75820
26917
73756
520
78771
14835
39187
94840
60957
23456
3159
1400
73361
5642
81160
10301
17932
47794
59730
29870
65139
83266
70127
22265
15617
5967
43219
53151
60219
94866
90952
30443
27657
67310
4249
55024
50396
43498
16394
46901
53977
96938
61723
2386
44941
97933
48814
26611
38608
25433
41127
31980
47517
52230
44499
7880
18261
99239
55579
63417
10699
41720
31757
98019
36069
95033
41188
43968
63005
95727
35575
910
38642
33385
75766
81032
20873
63035
10910
8814
5859
86502
67182
25715
63160
74192
8169
69504
59375
75384
89498
73291
4981
34456
8683
86833
99591
68063
53758
47776
56121
60073
26351
71831
47685
56398
97358
39384
87295
68157
71705
7419
95362
3191
15468
87465
18355
42595
95520
31736
80219
4583
44831
28567
24493
14430
46639
93385
99291
78298
50203
25623
54511
3770
38385
55
90817
93536
16990
37444
45601
93139
11157
63185
11121
77655
38964
74654
36030
41682
17220
65803
30942
98113
10220
43149
29996
31473
65830
77924
53904
1457
13697
87776
4240
49126
22773
72039
16419
24576
57618
87192
42332
26299
36163
74239
90596
42605
67902
87713
63309
46650
54459
61115
40485
93712
86803
40433
83702
28473
52807
27268
20603
23608
42139
92469
2862
29425
18934
90529
37914
51969
59312
62615
67167
93283
16283
65524
82451
86045
96835
96802
29463
92635
16491
16482
52113
48252
62466
10629
10420
38764
10249
67580
63454
27281
38752
98130
90239
64844
59700
61066
67550
40227
19846
49829
41231
76041
60499
78867
68085
40572
29758
49674
23094
4504
9043
62595
12820
88201
14773
9781
33609
24420
32385
7514
97448
98548
73272
9095
72961
30015
94642
84903
59034
19061
49800
7904
97691
85951
30646
94492
39730
52382
25759
16239
59382
67495
80469
368
23784
32480
52958
64320
31773
82873
77557
55623
29095
57085
75922
75954
56031
79699
16012
94807
57819
72249
58946
97283
4745
2250
13341
59946
95831
34937
43627
26534
70497
93703
69600
31887
17287
19882
12163
81454
62090
40496
23
20186
66721
19121
31984
10058
52820
35122
32511
3668
28926
46081
91023
75076
7748
10218
72130
9378
67269
9627
2062
20854
16303
82561
6566
45804
7908
23874
41997
32514
72725
9216
21641
89599
91085
1171
40200
37448
54629
82007
74713
57351
78964
46467
83047
43014
80964
32269
90776
52086
91265
86391
51842
44040
34082
46323
42311
21896
8837
69453
89615
1201
71683
93547
41210
76007
44474
38723
34786
68410
56886
30932
39056
71066
63384
8264
67189
29129
23721
77774
43566
4572
51549
86490
3366
69777
92133
14027
6254
80589
76596
65679
40792
42726
23070
91202
62565
54335
11492
79203
97063
92203
70959
92772
70286
1279
22762
34409
20313
63255
34958
28028
35931
10277
97142
68904
34763
16551
35098
28584
42498
94568
2517
33836
67105
14545
38231
71327
45908
30449
78589
89608
52024
66785
25934
10755
71965
47919
77532
22200
36654
80921
83426
31531
36587
61006
29190
63849
17201
41871
58885
58200
25761
2321
57339
30493
72209
48975
47605
83449
93615
50001
8928
88064
77022
5326
70757
7483
50690
30734
82849
40181
21102
93228
44906
71848
62104
79299
61457
57527
21282
49372
23535
44944
84183
64215
54480
20354
17323
74374
65503
65746
21298
36591
67211
79438
11947
72111
18024
39354
42354
47505
29776
93703
58191
22500
36837
20181
5090
7278
79854
21517
89708
93398
78440
78519
54182
82886
84454
86299
79575
45201
20429
70540
774
65494
4901
63243
95291
86931
60052
9037
68247
68647
12060
44656
69445
41311
71214
92859
90246
93079
21564
19364
60273
77011
91636
27003
47403
52193
18762
43911
46924
77387
12236
55219
43445
40563
25099
34387
80325
95848
53300
60612
7554
80311
86710
64323
30045
66419
79622
26927
82846
75189
12481
87618
12032
19714
67061
12071
13609
2545
14431
73441
4207
11346
30629
88257
67127
84088
84983
5340
47455
84181
18646
2047
54479
25389
44563
64930
18085
86500
35695
32440
38486
35242
4122
33158
92259
70382
73734
3926
23373
11685
59005
58362
23104
7825
59929
37009
39267
63241
17102
85971
96778
18346
62124
57022
85897
33869
32484
75062
8611
14604
61919
23654
21799
73531
30369
98199
58445
42744
15684
75892
70034
91586
92350
91960
17654
83595
86001
83771
66867
99855
59035
1034
33398
69295
42974
78342
45501
79598
26085
69066
73939
65276
72290
62473
19814
49155
13764
79744
56729
76043
63462
97191
9633
94411
52355
69281
58439
92110
65047
45078
34730
95440
15525
11240
67600
38599
98024
65383
51951
21892
77664
58018
85972
33972
75108
33014
81901
58723
97521
80018
12177
53248
94445
15335
63308
10481
17
23451
91734
57446
56329
84648
32200
99712
1957
77345
6593
14593
99954
82480
47026
63913
29582
95741
1332
38645
47001
19408
24611
10790
77205
13108
26340
33588
86832
27523
95427
63828
41100
63476
38006
53696
64251
49174
49759
41797
39341
19118
8029
79152
70097
52342
49516
51342
37364
45105
7933
57599
4746
64852
25761
14856
67303
8249
40190
35143
94500
21349
9387
3411
20833
88127
55
77162
96272
4915
82650
11816
51942
62033
37700
40157
27484
49895
91635
11736
81041
29521
42613
26030
68471
42258
67189
98933
16689
38770
1691
56472
68208
44719
72743
73612
75789
85430
27316
90718
68175
95840
11724
89375
26516
43800
18327
33228
52538
24108
90469
35700
57603
5350
24321
8784
88625
63083
58800
7592
16840
43425
26519
71449
91754
31363
89077
55954
94917
76111
65242
59148
77661
13089
2224
78366
79054
23677
86723
17373
1167
73587
78907
51698
75012
47764
66550
95320
21207
82457
47660
8233
61836
92267
36927
81475
13724
34847
48463
47929
74798
22195
46807
25066
96660
39086
54615
1243
43723
70942
95044
86677
12969
12384
77459
41193
18165
29083
94871
54004
14196
31164
64383
98970
57538
41449
31662
39085
23991
33742
46104
80403
10836
19451
46800
32724
93470
49747
69968
45120
71725
55466
89777
35097
25982
25230
14996
15593
35089
48939
99427
79183
28611
75607
90949
18621
92521
89860
7621
82480
64937
62669
8117
69135
25811
78717
47745
86000
36182
786
56583
32375
42290
12774
49184
3800
81599
66565
40752
97915
11952
83443
33009
47872
90497
33227
73123
24820
6862
96968
25849
70775
57144
8092
96306
55475
42535
92045
49038
11479
18631
70216
15361
17219
9074
69176
35640
7557
63776
50898
53139
64853
32721
92155
74675
4141
38292
74957
1792
58681
71734
23180
40016
28759
25433
52639
16381
52753
242
96469
55739
97423
26127
8173
22897
47365
72370
31205
50856
98003
94118
50114
72049
19594
88167
37287
7398
50587
27499
96820
67881
82636
30343
37451
95175
56919
55564
8686
14100
64133
37570
81702
47335
29798
68854
57906
52936
60423
74624
68552
77903
59108
82648
53793
39696
37141
27137
30244
11566
92148
21770
41081
36150
64070
88417
49152
49884
2336
72317
3039
2718
59426
80936
29421
89176
61601
51895
22163
23714
37192
16103
40276
81958
9493
81002
70649
94126
13784
95875
7139
19320
41213
2229
64664
70188
42016
24653
57578
28160
93436
82987
31234
42729
629
23908
1664
56588
62468
94750
96345
89174
20085
26369
87834
71806
17264
59451
69324
13771
33389
54522
78259
50817
64042
49454
61524
10477
39134
74416
68999
32120
72293
52096
40278
72239
71624
61960
68253
90322
84396
66456
89176
84456
63137
92573
99128
25693
66377
8474
20445
74301
34951
49229
48201
64259
54622
86589
4497
84573
17781
35813
77429
12461
16679
40402
53544
74176
2878
21442
48033
78750
86703
49984
70097
11461
56903
55794
39642
1256
10582
63832
35005
71789
76893
7532
77817
91719
5386
15111
93128
28694
3125
89481
24170
73320
63462
90413
66718
29640
25764
21095
84692
8044
55870
85017
86281
57527
92279
11361
40305
55936
90433
62901
82124
8072
25183
12238
17407
66983
53823
78220
11099
90016
32596
97852
18586
16013
36676
64886
96133
44832
21732
45316
23791
90967
67137
39651
29670
93884
70426
55964
25588
24296
18704
21901
9303
63165
7562
87765
45778
6318
57949
43684
60392
95770
72454
1032
34987
63294
73910
84319
77544
35537
8449
20809
49479
35007
16747
72993
68455
57519
74329
59252
6765
48150
96842
30920
18791
55138
67361
50436
54335
60896
78269
7956
14405
54317
67660
91326
50625
90558
13884
71266
13057
92536
35031
61347
49752
18058
17758
22023
11352
34097
59457
88225
10335
13503
96617
75439
46919
16936
53614
52018
45612
24585
26344
3397
51432
57666
59303
28696
81186
95822
42331
37271
33661
62394
97598
43535
46532
55470
67691
88019
17929
42986
34024
20623
61398
87916
63489
16327
73723
99827
43790
85326
41061
10205
56473
69869
87943
61186
63797
5307
2096
8340
72936
35814
71495
36787
46877
56400
38470
81997
67652
90827
4727
29325
48419
52915
57384
96744
55623
15159
9691
45322
54596
37300
7295
41534
70513
64516
27753
40732
23451
21271
90995
23624
47099
24801
70157
51285
15066
87803
69478
16236
58353
32299
15952
32978
29768
6763
81260
4584
95470
22779
6577
52513
66873
9998
72548
28357
56081
79072
15660
16984
32801
68008
81777
88456
60336
13052
87762
32104
64610
28153
73590
71227
97704
64159
90615
20141
32806
82119
6013
99141
90937
4163
18070
39111
31691
20289
33692
787
44957
4776
90300
34862
75431
11324
13028
32690
69786
6224
98274
71080
9405
84152
72835
10394
30432
61961
74950
61164
89370
84173
19617
36802
82195
9002
58813
33373
23944
16986
87052
54270
41554
33134
73350
70101
45022
14820
7021
13995
140
16551
8309
98552
85256
98408
14919
28901
87609
26611
35251
5330
59032
66283
8278
34655
23500
56316
88230
52039
32431
22533
64396
41156
74282
24588
34653
67241
62107
41990
47804
89282
31387
42692
87035
44966
81020
64967
70708
58641
82815
90865
95672
76258
76648
57118
31871
20847
30780
68376
57316
55916
39412
22533
74858
59848
86845
34197
82574
20390
20304
36786
40739
11747
94564
58126
45897
27144
98226
97495
78335
91251
55625
63259
61145
47452
28777
54100
18151
15620
98519
1017
18572
63583
29874
97919
43958
72220
96454
8272
7915
57781
90878
77623
7911
19585
38453
63499
48385
53612
62548
82232
721
91673
61490
86992
63398
4761
24246
8940
34433
63157
33993
99056
47295
41405
4497
10510
85117
35736
97207
72471
83175
18380
26902
36059
86102
58499
79519
73926
29397
16112
69939
35315
43682
87282
91045
57789
42501
37030
24681
11423
58746
7343
56283
64918
72845
25838
50679
63586
55767
2216
89221
51350
74955
56221
68152
96449
97818
59650
75353
80804
94377
98423
16511
67732
50061
31709
93432
6702
70029
22431
42192
29030
84766
81339
4613
2443
46015
34841
28933
8311
49529
85248
58314
90583
966
35315
6568
34674
73754
18739
21787
21532
33120
6266
86245
57133
56994
93554
55077
2683
53073
33125
5887
49321
34589
50215
21018
61063
69062
72686
98836
93117
55732
53357
26383
67628
1437
584
26745
25649
13617
25295
99356
61795
48135
69632
90260
59909
66088
6244
60440
59317
50767
58270
57728
87130
46134
70764
31567
14418
26827
88261
89516
83321
12115
18929
77116
64069
66899
47397
44018
19969
75713
56059
34686
68832
87444
80785
85086
28482
77200
72032
66198
90118
91377
82036
53491
16384
92647
14931
26830
77204
46850
42291
35621
30159
37577
7479
42571
35092
86276
88227
10310
52705
86492
24204
42518
47126
93057
72521
7353
67074
9394
99313
64941
91691
66194
52532
78281
63625
62532
88547
19563
99013
71743
69921
59797
29463
56622
3627
47705
13814
10063
241
88439
26286
46368
27768
46748
73686
30854
80435
80581
42928
17485
42371
65760
8012
6860
3429
74296
56749
25360
11197
68975
5399
98376
4155
75075
69671
94829
83221
52977
31871
25887
95564
10140
53076
51113
45448
81204
29489
59325
28590
41602
6609
11971
4285
27462
68071
5502
1465
52346
12474
90558
78275
43925
65637
99742
89292
62171
26114
957
16349
78960
23634
39248
86435
36390
16082
73201
80968
20533
31274
36597
69834
22539
19926
22659
38821
60509
10990
45681
85763
42726
91827
15661
41778
12250
44225
82953
20829
67241
47237
37232
73171
99921
76002
46504
80887
68504
57690
95236
12247
11649
81586
53676
83036
79780
4052
16531
15368
28676
68463
55457
71136
51944
9163
83133
84622
13519
94984
91147
71188
30706
74046
40133
94725
81781
65500
42015
19062
97060
64266
88625
13117
18912
76153
88502
1033
36787
20713
37615
2211
68515
22943
65253
37316
50095
13798
80092
69337
16004
55577
40775
38986
30661
27052
83713
62095
26456
3176
79599
6566
4374
77424
4208
52398
22807
81108
78576
95051
10887
95930
29660
79789
6156
33992
13100
1732
84563
36849
6917
51188
30415
28422
14825
36796
61130
51703
65136
26555
2566
6471
94482
80303
13597
53214
38115
50161
9775
80848
94250
9787
41078
73606
90945
46607
27756
5096
68059
81550
54879
61032
32898
51275
31886
10172
96542
75408
38218
45008
20382
84652
90309
26124
95209
56152
16813
13739
79640
1158
24965
53699
9785
93923
50924
43901
35216
29411
66620
38802
33224
15768
84800
16912
57078
29520
21289
84483
84824
54812
23833
30239
62705
82049
97619
54655
26863
35306
42829
73853
51068
21416
56815
26807
48568
82221
92917
89273
27150
43604
16417
92119
87057
21977
59905
92145
60037
34313
69018
4899
63527
55794
51863
54114
6108
74222
98619
53379
41851
40146
46525
93042
95889
97483
82375
75131
21756
83458
82042
41719
34945
37243
75520
44255
96751
9088
59376
56497
38929
21809
38989
98493
77140
31528
23948
62958
31430
72512
33677
69640
71437
62174
54945
9730
845
7415
86207
41415
81653
32795
70513
18607
62077
5448
54805
78252
5075
72524
60153
85571
14650
27778
11758
97305
80532
60491
20454
66846
45232
67159
7155
19939
116
68104
20774
6188
90777
86432
87551
52767
38315
50732
3033
99385
17001
69106
67969
89180
82552
25723
53615
67832
47275
63517
70010
53812
4958
94997
11720
45413
98920
68554
1054
33555
32019
81392
28206
98432
79960
69875
72137
89141
10926
85526
66963
56383
75816
54734
61570
43770
702
39049
39287
55243
35370
82916
90142
27444
92975
6722
64707
65169
23860
6147
61203
86813
67167
6228
99847
24558
71449
20591
91284
60207
96712
29449
74259
69803
6013
75826
80229
70137
97360
67002
87787
75754
43584
29561
62838
60031
40542
58540
93416
51134
81798
27154
3341
37794
92789
44494
9422
4827
93238
47510
70252
93533
28427
63809
72145
40689
78715
67215
56251
5339
7972
49151
39232
18299
47158
9343
69537
67233
57049
85024
67992
80169
6634
89472
45887
45955
2304
64446
61700
66834
70741
34390
29780
76058
75006
48457
85863
99915
86543
2855
96466
98786
79463
13310
69824
10448
37929
80332
95890
93588
69250
86382
28059
43192
5828
22184
55617
46327
20241
69448
62748
75006
4624
42052
80344
58777
29109
628
97410
87698
91364
58674
98191
57925
63923
73342
14410
6333
69745
97377
72142
13982
32091
5277
48686
57505
44632
35375
13178
2607
1220
26428
12834
54115
76693
79378
51101
20472
10085
95538
95146
26808
75160
23066
25796
69661
15718
52700
47402
11085
33968
17316
82748
32913
27811
19319
79323
36055
20899
83530
81236
20021
68603
90544
40205
1211
55790
38409
43351
26996
30643
71539
40068
47202
21253
39170
58885
94956
79613
99795
80159
83878
99649
34330
14010
79051
60847
26504
43705
58436
14128
70327
71258
23624
68001
48618
26948
30729
18202
26492
13435
79978
45585
16103
20691
12890
91108
43209
35328
83288
69613
57733
70967
86091
79559
63735
5526
68751
58283
40829
50511
63961
34508
7772
81253
1231
88755
49801
14254
35187
28372
41524
49766
88609
82786
32458
8397
3276
70435
20078
30897
23922
83811
9288
14344
15952
43776
2012
68017
24472
38689
89226
84864
66923
54999
84680
11775
83305
12899
38924
10282
53686
28521
47057
43916
45145
63463
66031
68759
35600
11400
36968
45504
95672
59903
37533
62798
31709
45085
45152
73484
59902
69324
84480
84100
41862
65360
50573
62820
10226
50646
29549
39760
34976
65477
60200
73776
72580
58603
30802
26168
10810
99203
10827
75238
57686
45251
58799
48335
32671
8171
85152
93497
38443
42655
26230
61167
6868
65287
35476
87999
65213
12866
27854
9947
33237
28478
75843
53959
74441
19777
53780
11099
74377
86630
16745
68992
22195
89098
86589
61033
83109
79074
97128
30408
4939
57921
87450
48606
5930
34256
57844
43718
61122
94853
7831
74097
83774
57482
39967
89646
16108
34432
16295
64905
40365
42529
4053
12794
88276
84729
86567
95930
89705
12903
90067
43659
78645
46785
99706
80301
32469
9422
72019
48701
63283
90920
9561
78082
95089
58154
41909
11356
52624
34962
33072
58601
69652
42771
71713
75017
39754
95334
33306
25740
80278
60577
99194
49654
20503
10934
97434
93940
2833
67414
74271
91351
96259
63983
34301
72511
46541
96547
93106
40642
21922
5798
65571
94930
39057
95937
95529
73494
89585
15617
30681
75015
91834
85734
98836
96228
43763
14226
79422
1662
36864
64309
58313
16124
66990
56708
91594
62237
29706
577
68383
47006
97611
82255
50642
23005
49612
23473
29559
80764
83725
23587
35058
11330
46607
11603
31629
37138
87915
5401
10920
60664
35932
79488
87375
88539
60576
13378
26790
83598
91899
56768
33973
10129
16809
42068
97274
98865
98458
35221
15486
68114
77304
44757
2369
68487
14836
89075
93629
52262
35430
72423
62921
90690
62057
26450
78230
62385
83518
73574
49913
41200
13367
59051
75386
27292
73344
84525
46449
91376
18215
47543
18874
89177
60295
38469
89896
59379
1403
36794
99658
49770
43116
59180
11884
83451
59935
29479
83516
57820
59999
83173
88778
8771
47222
59449
99738
70124
84184
57991
23362
74692
88542
30406
276
51257
597
70645
74838
93354
72816
10721
80450
23233
2291
78288
24856
66259
22147
75882
55318
27256
49073
40985
99165
92075
30372
22368
43651
65904
63499
71800
68461
65106
1948
97430
18031
17503
8771
18446
83053
34745
33536
54051
40815
13490
96329
55646
14542
86248
49854
50013
81240
85960
86781
35100
44300
74512
40899
66341
27267
99316
95168
3850
62476
35995
11644
28240
76518
76983
15415
90488
38683
90067
46371
34047
91143
99812
16977
19143
66829
76355
61810
34799
27638
97008
33700
63446
52518
20222
77562
55690
12741
9412
99562
87341
57693
15624
95861
31117
80428
51213
5716
72581
25451
67794
77483
16658
8964
57019
56104
95598
20245
92829
94810
16960
93813
99046
36438
9505
49933
48648
53154
62230
25956
66567
86874
89579
56247
72490
93612
1568
42802
57158
8712
1077
49944
21616
16352
60353
89816
43246
54897
24352
55945
78654
19315
27066
29268
73226
28732
95870
32296
8578
19406
40121
54840
95494
63335
49161
65345
65168
95886
25409
57424
75449
70423
72573
77567
2614
340
87197
65986
39922
92975
84625
27479
67275
36482
73591
48933
15420
48311
90292
79809
49498
77895
72257
13499
27547
17223
21862
87561
8427
22095
37368
74600
47341
35903
25558
88143
21721
76475
74397
3231
24583
20012
43779
28017
55161
14138
40858
36525
29158
68566
87720
1150
45128
9284
42162
66143
77676
43319
87622
96421
23821
58768
63105
67698
28893
99663
38294
8067
37701
91658
53635
54886
46098
7389
37532
56936
85975
96675
32230
67386
22827
92045
69485
23302
30092
22093
54122
54498
70304
5085
71869
49663
51315
26380
90722
10759
46843
20789
83962
63715
12851
58135
57926
54055
59520
37756
56707
51113
22134
90868
98991
5039
25183
44092
53802
90421
49708
8083
73998
34597
35789
50156
80244
64458
71273
76252
48481
45603
6414
6556
33486
62382
81590
54139
19847
53573
17490
47863
58810
69220
80783
63771
53340
15857
83867
49273
84598
72912
19179
74578
53184
73508
80296
86754
97715
73074
10061
73974
18459
71329
8757
419
66344
58935
14057
63964
82892
52017
86246
71284
20168
15160
45769
51869
42105
67056
71771
49625
72129
2664
20554
22472
55625
29921
36630
62001
13884
35926
86293
14960
94599
10631
86361
30647
51777
31762
10443
88503
64561
58293
56703
23669
50813
645
12605
68251
30188
47127
62377
73510
36161
16285
60154
2108
95154
70606
63112
8129
9034
34040
47915
1102
53665
47122
73137
682
37237
51750
74102
41847
62026
43101
48170
41675
23474
49723
91144
57287
57170
51928
33367
91260
8943
42970
47100
59984
1951
98747
77902
81413
9139
80920
6765
60090
79567
73506
98815
36626
45449
83361
10144
60569
34826
87658
27431
68485
72414
92389
9983
99301
68880
90888
4006
33119
92710
5815
1639
77669
43282
52368
26910
88180
82178
73795
39028
34305
93211
43469
29065
19699
85576
20613
11356
64678
86725
68588
33905
11669
44670
11289
85361
52792
53943
12412
98891
64006
47608
74645
56347
24636
11147
86529
26973
53633
96664
36005
26315
91102
86101
76001
51939
94359
24258
13944
83686
79461
64547
49752
34442
6907
25486
79279
30210
19184
61281
90750
16458
57849
91281
83271
49042
8673
37215
94411
94499
19219
12465
33348
43119
37596
57671
68332
8388
55807
69239
77638
96289
52635
89364
46652
45837
19302
5152
70442
51624
23383
4847
58821
49843
56824
75352
35311
17611
9506
58437
3923
1501
87891
6823
12314
71317
69476
74160
35912
60521
92163
45303
59023
73534
51989
21283
8260
66335
85977
3145
69362
14291
83939
53595
31272
99198
51490
4909
22440
879
75172
94283
53641
16408
71951
55379
72594
87821
92753
56120
6558
33616
35892
490
94563
78898
87205
78598
76995
65105
45865
59098
8172
56818
15310
73413
49149
12662
49602
66898
65731
82143
54812
23006
6189
40369
27852
83720
59280
67385
67579
11812
86488
41497
69506
12339
38702
8500
2514
70633
91109
71874
24447
50924
98640
42085
18617
96375
47445
58425
46984
86174
94439
55479
78236
4692
58186
72098
88231
22380
25991
74732
97905
34713
39310
94164
69496
90036
6222
83137
94002
33570
69554
62793
27757
35735
1532
41289
59724
8811
60980
80738
92889
68629
44733
59630
44812
95961
26746
77233
34174
52737
26205
37614
25652
8324
48356
23517
1353
71915
84371
24446
47724
66757
6530
84150
17248
77359
72657
18425
43401
11489
54945
97847
21993
70140
10851
51712
59672
95835
85338
24382
97165
87885
58318
81210
49282
52285
36092
9234
718
6517
9458
17566
66421
30574
92791
34702
35593
81049
21668
8123
86600
63762
82425
30602
8735
3042
66723
28488
91007
63570
2629
96645
69876
80362
868
44385
27208
64958
64657
81716
75537
92200
69933
41929
8512
79989
51789
47036
19974
70776
38595
40646
43413
37796
7987
50113
35921
91520
80211
64044
61382
57145
70924
79781
61601
77250
74770
7655
27850
19337
95244
28809
92027
68919
39155
73284
15073
75794
42602
1930
2489
1251
12975
48077
91471
84521
74537
96040
91015
50818
78202
27151
88705
46305
35095
10881
76912
66397
74891
27516
22942
5497
78594
73087
75667
77957
32388
55885
99698
42400
77503
42925
41393
22063
30686
49262
55184
22542
53337
93433
34002
26124
58781
91710
59380
9667
41528
59758
91123
98959
70208
77164
74736
30216
65094
91272
6019
25556
69325
62551
18386
51233
17543
97545
16232
61088
66093
68195
21939
79264
27079
88255
97315
9800
35307
40444
73343
58938
94263
91103
97436
79406
40858
61319
51180
78652
86382
31430
18443
43257
96872
61580
23888
49626
6431
37102
37278
79980
4002
81866
17745
46086
88350
19610
85108
16604
69198
5338
30041
76752
97219
4574
74402
73551
72591
169
20371
44837
84601
30828
48131
18860
32671
40391
72473
37369
58006
98557
87839
12902
19209
34175
39556
76165
63347
63311
70708
65155
82306
23138
56705
67235
46942
53850
41452
47837
96641
1875
47053
90242
17505
67981
36663
31070
1278
39277
38676
31983
85524
39570
19671
36084
54870
34764
98601
47165
20832
20682
5177
29859
80268
37786
73489
5499
46274
32618
95935
32344
13430
85350
70167
49064
38579
31821
64298
70245
24273
83655
55687
83827
22441
41986
85088
73996
39369
44900
69771
87491
24834
70566
82119
84621
43695
24350
11638
38772
79144
45847
59870
91236
88138
98827
81678
43768
62515
51524
64667
52306
3187
22662
37139
36912
6608
10002
14050
99765
37836
25427
23482
99487
6323
41626
96136
35538
68942
67342
615
29326
62535
21514
13783
64507
72709
68315
57457
73220
40775
38947
10097
97958
46000
94502
6260
47985
52634
73106
96774
99510
18112
72975
51256
95292
6797
62322
32949
69994
43507
24556
74291
66831
49234
60366
48114
43733
37409
18484
20837
90409
70983
31536
74288
22360
40553
63970
98151
24204
83596
82837
90008
2737
90365
69789
11967
61277
20767
65000
48068
87545
45800
17767
49143
66341
73799
29199
77457
40688
22614
45036
74813
50606
23967
30055
58588
38419
13481
90181
11113
88392
13717
23690
14242
32419
74284
41716
15339
14276
52492
62114
26420
57936
34275
87334
79186
65006
56493
23118
82443
85024
22432
5859
22955
12438
43524
35227
40061
16918
31751
69640
80137
79649
30706
84145
34999
89491
58236
43472
70704
35536
27000
61033
36628
438
16442
84046
63928
85785
71349
2158
49769
83403
16600
97434
95285
2792
78717
18499
21526
57752
44137
13208
47463
72942
81690
44275
95571
84881
47058
19615
28638
7040
33919
46282
88555
85899
14315
91155
32982
21149
39285
53083
74982
57113
27390
62866
12597
4875
75985
76701
79928
52507
35693
11779
21983
33646
76889
47862
50933
70626
70341
89890
9689
78105
8322
16120
13987
18414
76047
10140
77467
58948
34926
19030
56129
80796
35449
15097
9279
11621
59252
90105
17865
27243
33279
85859
55489
51252
2124
30570
68257
794
74457
3769
16036
30761
13143
64853
13869
68452
62705
11783
69561
7304
30281
54524
27351
9743
29455
93169
34700
58880
79512
20034
13934
75002
5639
28959
92458
19040
97949
67726
89018
64601
82852
14828
63064
10517
67114
40983
51003
4363
49801
93838
61752
15081
35979
69777
83525
81740
94766
68718
8755
47814
92265
30507
24074
4171
91839
13366
3865
91724
61442
89018
30064
88360
47534
46731
67393
25602
99341
10101
3182
57203
19681
11141
21091
67229
65743
78068
87193
14744
54100
99028
77485
39227
4746
33008
74812
49256
31495
97495
54207
43616
94699
3037
70827
92132
65660
20637
81338
857
27116
12852
15135
72218
55275
1196
79141
8117
76131
85395
14725
52980
51115
50594
56824
44784
95051
84060
7254
73093
47997
53012
18665
33038
42927
44051
44124
25773
67839
11464
89383
6728
80740
4751
35018
20104
74516
66478
47533
52065
41359
71961
47219
12382
32013
62043
80717
63516
21058
64177
42481
33171
46507
68748
10530
37027
30128
826
19115
25257
96200
37584
45750
79767
77694
74546
20402
63597
35724
52625
87188
96437
55394
22489
87537
13663
53650
91140
62353
69965
41558
46464
43200
99393
58505
54738
757
43255
66125
62047
72487
80581
15118
59371
50859
27964
79433
1096
20030
79181
51194
36069
4410
67549
16575
12407
66785
36664
75074
48436
85627
70066
85914
4875
52885
35370
43812
78256
76647
56073
30379
12178
69959
68758
64136
83729
15023
82053
69583
61986
78115
69352
67037
84770
23349
25001
45566
14801
77140
57267
94425
2580
74615
48638
66323
50908
7956
43631
88407
2182
43751
46457
66113
12435
39226
86816
59866
75786
84932
89195
13634
20383
24105
48420
15043
43851
62538
44650
28500
67073
5434
76660
15164
47191
70730
90583
67440
35334
74530
8116
17354
69140
77334
12532
98031
7969
33666
13069
95126
14315
6078
78520
60941
79840
87565
87329
22332
77016
25898
88946
51554
20854
41906
73372
39235
4205
93763
38301
2304
98277
76050
26561
32572
57649
26901
22876
50215
4400
72840
94870
1352
66606
23139
70208
57912
23710
26472
70259
72930
48335
52740
89272
90332
43251
52921
54979
48238
38870
88547
69521
55598
98262
18112
7808
16950
90905
86022
49775
28490
49792
98637
79464
44062
67960
5141
1579
1573
84133
33124
72159
86666
78472
12016
53311
73125
46680
72292
87876
91780
40530
8196
54489
45497
85407
15179
10799
56821
86769
25711
81409
98148
81345
26415
13318
73875
60802
32161
97551
29677
6308
86311
93251
86861
66420
52704
66773
80953
31656
81732
63290
64636
57941
90773
6703
39310
24496
45861
93655
85705
15953
74468
77074
44856
22859
76563
6940
31179
3557
54685
79577
47822
55192
80260
38908
91457
48325
78650
64670
39992
84074
14849
40956
42422
13874
69380
64417
28623
51804
47714
14058
48949
67244
45510
37201
31259
38244
44129
76532
23292
1751
20178
93677
13899
32193
38406
73005
19934
7218
22660
36739
55177
28590
25895
65614
31184
23694
67318
7626
24037
72402
82502
61252
89385
27840
42398
30419
86003
78758
33554
16117
13845
57984
30847
99924
57712
9660
60458
71325
40005
47339
68305
64255
44996
72144
50251
85179
23196
72893
42951
62188
35540
25552
27641
12490
14477
54376
36664
58781
70190
77668
52352
8858
7438
43826
24620
94547
55851
2778
96881
64085
37222
92699
24911
31138
75706
71075
76562
96725
74107
70000
97127
4915
80978
708
61227
45247
6360
39221
31142
95396
29212
12694
47977
97451
74409
75199
81705
72184
85329
65600
62286
793
34870
53234
16721
69999
8750
43217
79093
32761
27921
49523
66127
66007
97771
97093
91559
28705
5966
15016
87862
14197
94728
95910
53787
97281
984
54146
36664
10934
50374
50702
66868
10672
86931
94445
32265
45034
95246
94883
64049
88351
56123
31299
9383
14912
74444
57716
77214
22303
94289
15702
65994
32410
11277
91296
53366
4921
66584
70349
61088
39369
47124
31641
45305
10902
68538
95215
59029
72475
55838
28082
68039
44378
70183
37467
99753
59684
60521
92940
18198
88999
52715
59282
76125
45192
5768
28458
42021
45220
67223
73467
81375
5491
84343
44283
28627
25562
21293
41784
43733
64965
45544
79847
62903
87076
40856
99684
71612
87463
71334
63634
51454
78762
58160
5661
40101
24058
23444
5236
21014
39759
36775
43842
86905
68484
80260
7108
22460
93858
28917
93693
64377
4441
92712
17060
35268
3975
19010
34047
84936
14736
66592
63302
75140
70584
63423
66198
42618
77226
19958
68721
91571
95600
89957
51138
73145
56957
64677
89729
15069
33336
75299
10253
56560
76761
51712
72997
91504
2005
11622
47743
85860
84896
75294
72942
73213
42765
13169
407
9236
83258
13375
70012
98327
35559
88250
19532
47210
82454
24205
55579
36466
2552
41263
9561
63616
80563
43608
67910
73844
17743
9094
79992
13265
82722
62204
48032
75869
46948
19450
14134
36907
51341
19802
6742
79672
65249
44975
82814
99717
79198
13384
58247
62459
53538
55061
40748
90304
4943
6810
58240
17057
4042
27414
21913
92329
99520
20008
44880
70633
93118
48530
58509
20209
93490
69722
20550
67401
41943
85665
80751
63681
13475
18476
15093
44219
61503
69609
46224
48714
6663
83658
39991
69161
51663
71946
6902
38086
99713
80784
71487
59539
98410
92318
44614
3155
79710
38105
17223
91279
14193
50514
90749
75896
22714
9362
59765
61853
50539
59275
78990
57696
64314
10939
63392
43114
78962
31032
4288
88699
3647
50089
15745
83372
59742
65218
70314
84693
79910
36813
40075
33452
48337
11440
86910
84378
63123
4774
28783
8016
26545
51188
95341
94086
66876
63675
29218
32093
78201
9961
14003
43579
72744
33097
26654
93047
5713
14960
30252
8241
31984
36662
72470
62566
37403
23655
17121
64626
35712
76517
79703
28243
42883
19011
39430
92196
15357
38043
29845
77239
68615
35464
2500
15264
3215
39978
88508
73334
68227
1328
59265
40026
35218
69484
65570
7226
14659
80147
23506
60323
55409
30455
58927
92710
82555
65906
51212
22655
72463
99180
93288
20482
99336
41575
3819
83268
80068
82249
80388
39085
17960
35556
95407
89240
9097
40072
46574
23833
76428
74696
77077
89197
82219
76494
10955
33388
24622
1003
7925
35314
85738
4051
53431
24613
68430
94195
71569
54586
96038
85672
77440
90183
94103
66251
40404
57847
42028
75406
44819
11438
67125
51624
44473
49590
14395
33085
2838
99304
24758
42766
35680
85156
34496
3278
53048
3591
2699
44160
27858
24076
46723
73075
77526
61582
38880
70314
52391
81733
64760
8990
21236
9553
962
54764
81719
95968
69327
27594
48335
60965
59348
32066
77072
57452
72722
27594
82379
33998
11108
24324
82719
58277
6834
68185
82533
31790
38341
46371
62522
27788
940
58689
13565
13696
7626
20564
42958
96211
91745
18999
88180
78439
51169
44972
58952
87917
28688
73586
58674
30588
88355
25603
38953
9486
58862
97738
89635
20392
97306
93353
1190
46323
5233
33388
94750
49814
47745
58028
71611
35815
50633
51438
97858
49610
18870
57747
13501
26818
8351
17771
91941
36900
6213
14184
30061
95707
23961
51985
45130
32147
58402
30883
29641
74082
58881
70027
48142
6660
32517
57560
47480
23672
31634
31988
45812
48699
99257
85951
34339
81917
79956
86401
24185
5447
67267
49811
60780
92815
42963
4572
15378
79534
31280
25652
83657
39808
39851
28231
88173
56392
48532
90474
73733
14606
98951
42623
28889
20526
65143
55232
26679
82895
80682
42041
57341
89510
67642
46013
10160
35714
85280
17616
28019
63262
6977
36142
97438
65929
44423
48501
13228
24962
13559
96915
29059
69376
33542
28995
92921
53572
49889
9660
9908
25480
47165
90612
66753
93382
99275
82660
71313
72277
35841
46944
64664
61083
86377
88115
41968
3265
21673
82534
77867
59464
46059
87612
80702
81671
71437
99026
78962
967
8075
10091
14904
9622
70323
13444
74920
43864
3802
47449
22424
70950
43981
73264
76953
29996
94616
5727
70101
20475
13262
1529
57371
75495
9190
89719
5258
66322
62714
64734
77029
72491
5613
73472
65530
38956
44109
53399
31902
36027
61462
82800
83563
31246
58330
21932
96798
72208
31401
7970
4810
75126
27546
98849
4934
54926
28168
30154
73118
49159
82350
13666
56253
6733
20249
20189
19210
59072
35668
87323
20202
91676
11534
62002
72552
87258
23939
91226
61371
57878
9562
7525
99636
46627
91111
3417
86174
10407
92305
87081
72862
30253
22147
46418
92623
41438
11876
19962
10664
26827
94181
88938
71540
28244
6251
66549
32599
29477
81500
25445
28140
37494
56622
18889
22650
53595
32944
18586
33156
1402
4443
99235
91306
13819
63368
36578
22180
47488
80885
13070
36904
90575
34335
62946
31304
71978
26283
29147
27847
52408
62350
5257
58423
55874
21253
96211
95623
67840
2352
89398
99783
77912
89334
76027
45420
53438
2495
44768
17924
40528
83122
40940
1283
73592
82839
38679
65274
58107
91403
14262
2325
4847
18803
58283
44635
96575
64915
73128
79356
70269
54218
70827
63121
88570
65151
71452
15693
15803
56859
36845
81166
6498
16450
40016
71014
25313
97336
66814
74504
57144
49718
43559
25207
84479
51723
85706
61906
52438
28221
6509
58513
21544
93575
71072
59315
16945
61017
99206
46576
59626
83215
28390
13957
72979
23320
88483
97153
81046
14041
26001
9730
29346
32713
73210
49716
98992
7824
58865
74541
20622
63956
37137
52968
96419
18067
20850
21525
17740
42901
35365
39492
49197
85224
32327
81109
52771
86089
25622
99130
87934
80790
91206
17817
49707
53896
74084
13453
78756
63224
50725
74554
51528
25822
25724
439
23853
37755
12069
41163
99818
91324
81357
73496
33903
35411
77231
56695
60074
90401
77043
33768
70048
86688
40807
59286
13958
95013
52680
65169
48761
97992
50757
75011
87095
37601
66893
47524
83651
55842
40130
85157
73518
32764
95473
2548
77872
66430
66004
78643
98580
7102
72126
10681
42757
41839
6836
87099
49729
97585
38468
7733
26381
28213
86575
94577
46486
85263
50275
89362
21443
56049
36930
88948
84259
6234
69812
46228
92107
74631
44559
41818
11866
39195
98757
98878
78715
48034
59634
18114
83826
89867
20825
73584
13138
49622
4539
96431
42536
81366
54978
5999
42519
18273
50361
58687
10428
54586
77508
60387
60056
72330
96263
9278
78138
65145
51123
59695
95437
89284
99010
28807
15954
39927
71923
12138
20436
34706
64120
77451
48890
55839
5293
42508
87935
2346
90604
20262
6069
51945
44088
8275
41314
59310
18287
3292
23558
32971
84787
88542
14847
98291
81546
3578
45958
28139
49502
19746
56679
26609
77704
50973
32540
73107
42673
95855
56396
78787
5704
47510
84496
27706
49499
20182
45302
54185
89463
52070
48474
36891
68397
13811
76929
7107
14292
84535
14150
62764
6446
62043
69707
16451
88246
13747
14018
62551
55104
35832
31512
86864
98207
91013
77125
77760
56864
4272
51913
61381
46804
18262
34615
60870
90639
91155
47378
2705
62999
85261
9185
22879
80866
58451
86201
21895
46424
71283
96661
71566
62405
14046
31786
17896
85358
22789
67345
62114
46341
32792
19745
85436
67657
76046
3482
2990
48598
51815
61413
39699
8986
68062
18713
84817
73759
39220
87041
27124
5135
42900
4888
36512
35569
70790
26704
74180
8566
61760
24910
96690
5846
2874
73358
51559
94726
42437
88803
63359
71589
60826
75669
64482
6917
36611
12684
99366
41415
62080
33194
17385
81774
75495
34711
26893
19369
9959
46870
93857
79565
55194
54939
83950
70396
19140
74332
23947
98312
63377
27767
6710
82674
63307
32661
96464
81089
31403
58755
4136
63450
27576
36984
73333
42400
54802
63248
43493
70203
40305
85228
74286
77888
471
83727
7391
93086
87914
77515
62602
33651
77466
77465
28774
57828
45283
58627
74068
20425
64473
7508
93431
66293
49008
48263
25010
96589
9930
49876
51651
45626
7401
38148
30046
39044
35446
70700
38106
52521
57121
95238
14508
82989
14079
58328
60435
11682
53398
19841
31026
7305
24044
36837
66918
20338
75068
65823
12175
27774
90306
23964
5792
16831
93882
64716
19254
95136
94483
46835
62930
44086
21690
23773
53513
23205
40990
41511
38729
69623
29238
15506
41495
22699
93777
18308
74609
28163
4905
14445
12563
64041
78604
50204
70221
47431
12654
39221
45778
7883
96437
71736
46843
34637
81684
85264
10200
18353
37990
97274
71786
56446
56755
73442
6960
90162
7636
14313
44507
52384
31003
15112
35044
27769
60521
60518
2403
87794
13469
40269
28327
67207
77690
20739
94906
1891
94212
39700
38657
52892
26600
41790
70218
43680
16756
11905
11765
6840
16068
64784
78848
92697
76835
22025
7196
60178
62751
5048
46034
64083
62674
95280
19357
81460
61505
49030
25094
28746
28180
84009
43421
55039
47826
59141
25581
19974
77066
40020
51131
3764
15934
19648
95971
67203
70141
90134
34126
44817
24201
98421
77370
51093
91882
76277
83197
30274
29674
65605
80423
34384
65357
95723
23591
55923
76815
97727
62775
6472
62084
93241
23815
60107
81677
1379
71553
63607
31630
26889
85953
93530
24587
70063
83069
10970
93650
49286
79575
62511
88887
46829
7816
58714
73525
30001
90759
67340
69026
54806
96556
45241
45596
73412
79613
81449
99181
15037
82440
26882
42983
39251
52185
92604
52887
84408
45066
19341
18217
68107
74386
60286
44807
29374
94174
32460
80210
87058
52978
73556
72835
55607
8079
8743
6148
21445
44495
52180
88382
85272
77787
68966
21866
81387
77092
96820
57492
90631
55514
98199
74899
79740
58163
11707
37127
56863
67734
75263
70110
79971
51737
82952
25766
17032
61172
60631
44192
35532
2133
43026
48327
47001
5234
71362
83047
25408
98772
34336
72049
36110
372
27249
51911
16643
72575
78376
81155
42617
42403
37007
40729
34079
63251
74145
16420
69668
94973
78431
63114
837
75691
21987
97117
52905
68438
74314
69334
16350
18748
86766
11840
13145
93553
70743
41562
73418
70034
43681
28685
26991
78906
83161
90635
21390
77853
48478
57440
90108
70927
97299
50676
92819
45456
2341
78694
45220
86539
84688
17166
41843
51578
27883
7883
69326
706
6470
4646
4823
31209
90514
71681
14386
3325
59309
35766
14403
22788
56823
85503
98156
6283
1187
81066
11734
6970
29288
9660
18192
68999
6094
58481
87513
82145
18634
77901
92735
79997
89838
99929
39788
85518
95553
36872
98660
59187
33404
50094
21167
23237
53169
81390
50689
37292
4616
65328
50552
31770
71434
51063
29226
82522
11471
66946
52467
29821
33463
43936
94189
47735
41181
39724
61803
1591
54513
4589
82830
64780
65564
7067
47987
40739
604
57938
14775
22096
77525
68513
81080
77856
63813
74263
1150
14331
10575
64324
93320
55888
18836
10693
43974
65771
67360
61482
30577
10907
36187
41988
88139
5290
86483
30352
97201
32577
14322
48562
17658
27628
47757
22188
89192
93408
42457
25762
99517
23802
19396
4525
72618
82581
88340
11984
24273
89506
65200
96445
40882
79486
77985
31616
77892
10289
78729
6833
908
96694
12688
12178
17123
67180
35260
98646
7090
12898
94853
64954
18388
29145
34115
92210
34142
51527
94913
65367
63803
82709
91665
82355
75254
85049
47878
21468
52112
72061
99312
77113
5645
69731
20528
52891
67043
11190
41639
34473
19912
31117
71136
23563
76323
10454
77559
54599
79776
66646
71837
5519
91637
36678
75750
90739
9314
78092
71891
85121
8784
63404
477
85167
2272
15293
49051
79311
14963
75297
94634
61002
58692
1132
59048
39095
98157
35534
29370
82523
87526
34004
62013
82287
96282
66438
18659
11335
61149
88482
95667
28339
72870
74173
15111
37180
47615
47975
1266
46276
53856
84030
92876
40631
84063
89699
87663
81951
20976
2147
17533
36666
35187
55251
39930
20243
68548
97887
44906
76105
48471
18904
92416
44560
21679
88907
75630
24439
37514
17909
91034
6787
83881
74145
1497
37964
20083
86940
83447
45602
69741
93225
38244
30536
23083
83504
78613
74774
11805
24597
94557
62712
72711
4925
62869
64770
17649
20408
36084
32833
14322
36649
99631
52275
29032
24657
24029
60818
68028
72600
92321
96807
37119
42048
81850
28720
3294
42874
1083
57254
80145
86678
77103
72673
63901
49066
69385
93974
41467
19725
45679
64008
21923
35740
77998
20369
48719
74069
66068
61553
54744
34714
2562
99628
5664
98951
92019
51741
75111
55772
33590
57189
80458
3238
14905
53593
38591
36164
87194
17934
94286
30760
94478
59344
1268
10402
84956
38097
9119
44265
47909
8634
96272
5769
99656
45595
14470
57796
63908
43066
61585
67517
49472
10881
85047
20013
31142
48825
84463
89642
65606
59267
49636
50158
20855
51606
80293
6560
76632
11175
10999
80397
56531
31520
21535
30588
50851
20782
48970
24691
57496
68733
56927
27856
4830
59283
7972
15727
82433
82045
27632
87734
94467
16253
88388
98861
51396
98106
73050
72559
79547
58463
69104
6654
32108
32594
86790
94120
99195
17574
30262
12934
55582
40081
74921
44085
69993
52631
33466
75254
10200
64690
4806
42190
71942
1979
28196
7255
63301
12349
94769
38113
54785
5373
14721
4765
81191
80463
45554
67378
62068
22003
35017
38894
8263
11496
82371
10408
31767
75058
63244
94227
30457
1463
27755
10114
8172
48445
12726
75589
50522
99394
70011
10980
40732
96378
56274
99245
76521
90824
14937
1237
58246
93634
50225
34478
31077
96067
19377
52679
27109
13808
37164
24352
34285
28817
70557
18713
83070
19479
33784
93993
36215
24561
75239
43966
13785
49119
31501
71614
38953
12518
5475
23139
40863
3931
78789
63050
41062
24068
94632
51774
3414
90380
52037
53858
48338
90606
35306
96812
28304
16151
13030
29224
83814
92482
266
81612
53745
31318
57837
62859
38596
8189
87401
82142
10772
79671
99728
34622
22615
21061
66577
46942
17135
22794
4862
40813
26310
30624
92783
1090
83488
755
50850
22772
30383
7833
41667
3926
35318
57617
71097
18280
61559
64150
25697
40245
97153
45279
60714
92114
26313
96175
83115
37142
55556
88068
41471
19151
95010
56720
63018
97164
85536
88016
40930
81141
78462
72401
67715
31779
44348
94870
96292
11833
81515
78732
16361
58977
57967
32364
61175
56481
53155
1828
56168
21726
48365
78216
26858
60091
64426
20972
37505
41762
58942
36890
34657
15382
45843
27532
80462
49227
51912
4338
69066
53700
5789
40120
66918
78299
75428
33289
679
83477
10001
73320
48053
11534
38514
75868
55792
71600
60260
25498
51579
71171
96561
92118
79484
38876
41498
50072
11385
67671
79412
87620
8436
97673
30754
37439
81154
95495
25908
93341
12114
94788
50097
61750
48328
42436
91412
3975
84066
27298
86329
14025
107
80222
26147
69389
71416
67371
23960
81032
47670
49584
25118
59664
80942
61959
29868
97965
98558
52307
98920
63601
69475
74504
87492
68100
73147
2656
12657
76777
53800
21424
22593
26657
12467
34534
17012
13494
13030
86789
23278
43313
31682
35472
1355
35885
34214
35497
82857
38479
58
60018
17002
99280
11637
9566
96345
16176
23004
41861
76884
49585
52081
59275
75238
92487
46266
53846
12845
16239
27736
80018
25054
93681
46040
31450
5726
9239
76299
28401
52738
28415
28066
75928
43713
77513
63853
98484
47698
62417
62158
66031
78778
98322
63388
89499
64599
94174
50633
13340
22049
57368
54957
47227
14796
33646
90771
78073
20969
40777
95577
14164
960
7910
75434
53704
79171
4623
2559
35662
11125
67099
8881
82821
31579
54131
53336
18890
4611
53692
50563
55882
11417
921
22175
99201
5165
10578
12049
91875
59115
35776
47979
14856
88302
97969
66181
84612
69626
98547
76725
32139
34581
58547
60090
29022
9235
7557
13874
10361
95526
4070
53214
6713
373
30300
791
98251
69620
43712
76585
62063
29338
63251
5749
50977
15076
23017
36490
42941
48159
46216
15232
75944
48094
8410
29124
97279
16700
21257
84647
17464
55241
56699
43658
5605
78912
70900
3398
15884
62712
83172
94343
94662
7013
82072
90332
46513
54721
74581
98135
38688
78486
94952
95806
4857
36831
42711
57976
71676
72255
35989
64480
15543
33846
82623
27531
46344
9600
22981
1757
6122
36513
93568
45126
93256
16240
41397
66659
23113
97344
71722
40531
29023
51374
43243
56886
66420
94935
48490
94508
71885
99862
50932
81185
63284
82395
33656
34690
29958
3849
19667
59141
67178
80723
12722
10239
60213
95155
40381
43576
57243
14160
82100
67930
43534
8379
21570
3007
48947
34337
4913
35150
66586
25928
40922
45881
83900
94793
60679
55718
99075
70559
17281
45044
40118
8834
29308
92913
22147
9532
37216
89423
56115
4611
62597
62320
73710
9968
73497
96184
37336
26642
79035
90547
29636
80727
48316
84839
57781
96245
71778
33922
57983
53674
45751
307
44600
39013
65526
49253
64980
34631
34970
85473
44125
28022
10734
32249
65563
54680
62899
68202
16529
26144
55982
23333
89463
64841
98156
84578
73660
35635
95353
19358
83036
26575
62355
86776
38813
5216
41051
82593
11848
62241
92420
9405
57545
47466
63067
85528
30518
20501
19180
72631
25297
56775
14411
25880
68253
14362
40439
23881
2099
89016
7034
17171
71606
63287
86112
31872
90078
37305
94618
700
26515
53532
23566
63380
82223
43941
51096
20318
75878
45295
19815
16794
95640
97614
38581
16581
78310
29071
19002
56278
60171
33822
92304
43321
20014
90237
6695
68092
17458
55445
88797
3332
63472
45613
77879
67394
97800
13886
58449
99604
85553
28584
9872
12920
57276
3358
10387
93196
16733
37743
94622
1875
99688
24846
55959
7134
25744
55020
1046
70772
18479
61645
67820
14565
45837
93129
58216
93624
46955
91438
68711
36306
76524
73608
62321
46799
94066
46513
82914
20913
68434
9087
5873
86161
93205
76510
27525
14209
80600
79118
85972
29572
67143
75637
52661
29677
47646
48739
24403
30210
12260
29854
31596
43498
67758
94482
54966
23071
52701
66462
45423
2480
30660
70518
42963
82746
1164
36833
35293
72717
49952
85603
6409
13902
6251
10279
53190
86720
26933
19376
81641
7669
152
6285
40830
89094
21594
13663
80568
76875
85779
70276
82184
74591
28576
77856
50755
91077
97450
5205
64268
25382
24934
14799
23984
48217
54945
91182
96485
51388
9430
34666
19937
5642
50366
16616
14751
34623
4711
20240
35197
75558
77646
86991
67895
71465
74423
32704
85409
38326
90095
16499
13864
64934
14910
86157
15567
42012
16572
19840
25855
16143
24051
70498
85373
38466
11818
47919
83081
24040
60252
62837
49275
46767
94857
88760
47077
74695
23775
47118
32570
99078
20289
34908
21540
41594
35066
91077
58259
46831
74835
42389
61855
50972
22691
39345
75885
23269
77903
71262
81663
55231
86319
13853
68357
59906
42981
21867
68015
73561
88175
23580
67749
16167
58355
5227
21325
55959
17334
35215
41217
71180
46861
16817
19594
38646
87745
29679
10563
56678
58737
17154
6848
71960
30125
94732
72698
67640
67892
39214
90362
86136
56277
11531
87222
2663
68255
53480
22404
24043
53299
85794
42013
79818
10374
78566
36908
1655
97729
54482
57222
81899
33723
17793
42801
4148
48129
43859
49809
86226
19945
75933
58772
44191
48685
77080
29936
26581
72703
33364
15152
75928
90970
57065
21738
14901
79688
66960
45339
96578
89975
96838
82094
15675
44529
48891
82570
95810
91307
24795
72746
67309
37764
56588
75063
85887
59167
45750
87351
31267
68456
38435
60847
28670
50538
44675
74627
22459
64733
96411
56410
56481
8344
16072
90588
26426
13345
94231
62729
50613
99590
15902
43170
97253
82043
90926
65675
98240
54744
47959
96457
91373
316
35705
92765
66171
61544
7502
72933
58564
21271
68575
83779
37404
5585
15944
1544
57234
61411
95646
92227
51380
35857
82468
87463
45986
86431
35984
4363
46930
55785
5803
21537
7643
93854
87588
8274
68611
57976
27047
20048
70579
43669
97787
52119
42857
73060
81927
8162
83909
94819
79872
7287
45897
82308
31029
67210
1990
45612
88121
29117
35276
55018
43462
3726
26503
19887
38363
93121
3126
27084
3384
62239
1339
92056
29627
5689
72617
65611
89722
44310
84290
35900
97796
83945
24290
30549
83322
40620
99753
67867
78596
68989
28183
99491
61778
84085
54095
99643
31009
65735
77119
43054
82893
54755
6559
67600
80172
99963
64314
82319
93816
24653
93685
86685
52073
44620
38296
64039
57795
32844
54201
97877
7795
10727
87170
11043
84062
4303
73333
35011
24760
81915
92708
76405
7004
11091
55390
82091
83692
32527
46512
67920
65195
46208
13664
33564
51731
2634
7155
18362
41304
26540
2529
1650
81469
99012
47359
92747
83241
67564
84237
37123
5199
31613
84799
94327
35012
40139
81189
75680
94955
8937
95146
74713
47795
95482
93385
33755
423
15151
59144
60418
38413
80397
46985
2615
25100
41415
35810
33344
80077
90752
16419
41151
29299
94576
6941
41529
68143
96473
92378
12258
24948
42597
48281
14498
23583
86138
54283
86812
36147
923
3369
73483
78267
94311
26496
72858
86143
58428
46013
42179
81720
71759
82346
52196
71071
7970
51464
89208
53203
55653
36156
25771
3950
55508
58936
25444
67696
63621
41125
5279
19489
62468
71589
57600
84065
25282
51030
21435
12466
72062
38766
66831
9291
58797
60057
33704
43624
41642
69153
38126
73344
96627
77093
15579
10769
54968
49662
13738
63392
31563
85176
36102
91883
98401
64598
38205
23355
24323
9662
76027
78920
9214
37822
25782
12859
47009
140
88350
74805
57639
6038
63110
14136
83415
97578
5875
20156
83704
5176
20476
84372
28445
37295
79592
23393
47735
5327
80185
90887
52784
10835
71938
29866
2339
30251
66830
54310
22779
71914
76224
73414
15584
73571
80538
94788
79936
79209
98727
30327
20894
71351
33646
5599
7203
60692
67165
18186
54329
87148
83569
79498
27265
9785
89069
28406
22337
33856
13712
77263
12782
7791
83625
6783
89236
23239
16803
45232
77023
90651
12749
54556
29435
27688
91664
34087
44065
27656
98051
39128
24001
83960
14452
2490
49015
48391
70998
91336
78717
14227
9283
80127
69746
30649
16037
5705
29812
7059
98016
89803
46774
19540
59299
2684
26530
33087
33513
95737
9165
70108
83617
35880
40139
7425
92803
39386
27562
66883
92243
958
65103
46503
47066
35810
96928
4708
43591
99986
82575
99368
83878
47444
87673
82265
41713
72973
49196
39897
34775
41465
18850
52524
37401
51317
47857
3183
62247
21573
99294
92566
27112
11940
87636
32724
35729
14137
80267
12877
85892
57039
19945
73687
67473
39051
35924
70523
28846
48663
64080
99058
44034
28840
91324
8634
39228
72535
588
68867
12856
6641
20978
52599
16973
30643
83933
30170
27252
18582
81057
53521
10849
77765
97093
31918
2670
1175
17279
5586
58410
80352
1148
50843
38458
58413
27160
79189
96246
41748
93510
69324
4687
3065
96664
71328
97793
89519
12953
97113
62233
34640
39998
9273
96021
11869
61125
5449
61169
20552
94367
31607
3094
94071
71036
78152
38668
52813
53163
57264
20495
81281
67290
9530
76982
77850
60451
67031
68014
24774
45334
66843
83898
35973
25112
36111
83073
12180
61543
56762
99820
45011
8151
32171
56360
2055
21759
78638
10517
79100
28239
2793
45669
88391
15863
20258
61031
8471
78861
69462
10195
7847
76725
67521
99743
34396
34680
53371
41586
17708
39845
83002
69263
73345
17307
55898
46433
17635
26279
36696
28002
7603
40174
5615
50462
28743
16692
45577
96165
88543
18980
73893
48577
50405
77665
11259
1872
25674
48335
20943
37436
94711
87379
13448
48185
37142
38586
59455
81364
93603
92381
75323
43743
68229
9299
91482
71144
41722
91115
808
15047
21446
2577
68785
27007
67450
75576
22429
12841
8952
53800
25589
35063
64839
2034
15490
52268
47793
32925
15775
68679
31248
88135
83263
88862
67479
35717
17338
80308
89526
88943
27738
82192
54798
27923
12406
62171
86889
53312
84974
95118
11532
74453
62355
28504
1391
14617
39945
84009
9209
12333
12516
5942
81331
38622
88060
77953
65851
75056
80843
927
87424
43274
53979
61983
79042
97670
71877
44006
66109
53874
34014
89993
79366
7769
65292
81151
51169
15510
70413
40475
95291
6858
35459
24375
84803
13003
12085
54737
93838
27509
28546
35852
86751
7703
16065
56508
52247
32520
28321
12612
30116
78476
27357
28872
62211
25411
52709
9957
64924
75517
71603
38380
34337
83853
69843
76155
79126
65933
26580
48714
71086
64146
40394
85213
35215
69020
44569
26363
15828
18186
35134
8267
65214
95836
49050
81263
98749
14041
89375
54775
38268
99840
73560
83924
89079
79938
98962
60713
83732
3145
37161
56675
91647
39859
95548
2420
7057
15091
96667
36130
77293
10298
26163
32699
63942
6573
74473
83348
35143
61067
21736
51879
18270
14426
50797
30957
8858
44321
61410
60536
55203
11441
46160
60567
37780
29131
45870
42909
84145
14158
29440
50020
33761
78487
31417
82247
2159
13259
50354
81490
89368
37001
98265
48710
18390
74221
96286
82297
56351
57660
84889
21343
40476
83130
31055
37968
85914
64273
4127
10677
40570
80220
22480
58969
75119
12994
6594
21339
97375
49325
80846
65454
40788
87677
19330
66482
80993
3018
51164
52073
74461
4284
35628
53965
31452
82715
56855
37206
27201
8046
33773
35773
95601
80713
61265
79736
56330
85486
81705
65303
59865
84694
12320
41413
57817
50565
5963
53441
63999
86497
807
2311
98642
96697
11876
22824
88815
72061
2721
2861
18796
39275
25698
9058
72908
10958
4778
1994
80311
66353
21107
95446
84135
47824
91404
28364
28009
40956
28805
52428
44415
80303
96302
37530
58648
1604
23404
73691
16158
84261
53265
24122
87153
30676
50285
43466
74469
95123
43736
55744
60575
91494
81841
75144
62702
8293
36514
92912
87832
89846
99850
57086
67197
98594
95720
48681
58883
35184
75647
39420
44173
21451
67941
71333
83817
20791
41858
98521
6221
71461
28939
26671
82052
94651
52071
60996
67902
5480
86648
74341
20320
21666
61022
25117
