86425
17477
74236
99429
58315
93378
5782
75359
56198
66814
7312
66195
21232
82860
79105
83056
27836
66314
95315
80355
24850
94679
52635
95940
49772
56050
60905
26860
49582
44946
39706
88068
11196
90937
43905
98757
2864
35636
69052
97506
68284
84742
23380
15380
90685
85299
34477
4642
39619
37925
89242
82259
11250
80301
271
69951
27632
14904
9246
66430
62774
69043
11532
96331
64190
56183
6275
87873
82777
71718
51324
7594
83292
52754
27242
22574
16384
22916
75800
63080
28797
57872
77565
48126
51475
55883
70622
3917
50857
28741
65720
78270
15615
10677
35655
33703
47281
17157
37718
14712
12283
17298
25764
99414
96677
78127
74171
67570
21782
8272
1904
19954
97318
26246
90986
72762
91893
23401
20468
46474
73854
73272
57818
7093
41620
3699
89638
15192
38400
20484
21134
32105
7718
51043
7133
51838
99856
55171
20200
55992
29707
96421
52480
31624
96743
31635
13204
42129
63629
69618
97627
7643
29239
4051
53858
810
42174
77586
17247
9736
45444
35242
42701
52504
18340
87526
95434
62480
21766
96103
89495
64363
46189
76352
11944
35213
45188
89961
3496
96540
5479
78113
74280
39140
1256
63733
50052
23306
46753
64303
39455
18854
63154
15662
86820
25891
56317
69342
44925
26641
11719
86689
37828
52645
96756
29974
44856
22899
27087
16171
23389
94684
49234
7286
36282
80208
46821
63123
60041
4277
20061
89367
66772
66113
71324
3152
79827
44223
25423
94225
79026
2352
22717
49249
19009
94993
15504
15476
40000
86755
15688
68554
69056
54776
22335
60530
21316
65152
89877
73977
19753
14795
16431
16355
82316
51729
78999
89599
41689
10443
74558
32314
48
35062
43211
86121
91390
96227
4163
98506
40853
62817
58704
52532
48818
61517
6506
58631
43268
42160
28656
28336
74229
89981
28282
59865
11170
58539
33858
69047
62529
35476
74111
71345
20714
71293
21066
84831
51760
32770
94031
47702
43806
29785
99836
56360
87274
10563
9956
80633
88687
57158
977
9544
72016
96032
5
78191
74638
48135
87224
16569
21202
52050
95839
47997
34005
1201
17588
62453
94381
678
95187
19744
79594
22724
70204
18146
62903
21948
39005
68928
40252
48063
41874
51126
73004
64734
71374
75503
88425
28338
70833
17573
46700
63779
50327
56564
66604
22846
86644
82171
79949
98079
60411
78636
78625
55801
85370
50093
25940
13721
4285
82546
5999
61027
21827
38004
30977
86764
22174
93755
4313
30745
79113
97279
32536
17640
18871
10402
95752
18503
52925
98393
54693
528
18194
74751
43746
84233
78798
55973
55107
77653
69640
21677
21267
22736
85283
63499
29211
94887
25141
65270
63111
26996
73178
16079
41365
48265
22610
63246
35497
66975
24601
32518
73197
61639
69085
37399
70
78441
7587
32489
56069
88720
57199
59161
94832
53220
47097
12099
46307
81218
9625
80166
43606
74060
52637
97537
76532
49316
66741
38361
84300
54387
2855
23311
78388
73215
10455
86182
91836
51136
94143
60143
41141
82383
72068
3109
29963
21020
35983
11510
58718
35616
44508
91718
40225
90886
69237
24941
58271
68976
23759
91286
22745
86348
94848
28118
62640
35352
19770
24773
33668
5924
84233
68986
3945
70687
79754
36710
92980
69170
16501
52163
99197
51168
46252
28449
53834
20721
6296
38097
37283
54869
34378
86329
68982
79419
21045
10570
47558
45699
235
32580
34971
16892
57030
78069
94683
24828
72102
36186
9276
66280
65271
55634
2082
33179
99777
91218
21541
70782
47366
84176
21081
86781
8760
51263
3319
76782
90426
48725
17837
42934
5686
25458
6180
86269
59579
58047
52072
36276
30235
1085
69266
48897
99694
2823
66725
43518
28789
77899
65054
69564
19374
98251
96306
8293
98579
32165
2268
16724
75726
76142
7246
77587
40577
30180
3266
27554
60259
29579
95188
40313
92320
65550
94474
3148
44332
65225
96341
40520
71836
62493
58220
38229
32044
82270
36679
75066
51159
65859
2449
61072
82220
72954
18655
68245
32165
32425
41269
3043
41219
12734
64697
49664
1882
1642
76115
48777
25748
34356
97286
2168
28450
39522
50705
35628
93365
10343
78861
49643
26614
51717
63158
55251
36047
81844
24169
13754
86585
30958
6069
20114
19641
81089
14753
44329
89910
42976
35885
12458
57962
4495
92408
47164
54250
51748
26868
44708
35137
43471
26969
58372
56445
32672
51425
68816
29565
97725
77144
89763
8404
99499
82991
75966
89851
30300
96274
55620
52343
39400
40184
78631
20762
37317
58294
82159
70381
12503
45960
5964
2419
50115
92634
41904
70706
51531
56470
79026
6454
46170
74938
78005
76195
27990
26940
25498
81564
27865
86490
6867
62947
5845
75151
13151
98134
47192
18232
56315
80477
59663
63111
18194
81769
89974
42559
54563
29447
73853
74668
96139
30487
92817
36766
91636
91725
78784
9188
60200
2626
78791
12801
32916
42489
22064
69785
40582
22174
12702
77165
51818
42189
8483
926
17362
67507
16551
12594
67713
44905
41035
885
56542
96954
49797
687
59284
35110
12072
46912
69097
99131
31122
43267
31635
31182
75064
31504
7314
26674
98671
41013
51847
59148
11995
1094
69809
71974
26575
76243
28207
15856
31731
99415
39339
85772
70378
56403
59275
50589
47947
25723
27808
97235
51209
40876
54674
98196
9447
81213
68914
59485
10453
68785
41799
30630
29270
76832
7279
33571
29456
55172
20568
72011
36656
65408
82741
8735
99677
2460
38398
14652
15717
75959
32847
19887
99686
88755
64337
76587
71800
52995
90518
76508
11682
27405
19562
59320
54709
4269
99303
42024
75155
33844
45686
30041
84123
46276
11067
50254
31671
11536
53672
56612
58769
48764
33463
40368
21744
54005
39422
45265
99018
45144
72307
99764
87860
609
39865
53685
31467
70532
28399
84283
35279
17039
13363
32345
65515
52798
81117
97817
16913
33389
48075
98736
61023
63502
44345
59401
63879
27555
79936
11565
97164
23501
35616
37954
49952
75423
7579
37392
57495
45581
67445
56797
80173
68223
42779
38667
94652
53983
18477
67549
89709
93790
81049
1104
46595
99040
25898
63449
31941
19771
61519
15883
39321
42039
99562
34662
47091
18726
23234
83657
53918
23930
17024
76324
47965
48744
28555
81115
13076
48341
95262
9766
42738
61889
2586
83980
12768
66560
38031
93566
60083
4640
60406
6908
75929
96763
42655
16164
72257
83657
23433
69790
44260
23527
56436
56095
42905
32254
87628
89616
78741
47580
83994
76107
84160
13815
3390
77661
83150
24089
63803
850
96575
88547
9971
57489
77412
11138
22765
76913
96623
80859
94724
53268
27255
97716
35267
25374
26014
98658
69586
32745
59113
4109
93722
66244
52559
79352
56853
88662
83092
41962
95614
29259
81448
22565
53182
6905
95962
7973
84294
98010
81927
70983
29057
18754
54744
46486
81822
13636
52773
79918
32161
40126
47005
85909
49299
74097
48389
1461
95353
29651
84322
74429
5061
91679
85389
64687
14416
57494
90690
68669
69807
50674
76894
35810
95887
92691
35281
5103
30610
98742
86783
32700
87824
58738
59709
25145
87029
90513
10086
74598
54351
58234
7084
37015
35046
44814
53355
92932
32828
41681
37284
94280
93947
76498
86011
20026
66867
25588
61157
34067
24207
45144
61931
26362
17667
65576
16148
11723
8707
87101
71888
42098
15027
72846
45626
63154
32307
95605
66060
89414
91214
74163
46564
19959
37251
99719
50911
61779
25852
86008
86748
85590
22460
29512
1478
3282
87675
93521
41692
65783
33200
76464
86412
51542
98544
88364
5573
53083
96610
64819
76941
2774
5062
24628
13995
69294
64920
35372
70719
93469
61630
77215
85955
37637
79029
55012
57685
93724
42667
14673
82055
78091
99083
52433
81972
14015
62016
77566
29186
63804
99142
42620
11394
20142
13693
25564
59911
9449
23349
62472
45352
81131
72514
516
89608
64115
36215
67472
38104
47020
38272
1259
7502
85611
73574
19515
63580
60865
50994
38227
48908
34385
15960
82622
4584
68356
44044
37379
83260
42473
19814
77654
8538
55362
46312
43635
79829
68431
13875
46263
50893
40233
90727
38158
40590
48801
97744
18942
70843
21174
71628
97621
41742
89867
95814
32825
23300
41550
65770
46941
36170
18126
7958
55089
10979
48342
38804
76383
56165
49270
13205
45576
40970
97216
49104
10672
31473
16370
26144
33425
40235
54360
72134
70069
6881
65191
42267
35861
84400
80475
54092
18288
17523
14896
84668
82643
14123
39183
69246
76848
77823
45650
82930
7688
81513
12120
84509
63621
82462
88668
76492
68204
35587
24075
20299
46552
73580
11109
196
10619
71988
23815
91910
77326
57628
46659
49843
90064
55749
12737
33579
74048
28538
20792
58215
42361
30137
96562
64708
34596
35862
77470
62750
59170
99470
47286
44902
56603
98648
55612
52716
33845
11348
37607
32064
61643
31953
21062
98612
60535
40074
12078
74783
90874
81496
72420
71690
67117
88799
39954
10311
16120
33404
7009
73015
53569
94550
1557
22703
84217
75072
67405
65356
66195
12726
92460
49971
70280
79322
54026
97485
37014
60861
94974
63338
42374
5766
49658
83437
8511
61432
66987
86863
53355
42802
90030
8479
41947
73288
46198
71886
33029
35743
67498
60580
26747
40065
75703
2758
48496
3197
69783
53458
74974
12996
4575
29243
63779
28483
4086
21176
2286
24783
1129
67532
36636
99879
20562
9984
8972
86273
26544
57781
55016
72976
9264
45322
54755
43236
10701
42530
88677
55846
31911
90578
97179
57875
77001
42121
8074
32567
26400
72139
4143
68868
41315
66559
40779
94717
71188
85599
61056
59060
87778
60182
51477
68188
33381
93543
94318
6877
51810
15426
59825
57837
5280
34373
40958
37504
23378
50578
57593
65451
15586
41119
73756
65113
42487
39191
72932
43888
16877
22362
55287
92752
80749
95932
85960
12985
73199
26407
97611
14804
98887
85663
77853
93263
26216
21384
47147
62106
65047
86469
9379
43885
34119
59215
20346
5467
18260
87280
83825
1088
79897
35665
59634
1544
63797
67503
79422
67121
31839
18361
9789
10231
51941
11723
42053
40642
16164
79195
70880
54344
41131
62249
54498
18007
83848
46521
31761
30803
26806
42751
9750
97811
22985
13976
58063
52096
54754
13602
87834
80835
28520
46185
78783
99275
43491
90024
68620
58390
51488
29467
46118
62696
20791
61283
99788
6058
60574
35440
82838
48515
84114
39741
73446
32532
55209
34470
88534
35378
85639
94989
74636
43725
72666
12648
78661
71984
51036
47669
18064
59652
24840
63503
91070
18365
8914
67452
5732
10295
63390
1345
71008
93824
18777
75557
96516
64062
40249
42167
74097
35266
47720
10589
79857
71759
77080
55469
11846
76590
15835
84383
64816
16867
5694
1185
7211
59732
47485
99760
39209
81339
81151
62075
13561
83708
81146
92906
46377
9989
95439
81609
39096
87831
59348
24604
17789
16986
43212
49463
66263
79955
25780
54369
93982
17250
90776
99153
98916
87935
8998
28436
38311
85102
27718
69128
53018
13194
17422
10827
25874
6263
41108
46524
44734
12687
9822
65064
41617
85354
5525
14802
31700
48861
99194
56118
32921
29886
37506
96546
19248
88247
56253
99552
46721
59431
87929
37809
35166
5902
26733
11653
84067
25819
28437
60708
78058
88009
51745
96578
61559
151
84559
41272
41229
2455
35342
26120
69644
8490
68272
1894
53287
27771
13726
48354
73295
60679
42578
22091
75340
35861
75250
97490
76553
2019
98350
33344
11825
70637
50015
36768
95394
50545
64348
24504
29884
93542
90596
66245
25835
425
83379
79689
7838
54571
2693
52964
83059
12212
63085
17617
33988
93862
55781
60912
38445
4747
69786
77165
54737
16234
24993
33857
37877
81075
54090
863
11301
13566
56682
46269
55596
97458
40043
18263
948
58229
40140
76457
33389
19801
65716
36464
37997
71271
37157
8931
58106
67193
44874
40429
3329
5171
15748
77035
86344
80381
34485
64134
4010
66270
24944
70909
7633
86993
45005
83467
16644
54443
17167
99567
49414
10861
68017
92920
54751
83731
67595
15474
42785
12437
58136
37663
99142
84534
39146
17116
98487
2790
59378
55721
29432
25216
94821
67320
12841
42937
4500
28509
24853
36365
41899
91354
83558
21940
97497
46098
32001
40586
72997
38263
99597
26660
26785
82884
77599
61415
4402
71813
86192
3620
49880
88327
19649
8054
69710
46997
77172
41323
85231
10690
37288
74042
93684
89451
98573
95876
99804
38018
39450
15472
14674
53565
21793
68507
123
6262
48137
14978
82995
63625
61897
98358
18738
76798
56466
99842
33897
25737
95768
47615
48034
44925
87558
92739
13654
41152
90848
79044
99058
61147
42505
92501
95239
65623
58748
58604
94382
11794
42026
71892
1635
74454
96746
12641
28396
43987
57809
56390
50317
36979
72282
56411
11178
63423
11063
48948
8772
75017
86851
72936
31011
61649
60420
48622
41271
76376
95911
51688
42109
25382
64329
98791
58363
58230
95027
95612
41668
20363
94163
63296
82293
96631
53136
10351
72948
83179
7449
43871
28275
57659
94921
99035
58586
60240
82250
46437
84304
84657
84577
72584
2190
30085
65976
90474
9094
44684
16989
64040
68060
89466
89317
2249
85115
13556
81378
38061
61957
36047
71448
13465
59376
63120
40222
55400
96398
30946
4245
33252
96212
72281
8323
72573
21795
43521
11
1753
20176
52640
35973
36074
93198
32420
81005
14198
39807
34783
55926
61386
84875
95121
14316
42410
61703
77359
32627
87467
71531
82911
36540
53372
39784
24776
87432
62274
13698
35828
61105
22663
66138
86809
80600
34929
93526
20291
62786
67819
63703
96969
15143
88217
52544
32580
33922
88496
88451
88295
60358
40722
4400
74473
35154
29526
8973
41457
96039
18985
80835
59168
21117
79182
15819
58807
98487
48401
19815
3256
97800
58790
69225
87025
50930
2508
36049
27944
87744
8916
2638
55103
6801
45843
44886
76234
43556
20182
49021
68100
66837
25830
60584
57636
7296
52753
43551
50476
72608
96706
21897
3422
23149
47049
92057
24549
81155
85278
11482
41681
18245
90380
41004
44801
52086
21808
99236
76030
49180
53536
95846
63603
47232
13159
46871
68461
19483
36152
78122
78218
67918
67945
13151
36283
9519
42662
15585
96469
14538
50794
85790
94434
30098
44922
57868
67844
93974
97350
71853
65112
27975
51250
48960
68090
95896
85350
70235
44106
25384
27530
58919
53729
92683
9655
49255
33693
27164
22674
15687
41150
97646
28006
20842
57596
84099
16086
25959
7937
10134
71356
12147
4011
99480
62652
31471
86063
57766
75420
49527
73073
37692
40527
64805
84492
25341
27198
85406
53448
12928
23829
91587
82280
5713
64583
84958
33250
55566
91367
44154
35593
41341
57386
1797
74006
75873
40010
64395
57011
44992
79371
95622
40882
26827
58681
36594
71023
8560
45549
36751
41199
45047
18088
51638
66860
72044
82565
82394
54149
85192
57612
54333
41998
55207
97823
53618
54256
51422
77489
91548
92617
76974
40251
25456
11381
28711
67391
84276
56950
60436
37443
302
100
19304
56159
25823
9824
96363
80192
20007
8775
82564
91369
87726
75765
44604
4748
204
97752
3772
38662
72282
7256
82180
43956
5596
15004
68543
92501
14902
38565
88425
96392
57247
24650
92318
2642
21241
26699
46578
34278
92617
85594
95629
43012
80642
97649
68333
56337
4535
51297
93814
10122
4423
39014
44126
4148
36387
394
17411
78375
29355
89878
93787
32485
30845
11836
36101
2727
70969
53941
11064
34195
73235
67956
13527
8470
52245
84053
60948
23866
51726
78676
99305
75149
53284
50909
83392
60315
7454
22914
92870
62114
6929
10465
63587
84998
10392
26528
44926
91215
39570
66820
61347
50002
10987
79810
41937
12480
73815
15305
27141
46636
6183
67654
66883
27068
17720
63181
80724
86739
53929
64571
99881
19320
41947
76341
35127
28865
35953
92799
69352
70089
1940
2446
29319
991
4181
45979
64565
47214
54077
44001
72337
96015
66947
99171
56834
29168
41324
91676
43322
21719
46808
3901
46674
57033
8480
853
45985
22398
4682
61879
59519
17111
40946
63045
23571
57414
57951
14468
12946
51430
83294
89953
9725
44628
86611
12212
72026
59942
18946
17234
93494
64873
15583
62900
87780
14406
18113
24189
99828
78284
59722
25915
95838
60313
61615
1508
16640
33056
69053
46890
77734
35603
53075
49520
7860
50891
67222
78433
12270
45052
30762
9901
1509
42941
31713
88854
29306
68250
12296
11429
62560
45243
43113
42529
140
29742
81113
34660
98787
49836
4713
42765
18019
55329
81110
41948
50032
42132
80880
39697
53970
78958
96615
38078
31188
86825
27072
86685
67921
92153
55115
93560
62392
84577
92425
17500
13373
87437
92880
27687
27973
36614
28858
20316
61124
7661
40636
47295
48367
7881
48234
7699
10201
83852
2998
36380
7910
28912
88532
89363
12756
83924
20946
39944
179
82308
95758
74837
3452
40683
66976
12089
33411
32145
89545
80069
62075
51196
75698
7285
38134
60908
56814
72473
42683
93901
1971
92391
60256
90376
29407
22041
55466
13299
49663
9781
49661
35083
1579
59305
9220
70658
21179
96694
88016
16355
98584
19537
64657
47022
88614
40312
50051
88668
93471
13754
31168
51457
56484
71513
87538
7125
59598
52797
90209
90828
6967
96907
72992
3165
42112
38753
73859
1574
57440
97317
63419
38497
36310
63754
25870
16176
45017
39487
12013
54460
89349
74653
3395
61694
2041
6126
77082
16814
43197
54411
7981
95463
15722
81340
89054
246
79301
91594
158
47546
10925
7424
49571
36861
12278
57094
54963
88553
93978
29513
5885
11326
93917
81329
75292
36264
9064
29492
71235
38161
18678
45306
67017
59627
60943
77135
62337
84195
66094
59558
18334
52435
3949
5112
79978
50747
85243
88717
16458
6838
18044
82469
91070
8710
2367
18364
91506
88069
58174
81083
65222
58199
34760
17296
70277
7671
49540
15166
54917
15100
3463
4699
27019
13698
49331
32610
86292
20342
89869
47405
30704
1148
26762
83925
94716
3470
10744
32719
58380
67347
82774
37656
90895
71368
50914
88166
60343
90060
87005
9234
5653
69086
45873
57341
99605
94830
42225
79028
26808
13890
50208
25337
4177
76301
87755
2215
43869
84992
7080
52598
84158
85699
32129
47900
262
6906
96288
37929
69100
8873
19052
62050
19003
7975
51295
56273
55674
65268
67606
21140
87374
84421
42293
3133
4361
94581
25750
4588
35584
96131
56
66390
9515
18573
43047
47687
87831
45176
18003
30540
92374
9253
7655
31095
71714
86588
50548
88195
53150
6270
40001
54299
56891
32970
22788
52600
39301
17379
27216
4614
86682
91661
66404
19595
17878
77923
11264
32102
70144
91878
64450
27852
46871
57790
4696
31214
79228
59596
44343
45137
88822
86522
80450
96003
46914
49681
39915
23675
7665
13838
3704
63126
74073
9007
85522
35638
28018
72531
60085
1816
74789
41312
56270
13283
35870
44320
93390
60282
43235
29968
39256
17583
80665
61319
9335
95161
47171
74972
91342
54362
91445
6185
15281
59069
52515
76219
18471
3189
99697
18304
42348
22517
25381
15985
26300
15008
76697
42134
4135
66764
34036
50355
27801
21592
7785
71324
27511
86861
67447
66772
66350
1931
29895
6201
76245
83706
422
44762
86821
46753
19786
83924
72072
20243
25642
83955
15661
36224
55656
59570
87305
4919
38461
40070
4595
88836
47479
23818
212
45251
47174
53211
99337
63144
26719
53573
94675
20990
81581
3324
81181
34902
52834
86548
74571
79866
54527
1396
87704
44070
67900
8712
55849
76336
62124
67787
62903
65982
9944
71506
21596
77998
15789
96456
99664
51600
12185
17654
96029
1133
1592
11158
42811
38796
11279
17017
33962
10220
22880
75096
5011
30763
50019
60418
94238
46775
70699
41731
23473
66024
24626
28468
16538
79949
26786
74583
11701
86105
69708
29896
40987
67868
63877
90166
79281
74152
50241
69629
12526
99979
21342
24336
35686
44859
4933
87688
12137
90172
1177
39363
96024
21626
6857
15180
53364
45314
66914
10096
46474
67217
19392
47094
16936
92906
20497
15439
68888
24488
69186
94874
66181
67521
81579
19363
56736
48068
55700
29617
27452
27026
37468
80851
98865
21673
90622
61892
89043
33377
87372
42994
57516
24792
30516
42457
96190
55804
11426
25337
2870
20078
81573
37272
87895
63654
56168
31903
69385
97012
93920
60883
85503
10042
62334
39138
88025
2901
51187
61601
20852
3933
96108
67606
35374
83341
63468
46137
35870
15717
82819
44888
32422
58626
45151
25903
50362
89518
39769
76620
44071
15178
12397
53374
28929
56898
96377
43943
3202
89801
98246
11134
74694
79221
8328
92434
24218
81676
74096
47936
25904
1381
54222
12303
91348
25731
5832
28862
6254
233
75024
30010
95300
7505
6468
91491
25543
8099
31178
37465
25140
55800
71091
65750
66912
80429
53957
81880
22208
43238
65318
32948
33302
63564
7398
65684
49147
13832
62381
63615
56277
27011
37398
85043
78576
22530
25994
31748
60258
11996
44810
21661
16171
99816
64204
76573
30497
53710
75029
69306
37094
66695
75412
68755
1671
40296
36118
65306
33024
31588
3887
97639
10934
98521
53772
43925
11799
44500
84431
39393
74058
4884
77686
69197
8758
69619
4533
99992
83123
10289
98527
59757
49070
4424
12048
2037
17995
60430
56911
33890
25086
18703
9329
37967
13001
86796
6323
14778
5230
34849
28631
36276
74642
82023
29365
97543
41383
72240
10933
80540
35387
2003
39007
97479
1064
66736
6702
33126
46182
83902
32111
41123
63960
18544
7851
41079
26017
25861
81875
35745
37092
96974
33307
91608
70329
88356
12434
93863
27292
57305
41850
41808
27464
40144
44899
52058
76515
86119
75412
21834
38132
22202
4120
96987
19610
71490
85074
16991
19695
87467
59022
54674
32991
10110
1860
73343
92260
29772
51832
92528
54850
30038
46997
32970
16552
91558
56956
52290
66926
85873
43834
1478
12936
8937
28350
92454
46497
86426
6643
13151
44808
72020
78206
71679
66584
40848
45814
73859
38112
85721
78392
9922
2252
53174
47822
17972
39925
98185
66482
33553
11792
49295
31046
10468
24654
19246
30577
68592
37183
84140
7515
39609
54445
64832
70620
30775
22715
98940
61656
58862
95003
17762
1900
19974
77733
32100
98716
56411
84848
45533
82291
52742
27583
81815
38797
64140
25194
98314
56293
6639
76679
4013
36942
90123
78777
3052
61864
31746
9953
10135
28255
79419
80535
58893
91423
88957
21311
70145
26820
78672
22258
24539
22949
81337
80020
60414
86247
15168
94736
60636
53172
74353
89016
13187
8602
81170
59725
96244
64256
10398
91985
96140
81188
83838
78395
4706
31651
52717
35697
8910
82206
42576
85044
10583
65628
44080
65777
25702
86947
32800
81862
8464
88538
41335
80721
26626
28272
61488
80118
74436
81027
20041
49279
56377
8126
29349
55120
95871
82540
43990
74915
15349
93468
47059
84426
88299
357
44804
86728
36426
53985
68758
84573
75230
61609
77855
57111
91902
9604
37308
52852
13944
33998
84364
61084
73400
54676
50523
84237
453
29289
36123
86831
36686
41359
98623
41190
73269
71372
94119
54514
95560
59926
56628
23259
79807
65993
45991
90959
32918
93342
90216
95304
46524
80232
34791
26681
33939
93507
24387
77282
66464
63335
42700
97406
52846
86430
80478
24766
12887
32123
4049
48853
41303
5420
61216
85453
93465
86386
62349
76628
27389
31076
17447
23021
64094
39593
82018
51900
80009
51471
25706
52522
43042
71012
58082
22684
79283
63177
6657
28905
714
78586
46262
50712
80181
29025
64332
46516
47536
96701
84247
32300
10044
38677
83413
35740
60612
17743
18335
50941
69294
30984
94276
73667
34155
11753
16825
74448
14235
18571
73893
54579
44315
38928
32794
60120
44112
47001
79282
68241
7336
4914
3113
41791
86882
71700
90036
95074
43079
44247
99722
66896
61611
12600
43044
83286
33344
12093
15869
47592
32772
69716
98678
4403
75227
24207
12151
1648
28422
54894
82825
88914
9384
24631
8782
22349
39524
61988
74966
39351
38622
10216
90088
15873
91764
38825
19547
9781
48076
86867
42387
39932
97541
47944
73816
20379
14110
28693
76299
77832
52609
32193
82
3144
49449
42161
97570
55543
71487
87549
44023
22570
9708
70161
25112
71030
61085
4124
80351
1051
36685
67644
62293
7191
28669
22310
70637
32479
19022
3197
1334
57025
70944
57952
60889
19514
42971
53528
49527
25537
31503
30034
4361
35049
10319
60745
47526
76384
23761
80644
79584
41942
79225
35129
87633
56421
9169
36487
25140
18606
30152
12937
9253
50924
89456
6643
27697
53216
71921
90092
371
52306
24485
52884
75848
44376
494
58108
67838
83567
77076
31357
79801
7108
14132
31500
20323
1496
69290
72308
565
13389
73759
93144
28773
41098
86709
26755
51077
92580
33527
9559
75459
95397
96375
41803
97581
87089
68657
89285
94390
46393
78591
67188
9528
88205
34774
44612
81786
76134
13617
19254
27031
61990
78774
77402
50357
1036
5011
78138
32631
57379
8864
83890
73131
81330
89905
74955
89732
44342
30300
52731
74481
47908
60932
93017
66706
33216
48584
96813
36262
49265
77187
42825
70545
23772
33291
6661
17609
12406
65323
65271
42469
74079
20844
87296
79576
76123
15187
7721
5689
58502
34256
64519
29200
88571
94963
23208
35724
6996
28566
57716
55965
6574
43590
5479
93351
32870
25839
33843
31150
66657
44451
85450
52780
17163
19245
88384
44759
93041
65537
68712
63000
47142
50806
75669
36177
45989
28484
18269
92874
41061
96236
41097
89664
88842
73890
59986
75006
21308
4481
86470
78928
33167
35039
89925
95338
18760
80279
87301
69089
75787
37445
51959
90750
28810
36867
84787
31387
34775
79716
47973
987
5124
47801
86547
62884
14182
27929
2004
15761
88362
13461
91468
82468
35330
34428
23841
48289
45766
2860
64123
52874
77593
47280
38255
19083
50880
78715
40840
13090
53094
60352
76984
28346
29504
19089
21147
91129
86036
72656
76639
27944
71714
2618
67759
43971
54893
13359
84631
61955
25722
90740
45606
20302
91150
27850
87117
46444
52319
81712
78699
43143
75166
69855
59870
43177
87494
9199
3705
20865
6420
6113
4753
16095
48838
73443
28910
2947
44718
39141
85219
68150
21180
26995
82887
85683
33399
95594
96348
33938
12279
54683
26549
59082
35159
30315
77444
58312
24469
44127
94685
17932
58074
91789
36430
92923
96981
63936
1121
52186
73184
75071
62953
54379
83634
57746
79988
28645
10068
47692
65091
42262
65325
92615
75738
49966
10269
15172
12599
3981
65139
5396
9649
68275
44667
99669
23837
33311
75246
21574
94083
71995
98115
45350
82872
4048
53306
17607
17505
45304
75477
1494
90247
88831
79447
73566
66829
37150
7049
69365
74761
18758
45851
72745
36755
70046
21268
84657
66021
60234
98841
45135
4825
67315
96632
55656
87877
34655
30365
88705
7835
22226
9562
48964
73834
46154
2101
41441
46141
50900
67489
59185
92515
92835
24526
46820
67022
30519
18757
32517
39519
6419
46093
66787
3597
49463
31210
49411
73430
51337
33657
68115
40125
95462
88396
63288
89513
65083
61843
65552
8332
29162
41213
72295
38619
96867
14518
23785
3577
36609
79900
49594
47883
91042
75904
35244
6701
99628
77218
20905
74094
15084
50601
27211
61569
22321
35361
5455
28653
42037
22358
81441
67165
7045
81513
44064
46240
13175
13142
3945
31646
98713
39553
62471
49610
87771
28046
33464
45253
16623
4813
14923
94941
88957
92231
35531
67040
59670
75532
98853
96620
21943
96211
82039
25012
49088
48836
71369
55865
6935
44671
38995
52044
36810
74212
47558
65491
16857
45620
18212
87316
15633
6461
23919
37050
33765
23810
54555
79299
83177
27690
44279
27395
50832
82811
5449
63407
42560
85842
50686
66194
80120
28576
71984
19744
93805
9101
13868
16011
96895
84748
2784
46938
92305
31951
25388
1997
53136
69130
79082
42760
7588
15132
87902
98474
10085
4498
87690
33843
52807
41744
49714
19893
85851
67612
63159
56954
46655
96666
11564
43852
10159
96619
63027
1620
88244
33786
83688
41033
33533
94539
26179
19869
712
11439
97101
120
27874
91015
59391
43568
8996
47382
79315
54531
49614
55775
68698
79303
64176
96406
50485
65715
77843
67795
69580
88101
53191
9141
30839
64170
18362
71212
95629
25509
32192
45910
86515
2631
29926
87084
94986
85303
37430
74245
85286
92752
27302
21495
91197
2761
32398
7182
42092
5239
38599
776
48750
21725
57548
81286
46588
19722
54199
42802
98704
14539
54275
83845
44383
64338
2591
44531
3945
96976
34736
69582
10500
43806
93794
29482
61238
34191
91028
17150
15693
36598
36080
97751
54322
96410
65939
87827
2719
65953
34839
66142
67951
5175
80954
24661
70257
31472
22628
49639
26801
90972
7721
16985
5770
1373
59494
2694
4386
1027
75818
8592
11365
90644
83695
58097
99368
20305
91272
99976
89865
30232
65877
76979
76306
29602
76327
80883
39560
73197
8993
3701
74405
10739
4433
54678
69537
49321
41566
41559
82716
15455
77912
92568
75024
63977
51234
94219
27596
4901
38991
53755
68790
72707
22580
17278
28548
93397
28973
75585
15388
15661
25592
42518
90754
6084
2146
65459
25231
86996
76269
56055
23403
32460
95771
15999
11348
32609
63590
37783
60743
6545
83672
14312
36912
84151
6985
28733
85302
31544
74888
85103
24710
89387
32895
93779
58145
9139
24373
56996
82629
6432
21114
21029
17389
80796
21469
76761
47563
98492
21159
49833
4097
40541
2229
67146
18864
52882
78533
8100
30636
97801
53348
81349
5655
68637
50515
58059
39242
69958
46255
42071
82466
52607
66385
89023
54044
96488
77618
92849
57947
30294
74280
94161
81471
5909
43605
95170
81698
25253
60122
91019
40873
97445
52316
95240
89092
59996
32903
24647
30555
92878
92544
95265
49064
39514
73154
31947
8324
95239
70685
42989
27419
48903
94494
70303
17575
57941
76213
69638
26535
53582
80140
61275
11377
20134
11737
68526
72925
65370
74516
7456
45460
39221
41548
13298
36189
17438
67853
88347
3005
60313
39063
30509
44678
34929
56742
88523
61393
19914
60094
94943
68650
62298
69986
98124
95208
76880
71558
35321
54754
16044
53093
16529
27222
99906
38322
85193
63864
52097
26847
22592
19615
35965
22630
20212
13343
44342
71913
92613
60819
45039
76073
11881
35627
24004
39899
36571
40079
99714
47754
82514
71600
29206
80697
75414
5792
42886
74020
69635
6636
58333
6944
84343
55627
74532
78409
72155
825
21688
46278
77704
2027
46354
94936
82618
43986
65159
98826
23985
72990
55381
77437
89833
47588
47829
25088
71354
50673
81600
16687
5479
82914
24654
89581
5378
23536
22788
17667
55221
44628
47153
75737
84750
42726
45162
43387
93119
45609
28844
29829
56476
28417
48800
8579
55361
43769
21234
80836
22205
96261
49201
92191
57989
23244
5939
81444
58493
92158
30362
44229
56432
15840
4211
49762
13095
24425
67304
64301
26198
84116
72277
21901
9720
95700
39590
28339
84239
55660
92787
30261
37423
62105
46804
29451
33664
39900
46394
3159
78340
6234
54469
62121
99974
59703
10032
74492
61034
9870
24780
55588
43702
90350
35552
18252
1542
43412
7000
13876
61534
12463
49072
75584
12849
43800
21343
34986
95963
47323
73102
94128
74183
13334
55719
73532
82399
72071
81339
14672
14735
44427
48877
89052
57216
77447
6188
80439
50748
18039
89816
37378
9159
16459
808
13445
40966
42193
43258
8379
31113
89478
90899
55324
20343
85743
89430
99239
16301
98071
62507
23733
70486
70417
48530
60466
56528
61532
32165
39805
6980
19463
30899
46387
76424
326
46323
3417
22269
84384
4232
75076
94865
74614
16089
78571
23548
10286
25302
83041
57946
69246
92802
13238
351
92942
55184
30813
49574
96307
56190
31987
13652
65956
11101
76488
96550
95222
76862
54687
41074
16753
47173
92497
42013
56590
86026
34769
99667
19177
75002
42976
68823
4499
59823
83186
63230
85126
81332
79877
41923
3162
85840
21643
25885
96641
91474
36254
87477
93656
1857
35961
73280
69689
36347
29145
16036
29039
97666
75530
32806
74595
49500
92882
12077
56335
76262
21959
40094
87189
48647
43976
39896
32767
24721
83834
85333
39414
68467
58786
99653
43567
6609
35468
59422
90239
30994
65308
86550
84474
78645
31373
45786
35890
2799
2685
46706
33535
73451
19448
86036
74570
57168
58541
11891
80218
2407
19550
42612
81235
49482
63595
10816
55554
52833
25753
40017
21759
4641
1383
78430
93766
29293
68095
18111
91871
77454
85063
98484
42840
60786
88687
97165
82462
66433
21741
54648
38265
65378
11921
26163
72967
29761
50593
29654
21302
15775
76674
99138
37770
80382
66676
62057
97277
63509
84605
32579
83703
13028
74304
81878
45411
30977
16906
86605
85854
17589
35931
89123
62088
4608
3593
56264
28234
95934
75939
36846
7736
19549
75847
58712
12551
34299
62039
32299
88550
86426
48773
88705
29444
81547
87614
47152
24076
40933
61658
29213
72367
38727
24399
37447
70644
93594
52284
95540
85926
76619
91714
52782
81138
86025
99221
67515
60732
97416
35932
11783
4261
56774
16885
6275
23586
74923
98828
39289
40187
61185
84327
52036
18490
13683
55489
70058
33959
64417
47627
37865
99384
47025
62922
6738
71700
69455
11855
41945
29247
46635
22190
22420
68201
67464
40928
33822
65799
39992
9149
27314
6327
44286
94671
10921
99328
83259
53092
38952
31484
76090
8497
80303
94764
99469
8790
53705
30392
24138
22423
22620
39014
12198
11446
88990
82347
51324
57282
29098
93890
87050
65687
40239
75637
34806
80457
7709
35824
40728
23731
8002
42142
61760
35250
39780
89294
58805
3338
22639
6029
69329
75287
14144
35133
82619
36277
99553
25088
39051
91109
36895
70666
89124
2982
54874
36946
64952
51001
50978
24816
94355
48153
99424
63096
38297
8304
96405
14545
98449
40046
92974
47287
19429
96009
96843
6115
56219
55973
39614
51305
60131
32197
1051
12477
41000
86796
552
84764
45212
60405
51712
5642
46143
85462
89029
57593
42268
38272
14674
96807
78037
70864
93070
29071
37496
67140
96726
97747
2401
89679
60095
69328
77124
88724
97708
85690
36884
47836
31767
77090
6850
23597
95950
67365
55823
22876
73106
3869
15473
33190
92191
74771
39829
47998
35300
56852
78331
16333
89388
4597
46497
50625
94154
84059
79937
17392
22831
11692
64713
20511
57489
84552
21825
52133
75775
60116
68868
36544
91000
82563
12188
45374
67216
69227
96617
83469
81486
47657
88559
98261
96563
44134
34574
87500
69667
46354
43188
83149
41773
34176
63659
20403
91868
15334
29537
99231
76531
57258
26385
43269
11822
12072
93428
39824
53504
20723
49470
43600
3397
13003
34164
73932
38490
15789
12561
4881
87178
25945
57023
23240
82681
82773
62202
51027
37369
86233
31991
97134
18416
91468
51710
49518
5697
98811
16166
61072
15903
45151
99154
39556
88238
85479
91823
99325
24057
22176
28441
64935
47856
3757
30552
63744
46463
17282
39134
95108
35612
80497
32831
73240
672
69196
26170
52993
42640
20960
68641
60769
89025
30418
96564
62132
20687
10135
99962
64694
13984
47485
48278
93433
17606
91164
13157
70690
86062
65913
47003
21585
4696
10062
70921
12135
1503
52375
38483
73455
51695
40641
39840
11195
45204
64479
55423
17858
71239
27672
81350
53177
23374
41805
61518
68015
89517
56355
88932
67902
75088
80525
17507
77602
77367
70604
98011
23755
96835
62764
88835
30445
270
521
51930
67894
95192
37980
13785
78620
54001
70999
75326
47525
84067
8483
58208
27973
59248
57024
22838
76669
15836
82703
5593
97657
71147
14093
67944
87610
45761
15223
19776
81927
75448
70048
74365
78480
27011
82699
65645
78508
96352
34178
48426
43940
81728
51835
78065
61734
31839
29753
47062
74370
31885
83447
4557
53897
12552
36194
74931
29402
31642
5896
10306
32232
47179
42689
60584
66760
57108
4417
84371
27413
50299
88414
52437
89243
12760
97282
50854
61512
1693
67230
50239
71724
88742
83575
90767
3334
27723
43389
49278
97452
48088
33183
18585
38254
13347
61786
85315
59936
81272
72704
93437
94036
97551
31268
90413
40323
60175
31377
42362
98043
73891
96028
95948
38550
33655
99282
68104
85382
48704
78952
86250
44834
91669
24990
89715
32930
40043
71027
51112
65235
38762
11343
75113
78915
53629
37459
11440
64553
26739
56933
40972
69973
49425
56028
55388
36158
58030
21630
77849
35747
9395
57189
90989
90442
3406
97255
37960
80060
74518
51922
21766
12320
41208
60897
47465
33227
79950
19246
58121
46462
94613
74176
96916
78169
69932
66908
58720
76897
6511
99624
12050
24788
11252
62677
7701
51456
45759
24178
15330
76699
95983
58056
53146
29048
60136
48962
16306
95920
94917
30810
96445
5279
81271
54727
86865
65326
92224
90759
51131
86818
23488
55954
63878
7125
45701
7817
29438
1995
39609
86442
64962
40985
17550
58622
35765
56391
8974
64994
8626
23868
37164
91718
98320
93269
1652
80791
46514
92840
62685
61490
25662
57685
43613
16483
91546
56235
60281
40485
3951
93516
83825
50304
423
45256
83604
47204
29934
51553
27840
36017
9020
98430
63421
74682
90254
31201
49109
90542
55678
92182
45426
98316
93312
64805
12781
29936
37121
69439
12651
49071
88276
37322
76692
33591
75593
52238
31203
58940
17309
22539
83312
742
49478
20256
66948
88147
30497
43015
82255
80196
18507
9949
48593
29275
14897
7585
94226
92137
70378
77681
76914
69048
35037
93967
48296
86966
39504
84489
17605
69007
85524
57775
51410
66560
32624
64414
95548
12770
79282
9715
641
44189
68062
91060
86689
77182
92857
3250
53594
89154
83202
13149
23454
30930
65956
98532
52287
83115
67847
56484
55798
10778
35527
40865
36287
43030
86627
67141
898
10095
17620
65486
76412
98502
40226
46545
21924
47937
72218
1494
15733
82186
56591
63548
44459
93697
46882
7336
24895
4366
34236
95063
3202
93162
89256
59345
78462
32581
64814
54390
3368
28245
88508
99188
73353
27723
99547
18959
71854
45613
65362
75113
79815
29010
63442
27801
19362
87183
56937
39622
8376
3048
48139
73704
89800
43263
56398
33724
4526
12385
59744
95515
7407
91071
62207
13918
95352
84814
6344
44646
21405
32921
4810
24171
45327
22589
27547
23363
21724
83384
20861
89430
80911
33639
39762
88942
88439
88136
6199
63284
94337
36182
73502
79441
99375
18273
45243
70329
68715
69693
29254
84218
13745
80693
33327
23226
42016
29741
39651
60344
43154
37504
49215
87683
45615
73667
56120
77751
69635
69796
52144
27996
9985
26073
18847
30206
80746
14263
47935
14869
52313
53372
84502
41895
41847
42898
78528
30800
23441
52014
15250
836
66740
3500
67556
4612
83864
19869
19765
19335
88547
79596
50650
57212
9585
19798
78424
30797
89926
87049
22766
17088
32925
90333
56956
81179
79815
60186
29921
84508
10049
68487
15682
51814
49517
29141
9566
84796
81541
34275
92370
62303
2999
84218
46085
78553
18811
51809
48984
12207
1824
50100
80441
33681
33454
13062
50050
92639
81867
66921
27896
98178
8020
35570
65184
73817
52444
95966
26846
4034
97587
29082
81655
96088
58729
24074
69019
71238
30513
4021
7836
98174
50137
49673
30421
98593
25495
99171
33629
44675
49529
53971
6653
50394
56683
90285
47014
45596
47641
15205
27007
2756
99914
60793
9042
72635
93152
53655
93425
29882
46178
90404
14353
37389
70793
42875
76158
46480
60247
37329
72544
58192
13801
81443
15618
14863
33560
92934
24067
55930
96217
86657
29043
17863
65616
65469
34073
48835
24543
5634
94350
9187
84534
57652
79229
3689
42598
49516
35876
8094
44673
18638
68928
49194
3342
64129
81493
63697
91706
70183
83825
45058
84486
6384
88990
2622
31376
4196
43147
98862
62713
31849
36041
57654
94432
79066
50690
64720
47157
22069
59229
61496
93952
95683
3954
65610
90299
77629
74040
90566
85810
13890
46717
88599
4639
3584
753
20302
9505
91291
80156
41762
61265
99366
61658
81512
96680
80945
74736
79458
53185
31729
36456
6875
16129
26187
39018
78609
54865
16706
6782
6046
4492
90477
2734
90536
39737
43444
30431
75511
59490
94187
54523
76012
83034
80172
13190
62861
28601
87842
51653
53214
93012
13915
130
24716
12978
43366
79820
7117
53451
96259
6391
73982
90162
59373
78899
79537
44429
98861
50666
87518
49664
78908
53139
42758
36356
12274
66751
98195
55111
3213
4332
65153
28153
96923
26527
18145
15912
30114
75680
34156
56240
789
64077
35120
52906
51366
20536
9067
93417
90667
8573
89907
58725
87698
13829
96127
61584
68620
99732
55356
63253
72009
60792
82243
19334
83344
31095
34607
64180
81821
23324
88562
19123
4507
62784
31255
96106
86631
66993
37359
44820
3559
30406
44361
2443
99172
84496
25741
31154
60120
29153
24688
58662
2846
48223
42992
82361
4254
38974
81665
46481
28211
24663
94780
69452
67706
1613
75014
84141
12438
98121
32787
65306
59850
99699
98608
93440
47568
21105
17057
32913
81765
45893
85346
75913
16359
42242
12803
71234
30950
41709
74348
10153
42335
81364
34670
87734
66264
66483
92515
77844
90167
34249
59255
32843
34848
35055
91298
99472
57774
85875
58156
71880
2730
53409
22494
83452
31288
27061
26469
24622
9670
56774
42849
86991
16738
72518
92238
87871
96936
93275
78353
39157
75015
62038
45472
41899
10777
55584
97739
18544
89124
42839
20056
97420
75120
23609
26894
34526
71684
43040
60200
8001
48142
56780
8225
46478
99680
34736
59457
40346
91835
89906
34220
40535
88208
62474
69729
48265
38860
91322
4842
34547
53576
30263
81091
49151
89871
29087
79728
90990
81263
61499
90925
43501
43353
29395
85155
58300
18760
10690
40106
80609
61834
186
56171
8930
37248
5962
15467
99993
21686
67319
83980
75128
48206
43953
60000
40962
72052
52259
46863
41351
57529
65729
39961
20348
42926
70641
96241
48704
37349
1512
97670
9796
9575
25719
69807
47347
62228
92153
31594
77849
67762
68482
34623
20824
39001
45268
64281
17791
20318
46831
61404
63349
24100
78411
79584
5887
38854
16461
66906
38605
36494
44459
84201
25379
90017
70134
40126
55902
22037
62196
67501
97971
75341
30095
38971
87457
24923
9422
64062
55544
15563
93178
15431
27741
94425
3258
40415
92386
36683
88902
26648
49392
34295
65397
58868
44126
64558
45493
98087
61017
15423
44503
68614
80118
22172
76451
49372
51341
22595
35193
61844
1749
89305
75449
22569
38272
45730
23935
29164
75713
77712
280
17752
36324
17615
88223
62910
77568
9483
8276
10216
30091
36646
68207
37951
85765
88797
76475
58052
39005
36036
4195
88427
13752
92218
25032
3356
12415
50534
74659
18487
43437
69636
49613
71668
5287
69266
83200
52246
46742
83285
14090
76104
41523
27030
6754
83542
3709
82359
27587
15526
36276
8670
70539
39130
66053
39242
16143
72620
12898
30145
14207
46966
72019
93888
14708
13283
42907
88961
67936
53707
49736
73024
64554
78031
13544
12291
48740
89349
98165
9963
93975
48624
83377
59714
67707
63539
17620
26007
70843
33527
22042
58625
3083
62046
82745
48747
32258
42639
50909
45928
36031
59840
86163
38769
77005
6858
95980
41170
25489
83949
62550
60972
68764
96424
95113
60814
90344
3639
49922
78796
2903
49044
63067
35467
36256
62562
9924
88326
43970
69576
43430
3831
34106
18030
37466
29205
91165
10206
8218
49646
93921
40415
45704
81102
54230
2814
72652
53518
73487
77468
2940
35172
74518
44534
74220
35710
52584
74503
15083
39830
12501
11158
34806
65295
15800
49725
45350
8562
60019
5703
3321
84136
50127
12919
6882
52977
81910
91498
70870
71167
16772
81191
25017
25277
6
82515
34144
44608
33461
3052
28665
70937
75870
91851
58388
38714
66023
25598
96210
62717
26330
52044
31875
38849
86774
13865
24420
77447
46703
18271
28301
16738
97293
82844
91217
52367
47939
41441
68378
53324
7810
27478
29407
68170
91830
72511
32075
67942
24648
16869
93623
1874
8474
25225
7279
56623
56069
74886
16437
45113
51305
82473
73525
86656
15698
2188
35199
72750
14994
22467
53781
70631
37481
91207
76683
20423
56875
46447
19634
97928
36409
98175
50088
60150
50229
46395
59195
17008
2969
17760
48660
40326
59006
12482
64852
74634
94500
57887
13708
62517
57014
46743
83188
73516
83304
24282
95722
76564
57857
17207
24847
54865
11568
4894
6656
98051
94650
57406
5131
78066
88782
89696
6703
10791
78093
49808
35582
59294
72293
21908
62674
1054
97933
8544
34554
62791
24317
76673
6105
21687
89863
43287
88364
13786
21518
24467
16411
53303
89994
51332
49724
66354
69989
25540
88600
27989
74516
84016
44953
13297
39751
60235
38408
23281
92985
30018
71581
93682
56773
47043
50380
22340
23304
92399
9618
85029
77979
17061
42110
72872
89606
45623
39928
39549
14083
45164
43662
7532
30555
21196
69195
97326
40976
91849
39628
40552
40904
89325
7213
66035
37632
98009
64380
38387
36782
19674
36668
96956
94470
87390
35687
29598
98370
68160
96191
44766
47379
37588
69174
39803
65959
15132
4190
2505
10133
98351
50967
92486
45163
32572
67993
45635
10032
85361
73462
61384
28448
56550
17647
63540
51933
33812
76595
16940
81786
62168
69063
49375
820
36707
90656
11612
84634
56271
27464
11108
96652
28477
91913
40805
75726
4222
63657
31329
39098
49214
49749
35978
25924
71482
94487
32641
26260
53358
18455
7920
91001
33925
35655
18228
41330
17333
87266
48577
29719
59545
53218
59440
13657
4361
62629
77067
27108
67433
44439
14954
91984
4155
39771
92414
84460
49858
53814
34305
63179
46616
12716
49847
82430
84047
15397
79551
51913
28470
89909
89970
67248
45853
95825
18821
82519
139
88879
71649
61862
95710
30576
48409
89628
86528
21935
23444
53025
37634
72626
74856
10956
74083
35107
95947
26279
13556
9866
88637
96088
45432
9754
15650
18041
67234
64427
37710
79745
49427
3530
26715
87799
18064
73049
85747
1086
32755
84727
69928
59328
93083
70550
94003
29900
23735
1183
71500
17607
47574
62257
24572
10233
84310
23162
54308
69758
22294
31621
33209
56454
38486
37258
58793
22221
39325
73228
98368
12925
75588
11873
22029
69721
44709
40543
91715
29441
65984
3142
9329
73519
3044
81302
1689
7729
23469
7637
38357
7330
35205
16535
9136
67469
73377
23881
18346
6591
95977
31415
45264
99714
40820
3344
5576
91541
54733
51448
93604
56665
82540
21172
95738
65351
53282
53560
2739
243
46820
602
27206
23948
70781
33846
6377
56136
3206
16098
48747
26778
33059
41528
80240
36669
99990
23360
5755
88439
78444
82565
51463
5986
33900
2026
35969
28394
53872
62476
47667
55802
18949
88592
46588
86210
45518
59091
30171
72198
24857
28400
1604
32369
95335
40679
52376
35698
70357
44653
38487
82161
40467
78818
90355
17617
81913
81007
77236
8026
27778
49354
79851
9449
58932
17912
44737
58996
75142
80206
24312
75649
75372
20223
45816
62056
87915
48576
90806
68772
29359
63731
3294
85324
9082
20692
54619
14802
27166
96955
11733
19197
30994
51137
45717
25388
31439
11139
55992
54782
19822
42106
32743
59152
37642
15818
49435
56576
45220
63276
94173
14846
33485
48865
28205
4153
69981
75805
48043
84284
99355
75491
51626
41244
23649
18938
55280
39205
12997
7837
72158
53778
49711
80305
36512
9007
55440
20285
75326
39441
19230
99933
35717
62493
63045
12621
4631
73057
37181
9478
69730
98172
25209
58502
20506
86469
39566
53253
13244
3811
60011
75460
81966
54280
85247
9200
8224
92718
38320
92731
1127
84881
21602
41738
22503
15032
60044
64379
17564
34879
47063
89194
77872
84846
32666
64776
74646
26952
5914
15877
2549
84510
33008
96976
9909
71841
86608
26685
67585
97940
68655
77836
59107
16345
33792
32465
85271
16518
15235
51273
20430
99224
94817
25507
24709
26422
85793
39000
52686
48567
9564
74858
79969
15474
31203
92378
51420
61738
86782
37760
97124
6030
22446
22645
72489
99149
66570
6660
33286
36869
49259
13841
6105
39026
68809
64162
46346
77535
29027
53303
76844
81878
56766
26662
11873
9429
80229
43246
3550
46394
61750
82240
89806
17858
95878
93564
81531
86675
100
33076
10787
94069
68576
37290
68497
72136
63792
14746
58603
62650
91752
98183
20201
9225
11418
95880
75418
66906
94349
91974
48378
11900
20484
24880
6200
16869
50811
80215
91549
55508
12228
496
48938
73893
11139
67369
37080
27222
10155
4196
1503
24305
57070
61525
14320
99723
62775
54885
3084
75581
67409
63058
96849
50798
99913
4238
24937
83375
95879
3365
3698
43039
84683
79136
17364
68043
35654
84990
74909
13509
59462
15631
48382
65446
10025
73575
38611
90112
11480
56536
89559
7353
79726
89816
49768
59643
89494
99187
2713
63456
99580
28780
58122
36947
1631
54335
963
6208
61490
36615
13201
28205
22745
31028
38163
59757
94911
82926
57832
34635
78875
25242
12514
27240
62673
41004
63926
55234
52843
20397
72845
71697
75483
28957
18778
62403
72072
81389
52628
42420
624
18540
85278
38088
83084
90976
31750
79914
10050
55099
83087
22970
53896
10157
64932
66376
14345
67578
314
13444
13085
56315
35416
88013
97394
46833
24319
26213
82965
47529
25695
23895
58464
25917
54440
6684
99232
65362
66223
19736
21505
65297
1026
60678
11054
3601
28669
58454
74466
71514
99887
79069
162
10755
80669
11089
90282
90919
87461
49810
85213
12394
18782
60970
43772
37719
42728
64607
70422
98806
78558
13624
62114
75559
59292
378
74006
55310
34719
73688
59580
6246
99298
85329
40543
98959
73988
83062
27488
87135
91332
32675
16721
92582
24607
7970
73870
77702
12209
26026
12384
45036
27802
45323
12350
51426
66061
46689
17684
52842
30735
72266
93892
94627
97551
23327
20418
45372
57722
46411
60876
54083
98993
45969
8837
41352
33606
43524
16232
97775
22975
57440
84318
27100
2696
75821
80060
94953
31055
3440
42778
67505
1997
14066
75945
55078
36509
66124
89192
95941
66180
65249
39850
88098
6840
25339
74164
1562
68686
14191
57503
46657
52812
86181
48116
66716
67776
35428
89686
29121
33306
68581
20101
71266
44567
72148
2484
12447
94552
93962
41635
86267
505
37126
18599
4276
25540
99662
86459
85075
88305
38621
40521
55915
92729
26543
94862
36768
70004
85006
57211
98254
25027
36436
58370
7970
53386
81374
10729
44425
10983
49559
80998
63736
36094
80142
95228
84233
67129
15025
21022
25097
3385
97291
38175
69120
52442
75658
37543
75080
13074
40998
82172
43620
94917
27302
5555
40177
15516
53762
72579
61821
18761
96852
78209
64909
18195
65642
6921
14765
74574
78835
23416
28852
51450
51678
19433
41389
26977
41149
81348
64920
85818
8987
46262
472
7892
50101
80090
37966
84689
45752
83477
46255
42711
13864
3887
92689
44340
86806
69813
12290
56553
25608
10970
57522
44243
62466
48430
35267
78885
59325
50499
20116
27280
39286
25435
18603
56400
95114
8188
19510
89387
1685
13284
71594
71867
44280
44371
28117
20364
26681
16338
69230
25524
75350
43815
17596
63382
91262
35472
33005
86779
99556
11270
31881
91793
73575
33269
76819
36272
97179
51727
35033
90164
66895
80105
59746
74939
88007
80990
38846
86091
47999
56032
67753
21400
79589
68110
69162
31075
12881
32544
53634
73756
59172
99806
36325
95785
76815
33939
86867
31698
50724
71164
94433
84309
93753
92851
14533
83353
5616
930
5984
45650
60617
52724
1671
66145
58054
79569
64274
23643
23094
71475
90147
82234
15811
97517
51820
56813
8111
14073
10943
40700
45406
49839
52617
55357
54571
34721
6869
19796
35345
20810
23067
87782
74793
53073
30760
38811
59761
20732
32799
15630
65235
81458
67461
46996
74696
91720
31202
92679
93511
17004
35405
70399
97537
29658
98413
51887
94741
79953
99667
8945
17577
64534
55424
22533
47282
80750
80833
51789
77867
67332
57174
68020
92398
21170
43088
75482
79563
18431
62204
84329
47526
86268
8692
56294
13847
59198
61140
91222
39513
27156
65457
18310
60087
35734
25197
53964
27398
29204
52996
54259
72806
66927
42655
61851
78778
65074
22739
81808
30057
47425
44246
4941
9858
5441
72554
80950
79160
56264
71896
30230
74333
3870
52288
62377
63680
58707
95184
43316
3823
31010
84014
69700
83185
13661
35041
41885
35808
31447
12439
77687
72790
43516
22699
8640
64877
38673
89352
32136
59675
19258
55699
25322
38032
26945
64534
22917
86552
23553
65799
40636
46527
28023
84177
73703
98880
11023
38867
53311
58365
69945
97082
83890
32556
22787
46316
3775
21212
22761
16401
70296
16915
91767
54035
67250
34585
38164
52437
79605
71995
34707
38632
51946
35124
89086
6410
70409
43880
5174
16260
99982
61869
7714
48241
79608
94221
84719
97022
39468
58511
10020
19028
35681
53568
7115
49659
2074
34921
52209
33686
95403
18617
88160
43672
80058
13576
34101
95012
60427
88124
81212
4376
86524
91398
15980
85719
68181
99952
48730
74331
80458
98976
66563
91146
24051
51399
76969
5058
50404
93050
86962
71762
32145
5230
25876
53305
48893
26482
67870
4657
33871
90659
56456
90055
1996
71693
98258
54291
29159
49107
58414
56726
51621
86447
75191
39498
61946
79371
96277
82452
71038
6832
74247
63002
16763
53929
94101
24777
26264
87911
99034
36018
75168
45171
90707
8326
23998
47353
85930
98112
15618
46800
71927
36034
99714
8776
43242
13546
46622
96179
80492
73687
79045
65492
61630
58632
78380
58499
42622
35348
55928
45460
46918
36175
78888
71891
23734
25275
59988
98577
64198
66850
63251
93058
76924
29276
87709
4761
86135
96447
35959
15857
12711
88097
63733
37305
42590
29665
7283
93297
156
56233
28912
72833
37362
96032
11890
18725
48422
73173
45204
97626
80409
75278
81718
12062
45623
7315
47847
47032
84026
47645
86616
54474
96739
58324
35792
67276
17272
82549
73204
79098
77015
37833
4891
28729
4336
22701
28989
726
16966
73915
31441
51722
76233
60776
80363
63150
88019
72039
71298
90331
19222
91041
44990
28687
34468
28644
41874
47000
21232
20440
5166
34336
52717
94073
10138
43883
28892
76774
89310
75718
23850
94621
90143
98631
55593
27856
45443
42926
7575
29511
82165
19529
10574
61671
19539
98210
59519
15759
77379
18944
54386
54602
2195
57522
25902
49668
39972
36928
55502
47974
4259
74086
16512
54440
90235
58450
88595
15731
93751
2194
12938
81564
55689
61394
68181
43363
49305
59
8290
84206
94911
72867
30081
79624
44172
24508
18971
40074
48493
73890
99542
40253
7482
39370
22237
94196
58128
93163
64571
39483
24381
60987
14932
57007
94647
40527
35166
18134
27249
5450
53899
64926
97988
15221
35478
60776
95148
84329
66032
40304
25830
41532
98191
73342
74353
1697
15707
80072
73105
15817
16544
22827
64392
17470
65530
70436
30371
66496
16983
84257
78730
9763
20982
29901
63063
17484
13295
60250
4851
98099
22720
60521
72701
55674
70586
99674
66217
6497
17658
10131
20966
6028
68679
67628
47597
76763
65299
47774
32405
38802
80759
49
96699
72515
52205
97568
14295
1139
80871
50995
8746
83861
41086
4630
20219
35869
22584
70906
86066
81319
68821
88494
38492
24837
9751
13166
17689
50916
28874
28547
20984
72010
64221
70285
99029
22870
43460
89731
88392
98764
12079
69178
8444
8639
41409
53481
7202
91336
3080
94862
93022
40890
16021
44532
415
52612
30916
37936
3799
17413
50887
13177
27877
26469
3144
92475
96359
17956
6464
11626
57762
72456
26569
54781
72544
99603
70868
81157
52681
78753
30870
20150
6847
76654
14441
84105
31157
23126
82754
11603
26399
59526
79973
62711
58980
54830
75235
75318
93764
62776
38387
76055
32381
81051
97472
80234
68820
34612
74688
13358
13769
98270
44207
9202
35697
68350
8186
60905
2159
30868
59471
94258
69396
86141
57039
34026
56745
59372
19548
91790
9926
1452
46924
95539
98850
87826
38319
40237
73260
81877
76941
44785
71996
85713
97175
31853
57035
87489
50808
28930
19099
97716
55415
30211
85452
38257
49985
47535
44254
34803
640
91706
92827
19653
46748
17984
89132
87909
64246
38027
21085
82149
62523
14446
19869
23355
24881
12476
61009
37936
5637
98772
17227
82973
38146
36637
72888
62480
13817
76288
35455
81025
97803
90610
28182
77561
78611
69202
54263
82506
66580
12949
77119
60678
58001
44346
52733
6701
66283
29080
5634
95600
21351
1214
71881
67344
235
19006
95674
90742
81856
14099
59537
78408
3897
74364
48987
63513
74465
16457
85160
54053
71009
87910
97568
84229
15396
33284
65495
35659
17053
67325
42499
15626
83226
93619
72044
30799
59199
26896
89126
71745
38647
70070
83425
64941
65226
60037
47682
82500
51156
57965
15254
22842
79846
14291
10784
63036
84779
33188
24730
93175
29830
19159
10297
20677
3605
47613
75551
53172
8186
42849
44489
95397
68634
65520
66080
78849
53807
85127
68836
6768
10798
21694
46084
20851
14371
58634
68671
14345
30814
42961
22606
90434
30066
30049
70533
6295
74955
71657
80607
59224
3506
12946
79116
59779
20662
35377
42635
1069
23884
75903
79098
49072
38185
27725
67544
67016
38462
65844
96196
27986
58715
11557
67087
4723
38555
93711
73370
66767
37954
34819
43614
97647
98641
6086
78683
29636
38945
57555
10581
82241
68520
49096
39337
50175
64901
1082
93629
87227
96832
78676
51977
18767
49701
1543
55179
86208
14634
15096
19197
1751
25750
71055
20398
10522
74493
83899
41662
34924
99335
6133
28295
43083
24557
75943
57622
56363
49988
81558
10307
68114
99070
77056
86612
38202
72653
62084
88196
46701
27310
39968
63385
42438
1755
82682
8989
30426
18874
79061
22985
67232
32721
64703
6676
87091
68809
68375
18282
56973
49282
18492
69573
3672
97530
24052
31511
48688
60305
88817
91653
37305
89436
65399
33164
63623
32926
48508
25621
47803
74582
50302
54445
27949
4837
19249
44894
66132
66899
32827
55923
43552
88334
78998
54364
39305
6774
18831
32219
91252
49683
47570
27754
25248
35216
82657
41735
69323
63354
13967
11629
27361
25716
16601
52443
71799
37771
41365
83180
86476
37112
50963
55130
62822
66560
78880
88840
84436
18085
43952
32159
13645
66948
96644
22090
16447
77063
76854
25418
77156
53822
91701
24603
74187
16343
31144
59525
72305
39269
69651
20728
83824
76895
93228
48548
72323
68916
14542
1325
68087
61014
49816
90119
38269
83454
3503
43622
4887
2369
16725
88524
19674
65194
69202
44984
4069
54748
8309
87022
19305
50154
94521
68473
26354
97746
66080
44988
58010
42293
94471
12882
4523
89785
12818
67013
96383
68059
54313
56861
284
77116
9298
4722
53473
6810
94350
23627
7933
62247
77920
20664
13854
59587
18587
98786
58721
90871
81956
98222
31810
27854
41492
67533
29606
61038
1556
97090
70132
35120
61436
89445
68130
41057
98603
45529
76049
79737
59522
72597
36942
86472
31006
9956
3169
47424
80928
436
8672
37609
30087
60536
16920
33972
25939
73054
87867
26405
48557
27923
20111
29021
98652
79879
6110
90801
72506
4847
66776
53985
11621
2691
29828
12523
88705
55530
3046
67370
55621
63013
74082
26083
33501
86645
94553
72511
70725
81396
11179
89831
11938
66777
92138
97126
6801
23569
35425
6211
3168
54171
38289
78882
92601
58312
58046
78061
76307
95437
67024
90551
50409
36434
34342
62882
27188
95326
52342
10477
51424
46192
72906
57298
70673
20520
39966
89901
51376
77140
31014
5508
69009
1396
14715
95944
37358
49924
2326
14057
47313
73714
14866
27121
96696
14400
77179
53494
62389
44365
62423
10231
6587
71997
43035
81518
16823
48935
27345
47809
75569
56828
9565
74954
20998
79609
58611
53459
45709
57133
43945
53693
29862
63524
86469
72273
49135
22673
91706
42309
71459
15893
65823
6693
21998
26308
45051
43340
64974
56087
30627
70602
62140
80015
81280
99800
83365
46341
56532
58549
59988
24926
34630
82890
57592
22788
98035
77980
22627
6652
66736
37805
70254
87645
18024
50183
39028
29751
65187
71262
55310
53323
73080
49833
68042
90359
55590
73560
6731
91053
68666
73017
40183
1218
71901
60946
15957
46001
15570
14271
5741
3467
1229
39427
5884
50277
70090
86931
13773
70612
52730
25419
94548
5461
21769
11829
29762
40992
41156
19620
15158
55239
16585
94598
21240
71221
17780
60680
74225
53326
7222
55144
71836
67159
69682
23410
29002
1416
75156
45959
54101
79010
32567
1564
56449
5296
45133
36910
55118
16623
80953
654
34020
60270
43756
7800
52552
53763
14577
50105
47758
27734
84570
47642
35287
9258
41507
53084
86884
22921
22653
43302
93261
99660
54601
57921
41056
39946
18274
44162
19150
3660
57144
37259
22242
20456
94809
44473
61308
13494
20795
25550
37718
6824
43227
61070
31465
88614
74822
18690
62776
81737
98009
56189
18782
4088
61149
54864
89054
29804
3399
3919
51854
86477
80219
41875
73098
31168
25229
98171
33569
51516
3297
64956
56652
25553
69306
27426
95578
93422
56899
64299
26195
35683
49880
91889
48202
62382
22832
38143
83105
37378
85570
89718
18796
59702
91876
90031
87036
22174
35154
26256
74311
1568
88890
22827
43619
53032
88943
47160
74209
11895
40767
14630
55506
10075
14563
86988
85924
46692
95318
19179
6327
99736
79782
98859
77862
5239
74409
69366
34919
92929
6681
13652
64689
99986
10125
80429
28903
14892
86616
6172
53431
87061
78406
98117
35918
76870
10246
51655
27675
83131
50053
71689
1890
92638
96329
6174
62337
76217
6669
49075
81443
22871
64937
52252
85074
28679
65914
63110
92200
48554
59563
92518
49039
17802
99580
34557
63930
91987
68617
24649
82275
96957
30299
49144
12045
5687
238
21283
92082
82632
10017
47775
28262
29086
16187
27781
85087
38915
43996
56782
40601
89880
44581
46758
68570
78175
10676
13423
59687
27455
32055
92965
23585
41108
23997
47050
63656
19937
33881
77778
77123
441
90823
56894
42882
83125
39557
90132
25785
81860
10939
80540
22259
70237
1708
32499
93597
24396
63023
92719
351
31146
32830
2622
3989
93906
63401
71427
29694
95234
99583
13527
21992
10635
3543
55020
77131
80782
17924
16858
74114
85471
42276
46342
98023
6294
74586
69480
65062
93759
28256
3464
28288
80703
88416
57047
47844
23553
53097
84543
52518
67229
32009
3710
86028
69851
58417
171
41050
2672
66713
72695
60269
42804
90081
46654
73832
53310
65528
59489
95663
57084
54275
82969
44375
64972
9760
15343
11077
8804
17032
83187
77369
80663
5057
41160
29152
67266
31919
57809
74740
89442
63259
85340
10513
81126
41541
47287
96351
58592
73817
73643
2612
29830
84463
26787
46328
54677
13015
17527
26949
98116
99444
38088
92901
69029
98610
45989
34189
66177
16855
92547
81947
48983
26783
1632
47612
52980
63139
51524
82465
60734
77426
14797
8516
89174
44897
60741
7549
54487
24184
85437
60731
94561
99280
16380
43239
3194
43305
26608
58422
24861
74319
82898
80813
82965
52440
28147
28453
71197
59088
94490
80489
91150
10921
17803
58162
19355
44308
23604
75901
4176
28658
97464
18027
50370
36327
5554
17664
73672
71095
26050
71848
82531
66099
28975
16413
87949
99718
23559
10235
97460
71903
92090
19712
21231
17496
48167
30844
80457
32730
9052
92310
66016
35432
57196
75933
76935
19220
85797
18300
86625
12833
64472
60926
98055
70975
5567
52075
50248
97098
27826
35887
12730
29897
23240
63666
44034
45146
84740
80076
51916
52263
85707
98976
32024
51324
19119
36610
23391
66527
21465
34429
50515
81548
97680
10196
81307
99108
99005
15270
73125
10442
99968
58010
9386
40220
2737
73457
2835
54486
91811
10432
91899
66047
47726
96680
64915
20602
28582
83225
60036
33804
82701
92184
9007
9764
43443
97510
63972
72917
81878
41629
93265
76280
28028
64432
68973
41869
91670
39678
26671
92170
89415
83063
44533
14112
19480
3260
3884
11548
65637
87252
76280
199
25506
49794
39220
40748
82465
21750
77832
90216
35180
40400
29947
72103
27278
19719
17875
67343
78608
29433
1745
57233
13608
64990
65210
90491
64532
41946
63311
53695
51838
93048
69056
56459
75775
85437
7293
96306
37591
98463
765
34146
769
39242
5102
66031
70316
64605
94631
85356
33824
52246
55654
42183
46916
35479
85862
39559
77669
35206
14720
91838
69536
1418
96124
73129
60128
46918
73724
