29592
78732
30082
50669
21002
14363
54397
99723
74398
45803
68608
48393
41757
85888
51741
29832
74535
2023
96831
28942
83731
27036
95656
37675
67071
20162
53731
33746
43724
23163
35957
2023
3354
44466
63070
28104
91797
47062
64242
28017
94317
86544
62945
74571
42546
16890
60528
3623
60894
81599
44157
8351
42016
21777
90030
60956
6215
89636
75181
66753
22189
82535
31495
69494
1593
59562
63374
25528
48065
72740
35185
94504
54424
83024
61895
62779
90770
47224
61424
53183
4641
98559
14703
68066
73620
53370
87839
64522
72877
23113
88894
83027
53342
43487
9485
48919
438
85403
46700
66617
77886
99917
32393
45710
7702
75878
83129
28800
80521
60985
99098
13747
13988
36756
58634
60622
53978
83820
56247
67667
38211
44855
33966
87830
83965
23023
64740
61364
17681
92932
24481
10791
33702
35340
40896
89570
26771
70662
61910
40023
64365
44246
87297
83131
11558
51183
23262
46585
40030
60621
83631
13540
19172
76144
99656
81624
27204
17220
70308
80995
73888
77793
71424
84689
13017
40778
77004
45156
90446
23192
79235
18537
36196
63068
13295
77651
51719
607
94785
37519
16327
59274
55144
68252
97547
38063
14025
43665
8619
58777
5357
3961
2500
54712
80892
98861
50981
91074
20619
56033
67273
44919
45379
2895
66865
98802
40357
40409
8284
1158
14733
95681
94183
56377
64835
21933
20733
17160
12064
55945
56815
44687
37958
68617
61243
67315
53187
89148
35592
82004
52914
44805
71039
11043
84676
46325
80616
50684
52126
73602
37365
80616
20591
59539
2729
95967
48591
50392
22334
20714
41964
39078
61043
4837
59151
99513
91175
89738
47728
73999
90487
99204
91821
65769
30647
42270
16907
41956
61032
69819
77296
1344
52873
55083
87981
22285
43633
74909
85908
43315
67829
19083
85442
11306
33625
27033
5678
66248
97543
57291
50606
74336
29365
39866
12269
63776
35883
98860
92341
18689
60721
75057
64268
75907
90160
22080
46566
13533
80885
72406
90075
54119
92489
23907
60812
72825
54878
23225
76877
12069
43173
70663
9017
37896
64887
39683
41747
60344
32328
63359
33650
37231
20956
58896
46169
9386
26728
14149
4232
12440
1593
97492
14668
7211
1893
61956
14894
54685
28692
10397
29833
9475
15223
25850
45644
54582
59990
60125
61817
8204
9556
93997
30032
29486
86616
17400
7567
33979
19925
73480
57919
1195
30137
75001
50595
85924
49243
32498
30627
19937
52246
53795
18619
2374
48618
18959
48041
49763
20081
16656
96488
75743
52108
43658
10504
44324
31029
85399
80655
63695
18523
67099
7842
55129
85650
11991
46153
74825
98111
13908
50441
73402
55366
54312
14969
89998
16655
70067
46021
87353
48668
89460
95375
7631
21076
74059
38056
4938
54259
19878
98505
82580
66028
79714
90012
69021
18383
34726
4372
35116
19770
48697
93337
14014
40156
79473
63903
34782
53600
27245
99506
34869
75155
59622
41033
30164
43011
31829
59921
37085
74394
43452
16452
48834
24447
85468
44698
56481
1683
67058
67142
38534
64034
89753
86372
360
63717
85122
11349
14418
60752
51625
27294
26879
56774
97906
49633
13193
72458
86031
85464
8502
48252
8673
44078
77040
38613
62713
18997
71828
34747
11740
23665
74731
41978
67654
47503
43597
99954
88768
27425
2617
2967
9455
74711
72143
27501
52686
24806
57392
51589
3666
4323
44322
67155
78256
39051
48172
45983
10109
53519
4071
75199
8992
10785
60747
92622
80742
99851
36356
79927
97417
27398
68636
22945
25242
20748
92174
72646
59359
12362
45911
79526
96324
96854
45562
46437
33664
63269
14771
63538
44976
70264
39621
86176
57637
6415
9818
75824
99911
64160
69050
71976
13706
12121
4223
75846
3429
93070
78735
1615
87186
40128
26305
32592
65352
7913
50068
9521
80218
58772
71057
58424
24183
72733
90656
22701
84457
12774
59820
37723
63563
63064
81286
31057
92445
29087
51700
58039
56447
11543
14462
88953
65517
76906
91199
54796
15170
53390
92508
95104
57945
56418
49324
62293
90439
13804
46824
61756
13943
68005
60215
15714
73668
18603
5969
15873
57877
69914
67303
30631
63632
44105
71829
64210
42853
39442
41213
77435
49202
11155
88609
73940
6270
20699
22114
64844
78484
32240
39122
92421
55714
61886
39631
68246
90631
69568
42817
15056
71266
66833
45975
11502
24588
50250
29044
55189
21155
10180
28030
64420
80995
51588
80128
26582
13182
12681
64332
62745
26000
41271
44916
45451
55260
30464
49879
74748
27311
33614
63031
92590
74917
88354
34828
32778
6527
92113
25465
26912
31940
54755
59455
5286
22169
50443
13357
91672
26487
65437
51810
8939
8104
29364
42145
23902
24706
82107
28149
10688
78829
1392
64730
91857
22610
77507
61359
92
15353
4251
32693
87071
30952
67360
74376
39922
71841
2968
31227
62322
25719
52585
8677
737
10391
71641
6491
15114
79418
91222
55653
18904
20377
53532
1641
88124
98265
72570
11173
91990
76079
44383
90252
92205
77274
97081
72597
48116
14174
67754
57326
59024
99435
50909
52934
63887
39415
74850
83334
43719
14524
28167
35506
98293
79607
73460
44885
81743
70092
18027
60093
82988
28986
17582
27239
60041
58386
55182
89062
91782
72020
28677
21631
90214
53204
70421
72244
98722
52695
22530
15928
93238
75434
95849
36822
50441
15423
97313
8382
2726
50995
95104
44799
1261
84889
92423
70455
23545
45817
92956
60045
22079
88781
51953
80015
55370
60445
61921
37568
43446
55014
42087
88309
66155
76874
73983
54060
98465
360
32603
96761
85532
26935
45504
56986
26395
98508
33027
72225
28533
58223
81807
95788
48907
21872
30224
25282
55684
77586
92348
79489
59327
96381
12221
58579
36885
48405
535
30191
29133
44241
64470
90899
10800
64520
60156
19385
54068
49445
80548
12714
51388
36940
49969
23673
23565
8186
44657
82430
55023
14622
46460
79572
76958
65800
87182
98460
4608
84073
28981
64558
48106
19220
29015
96822
7542
93399
30477
82575
86165
81184
27257
99115
10099
12345
3311
19075
50200
91699
33024
26041
14334
63421
78946
86159
48275
89907
69862
18861
93974
99752
45627
18820
23559
21024
79252
74175
8760
96735
14888
87494
70045
89863
35239
6744
601
17589
47218
19323
4124
64742
34997
25185
97656
37440
56967
35588
70207
85039
16374
66059
53210
95437
69118
33655
16810
46883
52101
28220
58324
92783
76255
77122
60435
98352
30906
70622
72486
2742
46548
22017
72302
44943
767
80686
94827
53462
45607
51810
70713
49685
41426
14850
71224
81680
2525
16486
88113
90904
37949
57862
22170
28745
21654
28707
67880
69775
58984
58680
55378
75319
30678
77266
81487
67624
7447
51567
68031
17551
8696
28152
19341
47678
43065
9852
59654
665
74670
15994
47476
75605
87839
28539
8688
50887
38115
79082
83730
25385
94955
60713
70736
7841
69587
46870
3183
61533
78805
6820
85522
3994
69490
82904
76717
92760
33777
98048
9032
42755
64772
24132
18893
12330
81157
55197
80642
25481
73070
12948
88050
1373
22054
15911
3180
21396
45195
11588
68400
41723
67920
21183
97671
29901
62452
78967
13131
72394
47991
73401
34247
56387
60351
67851
35610
23562
63203
20836
10556
82882
58957
83901
79022
66470
20474
44803
5808
60546
43431
29016
21991
1287
87459
92095
69912
10290
41052
78949
29097
83082
61736
27238
35082
6370
15589
86215
25895
94761
30553
46852
60623
37004
84774
54079
43178
27288
54852
48391
20904
92796
6199
93662
44939
98136
32203
74766
4899
48953
6038
35080
87066
43848
66347
1627
37041
59477
3714
75318
20907
70906
71030
76082
27632
6288
41621
76556
80082
58005
47176
41392
77325
46731
82301
8611
17249
9967
22285
65599
52637
87637
76293
71548
20122
95571
5245
22227
47374
38175
21202
6090
2509
29344
11195
44589
2914
64937
65800
4550
11353
99748
44857
52107
10989
52979
94438
33110
86179
91358
15576
26969
10342
86358
71328
36045
65973
87593
4778
26250
17015
66498
19285
16285
96325
37285
16526
63678
63497
71476
10387
4585
65562
37078
55774
70760
33074
87105
18993
43757
14190
50232
71018
28047
96908
13280
2458
71806
38891
52013
45178
50093
89017
34799
82410
93291
23932
25323
23124
40583
96056
48435
32936
42417
33437
11311
92530
79564
10747
27250
44389
38700
48416
94421
40166
24156
24480
58111
18546
52500
14818
71854
31867
18673
68953
40378
95048
72328
74210
26361
46450
74238
76583
85278
65930
48922
14659
7910
99881
11874
59733
61486
8666
16147
36467
56737
58728
18548
51926
41227
95459
61677
79156
24861
65492
23186
93235
96291
13665
72636
96606
62550
96478
63567
85457
32527
45970
80813
47216
89730
1185
66437
36230
92794
91201
78187
29329
49706
37770
56677
49910
80083
53242
5044
14985
62833
40150
670
74162
49890
49378
55536
24036
20098
32711
35316
54453
16583
75209
96421
89768
59116
78051
14844
43407
15425
93123
94946
34408
25274
3447
79098
96725
9794
65123
98181
96558
58632
82218
72070
72156
93381
97465
54518
92508
507
870
80035
27298
79687
10569
82280
55927
16088
64900
70908
55944
13764
4774
54692
94081
32824
77759
46928
39845
35500
10837
56079
74207
24496
26417
86186
68574
8816
17594
78079
89319
89242
7161
34517
18430
96018
12872
37004
93616
7370
68644
2738
13207
60258
40798
67386
27241
68863
28530
55802
11705
20292
91034
67660
15780
28747
18333
60318
84342
37602
82147
88248
68287
7744
64913
28591
97426
89491
340
37153
54321
92937
28719
62826
40228
60098
45534
25589
34663
88033
26511
42140
65368
53858
967
48649
34205
7174
11375
48793
2812
26847
47890
32286
78227
32835
90371
97832
24929
25379
68123
87936
99919
36553
15576
98366
76383
39507
76190
42089
54061
28164
98780
64253
71918
7484
60189
36908
47803
8837
45163
82782
81300
73581
52392
87100
43292
86305
58261
30309
10634
60785
77023
73952
70885
96044
47538
99549
13099
38727
57460
55533
19232
13201
22382
23303
73069
50739
53060
44640
9771
56653
12492
54009
53861
7656
11540
83968
78775
91394
25229
7955
91296
50888
30856
51223
2055
24867
6468
36284
68710
16593
8510
1040
18174
28715
50072
69604
83395
77562
78494
12094
69733
75235
21910
82547
61516
89577
63721
46374
57362
77742
1781
85524
50120
872
25331
95009
19088
2316
74335
79413
11733
44280
20868
10415
43497
75484
44597
49291
34676
49787
4862
89728
76788
18589
30905
69367
40983
46169
25203
23628
70879
89999
21504
23572
65948
50029
33454
34606
93000
86028
14505
34240
13034
72503
26605
74470
96809
34569
52761
56379
75311
43978
89649
3078
66397
37358
14299
70673
40166
84714
29455
50398
92427
6097
49685
99191
39667
24849
72049
4440
78195
25351
17100
57498
40946
27342
47276
3260
71420
26723
38316
2600
1125
99632
29763
99238
3242
71158
32541
1286
8043
38080
95889
6494
79010
70985
78105
98082
44883
55775
17584
43719
68878
81561
33058
34767
39302
91365
44152
42553
26502
12131
81363
6002
48412
45569
80361
89751
81174
70292
10770
65638
66296
46716
32307
93815
40498
33296
94911
38159
73723
99050
48836
79300
3273
3444
60927
16630
62399
83336
36046
74820
45939
74437
9675
53646
75942
57341
1374
84589
66452
40399
13195
9593
13347
98741
38974
36433
85864
98032
7134
89856
62386
40733
3910
43482
22723
19670
46841
57819
16981
46942
77199
9914
97226
31380
2436
1371
2159
96986
27607
86225
93908
61060
43548
23134
91753
75331
78894
38021
42223
43529
68676
19432
58995
42395
30139
19147
55974
20733
29409
96934
83447
60076
93957
8469
24033
60748
94600
41905
15551
78955
96610
76352
81510
89177
31182
56546
80183
46989
66198
90751
37573
13077
55489
27184
41473
75665
54081
62879
76694
48991
52915
9769
45486
10422
5700
79853
1708
8794
4849
19224
18321
73237
33741
72731
57758
80581
31486
3163
63136
36185
70180
28025
62507
87679
59492
50300
71859
14882
4150
31503
24518
36654
62598
11933
59140
28823
41780
52642
42526
70182
55246
4361
67878
94560
72423
24002
19046
27917
43965
14958
53259
64534
6635
77332
21326
46849
84672
57443
58226
30145
39944
65344
41804
69301
78621
11791
52164
16350
96125
78918
64531
21275
25877
84195
65384
10371
66674
29184
27081
41239
24363
68930
2730
74726
69952
61463
54303
77233
16353
57587
34234
78769
58814
1135
50593
48314
23008
57685
78684
57053
13762
20177
32997
82997
98437
86373
22107
19328
93809
1247
25919
93406
78892
18248
12100
7348
13057
87830
49426
11448
40463
65710
98342
11262
16322
61918
52358
74038
33866
41303
87291
21718
64867
52446
86835
26471
1795
80078
55267
48683
5217
4618
39449
4593
13989
11161
56977
38849
46063
68725
12573
58908
82711
95525
81180
59171
68104
16968
16772
77021
35817
93058
16026
36062
2550
55513
11220
20056
94096
89972
26628
82631
10845
35519
92769
19896
33881
11692
93078
30899
2908
31309
67632
76119
62618
58227
29618
14114
21182
50536
45628
3190
7325
59294
91070
43105
38567
5421
54745
94586
30057
14187
16879
20017
42920
45209
82256
43684
12658
16095
75305
60918
22384
54327
28127
13014
57668
87507
22573
91191
58025
18145
1886
50874
48062
84002
46036
15773
95613
81789
38841
76086
64905
27514
66266
53618
25565
55659
18814
92535
7012
20854
56375
12350
26122
73000
52239
62456
85927
91318
19126
42464
23758
86469
71582
24864
14609
95981
72594
58235
99764
91008
4115
93567
37512
48684
7462
93167
25625
65213
92155
38336
7112
29912
33232
62675
49570
28678
25416
97785
39499
59645
46058
92261
78231
86502
39166
92197
78223
27234
27138
29043
8792
57025
79024
53679
48024
3326
30049
73249
22831
86560
2333
41546
20262
65117
7599
1156
87591
5717
71004
52131
60764
52987
91222
40462
31008
54236
81516
92659
95348
36219
95435
96505
87882
97886
67831
69434
24314
41082
74473
45488
15788
74748
14005
89794
10131
1995
52907
70324
86006
74896
94409
16384
14880
5450
89013
43205
75085
32292
6162
61661
66782
30312
91323
3526
14230
53189
22920
77988
67049
68010
42975
97406
59776
62906
36087
39804
70289
94989
27996
2456
96056
60631
46234
90159
47077
69610
91273
40673
86627
65853
44790
73737
24562
95531
28564
15688
31354
72371
61102
2368
33978
83319
23881
48803
16380
98130
42772
70447
64034
4731
93367
78728
58116
68276
57907
17171
88829
20286
28092
42680
66377
74349
16119
37902
89619
6004
81160
21193
94920
82349
53349
45310
10283
9829
92441
80454
18053
3273
40696
47246
28372
12041
44941
93938
60820
84023
99864
3847
24929
30568
76094
90960
2282
6941
35154
52686
94716
33596
44066
56694
62470
72347
81908
64866
46330
38392
51845
39069
1503
28406
86197
2985
32037
60675
92980
22982
57407
54122
49690
28480
75936
58967
44987
80421
76373
70409
40179
32014
23572
89928
84278
8125
54507
72607
75700
37673
58953
77994
5328
69537
89648
38260
1467
41418
70201
85137
63071
60628
27262
59792
40746
87484
82999
43603
81658
15182
22942
4265
86298
19254
11677
511
76448
15621
36439
79098
9407
53130
93621
84690
70718
65524
42179
82068
97845
58065
34587
96062
94148
76724
21821
19550
17167
5480
994
84060
71514
34487
33835
12788
50055
73512
91115
55904
35401
49012
60687
34118
85891
49944
55254
61989
21171
74525
8548
98504
42149
47508
36712
66817
62529
17593
94862
69575
79729
23153
38471
87322
56222
63259
29651
95150
59119
46210
98208
99492
53408
59760
78275
99057
73522
35755
65005
91362
43516
3112
65701
67647
17624
35033
49513
24526
14404
56899
43764
82452
61795
4278
6693
82825
70371
27342
12711
8424
71871
97612
30011
23835
62172
22434
24446
31718
9192
92920
61826
43816
45029
99710
84266
92315
14758
29649
37019
72693
22435
64965
52611
92861
58018
86555
56940
75503
83725
76719
39142
12024
62586
1054
62911
6664
78555
56043
28293
77754
59122
54321
36511
1147
64097
65618
17560
88371
74496
77735
31734
51374
52260
60695
8362
31055
83589
40755
5398
81531
48301
5764
18826
54520
36566
89612
10025
70906
57993
24552
28711
69942
78146
49957
91414
74920
56047
87799
68682
53550
9371
45221
78624
22179
3795
54176
94801
40491
22091
25554
20950
15447
72997
6768
72194
14464
84833
95152
15179
52691
55635
70497
3820
80413
56868
84789
40671
88808
68328
53051
1395
97318
31728
98372
80878
88116
28522
19837
19768
25428
39612
74946
59234
92379
21998
59044
74868
1679
66925
93985
32760
33092
88890
63797
5406
69129
1148
36930
23967
80097
70790
50143
6017
23912
4508
32409
34023
98990
78662
32748
38059
23964
32284
96119
94696
27705
5732
42226
97939
50313
65566
95747
18433
16172
83326
93395
16237
7678
23889
27032
8603
4931
30794
89278
71427
902
65651
84980
50767
79098
8831
79749
25777
55324
37243
76661
15922
29900
98822
25236
98137
49903
39904
6167
90232
17015
21236
7930
66382
20542
44631
63492
80340
11493
5817
6226
84474
21328
55001
22856
94999
30785
11573
16616
52114
64671
91599
42727
83735
31111
52963
18082
40387
69465
89727
57652
65728
35050
66586
47814
51921
16185
20863
73297
58027
38691
76491
79556
11694
61714
51710
5682
57138
56565
24934
41558
46588
33918
22683
3306
13198
14865
62001
87145
26856
71511
78043
79643
16484
11919
36607
54336
16372
11379
76444
16200
75444
67027
26599
74981
15265
28445
38597
21990
86228
29784
15448
42833
27881
4679
56309
13294
300
69494
35125
82285
97701
26296
20810
32045
97351
86584
14573
87588
20518
6730
10347
39529
69241
61133
29862
46044
38065
37004
50260
18581
49131
80757
58892
87162
36729
2192
15810
90692
41309
13480
64431
83154
16325
38819
91205
27899
47043
52196
19597
65689
21426
45356
8731
47535
35890
2520
73409
31545
44825
56805
28318
5641
97425
15798
37197
82630
83931
45723
13371
52927
34423
80216
70568
87531
63746
54487
59550
34874
56498
66968
36202
59530
85571
78497
80882
6617
53043
17164
48947
93998
9436
38153
47453
78731
28447
96957
3638
81876
9880
66724
37077
88834
70056
67551
20936
33697
19635
8616
9581
96818
2985
64579
4482
17487
71033
68506
30843
54540
16076
95466
76229
41661
50941
26019
29521
91213
49245
34913
42869
82803
34425
81331
41358
2355
73893
17662
37916
26850
13283
40356
97630
70166
10546
71941
57077
33936
43578
82132
83976
89078
11288
86908
51761
24421
49042
8655
3826
34351
8336
20754
19373
61295
62086
40528
12469
39702
37038
163
21509
21548
15262
13439
89148
8042
66845
14197
15522
15761
76595
17566
90167
15073
47473
19493
4203
413
1855
77124
14921
96506
74024
56751
45382
99668
55542
93159
66987
42011
34385
49692
96056
69263
26075
40167
36186
61910
67343
96640
78604
61832
15902
23725
62878
57726
84144
52048
61224
23791
62529
8529
92779
4099
82128
55762
58944
67504
66002
44780
25996
58135
54249
71576
24701
99165
52388
9774
50987
68931
66215
40771
52839
20370
24056
5710
62008
84004
53576
77328
27110
94377
61811
60731
34068
41848
38767
97971
19242
96483
3565
77691
75726
87011
62232
23277
29049
87090
54478
97280
41452
65738
59358
71100
36210
52402
61234
69938
53102
94495
77718
13434
31780
34275
4103
71063
82734
20683
19074
39902
12703
3443
75351
2323
17926
10968
10233
30467
56880
94508
99524
88784
4884
7630
44228
92211
59323
66486
67809
30732
94052
88366
72943
48760
4977
20046
57833
39671
86616
752
74907
89336
39287
1623
70938
63962
20284
7672
40555
64296
98400
50839
94029
83264
47332
75192
2384
73132
73635
97871
72621
23449
46006
7191
56737
53229
6010
78696
56160
37035
52804
65426
71057
90595
19830
52238
66473
7988
26739
91622
64775
99185
96112
77367
36355
13305
58235
99724
33914
43247
47777
27869
74070
26730
90346
32784
47922
65560
75654
12198
37016
30108
28420
61158
36350
8850
48213
84222
58442
19790
69446
14029
23002
18523
53660
34474
60416
68445
58104
40359
69158
57449
49370
25012
19264
98244
79880
34153
19275
96166
36268
64154
39785
80553
31621
93401
70376
73689
20448
60434
75571
56160
25337
8804
240
14560
20796
29559
37640
27860
48116
40181
24173
33550
81919
45921
45308
81891
19882
52951
92883
84605
77042
39500
54635
77711
34486
55281
71597
32515
29215
76362
65502
96603
14527
25981
13439
8303
54711
79566
12373
32687
44517
73111
72200
11246
56492
53772
45473
81676
70802
11699
66071
38633
59839
4877
64497
9550
6172
67704
48277
41297
47075
33959
7792
90813
87941
60797
35712
24648
38310
70215
55698
60297
80335
9126
73158
26354
80983
51860
32670
85525
96821
33105
8576
52330
19667
58479
91039
49725
24180
20443
50777
65278
96427
76018
80485
9221
14201
83694
51970
54567
11373
66114
87394
75134
70816
30830
89664
12056
12066
57713
83706
35967
14062
3164
86087
83821
40218
25902
25801
75256
17132
53510
3574
66106
53275
23462
20015
54656
86081
64861
71046
68905
62650
1063
74175
3177
15897
93299
90657
4890
72405
10710
50893
85205
32394
56234
4426
2863
47920
22914
39391
82763
88235
75098
25679
72904
25875
47148
6250
81257
130
27195
65761
22332
11943
47125
69502
96421
55414
22270
87884
43935
13358
7898
15585
30126
21990
12472
89024
94479
46481
42396
62020
82247
25826
16938
61975
78777
5692
91066
82800
61782
7070
59384
12498
36773
43204
95170
83191
69560
17685
23282
27352
28063
61622
5418
27243
77695
3527
78670
47693
7879
92613
70844
257
89536
63880
13570
89092
1517
15465
46457
79683
43407
41998
80504
13009
76088
72101
42775
74186
61947
7659
93679
28125
61384
20966
16030
85010
84409
94473
35769
1057
68044
18261
79967
46879
86441
78834
37318
55132
1761
51129
99398
36909
15295
76398
97182
96888
31540
28707
58644
97774
43818
43851
21056
8317
47315
48802
7394
85493
22278
57695
59238
14649
24583
51196
80166
84020
87865
62791
8681
74991
66285
35634
79546
41748
9529
27725
35621
12222
29083
4104
57127
28260
28321
52969
71030
65979
26208
83634
81507
25735
77578
90149
50095
87303
30577
1062
33470
34757
91098
49263
8655
48587
48784
82139
49530
28245
65226
95282
7554
21915
60271
65441
5270
20870
42580
32715
65541
12404
45795
20897
69648
74517
59922
55755
13704
67612
36337
62395
98774
38345
49508
10499
95678
22951
57404
43625
934
44346
3610
82707
26395
55236
7443
79821
24985
50798
15014
22418
24979
5420
10091
63895
55416
47219
4146
16224
23167
69312
83018
6315
83451
60207
89741
91872
59898
21102
11862
20451
11113
18893
16707
61483
56928
35894
19800
44936
10260
22933
40511
19294
55881
57973
94094
32176
74510
2568
89534
33199
14542
28285
84658
15420
23184
17746
91036
36793
51783
12544
61445
37647
94552
52865
95571
80239
94950
90304
56216
62379
12000
54990
1980
26934
90932
43445
55988
76792
54389
53131
11159
94915
44182
38031
52174
16957
21625
67683
69981
44239
90336
15896
40217
12416
21969
79500
97296
20460
60462
47664
49917
48676
58012
13200
10436
81345
79547
46103
70536
60000
87507
77701
6203
10722
26723
25770
82810
45793
83687
7295
52505
61501
66018
91209
52069
36132
89852
87074
24345
25301
46001
80799
9252
26412
93760
47387
53118
57962
72336
61977
63602
9370
39681
16785
60974
78687
63831
28982
6181
62713
8536
41829
62235
35557
16532
55062
78378
88993
50991
79020
26082
34084
39400
45757
86136
26429
50730
95760
11116
3709
41277
10690
25425
71524
10800
3790
13440
43902
94213
45290
14639
50243
30964
40707
9758
82587
43846
45086
43296
15673
16822
26183
37838
21705
23904
75345
91604
55229
35863
21425
70831
78365
21997
15427
55243
43632
8958
56136
2830
44875
730
59038
34142
11565
94191
47381
518
60418
23214
29442
68583
85792
85721
77376
44345
38242
21718
71391
57888
42891
98113
65879
18406
74738
96568
32292
96600
2518
89768
90782
37818
90868
19619
84437
4309
65258
92344
10493
1581
32320
15905
35569
20108
16290
4304
50238
45462
28935
81765
4258
30222
78124
10182
42529
78687
43115
81087
53147
6992
83758
31443
70638
37069
37858
45972
64234
86640
4992
92679
41036
41015
69367
86714
80929
96775
82740
31961
98060
46102
9733
56637
60557
45030
2472
6343
37448
46509
53539
10979
49736
49212
36451
72778
60339
27701
89526
35242
97135
28616
17764
88018
38883
79101
23783
93888
32429
70961
67862
86037
96443
78589
21662
46976
1796
97472
2522
91439
1322
1350
39580
53628
28001
53705
90281
61213
10364
90054
35830
44333
85497
64982
66665
82456
75798
52093
29889
20970
6580
55918
59917
62777
12741
47357
2660
35879
10077
54745
93394
17822
51923
79475
16736
21817
21138
93571
41795
42752
24660
79909
67471
29312
8538
88330
46048
1041
5458
61477
99559
82555
61780
92369
90712
95656
50191
28031
13290
21288
3446
33369
23938
49843
21688
69340
45796
59745
30979
58673
41655
51454
67097
91159
35388
53713
79700
52841
17853
46928
10949
93584
24336
8273
68294
84478
7640
19095
38315
255
41201
85894
89993
10060
55354
20930
89216
37350
31545
19404
60486
99204
13153
77988
48599
79396
25648
16468
71768
15896
75056
3183
35454
51323
53943
90822
6859
20052
97960
96159
66421
93001
86203
61659
76090
3030
19128
30148
16006
34097
75117
78222
48278
12632
92219
60457
62307
46848
90730
50777
49013
62034
93973
3781
16445
31282
10938
52084
20637
70819
29015
88383
24455
81560
69990
86051
29899
14073
91554
22875
32174
44245
72307
89486
46825
17822
99634
6364
71122
86818
8895
9070
77814
60497
80493
62306
44411
2984
64272
41810
72079
2521
66488
48198
79236
89779
77894
63474
30872
48114
73257
68277
87510
18237
92369
36393
83914
38606
84511
14179
56987
62782
97776
17402
77344
84103
65980
90218
8928
29728
95285
98287
81133
35283
5060
43807
29793
46191
60637
23798
16561
42329
58846
37662
18943
26195
51290
58242
47831
90621
93930
66398
86029
2615
46481
41925
22066
4638
85034
89373
33382
96718
93002
12591
76261
59622
76038
65323
41520
61224
54858
1738
14509
9741
85683
1180
65879
47980
19680
71248
8999
74982
96325
37558
50443
83432
41414
78829
40372
735
18673
96149
8639
94912
49754
9376
36150
81939
30944
93558
61791
3024
75619
12982
23828
48563
50566
77782
85170
48246
19256
41185
81903
55837
27934
88481
10258
64760
54063
15163
52075
64579
40470
11701
98289
34801
68015
30498
13045
43824
60322
66140
11039
93853
46944
96238
17958
54602
7742
51846
40930
33111
79812
4494
6139
29335
72171
80333
14746
5497
58911
81793
37486
34056
49325
58549
80881
47704
91057
80377
57161
10634
39925
64485
82694
61239
70836
11659
86407
39124
56726
96105
75595
85641
137
20225
32635
32501
1273
45212
21900
10245
63277
73749
47766
83101
71457
27168
94268
20127
18273
1491
61095
83798
63270
59116
95957
37569
99677
67370
86586
16589
9403
88942
17557
49081
64653
97208
4569
20489
50680
46439
73225
2817
86071
89974
13635
59455
40641
86708
72583
53678
27196
67871
57746
68812
44392
24688
78831
70826
82178
6095
51819
60888
75063
17498
33197
98648
70757
15240
79687
54997
53813
69654
40068
93988
20078
78397
19158
31370
73768
9999
22696
22295
24670
43093
53244
28058
7440
81416
61767
46857
87112
47302
78322
63663
77788
3989
51484
27418
66669
97643
5565
95682
52759
98092
9817
58440
30197
26843
75056
12263
15336
74764
67514
87429
96854
25634
29486
23223
39757
95178
84350
68102
93505
85052
19012
29185
57016
98804
72442
68416
27057
9020
19271
66579
66212
23435
87452
95338
88683
76510
68907
32128
89827
18472
1616
35248
34294
4208
67586
27032
39231
40076
63753
37726
33582
69678
57192
70542
79952
85478
55397
72529
29546
79292
22480
75108
18925
51112
91530
64510
15795
92951
25240
97480
34235
66367
72664
13417
95261
40578
68358
92979
38832
35940
22943
27943
34592
89962
21789
19341
97284
28162
69824
77319
26465
54282
63455
8051
502
25597
54384
74825
2736
33074
94183
22151
49678
7423
43083
4888
48101
61567
21727
43203
11026
53490
65739
35846
33841
59467
86235
32751
9868
32806
55196
73041
21901
45587
65420
89593
7060
56304
42074
55003
31918
22791
4074
3246
28411
59470
38441
46444
18803
7990
90067
81830
83072
13133
36443
64450
77457
6533
72811
10467
45283
66659
99608
82782
78970
28355
73860
18405
89083
4177
78783
22162
21325
97538
94215
60185
10629
57617
22124
39904
33456
20082
17771
31182
16827
86600
96144
31897
48351
82785
81580
22233
58685
75081
8679
50497
4647
6689
45254
27871
24988
7456
97043
2307
47599
45038
86182
52349
30678
88198
7368
23712
24738
69268
91892
99517
41799
86446
4269
76928
76394
17560
75758
593
9312
117
92048
43629
76453
57081
90029
86091
99868
99066
59869
70173
73360
6430
56772
18887
41140
22940
74574
11747
66504
58163
91376
57663
27603
34666
20802
18476
6539
28365
62862
64756
4812
32633
19202
75137
46949
11639
62376
1385
93507
62131
87433
53873
57878
92984
60182
45955
75132
48181
65428
60924
165
40877
68946
87303
31613
22140
12399
47645
82852
55650
25054
18265
93509
32736
58344
31918
88032
80453
8702
23028
95201
53195
57200
19600
50844
83206
77958
5186
63298
22031
49268
24841
15105
7736
83673
55450
65771
16319
86017
42464
97775
40736
32824
87326
37498
86259
36708
96491
34825
86950
45941
86386
18722
85559
82045
97487
85756
97601
25337
57757
82238
56311
40086
51288
72705
29760
13967
73397
77460
64971
15535
18516
45798
14186
51471
49148
55784
45642
30004
39671
98227
32928
34429
5820
76385
19887
27285
1451
15379
29907
21585
92281
87533
93466
64155
1674
65729
95545
76081
94555
83193
28265
4769
95057
5995
58544
10587
37850
19446
38759
40104
86422
59857
51420
12844
60027
61023
2843
94316
33541
41908
69858
55008
48511
81548
83309
97147
23270
33738
82752
33086
50626
7074
18723
52755
3727
77126
99846
27058
987
35351
69034
21964
11426
25261
26745
32834
62187
584
71235
37072
62695
36454
73403
99596
31756
39782
74481
14854
66715
72710
61952
33517
95050
58830
36145
60802
34862
75472
22646
57059
91526
59133
14548
84062
31812
23490
81849
6349
68883
75641
94755
71660
95171
34057
15586
47198
62500
9934
95158
67399
28978
40218
22142
39972
11694
9014
5951
49016
71989
69621
71146
70213
23291
66810
72245
62009
18513
33972
73708
2306
53267
87468
45371
51368
86659
53409
63921
53436
72050
38232
89617
3439
74592
28735
70977
1930
9554
88837
95814
23774
56728
53310
1995
98135
14480
96026
66229
27704
34365
39713
7753
80622
26417
21228
46504
9104
37196
47738
85324
92950
3796
17639
7467
78704
3987
88097
48083
36974
23782
33245
31160
14867
1859
60023
7933
13813
34478
95370
14524
17173
85359
58870
66321
3421
97807
75053
62590
21153
67271
13154
4522
79621
7070
51151
23591
271
32435
20597
62480
27682
6616
57150
31441
33070
36237
31955
55885
19618
74408
76554
5590
24932
97156
76635
38672
70945
15260
12753
86366
11138
20683
75274
63051
55330
33168
996
60970
16951
5671
85391
44299
14270
43440
70111
48220
30059
28043
8384
88699
41604
37597
11326
74341
33199
37694
53505
71942
98562
71174
10981
25840
4712
13468
1108
5902
68818
29344
6971
69340
55014
70974
78495
87549
74044
7238
30946
53625
26689
83481
60257
3650
28467
98889
89829
54005
11799
56337
20212
18562
30173
44319
75596
32203
56797
51503
20429
75128
27145
74757
80242
88047
81924
72039
64760
34927
1235
83431
69690
2653
16895
92964
99242
5914
66645
43071
85474
23050
48740
38750
41311
55528
69194
38451
60250
77846
78689
12299
97399
63109
21256
60837
93271
67700
92429
3513
23323
89341
59527
21522
33088
9834
76342
68812
90980
59744
48215
49508
18888
20027
44490
57149
62082
31874
40065
18145
10530
35542
20396
50505
62520
65029
37311
92542
68953
86678
57488
13461
99776
9577
86868
3441
41045
62951
57801
31399
2493
95028
65802
84053
48007
71871
21527
35149
29194
5968
41254
48068
89266
65954
10592
67727
51314
25255
66163
17003
48978
36909
26293
51836
46122
74668
62944
48303
14663
660
62545
48283
50731
17434
51944
80231
22208
17135
50776
73344
40721
20240
3431
77896
18781
23100
84770
11687
29990
56113
7293
44190
62392
87594
80299
59551
80158
89694
21213
62743
6459
17233
30394
64914
82834
17496
81842
42911
25693
34351
28327
91209
21057
18788
96627
3187
33975
61290
53677
28924
80118
35972
36467
48853
59643
19562
73244
20752
50863
14943
66552
53877
62123
76658
52988
64753
81740
22330
64369
16942
45108
74636
74111
66507
37144
78916
72285
49837
471
10586
65518
62201
45929
85913
98964
93054
47715
57006
19711
21268
96443
16241
91902
58370
9275
38786
55621
65133
34430
85384
15789
70782
70880
3059
41099
3862
44551
69603
26011
70708
78816
15779
36192
53081
20760
12701
85870
66777
81095
37666
12898
62811
74399
45800
65298
48622
68714
11652
83850
13502
72109
52078
29112
56298
79065
86448
2706
60136
52180
53635
84168
74352
80169
25986
87326
56975
14482
60246
95813
26355
19288
97246
83228
61660
13273
39680
46846
70917
93159
27660
74503
10888
70857
87017
60481
30439
19897
42560
9385
35293
42037
37363
54718
2360
56277
87483
6163
61092
56538
34765
84186
79965
3263
29033
92145
61947
74250
9398
67805
79672
40904
39738
78651
80815
64918
4874
60154
3347
40552
44237
92725
36152
73227
22993
16066
30830
42759
87493
37080
89868
76107
62338
92918
46551
73931
92776
76140
25047
48832
25925
65584
40324
73829
55033
99368
10926
22830
83679
91308
97104
45003
42970
44718
86579
79436
23442
24415
9646
91318
39460
52265
26031
84125
99175
92646
17366
70281
61537
71521
91110
16168
9799
55488
17024
42444
83429
78877
70998
84943
30309
85355
75522
13545
28620
45655
7521
66158
31813
20530
84077
26232
19156
29869
88409
43090
77518
10352
95635
53852
83355
50572
86457
13498
7174
61205
37436
50196
37943
98643
33101
27671
80436
81616
18199
1362
56010
15985
8808
7313
35245
98971
86845
90954
72206
53154
42225
64958
70204
23465
81218
90047
41207
59828
69643
63753
62829
43523
42766
901
59813
13773
67461
10120
88658
2011
23300
49008
44770
84912
93904
5170
71078
39334
99285
29830
21453
25952
38118
35664
75892
60990
20545
64333
46057
84440
48193
42637
56325
59376
88265
93078
8057
63364
8067
76895
11057
93316
84334
54597
9968
63196
5388
69866
97448
36238
57087
3946
79735
38842
45471
51833
63637
47817
72912
2616
84735
76273
98079
40861
71566
28569
89644
3029
8676
26440
26295
78387
44421
75090
5389
61038
88769
44098
38788
91490
95281
11247
9596
73299
24962
20204
37200
15008
2647
92845
17186
99477
35777
55402
38471
1330
49556
29387
38239
80323
68701
83363
83449
79287
6774
85047
32812
8366
79641
5328
94523
18387
47478
12094
13090
74406
1625
18461
38767
36503
10448
24760
51580
92529
10603
55210
61362
18004
56561
68620
85665
62514
61629
23861
39
98655
86125
64952
93722
96954
73482
32542
82838
16809
38100
70788
28545
46557
53575
14864
13141
50907
94944
90535
82255
15943
58955
29062
30508
84972
67222
61310
90566
11860
74003
15872
67678
31444
66336
61063
72170
31755
24592
22437
57190
66916
62297
94364
53660
27926
59023
61005
31415
7586
52182
4168
96575
25440
51952
91409
15566
63327
73779
17388
67982
55276
1131
89415
40437
58496
61142
31169
16923
63510
92759
45994
23605
68728
82863
95483
67717
20304
1349
77786
45293
7163
81323
61025
40181
77707
79892
91385
545
43265
66433
5570
74366
73124
82326
61497
7782
83371
60456
78020
9052
78622
11824
82394
46821
98260
69028
72579
28500
33290
46899
23976
34133
41014
36311
53379
60958
90285
63816
44035
19633
12145
1965
69587
23793
13510
77304
13522
37012
28141
89010
71657
84032
2559
22963
3311
69688
80660
54168
63197
14927
80929
12606
95882
77499
99956
13905
53437
6501
77374
15203
17722
50850
73022
75367
57375
44479
31550
76271
96037
88456
42503
28499
17243
22230
63369
3289
95439
72084
56795
45156
66380
22383
61291
10625
94838
27429
93680
31038
54242
63120
56471
76794
47748
16379
77463
39426
80912
16091
75178
73881
81794
55074
91015
38675
83637
68380
16024
80359
15474
83101
41561
79008
64522
65259
67339
10621
94963
33105
51893
48823
98604
73098
80865
59916
99855
27402
59718
47081
5989
60066
2572
524
63179
92313
68377
22745
68141
14873
77211
95376
65239
43593
78809
76514
17063
83157
24936
95676
1742
32793
54116
45047
97532
69775
66204
56372
28509
75503
32417
11851
23739
40056
70843
58477
86877
3551
93902
81524
61778
96690
23899
4605
52694
68893
70006
97757
8232
87814
38755
60735
78688
66370
37952
24809
14313
85695
23447
52024
38223
63046
32446
72968
88255
57175
68604
67277
744
73525
13573
16480
53585
97867
88509
11733
68079
87618
450
60320
74062
4866
5962
57799
58014
39130
67964
45713
13894
85343
4117
10045
59373
89047
42039
14064
56943
59854
50250
86195
71894
32426
38468
16892
49779
80686
94867
93935
332
31994
47813
75095
11075
9927
6951
11999
36738
11676
42175
22208
981
29624
67023
66085
19576
74672
20950
53766
43235
58030
15845
52701
18974
10187
28033
1509
34272
99415
98492
37448
7450
37169
67489
72549
83866
57637
38053
51392
78009
56669
12804
1019
85117
42173
77313
81359
8696
22714
31890
64380
53911
61528
62270
17783
65339
94193
4285
42678
59477
68015
96222
57231
45323
44804
90672
20192
571
42781
35322
72962
28427
60206
40456
52444
79473
93968
88892
5739
55709
99083
39471
65163
54221
33008
7902
48887
80855
121
83597
90418
37472
34608
1714
91976
72275
32650
24709
96313
96457
51093
76669
19419
9784
43567
88868
18004
53605
5346
85252
52560
39123
40383
87952
13144
55515
18274
24268
1439
25425
34246
49188
70643
83908
37199
30109
68576
87671
77538
44291
32994
65219
58592
94646
10217
84483
50487
4253
34423
69079
4045
48141
61377
30827
42897
71335
65586
34312
34717
45179
34715
72900
16222
16517
40836
53094
12349
87993
42607
60180
5920
76698
69908
17244
62410
17266
74402
914
69019
74420
22314
77078
3940
27657
15684
98840
71979
70279
13939
24582
47252
47788
71124
85499
12424
2639
89882
88577
29336
74510
7286
75275
70213
69391
497
93731
30321
22383
83855
47067
38715
21680
66147
56120
99833
97594
39278
83750
89392
34743
33529
79889
38712
63295
53057
86627
87704
84270
56382
86012
11747
38880
23890
43476
69536
43497
63607
80364
31619
39701
60261
6924
75547
58320
45819
12129
18595
33482
9666
84526
57872
99016
79502
40493
23227
37671
43550
5257
77151
18250
6103
31409
8038
11314
81795
45929
22225
18123
70766
44798
88
95797
90780
19201
39393
60092
13213
47561
21928
64894
49422
32037
92878
50598
49742
68799
63283
3224
76796
72424
76610
1409
37390
46579
5488
70844
25697
81317
32946
61895
23653
7076
60690
55123
75384
47808
26184
52237
71087
80633
19782
24444
21710
69184
74778
90069
66460
61293
68509
25124
23765
50295
75896
62968
5772
28974
53217
61131
46775
84471
65721
68726
8413
27881
47739
22613
72044
88521
46021
81182
3896
63253
54726
46643
78215
99610
46703
41537
74059
7499
7437
77570
46365
28089
75853
92820
66744
38522
84220
78873
62975
1117
38768
61964
8139
93705
29014
94390
36945
259
43817
17626
89791
76207
34898
9062
76187
14564
36999
43723
70242
81163
22883
81897
59327
3917
84328
70625
22109
84286
92248
4286
53320
73667
4563
67974
53147
27926
51215
55980
20667
93309
84713
15884
30241
92551
14147
30184
5282
59815
10172
97957
53359
77973
46723
21275
9222
46319
52139
89950
3286
46028
50017
75871
70047
61750
30179
43494
87227
18055
53652
73937
8163
74198
5384
9111
39781
66135
81164
83164
63939
47299
38871
66043
36362
10930
14261
76863
74948
37391
99891
64245
43651
57237
30133
93113
31212
67511
58131
77124
29742
28310
23958
29550
45460
53113
80660
76193
12325
95978
99036
6788
59605
13725
4864
65102
19834
82360
53678
33111
49063
49556
24310
78039
21900
99076
12629
17974
18048
10749
7554
51501
80926
38846
26956
60556
80336
49861
18313
57382
6792
32875
53752
35387
68177
64102
67701
18341
60164
85834
67123
58405
30309
42242
71093
89209
55085
46654
91549
72469
23644
27485
90700
49312
25042
4370
54528
17144
59305
59641
59440
82725
66652
78582
23806
71844
25664
73679
70939
12918
20102
77829
70162
41342
50807
18240
31384
12999
95934
10748
49257
48860
56478
78217
48203
7271
16720
16983
53303
63795
73987
52761
82406
85460
76948
74615
8984
58959
74291
9454
50492
96055
34401
52804
78860
38193
70475
63489
12405
11514
23221
42482
52501
58818
30976
84766
71339
49260
16954
60099
63497
38989
24847
45806
59482
56933
44910
80764
29019
74455
88130
83061
53804
19921
10442
67142
29658
44709
79005
18909
96981
34621
75847
9997
49790
90028
13761
50611
11848
91765
24404
51951
54522
68308
11356
67682
17024
29254
79915
22742
33708
46394
60711
53233
39100
76501
21772
83980
85072
82447
23974
79526
22652
5613
50474
58111
81585
99189
32342
71609
48187
65296
25803
47205
98424
78875
85600
98524
39068
4548
41681
29087
73767
72447
86062
90863
56050
43372
46925
44184
15515
1855
51543
12541
9536
56796
31141
73695
75031
37538
89490
35304
75789
98804
40387
15225
32150
85244
215
23192
37743
78923
26724
60480
90824
17809
55618
12830
24403
84414
73077
94175
87249
69079
18259
21298
63354
42396
27808
21574
92785
87283
54220
92551
21152
51591
8340
24562
4125
42681
57001
75969
6189
96018
95966
58282
52142
39258
60769
50906
86791
59078
17426
82892
20666
40052
45322
39121
68288
40856
51992
55773
25151
2831
70817
40006
65652
29412
5120
88151
91346
11953
25735
19221
10246
35217
19145
87648
24782
31015
34669
44128
87830
31843
91329
63495
47929
1779
19602
94130
13304
81604
108
30742
19373
34759
32773
12645
31086
30107
19383
82914
23525
34305
98762
91225
42907
61726
63272
72860
27891
27744
63599
77571
32442
62663
470
69923
52098
25936
67137
97199
18478
76748
71073
71516
45891
17455
36878
84840
75119
52172
59490
95784
23176
11570
10719
12366
26597
22896
206
72142
13769
42449
33107
20079
52547
75881
98948
46439
2569
2007
9659
81724
90470
56355
67365
39794
56006
70832
62597
30582
57929
98450
43764
56257
11614
54908
73022
98629
15882
40510
91716
25579
93857
83056
60895
85718
45638
33143
99669
60781
36026
704
16191
92926
39991
6385
48777
84896
89205
17620
44337
34481
29036
20278
51586
30582
47880
6855
98592
80131
22727
56512
27013
52757
77565
7789
31344
49800
71745
6201
59709
62494
98483
98671
50337
30927
3548
91444
29626
23182
64705
15396
68753
92410
33122
27855
71236
94942
31830
19674
59730
45332
90807
1084
89666
58004
85236
5428
72035
53995
2162
38000
37454
21531
81583
60471
52779
690
28010
33290
55334
13207
86678
9526
65517
31808
71208
52579
26865
94045
94938
45938
44076
85291
54834
26602
12525
46401
41491
82843
80286
24997
3488
39293
10174
68284
50338
11855
3587
63162
85900
84351
49735
60584
23549
66670
8057
80363
84574
43993
6421
36862
72803
98887
30018
59251
9125
9198
89002
19157
77779
4324
92563
49218
30978
16216
34820
84032
60199
74218
8854
40535
30192
75884
34334
18816
43691
96524
63381
65063
85821
45851
11318
28491
68163
83919
94046
23341
88380
37662
37557
39446
21143
81907
30642
32857
42502
34312
53444
21433
54460
88609
53417
48663
61470
41494
37304
1484
11956
60897
21724
5747
79608
40513
37346
590
30833
6295
19590
2875
42245
46465
78935
37258
18026
14409
40828
13879
1392
54384
61675
89877
95815
76061
33755
29687
25099
17700
7553
29147
16020
82230
1224
2100
95324
51460
84251
42905
20244
25247
19976
8536
12560
30034
21314
32372
1856
37308
97046
21797
40114
40398
94278
9286
36530
75116
13442
59359
14630
65009
76288
24364
82774
26582
31568
85297
78079
93639
29651
80612
76820
17231
94398
48586
26351
48332
99172
71982
13786
51550
12781
77166
21951
2078
25266
54926
47269
73102
35906
14991
97058
7392
60153
46780
17104
68415
81802
10883
96209
86818
8599
84183
56440
19286
52941
14875
14536
63187
11301
88061
28862
18356
21522
92483
25465
26447
94040
10467
55850
65903
71236
68414
48110
15705
88614
15868
52609
26420
19314
60954
13019
48084
39716
88182
81406
17714
62545
53418
82010
41056
14951
51356
5291
27686
46791
3586
7473
67388
98862
92354
52571
75682
62419
40055
39017
57062
17835
48620
57023
42770
25085
17527
92106
4152
28613
67638
36781
28253
87208
44965
35077
2550
74068
57801
35718
30788
37254
39795
11674
60324
71524
66364
98014
85110
1890
6279
63596
9183
94688
79871
24070
9154
2900
59168
13413
33112
81439
9997
97993
71173
19610
94240
27109
69960
54275
86234
5184
94929
34461
20346
89234
7446
9122
94438
74850
6987
2998
54481
79862
42391
97965
39623
64788
30818
78199
40155
7800
49832
11508
56878
39456
68389
14672
67108
66830
76547
65728
97646
59991
35856
29516
13527
40985
61789
59579
86542
83686
20883
26601
72429
47032
18334
98685
10828
26019
23068
78826
9134
4954
52975
52416
80513
77880
39476
62278
43756
81449
32016
96312
99446
59274
61725
85143
61759
45502
59859
24972
7562
47557
75933
50735
18485
9871
90435
98800
1299
33241
63218
62815
13761
56217
88520
63746
21902
53632
94766
30204
31708
18033
39333
71066
21133
63503
17114
15690
4564
43766
68567
51608
70860
25368
6416
65627
16784
51781
92720
4707
12960
45083
45927
47247
4443
11634
47610
91400
42247
27763
66856
41066
27233
14587
82232
80703
25124
39740
66921
49410
86120
40259
94015
64497
87508
49658
95013
80986
53149
89673
31948
36054
92308
16092
58074
24220
14066
78941
9633
43844
69964
57923
91877
79601
23754
764
1830
72674
56957
65740
58995
21441
51721
32977
16188
78756
98282
34140
15782
75876
60293
92980
40233
28187
57182
86060
22910
59306
10985
98448
19790
9383
31211
61975
13407
39107
48906
78550
94181
11582
80339
26281
18642
24230
60104
76004
65885
41158
76729
37346
9718
53156
52779
85331
8259
22258
8833
92704
43555
87342
53773
76973
98535
14190
5708
82036
73065
43890
13236
89241
10921
80993
58060
55460
85126
53817
90659
36784
80212
52708
62729
15671
99163
10845
75295
54704
9766
38621
5071
93409
6412
39888
41903
50014
66422
11900
44037
57917
83828
39094
98717
30146
84472
51696
59521
94320
86132
14648
43496
17792
67793
96567
26965
84163
19470
55826
37238
93990
20588
56584
80354
20074
23959
50120
54762
39080
525
4262
77980
9204
34246
13469
62743
52820
22942
45681
56790
93214
25296
20370
387
11980
76952
2294
8935
75932
6014
77837
85419
36255
43122
78758
49722
64176
50917
47450
76432
20040
80511
52011
53011
65169
13996
35414
98148
78584
96551
51355
24824
79470
57827
56980
67204
40233
43397
63491
37278
74424
34288
16079
17375
91691
45567
14624
87567
60249
28796
1257
63295
87663
10592
64671
73374
90723
94873
46957
29491
46028
83244
51263
32071
26858
1510
79046
66259
92650
84540
5155
1829
24396
98961
50501
98279
99262
47281
4552
12193
71799
4966
81136
83085
74121
7362
42409
88054
41379
73293
88941
78640
42465
81771
88935
54733
28751
85531
46955
46292
24695
68912
59351
83830
23613
12486
37331
59572
58998
2185
4019
94516
66533
17615
67642
94816
53511
28123
76444
1557
2948
426
26826
53746
87517
56220
33256
60632
35326
56473
66605
22174
10055
18127
19175
64041
85402
77249
91212
60808
55505
41036
92256
27185
5121
14987
63516
62053
5483
7464
89485
78287
99982
84599
30637
34928
47274
95022
61791
36007
56885
41654
22047
93758
31768
20770
4615
70653
4524
23294
89019
45585
56941
15667
29636
28732
25930
31150
97892
50275
48490
63166
57050
10208
5178
35930
3993
86986
98114
44995
70717
62696
13571
45020
85991
15939
98793
28969
74964
91843
17866
25973
39434
10224
67378
55676
70937
57058
97633
58496
35666
24208
33571
42670
76003
7818
41250
51957
82308
38400
8313
56713
86105
41323
7213
47341
57505
8649
85021
39127
29196
62251
34151
67559
98483
24941
23156
20388
82768
43233
35944
44697
29753
66908
84925
161
739
49862
80976
39747
53790
49776
53193
63704
87735
1736
39412
1679
44658
90896
59502
11270
99076
72952
68966
55318
53176
67919
78386
19734
82710
56202
45114
67004
78889
44066
11911
64329
97180
21737
99671
42255
17512
89414
4302
24192
25089
50527
56143
13352
77400
13160
89070
23055
18919
66117
84636
57137
53674
78289
69388
70364
22536
55415
34048
25396
96487
88259
6392
83727
22164
27488
63595
16811
12251
61822
87692
96155
11357
22651
59339
31427
26249
51002
33963
60924
20878
19668
30563
43435
25943
29348
97985
96030
79121
20830
84493
89051
70919
16935
68660
87002
69914
26744
37759
74760
42110
92834
24996
71435
62237
52970
7333
31195
18366
81656
76302
14135
33543
66263
78152
6334
19301
90497
36495
19873
97178
88675
26819
97118
81284
41813
24208
65737
76626
49819
50554
75206
73928
80496
41556
96346
48550
68876
91917
13929
26727
19439
35378
29755
29896
90842
51173
44156
64531
9780
52149
91659
62813
27851
4941
83615
31053
22289
63698
29999
32266
11214
60438
69732
92800
36919
97172
86295
10619
98837
98116
70994
23696
51888
2447
39103
85115
69441
45012
99267
74547
92307
13675
89859
29178
12529
32523
5990
27896
67817
71243
78386
78707
53736
43253
45423
78708
77150
59377
54121
98702
58224
78340
16255
5250
50248
23219
4016
32245
54353
37515
52366
4298
4827
75273
93958
71574
60691
62580
60224
31167
90081
46760
53263
35378
33814
73329
34679
84254
72706
58766
90652
82877
71373
80483
76041
79890
48534
65785
87578
68331
54628
7372
30840
75062
92205
82440
58226
80931
6127
57116
93874
35237
89061
48490
85563
94983
34063
52997
52078
1340
75636
56591
33375
69317
33104
62637
36578
98864
41451
15805
49146
53564
54294
95327
7446
93918
93131
7652
77347
64660
91714
92570
65473
41387
82653
25532
60351
84400
32323
69890
76617
25520
46476
89406
7622
91443
90841
42088
59840
72330
49251
86264
34505
70559
16225
3320
63116
27263
65149
87401
71008
53547
30472
95340
72344
49963
77302
8988
2455
4634
44869
59576
79585
57190
38623
71488
30121
34061
97346
40450
9330
15212
98329
36172
98666
29737
30738
61945
57331
54428
55619
74117
93466
92453
76772
11346
56171
58393
17551
18238
36363
25059
80640
63184
53702
21229
89562
31127
78452
62419
73059
32153
10622
85063
9656
15092
42315
2389
17544
31745
68345
10528
67329
40623
37933
91759
49875
59082
47969
31372
26691
32981
4365
38620
36335
7421
12463
15875
22043
88144
73579
42786
6014
64072
99848
73757
82857
53179
77410
11872
35216
58397
54279
3091
84502
37542
86581
74010
23911
86985
71215
89747
37969
49396
8934
63512
70337
93097
72782
3601
40927
13946
31155
26680
61977
93821
72426
6636
14671
34277
24944
93786
47362
43344
43799
7665
77070
86886
43602
35233
39762
44412
39479
74681
76996
43950
19415
86001
42018
75889
69862
50725
37929
94308
76703
91807
89096
17363
36473
34809
78520
72795
26396
89684
79624
17155
91259
16920
76359
28663
61515
34539
52383
53787
34169
72118
94931
90211
58208
41443
91072
99120
5020
25861
93421
24150
48056
74737
40693
14754
34087
5540
45513
61549
45738
80555
76449
45724
92997
41127
77896
51215
45547
13965
24904
16339
22558
69407
4568
12289
93977
45920
94963
14653
12580
41348
27586
69525
47698
24674
51662
5380
26020
71144
38809
54524
62019
48264
85520
58967
36147
83287
15948
75830
23043
34410
50019
46384
80191
34314
8242
42687
10090
66112
10184
18951
18737
92329
96599
22514
18326
92224
74929
8069
79204
44828
64942
48634
7893
22088
21238
59014
98425
9525
79199
64378
43044
54483
84410
1701
81496
27624
25541
59373
58732
32458
22791
65905
53662
40089
57636
68571
82844
49240
22781
74029
96513
84834
58123
98738
9445
23544
66079
33812
2631
42982
99265
48920
44950
34609
20210
31215
16916
95406
97101
61674
20530
78914
61760
1408
24066
61877
69778
52277
35468
75973
14819
29984
86504
30105
15198
94757
51863
9388
98156
37847
47002
26232
94249
96795
70506
85188
57553
34216
63810
14451
41927
43416
65752
80637
76102
98472
24230
46236
36019
6715
24425
56654
36883
96932
18767
60260
89149
11902
66261
55522
34562
14425
37115
48022
32591
98937
63935
25507
29574
57306
69173
49361
6402
20687
4535
90266
33039
76
97164
16401
45971
9191
31091
35357
45147
60974
91172
76258
49213
36486
71241
67268
66809
61206
13893
81234
79608
13362
80688
34083
14423
12488
4077
97681
11918
98544
34849
41796
1877
56790
10877
52558
93440
85691
9884
43438
5681
65282
24148
92852
74656
13632
79363
55033
8109
84144
54328
14308
35335
38193
79548
38237
91708
67379
17786
19126
1685
20126
61744
60349
47969
33037
34988
95509
13323
4149
75787
75663
31485
44676
68669
47439
20203
17215
59098
36724
15794
53021
33003
63331
9035
74065
95923
78211
23110
10567
17883
93653
67525
8865
82897
88500
69392
88385
43614
65471
12147
50525
29807
9749
5558
29172
2558
12383
5368
98904
27833
25447
85433
73818
85992
77469
63990
181
28705
43116
99758
13817
48904
47935
63576
80745
44467
30475
90383
52878
34497
96730
19713
8886
95675
27274
88977
63833
80833
8689
14410
95355
41348
51001
75973
79297
58909
11033
47121
4522
73640
33819
4405
58465
53300
54960
81006
61154
79592
93617
14147
62688
69629
29625
57408
40173
51844
87830
40892
31872
65814
95632
97829
87052
277
28326
54914
82699
60905
84377
18795
25089
8039
5226
61309
80355
14195
44174
32932
49288
86061
1613
53798
85512
795
12607
44631
37464
88907
67148
20547
58943
20549
23915
1250
2163
56352
89821
81394
61398
91715
65599
63538
65713
36953
69675
73986
83147
90729
78518
7024
7552
86192
87434
69664
96223
52622
32804
56247
62923
46782
23710
71972
5040
60103
41677
37216
23634
3772
13342
92202
40855
22615
76177
53843
74636
76756
69373
71388
45012
60527
83249
76822
91975
28568
70734
89315
29225
35383
16305
30141
73178
15407
28924
80831
14848
37578
3450
48011
36331
46294
56562
71668
12309
20934
94293
42775
81162
83688
34548
6303
16053
99637
71174
79663
86880
88715
92444
66144
2799
48941
27664
67091
88850
95172
66103
18756
77221
63504
17687
27432
54181
10729
15763
71911
43018
59577
88431
64660
63905
77538
42228
12299
20639
87003
38711
11414
63386
88514
80725
88816
72236
34647
28550
28377
86250
77520
73579
23362
13302
84951
5039
39450
92706
14685
75371
21846
22383
36837
95018
47468
1606
93326
89466
94584
51293
33384
35225
23978
31423
83437
40478
16078
54817
72559
59358
4102
22163
65810
13111
9627
51359
63918
43818
82565
88420
96347
4718
16878
19260
2001
99820
78048
90794
96137
81212
23283
33692
51511
6825
60559
54611
23802
55967
26904
20477
58886
32917
74336
17939
96746
45185
49389
15854
22078
70596
42302
30823
76789
32100
26907
15350
13243
31821
22708
6520
5297
73716
17119
5491
96065
93877
99585
48419
71737
13436
3715
88497
87555
58177
49185
77967
30718
71080
11365
89234
32519
50019
7628
84574
16678
78973
13320
80954
55446
14896
55595
13171
69200
42401
61356
50692
20274
39722
65005
19855
92285
91585
62154
90938
43171
87447
71851
90524
10666
79452
5015
67998
90746
11283
43080
38407
67767
44734
6196
84579
4068
27233
9743
6643
72801
20707
57538
97642
58531
32125
14527
50707
37505
2102
76452
65140
42985
48166
49229
27964
38924
2825
2218
2460
26046
37133
2092
78220
34818
66787
66176
39475
40343
95896
69957
77588
85485
99442
34326
83629
57639
29606
10545
74379
61580
67635
66797
60312
72576
42289
27435
26066
73948
45136
56691
68505
24185
30046
58717
9839
9747
87431
92850
62854
48871
90365
62489
51473
28726
84861
77359
47441
27615
87237
19788
96121
11292
13803
41140
95947
83817
94403
12266
28131
4516
98693
18900
62770
39901
96159
55653
51258
39679
79292
74841
72631
75646
42793
80417
89036
41890
54873
19855
67251
59843
48793
8387
34403
30477
36689
19551
67496
95939
56692
95666
54767
8215
80108
20272
91949
98801
97499
14840
1368
22964
81356
95567
76460
99550
41146
64480
17827
19331
80308
25180
42794
43418
26506
26565
92519
54435
88364
1848
85453
86127
43861
28714
51971
82044
79112
92482
67101
45726
65450
5633
36909
31937
519
85054
17684
83765
98746
27478
73271
46935
39135
41799
8664
40018
68212
8579
72190
14321
37861
59544
95505
74529
17494
88298
17173
15803
55482
139
82210
4226
74202
6005
93631
92503
6857
7339
96470
27887
61050
65297
32431
92519
2959
72078
58180
8753
10410
35699
8806
23944
47204
85633
31007
98495
70329
27581
76172
88183
64517
36766
55872
95544
75699
47875
78237
56747
16591
32276
64860
42362
47138
69379
17922
21517
5034
36156
24749
40101
31326
49190
34697
72122
29192
2390
86170
19849
38515
31781
79833
5183
75375
87282
28533
2053
48330
99339
84936
18725
91592
57798
28717
34812
58443
80639
12707
65660
75031
3640
23022
16919
38247
95258
73448
38183
75453
29742
63775
4009
60105
90309
65047
36345
35079
18082
87357
3957
71567
36052
35468
37934
35238
4210
86527
25967
59701
11162
7371
91465
98712
29134
65199
74681
85460
44516
82323
59589
10758
86481
21718
70721
20098
8706
61757
26885
99500
47391
24656
34461
98030
48024
69316
10477
8917
50456
54392
98559
43547
59533
81121
22662
63560
6447
69674
15593
4045
49735
39698
30245
74375
41391
80462
43810
13594
17269
93809
30132
53769
56673
90991
21655
30208
63737
35503
7304
32969
4378
96956
52660
74809
84915
40093
42448
62366
44652
83436
59604
9558
46811
84785
69708
85478
60419
61078
2361
99950
83505
89931
4974
49206
76503
26672
45129
13079
60299
33701
96742
13103
23501
53106
71489
32167
8736
66679
82129
24482
18540
31333
88862
77961
73770
44502
16012
22181
93322
69642
90477
28561
46538
26746
10815
73174
41143
44724
65383
57374
47729
9457
99748
96397
43492
38197
58495
26897
65998
85800
86547
16456
33774
99909
73488
35564
27637
46998
68900
87257
4524
65103
18924
29986
10241
85248
64537
45385
1489
33222
5550
87963
14205
88072
84901
18965
67850
6498
80977
39370
63239
76711
29132
89090
83244
33726
19327
578
45839
8615
84811
64455
59174
69519
41192
23316
50344
26406
60755
31548
7987
18760
29178
43594
44781
25111
24856
64595
17577
25442
10746
41585
65519
5748
24203
78182
66474
33649
10945
42278
722
74775
13065
97660
17727
53692
12477
15672
32672
26778
64090
30581
76017
80213
18803
227
13709
57264
2560
13824
33600
99679
2834
38956
29625
7047
34162
33343
45864
89850
58451
49387
87690
17658
26748
94796
91334
16915
26794
20744
50858
92098
97262
3943
79339
8414
58064
31346
14943
7530
98780
69091
6180
77244
37207
48504
8024
17129
49084
34850
73572
21582
73954
85478
61524
84760
38186
57284
82543
11713
49072
41980
84143
91205
30456
58052
40847
15646
7782
30212
1075
15777
95156
84738
86634
92464
12652
86740
28612
41627
96904
76676
79110
96579
19704
18541
61429
82966
8644
48739
79568
45100
63957
92581
51342
79645
54614
26400
99842
96829
43328
37215
86366
88052
1023
29456
52861
24383
38826
5021
70219
79810
55488
92678
20737
30065
3033
24539
59929
11451
92351
35946
31926
14041
4318
4961
66648
17761
19780
36214
46124
3395
22541
93757
44454
79476
12220
24055
75997
67928
62374
93248
28348
69585
35818
38494
44643
10421
35597
78825
98972
32401
13703
70983
66339
44143
55885
11451
50491
94581
78796
86915
62918
99808
12846
89273
81980
23135
40365
34102
37532
30583
29292
73264
17487
67496
43318
36955
47685
71731
22535
86356
52542
24205
60748
9766
44121
71547
73447
20284
89475
79311
89857
53251
14996
99500
11813
68258
45518
3155
24428
14529
61056
64733
7748
91681
29654
6958
45686
35032
32913
45980
85583
73971
37473
2052
52289
37693
49034
16139
18352
42748
72484
13767
82079
39371
36991
44447
33975
19311
23320
6522
32399
37342
2602
95225
39880
117
16159
8513
82364
28570
99707
40608
79091
79880
63898
51531
20706
18090
33709
45719
93619
50107
72328
98083
64299
67075
95260
90884
12801
86109
90115
3263
41806
37230
3328
36867
57593
65689
76179
40265
82253
25247
76615
23547
65662
24691
79845
17329
65865
43122
85827
29224
68849
62114
947
28526
65000
41286
1706
87551
59407
63068
84153
21531
64103
76751
75939
1617
73561
65753
86590
12768
1848
74931
13913
15137
57591
53062
16851
89893
50456
84173
31513
94599
62402
66631
81405
24060
83848
1263
5245
12393
88558
1932
79178
12039
75778
40417
2374
76099
25084
96142
94838
54157
65706
42824
14415
31449
36834
79260
70239
21341
64849
26315
35710
77874
17240
82513
75064
88605
40471
34166
54360
86366
34673
89857
27120
95336
77590
77901
35687
37064
80759
94175
94060
79072
86933
62097
68835
4440
37448
71664
9164
1338
78944
6541
45507
55564
45118
39011
49547
30418
54487
33743
11153
79026
81091
97529
53516
53736
83405
38853
48791
47718
84228
36154
94271
29328
54931
83212
63716
14448
6509
65033
62890
1096
16164
62593
58671
7737
10385
66898
12936
95402
23991
29570
34957
89905
39526
88237
54617
50083
43700
73597
75701
8720
23530
26332
84668
71622
62209
10788
77455
59568
24531
59483
52076
79858
60916
52413
61847
99922
68195
36813
14453
87088
20072
32724
14728
44299
49172
13872
8899
80471
90190
29538
28712
36669
70056
40186
52289
29071
58891
7398
88207
5350
35622
90514
34317
92216
54228
35569
99179
94977
12486
75794
69733
86718
91353
1943
69326
9250
47417
50216
40784
31006
77735
93589
22083
12791
13728
76964
24073
13313
27127
29082
7906
80879
14383
79906
90838
6792
50657
64069
58065
33594
49407
65662
93582
6710
26613
79536
89
62295
83948
45887
53535
16334
11994
28754
67500
86406
91704
82251
75510
5423
87418
87247
40102
96337
7709
53705
19083
54639
63985
39634
77221
10253
57988
36531
90807
47551
42185
37812
54071
67455
10485
44347
78465
42525
57766
52023
81284
53916
21310
46256
67141
49392
55109
89143
49581
25360
96280
4392
33010
95719
76094
56679
89822
50436
94710
12707
69675
82982
7653
29855
19665
3722
46533
28129
95248
6298
50291
40200
74073
4155
65702
44921
66267
91663
96364
59964
75157
33899
11948
98579
39085
66571
5363
3854
67634
28226
4004
19084
95021
83598
35506
72416
90739
70008
99627
60149
55111
38657
50668
12220
11107
30206
21434
74763
67748
72423
27731
26715
28697
55906
16104
53487
57925
97987
77144
7710
2633
62132
82186
97704
8351
10326
96751
62812
58098
92695
44423
66830
3487
20948
94281
13709
70171
68968
26393
35605
23052
87030
74616
4426
27992
69769
1543
53377
76068
48217
11916
26361
11841
79809
90267
14645
11562
64387
52308
78745
29229
13998
15000
4397
29693
14301
82964
1917
2474
22127
51177
62190
78123
74425
26338
41247
91036
60693
4105
14526
87652
88306
58664
56880
91159
27330
10601
88912
76302
62184
53997
9455
25861
68562
51491
87006
74778
8058
96783
49596
2614
15243
65420
39773
21343
79296
5285
95016
50886
17024
76605
70018
12140
33289
42274
12163
5548
41690
76677
49600
16790
45399
34912
86909
39502
75854
3867
71890
83586
63264
72963
5840
9334
41573
65846
66859
34388
71697
2963
13747
33132
6941
66395
3280
77541
77565
8944
17938
88047
43256
1625
29610
61036
43542
38951
43599
7287
48515
71785
5852
87591
73357
7539
14017
43574
48442
87376
41043
44942
83348
11329
32889
80913
6209
83312
25872
33443
64263
74113
38005
62293
59843
49322
36392
52929
28970
64853
62849
19432
17879
64669
37048
41818
10995
