14958
40246
25939
71616
62733
84314
751
12581
64543
14019
29104
58591
43692
5339
47809
81402
88482
53291
44304
67534
92573
80181
82017
25708
91825
86016
72494
6082
6549
49832
4388
77620
45947
3393
36648
54767
10117
36007
89116
67221
78155
3709
26189
20213
91838
14285
84577
94457
20019
63127
77841
59198
9781
77158
72617
8275
49301
66777
8893
31385
65809
91913
26795
1615
11833
35460
59914
13818
22449
81853
14568
95759
80319
112
39932
40457
90346
95342
25954
38529
40474
5455
53734
59505
3670
92229
14202
1526
49215
89914
11699
53225
3314
3317
85598
83864
65356
38913
31159
2570
44896
24879
82725
50126
55441
48247
47989
43673
57827
41401
22059
3924
18372
15846
46316
16764
22844
74416
89123
47931
17666
15405
31266
13126
98891
85994
41966
95863
69529
34325
17910
64129
65538
2444
23757
38466
77704
23875
87616
49457
9138
22455
44243
8011
55771
42478
79731
36971
81996
6443
68722
97412
95400
6547
62800
78266
26482
36094
48428
13147
34523
14083
5672
57282
88949
18291
97939
95633
76736
51335
51283
11491
15593
12574
68050
34395
5494
62789
46051
97097
28425
52833
62959
5027
61280
49896
58518
46969
36493
93558
73730
5892
38161
30083
60297
25923
34869
19951
55363
53486
19759
10960
54266
51378
97626
45797
2356
11847
73565
82431
71936
27220
67406
53460
74204
28444
53392
27324
805
6655
70704
42330
69456
89926
7183
11216
2121
9594
83995
76974
44148
85043
37186
33938
58243
90735
20966
25680
31921
22027
8073
84287
8397
78407
22953
10203
59958
47173
4278
81502
21758
84658
71625
378
42308
50599
10968
94522
1594
70316
9275
31768
73924
10664
91522
83566
65714
17351
39339
9635
45488
82687
7249
8924
63449
29077
77762
8098
92556
20615
46142
82965
33739
15849
25548
85811
51467
23109
41644
28643
44047
82786
81265
52276
73893
61353
25702
26602
59137
51928
837
7298
62093
70911
34818
47435
78199
12712
95435
35118
61806
5021
67936
13864
38133
92257
90045
39026
34855
32692
57542
60752
57875
91643
91335
85475
92684
87959
98111
85133
54738
59151
13752
57401
93853
83708
14464
41787
9092
86293
93273
2335
51512
69150
45590
20634
28872
33993
76681
36522
92115
58071
24315
59851
82749
47763
6913
65900
61537
71928
47066
91982
44317
16560
98678
94775
73406
29923
73195
85333
84867
21725
92624
63672
80514
59342
15684
92511
99880
16840
13790
35054
36255
79868
19466
96243
66960
15138
22389
74247
33633
72736
48451
88328
16027
55952
98204
51978
34308
22826
99495
80048
84326
44
79881
57083
89601
63513
46038
67434
97896
63514
95166
34447
92171
64924
62618
36370
65725
11152
65585
54822
70474
90858
82988
23726
80117
6038
54106
90855
19284
94611
93677
98287
6288
77173
62987
50279
73881
78950
25537
80248
75790
50279
35173
37104
2676
32041
86586
94844
49651
32322
85698
45645
2570
89331
91193
77897
67526
65774
78838
72258
28813
17041
96550
65510
87578
34028
65322
19585
34542
26557
69950
82070
1213
13169
10011
85613
57680
6606
92433
34713
24137
72277
58798
58007
55617
87813
16688
57041
26418
665
16152
56760
49694
43275
21477
4657
48384
31425
67880
37427
49603
9530
697
48433
57942
67401
68561
32650
82610
13657
47137
18113
81417
21415
19497
43118
48854
8047
36535
29427
86018
87080
65405
38859
62738
26235
34444
48261
25085
87924
44990
16815
60271
4382
14184
5694
85794
45182
84803
87571
89506
25025
54575
51058
52898
82857
17313
90830
2899
24480
78295
39546
4990
59200
64015
99618
61731
78874
60155
87510
76177
57584
41859
9675
96676
81270
51354
9228
37043
92018
10791
81064
4971
7151
43832
33195
80712
38978
71841
41002
46596
24203
46498
23111
42777
73029
79798
21659
17975
62095
59414
39996
79792
5537
32266
91282
89512
81275
33237
87554
48511
47001
30638
25190
99288
83635
41116
48118
33352
94855
51920
29766
43491
2523
29915
5766
25867
87071
17338
61552
75815
85062
55367
63262
47196
19334
68615
46716
18454
6642
24416
49429
47952
55596
89728
76609
49404
49785
60521
98916
74787
13713
25850
89462
99313
67222
13033
72650
95162
30710
21942
6786
84586
24480
96330
90219
29556
13116
98265
77358
37669
14110
1080
7818
61993
38215
33046
4106
34250
4502
72243
47508
56372
89197
21876
39170
15043
13498
27942
31619
22921
73364
78257
9972
79183
52603
14228
28832
95911
58450
71350
50214
91882
35923
68526
29002
56822
5370
33625
52148
10130
85790
5025
99337
6671
90115
56553
52224
59177
35394
67490
82731
84705
60051
80603
4612
15547
46419
6343
11238
69986
35699
49937
90058
35818
40087
87354
16263
1944
59472
79842
3928
92691
82164
88518
99728
32822
69162
90783
86815
41570
96889
41841
43276
90439
15318
89776
33922
38459
50452
1248
99490
33883
18763
49127
87508
6303
24650
96010
5108
69519
82527
68712
19718
6309
6659
95544
285
60619
6120
41456
59341
22694
51020
85188
14984
34601
34807
15764
92748
27689
5477
67837
52807
35808
24876
60022
98677
37130
31203
1357
26438
33852
36613
43891
26192
22502
4742
57131
8079
76087
67989
92284
8118
71910
66177
216
17424
95617
47305
32075
2305
5710
22362
49688
38054
71941
43852
94295
42953
11722
33453
25370
89966
4089
16533
50016
20366
56483
53816
46144
17782
91231
77670
51787
8682
9092
95036
67568
82020
94958
4084
87711
21277
33472
77869
93743
65256
73381
83189
38190
29488
35158
12477
41403
38449
26290
4077
43942
35573
90152
35661
15097
82053
33697
61032
60004
15170
85946
35698
21620
15235
6539
44397
27167
96100
61772
9050
81456
79081
77259
65251
17634
63213
14745
30641
69128
69841
43291
12275
4194
32875
10586
52728
36524
40102
84794
98199
88722
95985
47206
4927
15586
13743
36095
52912
61227
25567
57215
28845
17638
16173
91917
18930
30798
91105
77763
84825
45179
2674
37106
10563
6477
43402
32615
31618
18658
11297
59669
95713
18160
52007
25129
21118
68030
36586
79700
41266
36758
32881
39640
93932
41760
3000
56299
47985
9506
49506
77653
28618
97490
87294
94109
5149
11463
87550
44477
54842
35382
93300
5560
28765
36889
32144
25533
86652
59144
96135
32587
9459
54200
56688
93831
10925
66600
82590
62465
70980
49386
9810
9571
88081
79154
89688
64700
75926
33732
98433
25691
83218
94145
19213
25750
11923
61283
1280
38017
48932
9842
22098
18628
43950
59134
91154
21428
21284
90944
90987
36089
33134
50546
14329
60355
7877
36924
81805
35998
88449
85694
33526
43657
77219
60562
15966
305
73454
99177
95042
5788
23538
16002
33258
86611
16497
86081
54762
82947
14009
80537
98521
460
78997
57099
69876
52580
45444
55653
4097
69649
70342
56872
90703
49694
65962
89672
99712
37377
91829
73541
38898
94373
24816
81765
31026
94766
70933
85464
62640
83010
51127
75826
47797
34117
39074
13131
94353
33583
60657
62113
89492
86284
16210
97987
96518
37776
33935
27189
33927
39450
25227
13883
26884
27147
66829
97698
27004
68016
53958
20150
4764
45318
37296
62507
35204
90910
5444
60145
5884
64721
76173
77891
97002
41725
62576
45406
45353
71822
9309
93978
28113
18026
32177
70106
94042
58017
19999
38154
7294
95514
31104
39861
2864
11013
6430
4897
3711
22362
32534
5315
39599
54164
44740
15995
86610
42021
8465
26131
18326
85716
6073
23033
81544
36184
57889
60016
59088
36183
90969
43877
40525
84131
92245
56520
17986
98889
21371
95076
33746
7663
18457
12587
97580
59684
21584
31283
79892
79201
20293
217
16454
54047
36104
5974
59368
31224
94713
5627
90881
44434
99125
69021
72138
90080
61620
40845
73753
1861
32616
27885
6528
48373
68813
99243
21714
64910
16172
97714
26224
56276
63957
40591
20770
83853
72904
53641
99169
12080
21339
17039
29060
61173
23155
28269
17949
13574
64719
5223
42659
46430
49568
42600
64139
82602
12322
9242
92016
69509
3062
27067
19531
65426
59034
10449
81034
59724
57331
34776
63340
81896
93215
8765
19563
6503
95284
51970
65121
38889
69573
407
3411
28912
4485
66341
64407
22388
26104
36496
94738
12999
65472
92069
34962
54112
84415
11663
29206
95748
75456
71440
56575
88791
56759
73403
10089
33593
90140
23279
98385
98551
66169
29924
8802
86042
43559
43028
70129
447
78204
47537
40676
53169
35487
63485
8240
7302
82497
70480
93474
15024
8117
62560
42101
97199
74283
72018
64543
44978
69734
34460
96243
4486
95101
17521
96955
17427
10365
24894
58410
47834
77873
3523
54487
59794
24060
33540
46254
60522
71671
14374
65079
74387
62834
25829
54555
33921
28709
19328
96974
43687
31772
9483
48944
73064
70982
34616
18497
14992
19298
28267
87392
1843
46256
28068
82740
15452
29719
25701
11230
32621
26006
78608
44694
65936
85391
68422
19794
82421
44984
2202
34653
29507
44359
36468
72180
48711
23403
49109
58255
21629
63731
79704
14531
22558
96813
91838
14428
6149
60727
63744
27033
30512
57608
2421
97880
93527
30388
34365
32978
38609
90089
87308
52928
51303
37893
52509
44061
88290
21335
32618
41484
17417
2636
75738
2581
52391
50727
23352
37131
39476
4954
38101
12130
55461
52989
65928
34639
82802
62480
68440
21129
99933
72557
9404
8702
35371
1796
43818
60280
66928
28045
90723
34111
80654
90073
76025
195
37865
19077
37927
29155
6627
73333
19173
94745
28389
90000
49589
23442
67725
38089
48924
13444
38224
18555
57565
1514
57671
48112
27922
45786
45049
14658
90545
25241
92744
45933
76442
16172
88577
45282
51489
65959
52264
11393
80457
99014
39073
76941
65839
44876
30649
31894
15197
89843
94572
75938
4854
31948
58152
22638
93218
28859
69228
71524
20636
49121
73145
48999
45077
23150
43702
32179
25687
24659
16929
27646
83052
39001
88431
24790
51736
60056
30038
2223
63328
12619
95614
3592
36836
24697
7623
80979
76402
54364
85457
55516
87618
31184
69212
17268
81141
85041
20782
96503
44961
42895
31436
48083
51966
12581
30315
96265
33951
80505
60433
17628
90807
78271
42189
44244
18855
97910
10439
60102
56400
2897
23306
39385
926
64652
16929
38743
76044
4518
80129
12583
70660
77815
22948
89128
5023
65326
51122
28907
68214
81165
38649
29589
18768
49937
91660
42645
50301
17581
26666
37656
37247
97946
52841
99292
33542
89910
3090
81073
92110
58586
81001
26351
12863
72107
89568
42455
95474
80871
53071
77635
57984
88695
61913
18062
27554
47085
64179
30603
58221
28554
77847
12510
20455
83993
2182
69448
35216
18966
60552
89873
34442
81135
38663
74294
55146
68245
83276
28355
29624
57638
95442
14271
19431
31845
30631
57883
95935
35094
50008
7433
59084
22686
39388
83789
16462
2696
94476
44329
38854
78053
24382
95896
69561
141
17419
58341
69133
80894
4652
53016
90112
65343
74000
15417
74214
72954
81621
71081
19529
67378
92089
72229
64243
43940
77001
62674
27882
81297
66511
40638
1993
242
56732
98246
89768
50956
65354
73971
41431
28360
12891
39300
17025
81459
1899
83977
92986
673
81942
585
44338
19627
5622
96345
12775
63089
87333
73916
29884
78957
88389
75724
90193
91797
28298
27235
42596
1187
33161
7359
97311
98318
75550
97260
77201
90253
91682
53594
2820
2771
29030
45669
88376
9107
78551
25301
27981
29671
25398
93409
4596
73070
45754
38402
40748
36923
70875
57096
78420
61390
83128
22346
78150
263
5239
77187
67246
33045
73848
61557
56614
15643
64154
85891
35617
81459
48500
68102
1502
55435
48036
76349
16483
9211
89728
47121
59437
40630
25595
35771
45916
1824
98948
54253
21853
41803
87773
41116
15135
13076
75323
38965
19665
94596
549
89077
20965
952
42946
64434
13440
48796
53800
85160
98980
14544
54548
54681
46764
31452
61374
16728
60202
67996
39556
9359
42552
9937
17025
19044
70621
67135
64795
47878
98607
6994
96035
49817
54932
56277
64260
66288
62036
25093
45159
16430
64607
28551
12210
61158
56395
31371
47426
67929
19983
96892
6224
88205
46755
23242
77335
31806
9412
16872
86934
68148
1148
7094
82351
1521
28868
6428
15634
29137
1817
4920
21283
36205
8199
39958
34370
46753
90345
20149
48011
93468
13658
11835
71668
43458
4053
87786
52395
31599
32804
50687
7615
66015
16683
93894
10595
5945
66191
31166
49293
92285
11603
20877
74226
47298
78935
1552
82325
88846
31636
53926
27840
60240
8372
48504
17656
63667
42566
33271
41848
2316
39252
14478
79274
58417
87016
73635
85402
76409
68550
21407
20644
29031
18498
39733
34305
68796
7904
29296
37746
22521
30033
98083
65909
51484
99284
35943
17339
32574
23511
59857
7258
57684
42602
16251
6557
98935
95246
72531
55259
19900
12442
10976
17824
86701
59117
84906
66200
60826
53456
78285
76777
40804
5103
93636
1725
68779
25156
53209
2729
97334
15275
19793
34213
61447
92216
77797
72248
38735
51607
96031
53623
76035
58920
5130
84313
86922
86470
54934
78880
49744
1120
9613
30629
15180
62989
56977
11410
96779
66362
52936
23762
37568
19780
59860
41266
59813
5096
96050
70266
66169
3322
7233
85416
97719
30385
26186
96243
80738
14464
69513
96864
17923
25180
76735
34884
34626
75603
90654
71554
93042
5139
79912
51003
43651
48193
22104
40485
33723
50705
60574
76981
78738
49133
46323
96564
41953
27774
4952
72757
5889
86660
37630
77496
59898
9598
61065
62539
40697
89059
57627
80527
58420
27372
30701
22199
48634
60329
27006
58997
96808
83159
35729
58494
17258
77559
11042
94789
22892
18143
32911
66134
54582
58492
26364
96643
96139
15359
75238
7041
62426
48274
3721
65851
87028
30520
76359
92273
81076
74757
68883
49547
69003
64249
87346
22095
51271
48661
1039
52816
10220
52315
77977
972
6180
16657
92844
13548
83515
86035
21106
83143
40436
56654
94765
98271
70241
38482
84372
30639
54721
35542
25460
98691
56997
7321
87278
2671
83739
98423
948
1668
80943
36481
42756
90411
18040
61256
11807
10931
98259
79473
30553
11790
13837
74704
98686
2895
60468
72160
98394
76329
32839
51826
93492
64099
86374
78004
70375
45318
90383
20286
9689
99318
72647
87496
10172
71701
88202
95636
72813
93984
54209
50892
55918
71287
53062
41146
80761
31186
27181
21402
91476
80199
99526
96102
85958
9584
28841
70307
96538
19790
82368
20155
18567
1301
37967
20288
37616
31044
24167
574
73711
13852
93650
75928
3476
22846
4232
58060
95214
84156
53929
32608
17624
38299
42812
35052
48134
56425
65590
16720
22987
14056
45633
33061
97744
57342
48030
23787
65099
14055
79056
99042
40955
21258
14361
24438
26329
14193
17692
5068
67578
38457
42287
55981
85772
15899
11480
25924
84560
2557
90786
79756
18761
62291
79714
81336
46746
76435
6139
14700
54142
44228
84922
96722
53376
74877
36789
85214
94953
69020
77686
68181
21471
80067
92602
34990
64330
29362
95828
70436
63072
20113
41681
76384
79019
99694
57951
19673
47090
10846
93525
56390
71197
62309
60256
73662
66715
39576
70573
24055
34147
64126
78430
9968
19903
84566
2682
6447
42735
41422
39886
76509
13858
63891
69299
51365
29080
74288
15527
36774
41878
9930
94045
19992
2162
8362
12012
36446
23388
39865
31987
12075
39738
63556
31205
11051
27324
51576
95630
91711
506
95381
42884
62940
15456
4427
48376
71394
92091
23006
45546
18313
72470
69703
75046
41212
87608
73858
62122
68025
93235
31391
93738
68225
80705
45724
57922
62747
96851
58008
20737
97995
1437
84602
26469
8427
89666
4207
83245
3483
7365
87109
14925
73579
31026
25854
65867
13151
88054
34113
79422
7679
54495
94767
63549
95695
85619
9500
9464
45988
30077
99770
97522
74342
13832
60639
47366
89493
70644
9073
56585
90725
29981
37560
57436
25316
59943
71529
41995
70903
71965
96728
63937
53942
60595
98108
51968
65304
30548
25655
78808
65272
71543
13215
36698
47950
28637
80191
7693
24325
93697
8814
19362
84973
2214
45752
41361
35787
73226
77188
80135
71661
1988
38459
95853
23049
59745
41559
62414
52823
69050
94775
99036
19832
32916
28304
5549
56722
22388
33189
1026
26261
1409
66497
85130
4900
98023
8686
84307
18272
47530
13247
60152
15314
12145
61424
46452
15153
99657
37436
38934
62468
42020
23312
7317
31869
35460
83610
51431
71026
7901
9958
32683
51982
94393
31645
95870
18121
43075
21034
69724
21000
39110
82394
12731
58805
16893
84851
56086
76441
82440
42926
9917
47933
29487
73361
91198
98591
55309
7236
7557
59890
89785
98012
15730
51218
49215
80198
79416
8765
57534
31565
4896
9028
73287
27228
1725
13446
4148
9217
91625
82308
20751
24984
68756
83937
61241
37311
80199
6887
72189
17843
97924
48999
91816
83342
60583
77782
2763
38180
83792
98915
14453
77493
79267
66220
14979
53531
16544
37089
30477
57369
66529
44921
10313
2577
3479
19750
31485
35277
28611
36990
13525
15448
26062
55252
27935
56945
91970
80934
64528
52696
89156
27125
13723
9303
53420
23146
98882
3618
79202
90722
28206
39333
18334
58649
11579
33995
36457
80666
42716
89311
37842
15045
86420
43258
98527
76454
24979
66746
951
27620
31448
329
14298
29084
41342
77937
31247
25426
99446
45018
26425
20822
65427
63400
58747
47353
33083
46324
83830
59234
86789
31116
36831
66067
67714
38208
17235
58818
10563
4523
37763
48536
59510
68521
68257
81827
74604
21325
95320
90772
92866
72131
90655
49993
35500
72012
64003
33719
68875
55685
99732
43229
79661
78055
71606
32254
4987
5084
32605
227
12763
1959
15837
58014
32554
80196
86565
2602
16721
75236
55842
98226
87490
1041
41067
10864
64723
40678
62584
49595
92700
9090
81220
26357
49169
98613
12296
71
30498
92250
75412
61317
78133
36479
78029
86571
10925
25685
21991
91567
64256
63543
52906
36986
48165
97354
31939
40765
43188
71439
56173
26998
59687
80418
10121
5879
95568
28922
10100
67246
59992
58651
60705
45535
4936
97731
13771
11812
60340
25115
98712
11037
18264
45521
38687
80435
61373
42837
61696
22753
8204
44714
10787
86272
68104
34521
96295
29240
1767
21610
70418
98700
22584
35353
10098
10351
64281
23988
93074
84345
208
68881
10491
86869
96035
97923
61240
92671
80149
17535
72626
81651
27020
32167
43284
12962
32514
19045
19517
44491
37364
15242
26861
35856
82262
4178
30264
58268
1102
45209
3257
4333
35265
92974
93271
18958
4043
49630
80040
15029
10562
28973
53058
42706
46902
40177
86170
88175
70018
53208
18083
79429
47502
12267
22348
46039
33829
79970
33271
29536
52061
99554
78318
34410
70740
54737
69479
93803
37705
58154
50426
72512
14305
30591
38476
19100
86064
73019
22582
56278
37236
58354
56841
14713
18233
12041
50102
15439
55587
95259
83676
2654
91069
99213
71546
67968
62210
25068
30740
81098
77254
16677
43327
70933
18789
68282
35060
43320
85418
43593
99049
95221
89533
2488
43159
49101
66738
80650
64661
27240
73923
98241
95573
93614
95860
84775
11060
50890
28634
10459
53085
23019
10208
801
4646
71326
879
69062
522
41037
84927
94392
42127
33443
36713
94724
180
70981
88280
15408
27016
99913
14855
50299
27020
59579
86047
82709
72537
22592
23683
77636
2762
22985
21705
5876
1241
35983
24981
33506
47122
11059
15137
80454
66766
3753
29697
29633
19358
65377
40307
14470
26070
49774
30350
9666
36206
59278
36796
3792
22520
55638
37631
76596
80295
85931
34639
80373
34646
16621
25931
75935
5027
64020
2599
66647
58085
34756
5234
87115
44231
13845
23757
14925
36761
99469
41803
41698
21690
71717
56563
87548
20684
58697
36434
98014
50927
65259
37698
95803
63822
44689
22647
95810
3062
5938
73734
96102
93631
39616
15845
38209
98412
22869
19155
85537
17258
48481
89168
79377
25380
58934
75838
52412
15088
37792
87130
58139
84847
5875
63630
70105
33880
9500
54614
21634
17566
32737
25838
97148
27773
2315
51943
492
99414
40474
66626
68639
85786
80321
84482
61049
53911
2266
28085
78765
15751
19518
38838
93552
72707
97299
86757
78706
40396
99849
52882
13545
67525
53182
45659
39777
17852
7377
22624
59724
81557
1174
84735
69326
37470
27441
81565
83280
31553
10160
44075
47295
34140
16315
375
65243
70248
3857
68292
31456
2614
13751
73131
72125
85620
46719
95426
56644
41089
62093
62431
80
27489
11640
39072
46894
61624
31796
20224
78468
74722
19839
23975
75177
59347
45650
25621
37847
81938
74261
40711
57624
76038
26608
92013
25397
5687
74120
59229
28278
81067
1939
60477
18737
88570
47061
36318
7758
52876
77125
38804
855
29707
75647
24937
85982
80264
91485
70041
40928
55694
23994
47494
66946
34311
42806
199
52580
39468
82100
61223
17632
91772
98729
16660
77960
30372
93261
85733
7105
15161
72311
2237
1157
99353
33997
6866
15527
82320
51231
86704
96447
37488
21217
98781
75666
76328
62556
24174
96191
5156
18930
75066
62469
60193
63160
20711
92930
7596
53460
53101
3057
22505
94973
27524
87745
93612
32172
72134
15284
72875
14273
74817
95207
12440
25913
35002
25932
50752
43495
89234
54987
18993
54926
30583
53334
61596
49072
78546
55171
13334
60701
24924
76075
92802
20733
36270
48940
73546
96464
5427
18872
66447
60604
1927
65864
33582
60300
18913
6915
16354
26848
69669
69426
2931
90791
80086
93710
24990
3216
17609
14803
22556
68226
78679
45928
78764
81993
38209
657
32446
36198
58177
10377
21086
1998
88839
38115
38448
90594
20021
9415
1609
47685
1063
18144
57805
56042
97790
52222
54047
51877
73470
10311
62533
72701
8225
61020
51205
22208
52393
18331
56572
131
42846
92229
14072
10302
11889
86170
70996
89634
45113
75423
23871
41392
35777
35142
18551
84408
79937
89292
28402
51999
91099
20385
40104
9907
12520
92575
1458
1678
38090
23523
35541
85793
77165
63459
2355
25095
11112
97735
184
10928
48882
96027
5678
40273
66059
26471
96723
99712
56197
36944
88654
34609
94630
47928
93436
68314
41131
60688
36871
58570
59477
70149
12469
13154
88345
29635
21654
54632
79632
88626
61505
12164
37439
58348
43670
30608
1077
34935
90937
86056
68029
3500
46068
39551
44869
59781
67720
44687
44967
50407
24109
26906
56526
51228
91282
54275
63021
10440
30839
26337
24417
89463
59603
12431
4636
75903
88365
47354
82418
13398
70281
25794
74610
75418
79762
70783
31386
34739
43912
62390
49652
31423
35651
36957
27269
57852
92444
48133
81689
47730
4839
98670
29726
59207
25886
62417
43954
93248
80978
64454
78591
90678
45386
78998
69186
15327
91552
41891
96510
85883
51508
72588
66678
99086
437
27293
89806
79845
20461
43653
29146
91312
8502
63774
2223
62728
10914
57655
20930
20127
94544
29108
31638
99369
203
26275
77940
29613
8541
91768
75946
71113
59106
38028
95605
71638
55997
64605
21565
61976
92613
19070
1227
23171
57385
26152
47516
54071
46773
20994
27426
53563
9080
94259
38077
5795
78893
53350
24140
37504
4886
98983
27553
69326
87765
4437
18242
80935
44015
58774
85122
38449
1348
4143
33826
90269
30826
95664
20721
94127
10490
61483
10303
63622
55476
27475
6609
7989
65410
76788
37811
85385
36060
6347
26879
96139
95830
41709
18047
85319
62244
44767
71277
13863
20450
67215
59793
63456
42948
82136
30304
33197
80424
30186
26968
77756
97357
22800
41026
87349
19940
687
80596
34490
30114
47090
82967
79859
32485
12780
70305
96605
31327
79641
41323
79504
6321
75556
25702
56360
73327
90025
85074
72720
74827
30035
53874
94824
60270
47830
45425
98705
70463
99221
61662
51941
76115
45234
54581
5963
74397
30176
90922
79660
95752
75142
57916
74058
15446
4751
74121
13173
47944
71975
58111
52895
34100
76689
13598
33583
70867
29400
46426
54535
23792
31489
21652
89301
7726
25642
68351
24703
74360
17231
39628
59568
45566
51339
72852
16188
31760
67778
44479
54385
59726
51097
74516
5064
67703
81915
74568
88966
68336
6478
73174
47118
58516
82581
76918
77036
16540
91366
99816
11683
35204
71140
2052
56924
52020
40067
37796
85148
55990
29426
87873
64296
64607
63522
81340
14731
7624
97693
51661
64416
89404
10698
78060
32736
5278
53967
74642
62811
95001
62398
29284
78718
36262
27454
22680
49373
71311
4745
8474
2753
98294
58823
85361
977
31174
23797
6421
42760
37348
10812
10967
70843
14870
79850
22945
17676
66962
3194
61617
27524
58803
96595
36157
14940
69694
82109
13534
49777
44687
34287
15561
96746
87570
75050
61892
19941
40282
81894
30381
46234
31085
88545
75650
93323
46718
61758
28038
82164
94520
62450
35193
64177
5927
74212
72866
6922
31476
35280
29747
50261
23747
54894
86126
91625
57409
78874
22181
76701
37199
38281
85000
31049
38005
23949
83779
35586
64917
81899
30700
36986
79286
86468
18028
39395
42274
1098
72666
15118
16557
13684
12044
59911
10163
78810
10807
39838
5689
52622
50725
52704
62771
18614
36002
82249
41122
32251
7434
2252
80941
97787
19270
13413
35117
87635
70124
56710
80986
79154
46274
53850
90359
95799
34344
53199
25529
50681
44634
56284
79232
92013
82484
78184
49934
21029
58170
68231
63328
4805
27965
30119
22164
31518
98213
59499
6182
89872
37016
20375
96551
82813
27912
73812
90560
68998
86306
73553
63657
35726
47760
2342
23293
60754
39272
90711
79889
84675
60700
94176
44416
22801
81651
55665
90549
63070
10005
86130
59127
47639
28797
17859
32496
33735
26819
13079
36576
78051
33933
62547
75814
77123
8000
92865
14896
2719
95226
3328
64583
2179
28582
77438
73384
47237
23980
88725
93556
62263
90987
37804
61928
91853
19451
61018
17826
84122
95892
69975
1327
44227
9086
57794
88960
70254
52861
54178
56204
3418
4752
73033
34409
4498
64049
16644
74314
35201
98274
21847
30727
85847
75050
32893
66109
89836
23475
8783
63222
79914
41407
19899
8786
58497
70912
36619
21546
92760
77453
71748
13370
97392
598
90109
78582
58014
82470
66898
19709
55677
48358
75297
94915
16946
60451
54061
59252
96688
52912
55119
92712
91713
48252
37161
83753
7032
75888
25716
80771
98750
31038
75300
69761
95110
89523
67320
56833
89582
42326
69782
98657
36968
5452
72093
52901
35181
8106
16875
5481
60152
37233
30077
12238
32898
13558
55248
45749
97730
59662
16251
47836
81340
31068
18768
23741
87086
48379
95525
12280
65519
25383
14560
26159
51072
17074
62718
92539
96264
86114
32631
74095
53636
45902
33972
22684
96378
88609
76636
77203
87380
20784
86414
70994
67850
36519
5296
65500
1140
92625
67216
54303
13752
96981
40791
87803
14352
57978
52233
8788
63296
67453
4165
60269
72991
82799
26562
49246
53579
6802
39330
99007
4881
73021
29258
58665
32500
9378
75078
29951
39260
60798
40215
15236
83284
30532
63549
88977
88215
47038
66595
73432
61118
98263
40643
46219
89402
48063
60816
56432
66630
80924
13200
10763
67006
51899
6464
66666
67156
95868
15189
46694
71802
50828
32183
91580
56158
25249
1385
223
67722
73096
92139
15400
72395
64935
435
23836
18981
5505
92806
75760
9127
62848
74839
20801
52290
65344
28937
58107
73920
19512
1104
88822
72364
93037
69925
11630
76114
26354
43304
82924
42577
65382
35498
31867
93386
88807
70015
65328
72135
40694
96842
49765
7239
20215
37531
93368
51580
90187
88837
33497
55455
20975
27807
38503
5584
47414
45975
29621
83957
65843
19758
81090
97310
90458
4971
20780
49651
56779
63220
36739
61677
42096
69024
42265
59789
20295
70061
8318
79253
83804
2455
52035
37347
1201
28078
78213
18599
14145
15632
7523
4493
25494
16713
52313
82280
47761
40350
79412
55009
89377
74521
58086
64756
31200
50214
94556
67503
75728
46016
65562
66969
54305
61250
57305
44609
18579
27357
26365
41236
12210
22604
91290
29669
26485
92651
48570
50470
63540
34357
36135
82350
82266
75061
27737
33869
20639
6761
58576
79846
77399
64989
12181
74505
93005
54808
9029
43772
68188
46381
11586
84244
12596
80540
24897
18956
86798
45258
40822
11473
7635
48269
40976
13320
28859
49289
5680
83368
72812
16815
8180
95454
51395
84130
26288
62642
20261
96650
29616
29069
84069
37431
26795
17672
39835
62401
65984
80557
31894
77489
48467
64764
909
59354
46048
54216
83121
23269
34826
98897
23666
18570
46522
93631
68942
9840
54503
23879
15785
67385
92162
19431
83241
27446
21129
62770
9952
4559
11232
65763
67269
57224
93774
97606
82325
5926
31036
24883
30832
6785
70836
87648
36227
34200
77910
43636
48031
20659
23979
25549
32643
16093
14528
55068
3484
69374
10226
79199
45099
42374
74858
57543
35780
93512
78559
33
70116
22631
82747
62087
88403
81327
72008
48094
77791
19704
78979
7267
21741
98798
96659
51544
73436
68105
97233
44260
94974
82760
19483
17438
10882
4263
58321
49333
53151
32363
26821
61321
723
23348
81361
86954
73273
49714
5256
97147
81361
57519
30952
33938
56961
5971
76886
88863
26101
73841
18304
99923
62017
43039
66115
28657
6637
1453
57712
46397
95661
5983
79189
81191
74349
50134
18592
80981
90799
81979
98108
3474
1663
35991
71367
31424
4687
39851
64847
10614
58352
7647
2395
91856
72880
20490
91224
94610
64885
44460
47475
89714
31102
8481
68294
66748
7465
34246
72642
51994
7486
60495
64426
68598
63545
88140
9126
34683
353
73649
97687
43050
63072
4950
87913
6639
46377
54995
57369
1865
98298
85622
14053
21558
20837
69640
20054
96820
73958
55112
59317
26240
7716
17394
45755
83854
14159
66613
93645
49881
21753
47426
30889
77429
37277
28378
90389
88015
24965
47838
96043
99754
95566
25910
41317
35548
21940
25158
5504
55991
1823
87266
84401
19745
4860
21575
10541
16314
15657
38066
1215
37421
28451
15417
87676
89495
45340
14164
4486
76811
97336
82511
90586
72913
1179
60082
71810
98556
51175
36172
46633
4863
8869
1748
45581
80296
73730
73085
86690
60605
68815
58193
77183
7045
74856
42256
36747
86483
20702
21422
4136
5488
4780
45881
84324
41580
15224
3113
26963
83289
20809
53213
85174
64757
20846
68124
50515
90025
27098
6077
52995
62565
82377
2376
90053
52008
37636
80032
38875
59248
24130
59933
40919
82206
61979
84047
21082
71372
13772
66093
84848
10214
44441
43792
27513
71360
64844
62913
81331
17701
29635
82933
4836
50487
74201
13869
93464
49510
87472
87088
83427
29685
39212
36078
13531
75771
5973
90343
54316
67902
25659
12318
72713
47201
73481
77030
85504
20627
71518
9656
63040
18237
59113
50661
23882
90803
64526
96990
54714
53286
36656
83982
58456
48915
26188
63350
82992
5787
76811
41338
70749
19971
5530
45816
50609
84621
87784
47345
90749
18943
35822
75885
75492
40421
75375
55535
32063
77479
62797
24104
53246
6683
8293
31897
81879
40122
2837
98790
16703
97092
9373
65003
23693
53243
85864
78680
26802
15700
59262
78378
55114
7879
72183
6623
49123
60134
21709
26974
57860
48490
73182
47744
88547
78090
82038
34519
79177
62732
64441
1766
46255
16750
4786
29890
3857
79045
57441
92047
13556
71832
55457
5661
26180
76517
87261
40010
77392
46478
51480
53745
9129
92252
91072
54907
66504
50909
56243
75865
14297
56479
56879
33782
56452
12038
91096
43824
2579
86745
62975
93774
46887
75528
81668
88883
34476
40464
16868
3043
95058
58337
44427
12263
38475
95753
97946
96858
26450
80888
70532
96488
32423
17412
3759
67369
27256
77265
24882
958
26608
40184
31720
1327
64336
61697
59242
70611
75576
35368
13183
9480
6732
95463
62118
52829
41772
32527
70288
26177
59067
18720
80129
25515
24122
26253
58049
25871
32184
93778
98108
85804
44557
86020
12258
28863
27548
75351
89329
70894
42164
19591
28367
8778
85672
78496
58689
79719
75109
83447
2519
95095
1213
77265
30700
96107
64427
68935
2873
71779
94522
91883
75406
5948
92715
84618
34788
43941
61280
84756
69161
26143
37408
68033
55830
61942
63506
92778
9553
90418
4059
43131
67530
43700
13559
96453
38406
14936
11917
86772
38147
77962
43023
97293
54567
16838
40861
87374
84839
44942
20307
14042
6392
16698
65887
31957
34833
60998
67419
89743
97432
99379
64778
16880
26778
66430
80447
47333
50432
22259
87882
33824
35414
47099
95319
5010
73424
3742
91678
96247
29612
30312
85437
3097
76296
3077
82851
38918
25455
70794
68315
76639
93240
87381
15845
86330
73826
34052
43355
27035
94957
73507
68078
15305
33017
72635
26351
13912
15050
38263
17616
62419
3234
26115
81833
54324
77158
85902
46637
89980
6308
36047
34861
708
2335
83063
24614
50652
3174
1811
16413
28604
58167
35462
41572
64123
94375
71867
57203
34055
37330
61537
97601
11774
62644
61004
29547
53649
12546
97331
92644
61737
42966
45943
52261
26064
21061
456
20755
62731
50350
79813
67759
59329
84571
26826
61107
37101
96576
49535
40947
28358
85735
25930
98208
87577
71680
49614
10235
34484
17411
67020
47185
32589
97256
48617
67161
15959
93788
86255
96070
7055
67220
16089
65706
36403
16623
37083
9640
43932
47384
7965
52026
65118
49483
99328
5090
8963
41028
18841
43152
80280
37728
10215
24786
91825
30845
26144
24642
47381
83232
67539
13140
4477
37534
49496
54256
59129
59453
51944
90039
50199
75835
59918
86988
14181
4324
95163
58499
69148
81386
43558
97598
21170
73990
97749
22768
87475
54468
27729
27261
48816
77866
11549
16657
85068
34884
96588
91422
3952
2145
18399
58669
1122
34993
79064
22612
66189
3949
19912
54983
57844
15622
3380
23598
55171
69937
42153
30187
19282
53137
8893
30339
76971
98070
63461
5918
21821
63901
97001
95901
15571
12370
60114
71664
3855
34168
84731
1250
90324
5123
5936
27874
82323
36659
40376
43421
68598
69220
2700
29702
20162
10816
70613
60645
83686
99141
87485
49319
34675
12395
92045
48672
34226
36503
14094
74274
3271
34581
43064
61783
90695
96152
30794
14436
72336
59718
47634
31296
93682
55767
35439
9997
43514
39459
55819
37802
62973
80176
9656
84707
19298
24483
90219
65600
3683
65152
59937
94479
4587
20891
78189
50673
31198
96865
1174
17400
4222
45893
8342
62833
47905
16087
66814
95615
83039
80488
57192
41664
30035
63417
12399
68386
56377
20585
16510
69343
23738
20896
77211
35610
92543
59079
6622
98529
95334
91730
22317
975
46756
96104
60702
48910
7457
28381
29057
42818
42051
85880
53459
53674
39740
48550
22097
52954
64623
3754
37551
31378
55437
55245
65670
90711
45990
27926
97260
82388
45015
39772
40604
49006
11812
5334
35242
85732
90359
79585
98512
68793
13921
55991
68938
27838
22906
54215
20295
63101
94069
15034
92089
11708
22867
60969
28366
42849
77860
4784
893
54827
29365
93068
1923
49228
11047
23921
59594
60618
58695
8002
78880
16582
58458
39141
31542
24491
59109
71446
90467
57685
1667
12074
84829
51751
29260
29163
37582
99730
79027
87215
28674
7244
65077
27490
12599
6764
79306
92754
93994
13386
21277
78843
54398
19993
4044
55546
93903
10260
26125
84708
14642
72361
57020
82902
64526
90504
31523
60989
58158
26320
74279
49275
80685
8744
40026
25414
22780
53975
35738
71473
20351
10090
77250
17532
78623
78270
26420
62238
14499
20454
8836
26404
39185
75413
934
69330
95945
82117
19942
36520
45710
35639
18323
78799
10822
27793
63172
90918
32930
7701
65441
94782
36503
94126
40445
27382
61053
56592
68798
44507
84515
12022
23412
6557
70494
86232
82471
74241
70930
45524
4575
70900
79918
34891
46308
47165
69208
8524
63912
64993
41871
18133
10972
8166
65290
93806
43431
86624
92375
30025
38887
68308
534
88412
70936
67795
3198
19866
36467
37108
56982
51103
49489
65548
23756
82102
34816
97142
85768
53603
76648
60503
54863
3772
58832
3094
10716
73624
6939
94331
20370
73668
49743
47140
64736
95820
13977
9100
62209
36707
91
8189
73009
10039
87356
56544
38692
26975
33497
41157
46351
96042
41780
89988
32511
52998
42974
66477
14616
53441
11236
44705
85297
53694
23734
58671
88733
51382
42765
55681
39019
70248
3503
83344
78468
31809
94115
87674
12344
96861
27137
46275
42450
34516
27454
32768
13413
50710
69582
50887
80544
40991
70930
6156
55688
842
78245
75940
12294
83589
19872
83131
84900
73343
15454
83790
28518
87115
99070
97493
22448
59580
57957
33285
57596
6860
6563
51888
43727
91422
11126
83934
49584
39937
37652
74634
63216
45767
24184
97217
23022
47179
67929
76500
48631
42963
68681
15929
55975
66328
36957
26726
61450
49453
92129
56494
28859
42559
14463
15989
97223
54642
62605
2335
5224
64420
84149
50101
94304
67600
69587
84017
14224
66148
53085
40125
53753
55963
19967
26398
91167
12704
37499
2509
87255
83844
79422
71801
81136
4699
69725
43951
7021
38745
60004
44820
85842
26458
2638
10002
51025
59448
22046
39559
85021
64972
84873
33908
84628
85701
80258
48383
21241
11472
82633
87314
4445
73517
279
18436
60539
9646
15704
29869
68157
13817
85386
69663
81362
25316
2548
57065
87885
58642
16245
26838
63772
6207
58990
31121
21137
6620
6158
84436
61430
57776
70785
45566
62208
74080
73343
63615
14363
11353
12056
43618
90401
95455
48926
18472
54267
94854
36134
38689
47259
37309
67025
17456
88631
28159
60472
76255
69516
81238
7807
79570
96067
72935
77841
23166
39815
86541
30717
44573
28636
63983
21941
29837
98949
27302
81985
51899
12919
59084
27513
23900
34470
70108
49258
80116
95325
28270
14625
75516
55720
41773
505
28657
29778
99666
13549
99673
21673
21260
53947
39250
66093
18631
32907
17522
96858
54765
83728
54154
41381
21574
47948
4343
55124
65149
36454
54561
79376
25049
35112
41963
29168
37964
73164
54339
6323
15848
38543
62378
17534
59065
74036
35067
23762
1606
66073
69603
41814
44763
30713
28024
11666
94908
7432
88583
26511
81465
8068
81122
75978
55879
98916
83813
71213
25859
37433
76475
43041
10395
52356
4336
61041
56565
37737
48067
47141
48682
87787
40538
21357
80523
66073
75755
41634
6462
82475
59599
80651
21916
23563
85530
3520
34004
45832
66720
28105
727
28171
19219
70737
38630
99623
12849
41823
56699
85286
74458
78982
32836
42508
33527
83386
77417
19397
93586
98710
29039
62994
39232
41112
31833
14822
9515
40783
61204
36021
95120
13347
3685
91157
12305
28376
86713
44938
6846
74039
28333
79539
26091
24693
52081
85310
81566
50459
14236
2514
47063
56092
68612
62688
2764
39525
9419
6665
2972
8907
22060
93445
4657
27555
88540
95474
6844
29081
39436
13463
95704
98001
72770
2788
87611
9056
73568
66207
42995
16338
67539
98820
44358
90707
3195
24313
84641
52410
96645
51917
56674
77173
24388
59503
40587
4675
12371
94362
20207
73479
4837
9661
71763
36948
49370
97786
98647
35025
2570
41177
81594
37538
98855
41616
31022
44081
62922
72030
45840
29501
30337
31486
73323
90927
93228
26632
45866
42122
21691
7032
78300
23732
18471
26267
82602
12900
79577
66762
68514
5395
60768
77446
16957
78237
81802
85101
40801
94169
38736
29791
51452
94297
11035
32284
27242
19125
23134
36623
25256
19826
80452
33900
31696
76544
29290
7352
89823
85359
22670
89774
94355
61937
88629
10564
85453
70300
25197
25595
93696
36108
50450
68958
40935
6446
21111
42551
52002
25150
92183
69187
36691
72330
54864
42821
67540
35209
51638
97191
83934
25733
70781
10532
87108
47849
31423
82550
59278
25904
19616
76468
35504
9788
75688
10361
23091
56276
67830
72276
4054
94916
8435
60470
35001
85916
86007
30681
37957
1688
451
15763
8790
94542
73572
63401
74508
18016
67738
88734
71159
73997
34072
15609
30766
47004
64812
32409
73373
51083
52738
84059
56515
36896
33553
39915
26228
26295
47752
98591
24507
75601
55099
33606
7993
12961
82402
44748
53790
60611
50436
54135
96147
99555
33455
31712
30596
17777
10240
86188
63736
89906
74187
89596
22402
21065
5020
68398
58132
44156
89661
35386
93749
59921
82306
43526
48888
13857
41396
96557
2399
21514
55295
64764
72014
73381
75649
84190
29492
44016
26244
84047
14391
47616
65633
89140
10325
76812
45638
28297
48541
84513
32224
84615
80562
99269
42188
42283
12401
84571
13079
48388
33045
59318
5106
85660
67570
66717
58678
10268
45046
48385
40711
62624
16192
25564
98777
44387
23797
7648
64747
62659
27736
3112
73077
83907
85175
76446
93247
78376
96800
51412
44650
79185
85509
51202
84518
53528
54185
36792
81504
40960
40724
83125
42140
26509
76931
40588
19356
63517
51238
7189
28422
98840
64640
90865
33373
36041
2905
72148
35998
54590
40015
45490
21648
76881
75801
7637
7298
32847
36781
27751
98424
44330
31036
82993
70179
52491
99981
58057
4577
59330
76086
74586
39600
7024
64367
6480
20198
62168
38752
88567
61505
25354
74604
72091
74713
67112
48482
4243
92147
87932
40687
67871
86090
97174
29627
60900
4208
31638
64468
51986
87921
69131
74963
47806
92620
3138
45198
8320
66570
67640
25631
12391
21194
90698
27621
26435
36285
95012
77158
18282
27218
74590
31672
73372
16630
1677
37977
40674
46321
39676
83280
37178
8249
82089
70719
78497
42428
1443
44687
66397
51083
52421
26330
36574
54438
71604
58012
57336
19267
25880
58196
3409
20533
84287
72800
81349
56844
51397
65591
35870
52666
73835
50300
12431
88262
4412
28517
75266
79699
53220
65584
93773
65825
70597
99579
83224
86871
63763
85823
85792
35841
20772
39039
70820
14735
67517
4154
21708
67185
17977
42357
43631
62840
40482
80748
5836
97856
62187
51212
36010
65653
90992
525
53865
31487
30328
10222
55925
61632
43904
83366
65605
31171
11081
26038
24497
86244
76395
49245
34948
45192
34245
50833
29062
44832
99373
72764
56404
75033
52136
24368
87349
24671
36204
51033
75824
25902
94950
53998
41751
68630
60382
44092
82738
19017
35893
69971
59490
46154
21691
29756
9629
1549
17380
56387
70748
256
59257
85278
70807
60313
64265
20197
65318
86929
7485
19497
99893
27041
43203
34240
47412
85577
94180
27129
74226
52037
52111
43263
20383
67912
43589
79023
9662
45697
56493
62202
67584
72825
57512
12316
24367
8223
61635
45037
81280
2301
13287
82706
69184
42339
40965
96747
88204
24599
67996
42286
33434
25602
39848
78527
747
52957
12934
51589
33562
17716
35301
49613
36280
82242
12906
16350
87945
63228
74199
47584
28004
19585
70960
49682
15503
2146
24124
26730
15624
37760
42250
96296
68263
66461
38621
44468
53794
58828
52975
42258
39862
84590
52741
94152
53819
66483
74837
51688
65457
29808
63177
81238
7033
30103
96605
28199
56634
66432
93941
97066
89895
59001
32748
60798
60663
42060
4132
43252
34533
53116
46049
75269
90247
35054
56772
21281
40072
15753
19084
76767
36123
80253
67385
27728
99316
35031
48585
83021
40125
90111
46697
56096
96854
18621
48306
15303
7754
91746
5436
69254
67847
63001
52284
47420
42170
74765
2016
38231
66209
85083
75952
365
48413
60331
35700
78566
87630
86963
62741
78302
8529
20631
33237
472
20315
15880
78800
67811
29380
42287
56349
75009
36907
90746
37705
80755
95807
16695
38436
30860
48391
41306
65497
20135
45293
94575
76812
18996
73330
18821
89224
75390
20099
95320
67716
27637
36232
58667
50962
91473
49546
47047
68356
11945
11012
98513
10491
72364
76336
49140
96917
24553
19577
89062
76849
89916
91507
18433
34834
62355
13067
70468
83954
48654
26834
30623
25854
35641
74647
18937
45582
30349
47715
50235
76187
53059
51030
13963
62601
97870
46065
74761
39912
69528
33705
82266
30868
14516
42873
89835
4257
20531
95071
22909
93025
48762
46034
58084
75502
11721
69355
41769
91551
56463
56811
47810
74289
38004
32840
82180
7764
34038
95738
87890
38308
27708
14977
44878
23689
9078
85117
44502
42583
32161
40059
82325
70455
78322
22743
6460
47247
66921
44585
95175
77842
83956
95687
70273
35765
79281
99905
7395
73094
80088
60228
20318
33777
58164
26485
28156
71102
52301
21480
64882
68167
26451
47823
56910
90979
78228
88757
48578
52517
87735
53801
80552
22406
81429
58152
18930
81398
72958
21854
4603
69435
7191
47128
66848
15821
19127
16634
50720
33211
47884
8552
98820
15364
59782
82970
2053
23165
58544
60434
42234
44976
17979
32141
34908
8348
76896
10139
45946
50068
17881
90381
57400
78580
93619
41916
16169
14890
59970
64063
95223
39533
74262
27454
51893
91475
93160
94138
57618
16533
85267
62302
1410
15014
64273
57975
89910
1560
95585
98698
72601
2454
73926
26085
93524
99869
66226
7752
28393
64608
62731
89107
14052
43967
13666
36314
90325
59666
84032
90270
7701
95687
4636
21975
91099
47583
76860
11036
25700
88048
2824
27944
3934
13844
52028
41279
5290
17190
85206
57229
46738
91227
98102
28605
50122
56484
39448
86373
67515
8107
44039
33955
30584
14095
11743
26545
79794
98724
36953
34740
47756
51420
35797
40248
9929
82911
70701
12943
53601
85857
98421
72431
80974
85645
68218
16288
68490
37113
26396
2530
17786
85734
31057
61695
22367
55994
87491
2012
58481
4635
64649
87002
98886
43844
62983
81031
69213
37639
34916
18997
44216
72193
19040
7903
90567
31283
21185
18255
19780
718
69917
5172
67316
65808
91616
33775
5080
9518
10514
62093
86189
51899
16421
14607
70440
16642
59370
18387
65323
53594
93629
82210
94706
26506
32871
22242
6874
51779
9995
96323
34222
18803
83495
58912
43777
93773
35572
27068
30133
91824
81518
73619
41747
87525
86736
87780
83578
69083
10870
55659
55036
41444
47686
60432
36019
20285
49081
62820
13672
46668
85398
28834
37497
44949
40515
4867
53542
18711
92985
90667
13563
23813
81032
50963
83461
26270
22976
75690
68643
10153
56858
41946
76544
12200
73608
69238
25078
31165
13194
58831
2827
35135
49266
11246
22628
74059
39339
87021
7256
42000
44261
4437
55307
91415
92536
9455
88827
1
14004
85753
29860
63059
95253
96721
60166
30218
12928
65799
68003
76868
53316
65166
81878
79272
32631
30453
69051
61932
94910
54583
89093
76699
32347
93053
80347
1699
31193
39752
42241
32951
2621
88028
33619
20031
70524
59591
47927
41437
13999
39432
3345
9554
50451
44733
45316
36788
6887
21312
5991
47380
14453
27814
80176
23114
29272
77990
10862
16284
69535
15672
47102
57037
7585
43810
44733
76091
44307
44153
64914
91660
28010
89784
71
77061
15098
94193
9472
53665
43019
85415
3928
66105
84535
953
21335
43721
97681
97992
74827
13360
62196
62519
8743
39689
4691
21645
98927
77335
72795
81224
54789
36748
83880
76990
51168
41223
7441
78137
40865
15375
36175
42860
94764
62829
15797
77717
93254
63225
31729
29772
47423
16612
25218
12478
46360
51750
94558
80774
74263
54185
50305
59075
57690
66692
39711
79410
73951
35515
96890
69559
92914
99098
55771
9290
87092
1311
74666
30901
57813
59852
62386
96077
73279
64003
37883
86786
23713
7439
55986
8072
333
63182
89968
21585
54954
52758
42932
27488
8286
34729
30255
47052
3069
57045
65313
71578
92718
63635
26160
69252
36391
9518
4067
49783
20195
26456
39117
91703
4241
15647
38022
17708
81467
75115
71879
8682
48190
81740
66230
72733
99700
69907
97008
97294
54365
937
49682
22596
60011
76493
110
30853
65095
9105
82854
78270
75652
68819
57349
96845
66112
95604
59198
39953
66924
69558
73932
6128
8648
40940
29568
71166
59846
60923
66499
69554
1704
71832
89967
17987
81796
92893
44745
98578
13897
41131
80794
35838
3558
47242
90784
32378
84995
46888
21289
29533
91321
62729
37460
76978
54386
57050
79586
69929
7258
86811
36811
77004
64547
78199
29358
76258
48525
55807
40841
67575
30379
30788
90396
72559
20294
43792
92968
50045
9642
91154
12621
12143
48991
97834
46131
79782
7794
98761
12211
69817
5764
40572
40710
9378
82626
91440
35973
33776
78522
3281
90795
86055
34785
25432
82926
60761
58613
82874
85556
82839
97760
8782
92752
37238
41368
42121
22210
34496
70977
5300
53813
98690
55426
63368
26775
50204
72771
17799
93604
75421
19153
39392
92836
10735
36226
5295
56978
11457
27825
26429
38128
43385
29998
41114
94666
56331
46346
63832
17648
96300
70908
65210
49669
68255
69691
1912
27063
23241
47274
5734
13199
46747
18116
81060
89419
94020
67186
1126
27617
53083
49044
78202
76017
54287
56663
31430
37495
44862
49289
60723
47375
10780
81231
24602
29474
32977
78447
30796
68069
99597
5999
82352
48796
23576
88079
6304
16954
25521
82939
33294
2362
68659
96822
61785
17683
79376
15650
28694
66331
28545
10557
33991
75557
71807
30183
65876
18758
35810
47923
52096
90472
40138
99610
5835
65200
9615
80832
45466
83769
85068
98733
7490
25812
72199
90743
79647
29217
79891
58295
15287
9407
35135
53080
42117
8741
28121
81039
56067
91813
79607
85687
49425
94722
84485
51338
22853
58836
94190
91614
93503
95376
7527
65337
7952
52518
4294
28197
93193
42942
61408
29677
57494
29505
61341
21311
89769
95418
99775
98221
34713
35840
33569
11770
74449
10647
55368
76623
37157
63155
18890
59743
93501
33697
22926
69770
2066
41109
25331
4561
78388
81702
20466
58189
66292
87390
47549
40006
27536
18989
17907
76902
31765
15970
10933
35707
41374
89430
74443
27412
7740
39256
86140
46185
19984
58370
11284
65470
27094
52360
81853
63306
19232
99924
98848
81420
85238
4576
14650
8430
84541
56201
70569
30608
81430
47584
85218
92835
75780
40049
60613
78268
78839
80362
99595
23315
13068
97285
11814
21168
2383
84142
31380
89789
89018
44748
45493
47416
2181
67403
83784
34848
92305
86588
49890
717
92238
34106
65032
4234
69930
54789
6852
21958
39541
71182
59922
68139
56657
1472
29572
84088
11684
31585
5897
2208
14004
42711
45719
27715
28800
2226
53220
51776
62447
83045
47687
15605
22923
40693
75714
65719
79216
55871
35399
4586
19553
53409
73144
7739
12544
53179
39598
23457
89679
71049
87481
40794
3406
87504
50425
39844
83034
91240
37147
239
98738
50825
735
95508
61516
66333
49868
72795
5364
29795
62561
18250
68636
35681
64207
20555
42905
63206
26426
80645
41982
8693
80234
76707
41524
54307
53981
43735
36393
45952
38911
84022
7986
16063
13902
2808
80983
41160
58263
48567
52408
22063
76188
69053
88206
7407
61976
37910
85341
48838
95185
34080
16599
39860
71993
99809
27166
88522
99419
75800
86905
36661
82530
70273
45336
20353
76301
65047
83734
12717
33623
8638
79244
5887
34873
20296
67348
75368
31262
49407
52306
45434
70002
61567
73339
22733
60216
27470
57856
39436
7869
84858
59649
69632
70249
56338
36167
69640
59270
16626
87033
58007
3936
44604
70549
734
52249
31409
50309
37606
80145
92028
26407
62110
59127
69131
26658
63768
53189
49609
69442
14899
20210
2264
85185
86150
34908
88774
29583
40070
16331
62982
15674
66365
98014
44242
9113
86271
47383
29748
49280
90178
98418
3683
86196
39376
99054
16050
43894
14181
89342
90666
60457
37408
87802
2201
44416
2416
88288
35214
87121
71916
23559
76694
46339
31543
32283
89800
93384
41023
74646
45844
70225
83219
16155
79744
5592
26488
50462
88645
29094
93487
35190
87111
5754
20647
328
31296
86930
70453
53878
80467
67879
23601
7830
36731
55276
77351
87621
83151
97381
34541
46424
57153
51912
11650
166
5581
67727
68854
93447
44450
64500
42904
41094
2364
69413
67410
37429
73774
25259
61438
1511
72921
20476
64382
69230
65794
1960
28068
18640
55794
63687
89310
30779
64061
88869
51215
49560
68690
947
37565
39705
65154
85827
59645
24771
90789
71182
69450
39373
60239
46241
36429
23211
20268
88071
83685
23317
75716
80725
55997
51290
60001
69840
78221
46459
64451
83824
9150
13172
51888
55116
63938
38253
18603
26371
48945
41358
39344
41339
54561
70829
60479
86270
35764
91186
43500
38677
65444
66837
62739
57154
37297
32389
96185
77495
65393
42252
73465
44393
85977
18314
34978
11453
89522
76107
72227
8478
71671
95732
19687
27437
90788
91047
23631
17238
66573
85765
8044
50531
40447
38367
26473
56543
58793
18961
82738
57468
75068
73413
66970
43250
16064
62282
44152
28631
55159
4011
42357
3025
97805
56363
99964
70862
38875
91269
9537
83829
60338
6213
48822
7091
91365
5346
29988
68509
51667
49652
65461
13472
42945
15202
43548
91751
32561
80335
67276
75280
9379
20620
28784
88272
53420
93106
59533
1607
32396
95384
60444
50702
10642
43301
95216
34205
63449
48917
80597
88959
6418
80422
54082
88602
65710
5385
86432
44693
60764
92885
41324
86827
42872
96372
40357
68679
44921
18828
93610
62097
53757
23068
38172
79058
97308
24424
84650
90522
65859
16888
29923
87886
12183
92403
56955
38433
58456
64882
17188
58725
45127
79461
20391
73397
41365
43121
54405
58897
25709
22912
68788
44709
26783
85656
24978
36786
39941
58366
83505
15525
68662
88146
82000
82815
6727
64994
28138
48335
94794
45765
39939
63827
51142
69713
66934
26605
57639
60834
4256
48880
49154
88937
64673
39949
36118
84455
81576
80265
51741
43039
42108
27988
92104
49099
91280
65081
52436
48962
3754
98693
73993
8893
11665
36895
47546
4693
47221
11441
22246
95942
14292
17712
52683
9714
72193
96930
10909
42076
78860
49580
43732
28038
45496
62689
45260
31866
73844
93476
1245
28283
26370
15902
1156
81198
23602
61662
75330
38714
76301
88749
86376
14276
20800
82995
83629
50320
14401
35160
61026
69986
73415
37434
71192
5902
1824
10023
17872
26873
62672
56363
62936
17381
16426
38415
18063
352
57743
86518
86723
52321
33349
69322
66639
80339
38637
22632
57661
90210
27945
1854
30571
49812
76545
22721
24539
22726
78752
89875
86791
59244
97991
64724
98386
53312
49102
37256
4872
51276
54681
22452
65363
98669
35327
15260
37304
21605
40911
31918
26282
70823
58578
37891
46281
64314
31682
77572
76326
98261
32801
57512
95491
55917
47615
15293
58557
74228
30057
46505
4831
71912
75170
21345
58294
90788
99987
34397
57110
45178
19149
70982
34004
85221
55647
58001
81645
21718
39462
83123
75223
41708
80240
13143
62579
97311
92975
52918
15291
16537
14595
73909
8028
98216
87707
93926
70467
60991
65478
20695
37362
90805
39067
80337
20861
35281
18871
65488
71154
56114
67416
28813
19377
77447
96442
45299
45270
16294
15406
28603
2467
58379
30787
68486
38932
2392
76296
34432
43330
83170
7358
57524
47945
43185
19077
46089
97999
20973
21175
41139
1069
14396
1376
42140
46681
98257
53793
70059
32385
49756
64452
37316
88572
37431
77257
53505
76973
23617
5934
17609
22690
11554
80778
68458
11182
8960
53627
8763
91904
73583
52804
77202
32783
71067
48524
64617
74120
82596
18992
5336
68893
88483
26950
5347
40777
65799
64550
98940
4242
36040
46534
49732
56234
15275
1851
88764
10736
2470
95662
95632
81571
75789
29160
89765
87305
41218
75008
58626
32525
86759
32104
61565
35749
5505
63979
59801
60470
58649
76224
3980
89748
64805
43992
16658
99674
89559
27150
7170
53163
1498
46361
42463
72354
64830
50164
10787
24725
9825
31414
98957
27985
84370
80926
31465
54117
29911
39900
63047
59288
19816
31336
72410
84184
63397
79217
27306
91121
59607
23373
79866
79064
94556
45508
25644
21521
89412
28897
63272
16472
5100
11734
53954
94879
71993
13937
6589
17265
13140
9669
51339
64494
54032
40917
37026
82945
72720
7808
29470
4509
40230
61248
49345
22591
2572
56329
51586
50828
82595
67201
87300
81823
27086
75448
70746
29589
49592
32997
90917
15138
30792
50155
80960
74946
90265
64829
31787
84110
38470
53326
18401
38937
88722
43100
79095
34154
27476
67561
74200
12278
75423
12957
96554
50919
64644
64214
811
20723
35080
56788
49718
7855
22150
51717
32726
64739
63720
63854
84676
78994
45761
84685
68269
57070
89532
78334
95912
69537
87614
63399
92427
8284
76224
7535
68735
12112
30430
5671
90348
63027
99152
93129
35380
34022
70388
32518
3771
80822
71832
73113
13571
78001
42885
99772
93369
90672
19424
57200
99459
42920
71234
8847
18456
20797
2569
47761
16665
19548
83096
41427
96629
65786
62397
42641
17840
51944
27850
57507
66346
90211
37857
25493
28835
73395
87121
97211
6622
75648
93733
73082
85550
86452
31534
7076
76233
65208
38544
45191
56752
63186
63448
26816
76919
49254
295
95076
96168
85831
56048
64773
61622
20363
5109
91505
93688
49865
74361
60043
98182
23990
41602
53008
84067
98303
88063
64843
72371
88853
8918
75854
44977
63511
61692
70327
88430
61905
48388
15464
34951
43585
16901
72494
20504
71667
41664
30053
36455
25204
20109
96421
20826
41364
96056
64308
58897
77351
24729
34958
39118
52403
57062
41297
51838
44541
32104
55951
41930
60031
28091
45162
1022
46857
88317
34669
21710
96775
6386
3442
2548
55328
48915
22372
21751
91389
97694
90467
79277
59477
92404
20298
78551
6910
74885
98865
3754
39275
40563
8835
47559
83497
46536
27094
57385
23208
1359
42754
74282
59466
64388
37005
54805
19400
19020
80791
73184
28216
74694
60426
61886
50932
88294
35564
68620
7982
44972
11653
96155
78530
51701
7310
54251
38554
6615
58863
62511
90976
98376
73432
96848
11564
84029
65400
1253
20338
53434
94302
31702
34498
4098
48195
96306
9818
47115
97131
4050
51508
46209
11747
61132
45318
79074
67407
25165
95233
40718
80082
36700
13404
44671
75283
28231
30068
51230
36417
81208
44509
16902
13713
37327
29748
23029
82195
48272
50732
13926
49599
8220
26448
4454
52541
58685
70646
90037
44324
25421
91122
93766
63027
23439
27518
94141
75041
57278
14537
19763
53816
3066
63359
96955
58545
42062
28279
39512
2408
58868
23590
43256
80713
27136
60317
33453
24349
97512
1642
8275
6405
482
76715
95177
69500
43973
50843
48353
23061
19032
73131
57654
28414
45783
73339
77211
4933
30003
16817
46623
76970
89352
65752
48354
62907
33644
24096
9947
49614
78107
87983
74681
61071
38250
59285
35619
89979
35835
84618
54987
36807
12582
18719
74457
79941
74832
20904
22495
65993
31840
68752
65862
49232
29955
55603
53160
56911
6664
59621
41663
38541
4617
88597
39659
53937
97521
56450
16876
30365
22459
2997
947
14951
32156
58450
19858
19936
994
88814
83674
44206
82878
4507
99153
69578
89266
43879
31924
93843
73337
39973
57532
30426
70734
81410
98899
88961
43741
22756
32387
48634
61764
50191
57283
51074
19081
8330
32438
4256
24158
37589
74224
51684
66499
47308
55580
42679
61071
68919
58735
84213
33184
76819
25416
79931
72936
48465
7960
71396
87314
84750
79867
11466
43255
58518
38197
14249
12739
99820
24908
97039
92236
95355
93817
1777
61413
47389
31278
86773
91974
22409
36408
8296
68757
94049
89217
39845
12177
79259
39386
17232
27354
66855
40356
11135
48974
794
29131
90232
49308
33041
30009
44589
72849
98721
11763
93368
70591
35722
54508
64218
58310
62211
32691
97260
77935
76780
24975
26729
30586
94136
96088
92609
405
10630
94208
19249
14300
91329
82714
10768
41444
76102
82340
14922
90581
91487
28378
63255
88963
17324
32835
12722
8842
46483
80629
96124
73642
45350
82270
39671
60391
73425
83435
37039
6681
9582
49421
94751
45883
234
32491
27982
39370
39484
46253
57855
16602
59589
6330
53665
19976
58842
74419
75631
67385
61869
93327
13641
84228
15479
66407
61073
13246
98098
95008
5525
24052
46620
87760
20789
16319
32226
55018
53975
1131
90856
34608
23152
67463
65603
59819
89684
36945
11594
78587
29919
78740
35879
50402
93441
219
77584
73
90723
8053
33930
97885
94699
4544
62504
63647
85039
66436
40939
33178
53388
76592
45829
64405
20428
9713
18581
93446
36941
21212
43333
7067
55983
75196
15141
52442
78604
91449
58640
27812
63037
8449
29944
2711
58664
41957
46965
55806
50906
84303
5153
5639
46228
21687
36783
55084
21500
57954
96918
53956
60675
39908
54469
22459
31950
41364
29079
55767
86930
14532
75098
96311
73620
72299
30304
87784
87261
34206
36886
28799
38298
17568
41864
1796
65002
41547
44402
12671
83208
15971
31194
57558
22699
24390
53143
56112
66984
32858
15860
98131
19886
57395
69547
60579
12114
32003
36035
50141
71388
6361
70873
61858
95934
4029
48426
59720
96203
24230
18162
42529
99884
32057
67696
54234
77528
18792
54234
76143
87636
7177
36358
25849
3626
47384
51663
57134
52872
78848
93908
52589
51787
41282
90776
84807
77787
86371
1906
55190
1474
57685
4168
94856
86014
71878
84377
85293
38143
22768
25011
44125
60511
38740
32027
88235
74491
55846
39271
99904
98744
14778
26908
63354
68050
85556
48108
63199
46593
26926
386
75274
57307
25403
4623
13102
36646
65156
18576
7251
4944
6002
58954
54273
40706
79846
29100
1019
61846
15807
13594
50967
23200
47730
35819
89408
15269
31898
25416
37861
87456
73458
96088
65466
44109
65887
38851
2883
28693
80970
6745
90310
63316
62204
1753
49632
20023
38818
55844
72974
17313
17911
21993
70084
67065
77581
808
11651
73799
12379
17658
66718
74146
64566
24408
45101
95390
6655
48338
99195
93255
98619
69892
43034
67589
73561
92073
95855
19656
16274
12983
62336
40812
11298
16201
64855
30488
88186
32516
22786
87619
52035
21768
36476
99865
56387
7000
94921
23254
96253
19635
32868
68767
75909
8757
57820
21565
89967
76079
21428
36593
85685
58164
13892
47218
46859
33602
52747
92909
2942
31227
55769
9857
96582
95854
54822
69219
82528
17569
21322
26434
32498
85487
23113
55668
48866
80541
86121
5973
44196
83569
67172
94806
99552
24794
20871
50335
3528
13707
69928
21246
24895
20955
41142
2532
14
34071
73344
73834
37607
47202
85591
33559
74093
45569
38632
47577
79034
78842
26958
8913
97004
34398
45404
19919
13186
29105
37504
42340
72425
1283
78814
14543
17013
16292
52419
44083
40825
16564
1460
45385
41191
3598
22461
25436
27944
34416
93834
1714
83026
3067
79580
39471
6170
51167
37418
15416
61952
15306
74499
28211
27168
96213
19132
55091
47718
3686
4257
38401
61845
15969
67109
12508
99325
22896
1346
2114
43826
53403
76585
20495
37611
57062
44867
60898
30028
71134
9800
32365
37133
1313
57571
76384
98932
85114
64914
6598
11262
20636
44076
90651
79598
14478
49007
36593
74646
43975
29367
84726
95203
24956
99047
95263
72065
19003
16539
21204
8188
34640
60149
7216
27406
39554
36523
28502
32180
89626
90378
35059
20344
8751
93919
75915
96298
72944
3330
3342
5273
94598
63947
14231
27058
93004
18241
69430
70002
35355
99821
60856
23726
48438
89183
59894
75296
58663
13898
82486
59629
5717
44801
98770
34547
14815
74454
19785
63174
38016
87553
9852
52722
4710
26865
41322
42728
20415
82763
13403
8006
75577
7089
71900
82053
81404
40083
62564
88609
33862
86440
82250
77690
23424
81064
66152
51465
74560
24964
2194
22211
70456
1009
91471
21563
85720
15627
57414
43719
18785
8773
89126
71265
30927
49093
33748
111
56556
32561
78265
7794
44006
91280
86823
64144
98566
55711
82782
86330
5931
28157
89896
8829
803
65011
36687
90013
67609
40970
65625
499
70458
16986
78899
34426
10978
27475
45598
53104
42680
55052
46765
62174
8340
21552
13796
19269
55515
3233
49464
31047
51811
86084
92211
4800
39018
10973
85891
70897
37368
43934
5594
23804
47
20692
32549
4863
78340
2816
31894
30166
7584
70969
42414
23241
28615
99215
6514
96669
10442
98361
38368
70571
62214
49224
837
60274
11786
91702
96900
99771
59248
55700
78929
39060
95724
10708
42030
13399
89261
7704
69096
47138
23926
21032
24627
20458
41439
43412
73157
40170
35692
84728
50967
40485
60852
57524
48681
47723
89662
37273
40951
52837
98146
98292
45814
97431
60637
65493
43996
27271
72761
57069
76856
47388
35967
73139
96295
6034
30695
65943
99086
4777
34750
2118
17770
51172
66583
90125
66287
23432
10054
53301
70023
18279
35300
10086
48900
76401
39574
85313
23113
94445
47382
12154
99466
