12442
49423
80339
50134
56904
16627
69841
81093
3390
53392
77839
56520
65883
30299
11107
32002
3492
86455
76634
75320
68676
57983
70063
54359
17797
92054
58478
90218
78181
17011
20698
8197
24976
4065
9480
61905
23260
28131
61863
84490
30905
80112
35969
29920
37960
82560
21848
13567
95646
21647
8004
55880
20666
83840
41776
46021
22995
66341
98388
2682
13666
71974
24128
16702
59982
10659
91723
8094
76572
91217
3049
41466
97211
44251
92056
34990
37180
87472
77145
15994
34880
14429
24601
92020
62161
73741
67894
29599
59991
40383
17515
59784
81720
14351
43109
29003
95676
28921
41872
32247
7977
28178
28257
34222
79935
75790
55672
57092
2202
93049
71223
63863
48427
52419
50949
89374
23426
43812
46038
56626
8608
67464
1827
17746
13532
42379
72311
88243
30361
79622
8020
34911
41364
99538
78060
93538
79174
20243
95692
62478
66106
80589
32492
88636
86805
87565
70859
26862
15956
99346
52668
1213
22383
85890
37683
96869
34683
69419
63626
36000
11504
10004
8501
53477
92872
64185
76790
91710
51748
46522
22045
97548
40212
26518
91656
24236
49234
42197
34911
91831
96789
89733
27604
37907
54674
57478
40209
3815
10693
27925
36002
22594
73652
65138
22625
94294
23389
14027
24287
22407
54983
8588
12934
17349
32476
66354
35427
88595
59683
54888
80334
77955
90066
77455
3721
10418
29070
87472
63765
33274
58980
76121
32325
22710
34726
27137
42948
22796
92008
90644
93184
30185
86638
36116
96861
71207
52182
24243
83264
80653
97529
61208
63852
25067
94643
36338
58860
38237
77450
98394
21656
68081
47615
309
54465
27043
56195
1277
50033
68783
31262
73394
21788
6974
43329
28058
23855
19304
57131
46794
89848
58989
63781
52928
1197
61873
74386
94682
56679
33986
69686
57959
25955
25988
39663
78844
21706
78549
12614
94125
29206
66778
80500
38951
10205
73852
76000
35029
20080
73171
69057
65019
3884
20618
90618
55854
65686
52574
85552
95769
44877
47227
64345
5221
80573
12571
63241
37976
91962
8330
83868
79631
49783
8665
37956
83839
7176
33327
47361
5367
32554
68066
59493
20747
38683
59732
46048
38612
69213
67665
80768
22540
91161
3663
50452
14769
19929
90873
48705
29110
19530
38536
7153
59161
40890
26988
51544
11071
42670
66352
37930
48086
55623
40343
55682
28000
61593
10656
95206
63677
19221
50385
93980
57647
69771
68825
64949
4256
53547
59594
7615
64408
470
30038
97578
80685
30459
6792
56182
93419
56191
20449
97696
92372
59820
34102
82193
64836
54458
68272
46007
62607
38452
10954
84567
15322
92426
3047
94840
99877
20919
3918
72748
50306
11129
26700
68954
31218
27403
32133
74884
42528
57787
86905
68716
22922
49007
4421
26875
7908
24833
82297
95903
30412
59308
21189
48238
63981
73490
95260
38661
3990
75390
2192
18823
51280
29429
71744
83173
2007
905
15919
88263
85699
11254
31069
63227
7248
73407
5279
64320
75606
82865
67990
9284
75244
84900
2876
98896
82550
7311
14917
38631
19819
36025
32536
12152
55174
29146
34604
6418
73343
74365
98245
15273
81322
62956
34409
42447
81257
95184
15683
66208
47531
61350
82215
36631
83524
40153
68852
16498
11768
33001
63126
35325
94591
94333
65867
34189
10544
17101
26466
67409
2224
36080
23843
96393
58736
21922
6544
41022
1482
88255
94978
81735
10048
83303
36313
18318
17754
29618
55563
13538
49369
28506
55739
36683
32263
42571
15065
48648
32161
55206
86851
94754
75489
22711
23962
9856
13156
41685
21393
84228
5185
91826
66250
84356
23278
60359
38832
67490
10805
7908
36594
38627
28744
95480
96738
1085
79509
38811
62400
67416
38408
87563
48514
9873
77585
66425
34415
36633
17855
43422
67553
35290
96801
18507
61456
41032
66946
14935
90955
34404
78750
14505
14160
62787
97938
10226
41654
76124
82343
76583
29765
68688
67844
65904
52163
35873
53454
52194
31010
55934
86897
50051
22724
27120
71801
45475
30760
83178
39287
5587
19802
10480
72534
63612
85214
31528
63134
55650
27895
43024
1199
97997
16954
32684
58426
9569
65005
82790
72498
21574
11416
58343
37498
45686
27209
27285
12892
35963
46732
31781
24006
96002
11615
46871
70409
5325
70604
11926
38514
71396
27182
22915
6882
19329
75422
49854
80506
61475
65848
40643
23236
54119
2734
78751
4776
51548
20625
557
12275
29761
25720
90569
46918
58200
58478
42866
7857
90013
89189
11965
52002
37796
75450
32259
53913
76350
31371
75355
95107
95410
23110
51841
71570
43617
86498
85682
22220
26501
39746
32719
88343
7341
1793
71329
60254
99904
32004
10020
85597
17402
66608
5972
61436
19245
62887
11398
56685
70898
32415
46499
6424
19740
81495
76356
61311
8602
56247
65232
11414
99973
37095
92601
33557
40820
85357
82584
42759
85149
91364
95961
47198
2878
89942
48316
52426
15891
61991
2000
47603
89428
82048
88157
95815
54963
33462
139
52815
66001
85309
21610
66105
92802
49275
59981
4385
7175
50134
19100
54996
90862
25713
47764
50672
6988
12588
32453
1921
74329
94486
92834
56879
39389
52761
59075
73540
89087
67195
62107
38399
19519
18454
37379
22111
35170
23498
45911
29111
33375
66742
51333
55369
95313
76606
83549
58720
72170
10924
13870
72725
63412
46160
7165
71638
15156
82609
52324
61843
60168
77956
86042
94172
46409
12307
24985
25499
23184
34138
42747
27858
81051
98100
42771
26379
28402
91965
21420
11799
21568
80733
95797
15155
83769
78160
99333
78577
70879
82317
11956
32403
70867
44534
17795
46355
48394
9256
8871
55654
88423
90303
5370
58520
93567
53871
33405
62704
10508
58718
24796
30808
16516
32274
51935
65735
47175
14549
94467
43709
11238
54127
38540
78126
87991
18580
304
15676
6689
36199
81202
88766
14905
88541
18707
8347
7620
35365
35667
65296
49935
90266
71320
26067
68936
44070
93681
71786
7027
42964
74822
7139
75993
92471
30356
29806
99096
39906
17534
62499
9518
2780
47704
6228
77352
5650
70088
79450
57390
16141
59911
8854
26608
86500
43202
54198
93113
87244
19647
64245
43572
38776
20995
32823
86426
26836
9622
98721
52912
32605
18928
42971
34183
96382
7478
37203
25841
82439
50383
48172
12946
12735
84021
21564
32751
65822
59905
4872
9149
46652
93912
3587
23005
33213
28711
38755
4150
53995
59207
58805
99928
81139
89789
8304
72962
41329
34389
31983
71199
89323
92281
12160
82931
9554
86933
46031
99271
3643
62456
38007
97694
24210
5330
97759
76916
9318
33027
12033
96869
73176
76659
55134
48805
16943
25242
55501
93338
79465
49246
31154
2208
85886
38581
58931
51205
28914
82805
32475
81869
70513
41111
71575
30807
92090
33611
2740
61684
43237
49940
98672
50710
14983
30613
89119
13014
24599
61887
68056
39884
31016
24224
53062
6826
6993
27871
36498
18269
74530
23981
70680
51236
11092
34155
77686
21804
75889
9395
84660
57699
46213
21357
81742
71172
75828
56589
76983
52086
10871
94503
83825
65704
94246
47915
92276
91966
7918
23735
69512
71835
58076
1742
25564
26620
65294
28612
55279
26546
53868
41845
19064
93895
95069
46342
78872
37071
55762
81396
56889
6043
31857
26288
13030
34124
6281
79028
92949
97553
82161
90111
35533
82859
37513
5025
31496
50070
84277
87379
67655
36358
13399
74158
22658
30411
38830
25847
70896
45762
55348
86506
83501
31703
88085
75259
4353
95073
61255
43292
82782
19521
41774
949
90090
29366
63439
65203
64545
53645
43549
70870
42617
977
85661
29949
32237
49237
55320
52274
41318
27087
69808
36035
35904
24472
84634
55585
83207
82584
91146
18240
87880
10444
44416
36282
32421
73073
43884
29646
7118
40372
15923
66149
88721
65763
64079
10019
15842
99001
86787
58379
93200
6442
22667
26323
95765
81982
25083
77254
90936
22643
10135
72144
45489
28245
61769
91318
5052
32377
1064
63869
39059
20530
61101
22650
89814
87378
22777
73145
66660
2528
79332
82314
53011
82747
69522
94754
5846
65138
46354
75012
24804
68225
30693
80704
16485
52241
27229
24025
43595
1602
88329
32368
72662
51716
70037
84954
17937
58517
50016
2593
79351
31993
80568
65686
1478
29646
37600
76271
65575
41319
16626
5234
49036
60460
25171
57091
35426
63055
61802
11057
46171
3536
18124
59100
29025
22521
19824
21189
33984
30647
6166
93210
81623
37712
46789
73439
15698
2154
99624
71496
46731
99027
68410
46501
67211
24168
44187
30761
73953
35017
61763
66508
73089
14141
73118
33674
59486
72643
40144
97569
77445
75824
31813
94612
49876
73192
95125
66588
27627
59399
56246
21440
55944
48869
85142
8109
65360
53385
34334
80338
28294
76751
64548
91166
20291
28632
77430
7978
20990
62732
1008
76594
90843
32774
68542
93347
92808
48948
39274
90611
93407
46878
95620
34372
14211
34534
80426
14154
13313
52664
66357
77812
63984
56447
69054
93409
27498
5879
32956
322
34435
83753
80719
46192
99389
94434
45302
72510
26663
15361
74008
16929
74609
18339
59394
27837
3995
18992
78523
36389
44862
64558
71618
38145
80490
31611
5399
92547
81685
36053
21102
8322
95439
51155
45594
74996
25545
13544
47720
82413
99556
32181
78071
80012
2476
4166
2175
82806
87464
71947
94966
10981
13796
89172
76734
96939
61473
58713
50680
45814
5994
57540
14845
92710
81635
92822
61270
35217
56326
84796
21126
77679
35188
17307
73908
16916
10960
62138
41229
78113
5672
27070
91933
80739
5515
16190
28462
70401
35057
83985
9017
19417
66532
92203
37697
97672
96038
41970
97251
28609
92368
89294
60485
32057
85487
17787
54098
26525
62864
64696
28888
35994
31434
5702
25725
44135
38273
36318
33593
26577
64536
64795
45056
94050
92937
47277
36996
87078
26016
64523
2247
51960
75047
99321
47598
83233
40447
46030
77553
93625
44999
77877
57251
95958
8507
15564
34632
39971
81823
85820
78352
47614
1514
693
51623
300
6919
97410
4838
21953
16552
48544
72501
45042
50383
55367
34863
53893
2502
25106
19456
72006
59954
64315
1086
41938
90149
54447
83604
37569
87632
48411
18109
81221
91399
49158
87390
58676
93545
69418
19736
37636
81867
70699
35213
86509
31836
38800
70204
70820
11208
51940
41102
16574
69517
7088
60364
58570
32271
39992
42134
96689
12616
32016
3856
16790
42816
53432
18250
52438
5638
69434
30439
46477
81640
28148
90610
81076
78581
35789
96716
33944
4990
78641
62423
18712
63221
77108
33312
55156
72260
90457
38277
80123
44779
32287
87887
24611
8102
6328
42423
2624
57130
72062
20129
51651
15217
52413
30901
45810
79600
32274
16892
24147
65109
64274
94818
65479
60131
42291
61362
53056
96087
29008
50629
82343
848
8834
68063
63240
17878
90528
68862
12168
19855
76941
54002
13450
30728
91025
43819
61160
89142
78616
92799
80960
50478
36652
1133
85289
94647
3752
52396
30963
29539
47771
48874
59286
71852
47780
1169
30086
73416
75668
39640
36990
97405
74929
91887
74931
15453
23811
56444
11331
6461
19383
48629
35844
70513
87472
68713
48000
61037
42335
19726
99534
18308
59378
11193
70094
45666
14930
90436
84141
68813
50840
92160
12597
77400
49117
83167
96053
64268
14438
90193
34254
14966
39965
60978
76093
33804
41394
32382
39533
29947
12363
16991
25771
2113
17963
18886
14262
48352
14997
59908
45778
15320
31717
48434
76375
17827
85800
39861
53038
71135
13577
19753
7617
75872
42402
16433
3121
43170
77135
89736
96324
11835
83969
58927
65647
37595
23215
72950
80417
97095
85764
32790
65993
64047
75883
56585
41456
42268
49118
73638
38740
64459
15367
30931
32674
50952
14483
29138
81828
89932
90957
11856
8614
47335
48419
62432
49845
28149
1142
50303
44068
60872
1387
27420
24331
86305
88126
56273
11943
74181
65918
77995
5480
51974
58342
30522
66080
82290
90461
90535
49669
50556
76243
29041
23589
53896
78392
91028
16986
98456
68970
3855
65254
18790
22438
18635
81088
73473
83423
14983
20966
91351
37111
92697
90966
83734
67866
78776
38586
39587
5523
49034
29733
44044
31892
88714
55375
6683
32996
85770
67307
43530
45082
53603
63613
32283
78517
47372
29516
73321
59309
35046
99162
99738
88074
49801
33069
34638
8374
8736
25426
99056
24883
80043
97018
58324
25834
57102
76093
9408
13676
88351
60422
82181
48689
48343
61001
89388
96790
34318
16710
8875
59442
29181
83011
4538
71825
252
54859
68817
54217
36945
4555
32172
42717
54748
91641
87919
27130
5806
82298
62841
64799
24734
75473
19595
40332
99800
57817
53151
48981
20826
93879
99342
41942
24757
66343
55767
96044
93962
25576
2257
54083
27982
10878
48281
30085
82921
75749
99411
16911
82517
15428
3260
13789
80207
75039
60385
32671
96181
60932
75723
14958
49055
87692
60244
37669
69553
84318
68367
91038
18736
42137
89802
81014
31157
52288
93144
26709
22702
73673
1647
48854
87820
19864
45417
83833
57865
19490
22517
26031
66438
41004
15167
32766
19307
70505
79703
77100
40796
98609
93470
31635
29091
58194
74470
49661
16564
65969
64047
60582
91991
14601
22227
85947
93672
62858
85640
65485
89947
19120
25935
20037
99830
95336
25776
22805
13709
50039
97740
63344
70708
64219
98687
99053
61256
52787
80113
76053
89313
6910
21833
8638
86512
1354
63831
35220
41670
37853
12436
38059
32297
73933
48648
94532
16171
91237
57975
90785
38512
56480
28162
90424
62990
17350
79891
3222
77785
86804
76167
21844
89474
94161
8098
85481
10688
53035
47728
66089
23328
50004
10114
95510
97136
1869
42563
90294
88398
52735
51236
20125
72268
32156
3417
58787
28096
30036
67636
34249
60862
97678
48620
68641
34375
82354
88992
6136
55059
10280
69853
16849
46168
18271
72459
20527
89069
88213
16634
42684
23421
66993
20006
82419
15866
43006
14824
73393
24911
91834
13458
4767
34159
40642
19985
31453
73061
46242
78566
28871
13705
35439
67577
33959
4712
63239
43672
83808
78017
4249
98754
26434
98041
34411
37058
56802
59305
21986
8938
87626
23230
39573
70117
85789
75618
69287
60917
74942
158
13216
65201
13462
37986
25297
70646
45131
78658
65257
9466
46186
67079
86543
49955
74804
69958
40000
97582
83845
37957
88102
70238
15194
18601
2815
40289
26537
11495
79869
94333
72453
2320
76384
76615
31814
61975
48869
86802
71038
68100
43467
47215
17979
30907
86412
61031
85601
26526
51211
15172
83483
72155
7063
18723
85785
36812
96131
18305
77918
79213
172
28133
63854
23976
29546
23553
13629
5594
27810
87646
12250
98992
15995
96676
25442
77009
77524
47293
47648
18315
85960
54247
47281
22423
46258
42462
8154
67989
58182
89012
19149
64522
32339
78385
97466
95065
38321
9020
50199
66511
96878
59206
26683
5170
16827
10294
21805
99491
17414
76211
19380
22832
92363
83854
46828
96733
64707
46132
41646
48456
83645
20314
14451
99031
48408
75782
59377
67899
31208
73017
45612
41304
45205
280
72735
51304
28558
57458
52549
58117
81256
50889
80899
97162
37651
8511
10626
27136
78194
29379
75533
25388
67644
12408
89592
26847
69344
2567
24382
21026
1207
60233
92387
35790
75450
26131
19661
99331
5706
2312
46239
31574
88842
42388
11240
39484
78714
70883
32883
21903
20311
70204
76477
10244
15247
93478
75768
15885
19807
92748
93202
18095
3919
63145
75318
7297
61701
66534
27149
35192
62752
29455
53885
35383
53795
18015
45841
87869
64543
51334
77319
31262
89654
24459
16717
19670
70661
1648
57607
36261
7206
23975
85313
24462
36422
92716
54146
45691
92610
19280
53916
71342
15584
27566
24431
34495
49539
74364
64383
90818
39555
71110
49533
65675
95269
91490
36493
45093
33061
76732
66508
30970
71820
33487
73836
57417
6994
1741
17980
46339
76301
18041
56580
57351
42036
92827
59422
30975
10240
25570
84847
30119
43833
38495
96419
81679
93373
17929
57599
11060
45199
17128
31492
97569
91427
25393
55265
13428
77965
28074
54345
71185
9286
38340
41898
35283
84010
75516
13395
17219
25305
36201
31843
32122
45705
86091
59046
98773
73789
52292
10237
82505
22991
22651
61831
97022
47807
8937
29457
95400
36373
41657
27310
93199
38856
85830
3452
38905
65995
19746
16700
49253
10017
91128
48769
47385
1179
74781
92965
65235
51891
84526
14119
22774
98075
92431
71114
35956
32678
63812
28731
18279
14418
41354
62529
8325
53725
17136
16348
56138
74200
80527
90496
68876
30404
30941
88704
55625
6135
67504
33996
90788
94134
29192
13770
65011
92985
7475
30495
40153
50308
49565
41969
92185
17605
254
24135
76351
52161
96497
12130
61768
77217
22430
90333
61570
25800
61269
13160
93242
89171
20125
90597
30935
79573
15642
90988
26383
4235
37086
31912
9811
93477
9692
16637
20653
83451
76598
16196
94217
65666
40985
39435
55888
83092
70628
32539
57809
46959
15852
42725
96664
86433
30175
61700
57834
60469
8523
69689
25871
93759
10715
51295
96927
35767
4811
85996
63917
93456
36712
39409
89027
70233
53580
97005
19481
93216
92890
63148
704
10698
82904
18845
56276
97358
93623
72452
82259
5092
52260
13891
31238
29684
51607
82241
47967
85466
46607
5255
63238
46493
8355
86509
54299
98119
6912
38526
29776
50549
19229
41420
28537
23365
66352
27041
19143
48730
59676
7400
18861
25940
86284
55779
77347
92318
22130
25253
71780
42354
77136
77619
10381
53807
61217
19723
74656
78078
67146
76567
67964
44246
60195
96824
47011
49200
16440
78258
19184
63194
18383
16037
9200
9000
30274
8296
34095
39858
68969
92209
5873
35272
97558
21941
52694
30287
36011
73104
10082
39589
17375
12961
14014
32713
35668
65784
29524
30787
78768
36316
50205
12769
85036
80428
9435
17088
69810
94868
80595
84622
72335
81613
9605
86460
87103
74371
51458
40806
90340
87364
87726
68067
9877
24459
273
7608
52
25364
28327
71525
74582
29658
89282
19023
5170
53067
5957
69398
62314
43674
22826
28770
29724
15281
40169
5708
67190
17461
75520
7096
10059
75476
99738
66479
87504
14728
36941
52917
86312
50691
90189
42547
38434
68536
11348
96201
77285
63749
82817
48533
75635
80248
28664
68239
42265
98065
94531
13216
55631
22997
67550
49913
14926
43224
13874
11737
18575
93550
94918
21668
45858
13325
4736
98795
43041
49112
71794
92896
43495
66844
64024
71638
31290
29354
47021
21022
68855
888
35149
49228
48111
92243
87371
60343
46878
20057
15036
96781
80193
89723
90523
81482
61735
27578
70098
35090
15999
32224
15883
76029
57539
49088
21417
80958
97601
7157
56741
61568
71686
65108
97959
3209
14700
68531
11793
64236
99085
69549
70456
76882
48671
26105
5166
98028
2208
98990
69307
9885
39715
89344
52953
27060
52315
49085
44119
72953
79223
48855
4373
96553
60905
19055
39492
50895
54491
28080
32664
68557
95509
75976
26608
56365
32727
30457
92497
30751
40906
35031
27700
73385
45589
39948
88189
91451
25730
73606
81920
32424
72594
34661
40040
72976
19757
90346
27615
47397
57089
47455
54750
21200
44545
40260
93895
27765
35949
99692
4299
5966
91402
742
50998
65585
16604
39941
84475
88313
4919
42652
78698
11821
23576
44903
95181
83236
66166
10170
6440
61708
96673
7189
53215
17217
59121
86437
94968
42841
95369
91463
24487
36380
33071
96397
4062
225
63818
89737
74459
64127
93434
74572
81784
13376
20572
10144
48900
26326
37430
20767
11622
43623
10012
76986
81624
55400
24182
85421
37123
38872
52922
18466
51206
18538
65457
63095
82183
88534
35794
72763
36771
32272
45823
62
98710
96868
79145
15345
22876
55702
13380
82379
8228
87867
11493
1985
71994
56586
68279
3788
87442
54729
60098
77448
28205
99583
23413
69194
77209
8535
88817
26168
51048
73671
91974
25594
85206
4314
49818
89706
474
28738
56916
37755
72947
29313
83537
54192
91809
53886
70893
46086
89146
94539
52700
20163
17915
87575
5570
65752
88998
21096
4368
77648
73094
45365
45822
59552
75128
37639
56155
66162
74898
88424
73955
89718
55325
241
33400
46611
54685
57539
24431
94685
24503
80122
18731
39648
98920
95195
79481
65089
65784
80201
77482
46975
23882
38448
67297
809
6987
16045
82128
9476
44644
16233
73242
1964
22636
86047
27159
52366
51117
96331
14031
41147
34592
5461
7092
64164
52929
6993
13521
25620
88536
15353
19484
38972
65106
87192
77237
59746
48836
27788
71487
28248
64634
43828
70574
20290
76290
63704
83018
90891
54617
1431
98809
19676
23075
96999
79269
37780
3528
48449
69185
30012
21995
15465
42727
24243
66019
39171
86395
85827
94826
42417
39793
46147
53204
92064
80187
50104
94308
48964
12262
90887
96323
17003
1068
11830
54606
30963
98432
96183
27766
88686
79780
30729
47565
80330
67883
51498
24726
83063
33223
43335
66885
90615
83656
92696
10084
18193
54044
86362
76696
15465
59995
86228
40128
9583
1512
61520
37449
48618
3128
4779
44815
9815
95918
90595
82706
10437
78609
4275
84264
39640
66063
18220
72497
42824
90873
63213
3403
35462
99472
89654
36719
21562
8218
59987
3813
71613
95579
44256
15134
67006
33468
47772
4750
52809
7040
48993
30694
1827
6649
8164
97417
91029
26505
4370
13232
40809
82090
42271
24255
87221
17493
99757
86920
38862
38636
10538
93912
40765
22698
44038
93988
47307
10639
47069
29990
66307
49784
48079
64321
11977
28527
54576
45618
55988
93921
57553
50967
52579
55078
53947
3255
4669
47356
80111
40083
50865
68438
79487
86307
29798
13387
70417
39533
50846
68887
6229
35615
55349
36674
55597
97124
37187
10340
80753
50916
10371
65016
62755
21105
50040
18677
4859
61763
94032
37206
10141
94620
24217
31862
581
38176
82781
82692
20148
36415
78343
60079
96321
58447
74127
9110
36956
98485
86776
15695
86844
11971
80928
91482
69828
60622
6194
64094
83750
70525
23930
12103
700
24418
13721
5409
73700
70702
89720
11543
40207
67836
90356
48575
88041
69032
76055
89755
70037
84862
22496
11879
58862
16272
97285
31317
62757
82164
64429
91730
38876
33713
26929
97612
8075
730
46393
17989
5032
19583
78474
17107
19085
57123
47048
98649
44741
96750
70819
15153
14075
49836
49565
74832
19670
10509
69583
65167
32738
20106
94401
10829
25452
71072
16486
55894
62083
16102
47297
31227
88270
46646
94462
47528
18227
84463
14553
24978
85455
78825
55894
20977
42045
41817
87157
70944
97177
9391
96758
37877
88439
90221
33129
11382
73638
41060
23714
33010
17656
71330
69219
95481
22571
54814
81451
18751
66274
26599
6569
45932
29564
63804
16164
24276
79164
28266
94013
39245
11631
35461
45571
45282
89731
39819
7605
42010
94194
11518
22738
78723
22735
84635
31520
74073
14366
79584
1184
72518
11559
85827
57650
81794
98263
46589
4737
93143
25977
11687
54360
4431
93587
36303
66118
68777
56248
92065
87158
39022
94567
59983
52584
80586
41555
61028
17690
75548
43204
96980
18511
61604
70819
22657
75477
8488
40
10115
68554
70289
49385
83940
10473
56880
24140
52164
71199
35054
72476
85344
20594
47411
2127
63222
22818
82301
87687
48911
6549
73148
92759
34476
81364
69620
96273
41443
61547
12482
90181
87192
61651
87207
97522
9172
99554
57499
60367
38
63097
38594
93512
69007
11770
59941
17341
1238
59578
4557
75998
15628
19108
84107
7847
7775
8208
22061
338
97328
19499
70036
43731
69244
63316
36454
59740
8030
32112
27224
48432
2585
1955
21754
81688
65119
66835
79031
89506
51303
78380
17341
83847
70820
34211
81733
79137
58797
24680
35195
51508
29219
66859
14813
70450
25285
79298
58525
27424
28490
52933
25783
53999
97468
86691
27075
12483
47412
98938
37672
32848
9665
30208
3453
49663
79589
95247
52741
49215
52224
47326
95181
20493
36141
54535
46708
13008
5571
84592
76549
80922
83732
20385
82318
840
21554
18490
3152
82934
24128
88561
43653
42177
69311
62324
66248
52578
91792
44311
3264
29907
88059
95905
22997
89817
37537
38450
92725
73753
84051
54291
59849
20974
55125
65613
60867
57979
20328
6826
50119
94070
61715
49804
19779
65210
42961
45900
34544
47843
71192
48409
78493
20587
32910
62904
53930
67605
39718
19367
71170
65994
2701
21499
87143
82751
70961
75733
49020
63007
20531
95463
11959
30460
53039
19925
18039
74182
35728
80705
45383
78662
11957
36766
8508
39582
30290
54255
89629
29632
28744
64184
61184
70878
45883
25201
27235
26065
35329
24745
58313
224
39714
5320
27748
71701
4643
8474
2102
35097
94566
28250
52482
76643
47711
17708
9542
16214
46584
68007
94143
70146
78692
62557
7078
72244
76208
84373
2844
79761
56789
59116
91355
82267
62520
50976
32062
57055
25126
99028
52450
89348
95815
19243
44105
89439
10267
91276
86370
50930
53273
2953
90726
94701
341
56225
33195
22757
88489
76042
22449
59024
28637
20754
17178
2242
50776
23060
87865
61359
71628
97688
33527
23083
2820
88708
57351
50191
81734
46398
22098
75686
2732
2237
75756
7475
13913
74386
32063
37894
27463
33199
83473
58540
49941
63467
49311
65107
23601
88742
66342
61269
26595
85479
74617
34269
90671
33696
62630
5850
37932
33571
72125
27876
72508
2165
84403
65456
32706
56078
21896
17482
70431
74152
5927
13361
37173
42397
39672
62644
33161
91651
26744
20483
74965
70316
83533
54872
21614
9055
21276
83034
2716
68334
96260
31938
721
28604
60574
2825
5864
82060
84256
41779
52160
91791
95756
91953
34612
25499
30374
18603
69115
33248
94864
17540
20746
85134
21182
9023
55227
96633
21908
80068
13633
85320
2030
40398
8277
11
19422
28494
87795
95353
10578
29089
85541
46227
54761
92385
71381
93226
8154
70412
61342
94594
30414
83659
97397
82306
84357
94963
4869
44813
27303
71965
95929
18355
83727
78028
7334
32200
22920
58584
81273
76821
33803
95663
90059
56371
22131
82347
53480
57351
27536
25186
91219
31555
57139
42358
74781
20318
30896
93644
74237
71199
14570
68400
21969
93452
15234
89345
71875
924
96264
60164
39093
12803
6818
2836
91661
22289
6997
75006
34866
24306
47835
71077
35787
67028
59635
18477
2778
44330
65234
22625
38367
63017
2728
72406
16947
63938
50464
90439
99699
70263
55779
16619
96909
11648
99019
40198
7308
32192
96262
92746
97363
72141
83866
7589
81846
9617
87521
62333
56982
24603
96885
43842
48202
44539
66005
77186
34053
64173
76758
55137
61919
37519
14526
38473
42341
65472
13792
9527
19147
94707
98385
57106
6722
89675
67721
64466
59287
5334
20590
77158
69498
84931
82630
75187
94909
12942
66660
46460
908
30631
26947
52330
33112
58335
74993
460
65336
8835
62939
15021
48005
5065
517
94420
20378
69017
7175
42310
60706
32514
8979
87577
18546
73654
82822
44174
6797
9130
99949
71064
83810
23775
71616
36051
63033
11170
17880
13506
78302
63382
38410
20388
40719
35336
90363
19629
95680
3888
93911
48435
60944
2058
18376
28835
64026
42408
54203
17128
7510
10686
4080
32619
67127
98896
47222
11890
66379
29358
65175
66380
77990
8467
56288
44719
89662
48868
82944
10919
56379
35146
33808
29394
93360
35290
94538
59000
35601
74491
32867
90446
11816
95837
46773
54879
61885
32607
71323
38214
38348
23321
59537
62066
30907
31782
22951
46944
30038
18457
3070
24763
59492
24117
88594
96629
35528
72104
67826
39452
16156
35747
55641
80665
34198
51456
80313
18427
49649
90602
32835
90237
16729
52378
82180
16569
72343
77459
84857
33478
29356
65973
92510
17452
7594
29403
19961
92614
70498
17424
33256
25341
38230
31216
44349
66823
12834
55841
42826
23859
16442
68464
79053
38264
75068
99967
19833
58623
23237
32613
80722
74663
51401
62086
17461
33588
34070
52273
1477
5082
37813
5907
40298
45591
66378
81529
78128
76722
54500
40938
59549
1285
79236
71900
11270
62406
4274
30866
57529
36136
80515
1153
15121
92209
42960
4501
87081
90654
55699
90670
18200
11957
50359
15640
9550
58524
47639
9726
49472
91136
29383
29352
1170
62410
28512
37997
18767
17021
45531
30862
57006
33409
18419
94757
3864
59992
25812
56467
31594
67238
42241
55440
55184
76819
62520
88657
65639
35330
95552
65614
26897
54264
32182
910
5695
2852
44564
77388
10963
66872
51742
66824
89843
3794
41321
80665
85771
54175
79243
51281
74057
54752
18632
94024
10742
11823
57787
19273
89506
90268
42324
12673
41670
61909
55784
39867
30610
42134
45273
37756
58778
51547
95656
33625
3658
84954
9818
83529
8964
57206
27788
6033
70275
20179
86909
25910
33375
48825
94023
8661
89787
30858
40793
30878
15024
10825
46026
76
94565
3510
13590
66157
13683
71619
1190
85746
83355
48922
81700
14479
6913
63707
607
20225
32461
62181
69211
41064
98379
34321
39653
25133
69786
57532
85264
44842
21404
55717
12455
14335
87109
86284
77184
88862
10238
99
30397
72753
68643
79431
2602
6366
83734
20125
12798
78925
63685
64210
41277
79111
73950
68414
24340
91708
32509
85878
6610
32701
5209
97977
15047
68417
19361
45021
23525
80778
49418
34008
37608
54643
34851
14602
66014
46983
58967
64486
73592
29271
79172
23765
3568
38564
93821
78468
29966
15637
32864
91148
63753
7673
39816
18876
19036
44544
57732
69898
71410
9039
49118
6100
21934
15642
21326
85434
13373
92806
54386
95300
17133
826
88228
11066
55226
75959
50370
85278
59144
43451
28980
91053
34419
32931
57776
47350
53089
14209
81895
43455
27406
92648
11005
65183
24367
29555
50132
93588
94793
10787
35972
54182
44807
92254
29929
69627
75226
18648
89041
2061
89769
30682
79669
22309
72057
89037
24609
52327
68686
16166
35157
4947
36236
94333
65574
9433
80879
55667
27250
67148
67284
30561
2726
5083
24669
71224
42221
85850
59580
48382
76267
64219
47197
18369
57942
53271
29081
97926
37278
72897
53304
58915
87423
71983
99800
2998
29418
16900
62617
50319
63804
33021
37578
40196
62881
47000
94906
19171
64563
13818
8991
87256
86833
27437
1271
26609
63550
78928
11822
83090
42692
94323
39533
28736
79326
14223
15279
43541
67155
74503
98913
4918
71751
64218
38520
14776
8821
56192
9271
87830
25936
39460
46976
50344
86961
4198
28354
9612
60004
12514
29649
57508
52933
685
22507
23324
13162
23436
95316
92255
36053
2633
45108
50563
39606
84453
56553
38754
86823
26386
27125
32521
82559
66294
38820
77380
81626
48372
86897
44209
26485
60669
70030
26564
10022
4000
95798
85202
16677
96526
8332
93782
97286
39481
82344
46531
13328
98270
70687
50484
47450
51378
83033
27866
47730
93421
18377
7455
38174
89487
54951
99721
18126
29165
25032
4227
56350
40527
21628
18566
120
65057
48744
39384
66359
39172
26339
61564
42367
83011
83192
58856
81731
18577
89818
67461
68779
68307
56124
16730
92795
28337
39025
43482
94391
47578
92126
60849
48387
80522
39729
12775
69190
62252
86849
79423
46955
56182
88944
95089
15892
25280
76781
5722
92793
4189
3438
57357
91480
60245
37349
65768
845
22487
72954
15455
83246
83491
73294
28934
48108
45673
14771
2029
70929
94354
26858
18489
18709
63586
45817
16408
22698
20603
96044
38307
4259
83744
84856
34947
55209
28527
9087
36104
63160
41339
39139
28940
52533
65242
9180
86095
10236
13014
64410
57288
7621
24247
13815
99196
61141
7521
52519
6679
79910
1740
68844
73155
81061
66727
62403
37548
21068
78068
44327
93650
70056
39302
12404
65703
47058
34792
72245
98064
62080
66520
10258
51488
40627
63986
12410
7587
50520
13590
16534
46993
24301
37429
82102
10220
59891
72884
37769
40974
6607
37831
30713
79290
34278
97966
78246
9639
34207
23566
74513
15931
55915
61834
86514
31481
17760
36041
40279
38690
20781
69601
97108
44414
1181
79830
42351
81332
50283
53316
10611
55437
80261
86083
3563
73647
36894
56044
59874
8631
21619
66028
33839
34890
91111
51963
95322
11385
1895
56476
4600
42028
17898
53114
16701
7903
52256
78514
69614
48963
14256
23846
88266
38953
57072
72039
37530
57703
27384
59388
3983
87605
46401
82443
70321
13426
63673
25512
14258
28725
22754
32255
54403
88638
558
97998
66021
23171
12314
14829
80560
4036
9236
17236
1685
73022
65213
40277
12074
52563
59311
68311
70349
50221
25963
93808
69979
15180
23116
8290
79874
67161
18511
5391
8336
84008
53658
75651
31406
74764
87148
83709
55711
58573
81495
1202
21300
4290
28862
43934
87742
98938
88345
49568
30527
91375
82811
63178
74546
94048
4412
46309
18445
77359
50776
72794
92499
59028
98633
65281
5814
15565
58615
84083
75343
85339
25424
15346
93686
92138
97794
32894
57307
93646
94433
20423
7183
59918
14767
62862
37005
97645
42190
52550
31889
93671
57913
68809
92889
68413
24964
80582
51815
36216
50242
30255
47899
92822
38479
90432
95980
84323
88905
65209
79417
89118
3094
79853
29048
29790
79204
27915
85253
9924
93728
74971
289
4450
36968
87626
29555
55957
75200
52556
43560
44830
35694
2169
1722
82425
56320
61401
3211
8962
94299
92614
75128
54704
77669
51494
49630
96492
97875
35164
72766
98092
45218
24191
46376
55918
64028
24618
30407
81716
8697
14142
79368
59750
55216
81968
74310
77007
38226
91139
44732
86431
74658
75692
96587
62118
90071
50870
24088
91956
88513
48194
18035
77787
19493
5271
11765
72731
30462
53743
22793
62466
20715
888
57470
24324
10757
64629
77698
85953
47760
59396
39543
19504
42940
44035
75221
83144
1853
18782
35710
68987
27096
426
22627
28126
29855
28666
41691
31098
50649
99913
69259
18132
68538
90030
41126
83038
31106
35360
94350
16604
36615
97595
85587
37064
42332
48301
15063
24151
60846
88113
35800
68260
83121
51665
12690
96661
80866
14329
55895
86714
9370
30407
91213
56565
52479
34124
10466
7981
27693
52990
86714
87696
260
5495
32242
16020
48060
33682
67737
96135
82860
38439
15459
37545
41534
40852
73095
8980
71016
71243
91465
39746
98673
57897
35352
45600
14044
58356
51854
99773
80350
99281
70764
34705
65652
45508
64932
6902
71581
62446
4334
64637
43692
63222
78145
18669
65166
7196
26302
940
71552
35084
39029
77665
2175
74874
61808
49309
1272
71506
83021
44131
6964
74657
23564
90861
50996
94889
30426
96782
57309
52235
89180
90874
27850
97387
25815
38421
54124
66271
65777
96571
86732
27535
94448
74717
29103
48173
40321
97482
47124
19181
25556
46429
51267
41560
35762
65425
46208
86800
76057
94377
92975
92331
59635
91250
69372
36361
69385
67167
37093
31219
86665
49174
79613
61988
25345
67684
19076
88929
99350
53764
70382
64914
62879
50800
70602
77022
19106
42557
34797
19728
74565
16812
46810
60366
60085
28886
37628
12232
1184
78387
35625
52322
48623
36031
18063
39690
58999
29626
82185
7072
39540
14413
85646
62045
36407
74739
62314
64760
29061
97381
45238
53687
49303
72833
11991
61783
71557
473
27877
76592
78978
88805
99246
74459
64265
68632
63193
48614
43746
49646
24664
94282
72985
93566
345
39831
12465
52301
36071
96819
8733
2822
83160
13634
84091
36882
70102
39091
99696
37189
33649
91961
74387
76202
32115
14168
69745
76122
89723
53597
70954
32516
7765
95367
19430
12891
81117
14736
91715
35820
55194
90756
44056
55151
98647
49627
91868
59302
40012
59859
15352
98838
58657
77295
52923
4185
60093
3742
44855
5203
8429
73288
69697
7544
19752
27388
17061
44344
76241
58616
27605
55061
56813
68779
62424
88557
45198
44745
97420
46837
50400
62021
15416
4726
96744
89882
78888
20708
58705
29558
18414
34091
66196
82648
8083
38251
22121
94572
33979
15450
50472
25364
84435
85165
90293
85763
37062
83677
29065
36553
48328
58932
87404
98442
57684
35844
52510
29561
66085
86810
12870
72334
84409
95530
13834
28099
84058
3722
19755
42352
99436
42100
33195
58725
34839
82020
49692
43368
5113
27726
87255
20800
86544
39570
70065
14442
70127
22691
2543
89723
27065
74142
59978
32749
41001
34646
2586
4440
90304
41165
33654
24699
45861
21157
63748
90649
80467
19086
77845
97161
74289
52329
47431
5073
30014
23131
36175
37467
96101
64288
46567
90726
15362
56713
31822
2652
76628
90621
2325
70935
27007
71114
62411
66372
40861
25828
20183
17737
25004
43601
79758
35473
17511
19250
14094
1252
66671
4319
98276
70186
18897
84644
73941
29475
69283
57566
96687
7712
23409
37457
12648
74234
56662
19832
84681
11448
25998
2096
50158
83959
28372
10255
39334
23714
5879
47698
37684
15076
4968
48487
79998
18783
68174
36533
69754
59519
80479
144
4562
54112
71503
19086
17327
81870
7809
38567
49543
81440
75140
43882
26276
80200
74157
56236
79153
71005
1130
80062
1928
65628
98553
34085
87846
48090
51726
18808
98012
9186
11072
30661
40331
55222
14909
21711
11755
94016
47284
34778
24417
1875
88701
81463
68782
96509
37935
38243
39667
1900
35167
92403
9785
26036
12952
47623
49379
5828
81426
13790
93563
89085
27998
10324
69149
22783
41935
95942
43172
11678
10915
5074
25159
37840
79924
80792
67386
48427
15265
76678
12738
93007
18462
9753
88292
66568
23104
8843
49216
2120
66508
64082
79073
76059
77680
99040
92564
78450
51282
66506
395
28996
94394
20944
39983
45970
21589
51146
80599
68576
68829
78940
19225
95892
9116
48041
79522
39079
82475
24127
30599
58051
60616
26485
21611
78153
57121
35106
11991
30100
47631
49495
49004
25323
6787
36693
28651
41034
86832
98570
85765
97029
17974
60365
29577
14241
47705
99947
71118
72080
94087
53961
92034
83194
84269
11372
75334
7608
37368
42302
16516
31941
85858
53218
48428
51300
63107
59889
67827
12072
79793
34117
62866
37833
35830
62916
25027
28983
54329
51205
29337
44814
82053
61107
16461
1211
77243
85503
81305
39318
35777
74357
34144
564
75734
84243
37019
80829
84173
17689
88074
17497
50574
84077
94638
10332
51603
85466
13686
11339
8209
29578
59237
51586
79320
95174
23289
32440
77836
3184
24801
93963
34396
76634
89219
4403
42355
36575
13699
2837
70669
86125
74613
24004
67793
24647
18106
50969
31060
17630
71226
2944
98130
68471
47778
70688
40981
41759
45972
90446
12534
79414
64083
12807
64304
62557
81934
24634
78379
44892
44491
11277
58622
56378
49742
32165
82756
18157
76009
34633
91875
58502
98004
63946
22085
49565
76523
43360
45399
87878
24802
19871
73449
39334
48507
62918
20028
98643
78662
30150
75439
49525
72254
87985
3282
69970
31143
47913
36434
75695
4211
71228
51021
81005
79564
88164
31738
90848
88326
24992
55851
72004
42680
42161
50249
13976
37937
22209
5867
42374
30548
31315
37175
7375
72479
98761
52082
66074
28571
76251
32289
88717
72306
27954
77953
94499
73232
92796
27034
42534
1232
88153
46011
87755
44280
46877
1090
82313
2527
27061
88550
25180
25467
4026
83801
19400
63610
28734
93254
79191
34474
77355
56190
71349
45513
42387
92899
58323
9769
17032
90313
51751
97808
34205
28916
5565
94191
15393
91739
48699
3503
32440
84041
88773
28734
35321
29317
14140
40395
28406
79421
95422
46971
56613
15529
80643
47837
79561
66689
65134
26534
34008
41378
19407
55647
18651
23886
83402
87188
13924
5433
53589
98024
26341
11763
63162
11104
36300
87577
48401
39344
67216
62497
56947
19566
52086
35277
82895
40541
99771
89274
60227
56513
67714
89302
57590
37723
58048
46277
49969
64708
18158
96597
53688
77764
56717
70787
76890
5839
7927
35002
27378
32544
87760
63491
32795
74431
98171
88813
58881
26716
61500
72585
12983
40463
7536
26062
92153
97864
73715
87527
7944
25873
9139
92771
74602
82658
92716
63759
60314
71082
33236
37316
37262
56058
32890
91014
52294
77632
10390
29620
57715
19132
65521
48375
95500
51727
39910
96981
55966
15319
37678
82963
86519
5264
36161
52003
83569
54847
1382
97985
37136
44512
47518
14513
34571
66280
15465
47773
37387
79726
56994
15750
8006
28371
96688
89572
53440
79915
57511
61767
91069
51766
73483
17613
51648
70499
75272
94927
92050
46249
85226
93507
89392
45116
25307
22584
98136
83146
79996
20164
69170
51217
10690
30493
64947
8610
31665
39263
32009
54619
25984
69093
45311
51249
35042
78532
25237
96092
12514
50268
26873
64947
5556
63127
98245
40396
78789
41587
70435
26506
93811
44450
84497
70355
88203
11970
13256
42520
45706
23358
39348
4396
56262
77695
74559
25969
83326
11657
8599
64283
54432
84767
55778
41766
36044
41321
3598
41666
24272
18629
72683
68255
66145
85234
12899
46166
57442
32802
36620
35982
30013
9237
26621
69195
6154
7999
43432
15134
28757
40315
35168
68569
98416
28663
69597
40541
18401
89715
33508
61862
16807
39415
19637
58253
1966
11254
9409
60774
10584
27037
45222
77826
36766
71046
86734
54644
96667
66428
56231
11283
33655
501
80504
50606
39660
74290
81344
47379
82626
98128
5916
47730
33183
26555
92131
99818
36824
78593
40300
8300
7812
85765
87672
26254
43902
47919
70451
55518
16590
43352
49146
23234
76914
21058
55136
24392
52584
94441
10803
98483
49207
98873
34423
81136
98403
63273
67079
88204
44199
80432
56709
98166
84634
26427
91971
73830
6547
49191
59511
55002
56038
17313
62668
4674
20613
22865
52131
91451
4396
49184
62400
20248
72447
31328
28500
70592
10141
42244
43599
12525
19607
31350
39945
36034
17195
56421
32429
5435
4355
72940
22834
67322
22263
78784
43467
73312
13286
90016
24866
1337
97188
61622
41641
620
83407
38798
557
91039
60229
26124
86465
11593
12942
69925
50687
27974
16182
96204
34139
60788
14074
47446
70565
80670
17606
92602
56559
57021
4243
89552
75050
3153
95390
7358
3928
23974
30963
65429
26538
83282
71523
44805
60991
70166
87210
1598
22417
89654
68747
6458
12239
23427
71762
79696
92597
13888
23968
40473
50309
29422
79468
71605
91373
66909
70373
42428
70099
64802
88287
27309
57389
68425
20737
30187
64929
68442
6991
87907
90685
16078
98297
50482
14394
72483
16376
53745
17894
82706
91061
99795
11033
11960
14720
43923
82598
55551
63514
98751
38939
98206
27061
5243
43245
43170
66973
92527
99357
65621
8540
94985
11251
36055
54924
28649
52602
42837
14507
10541
75194
8941
52168
51031
96188
61657
13524
37236
110
32718
56100
39349
7473
49382
22883
37115
57760
1778
22422
52723
97176
93613
55008
67670
15553
177
26793
8883
96524
33836
75597
33274
74165
97070
49537
68560
56996
45341
53915
61356
7991
5974
36395
17354
21287
49054
92887
70241
27315
50128
84542
69037
30000
12675
38090
26635
76670
20769
9241
64180
93364
71931
26034
1601
43053
46703
67225
62743
53080
73223
17365
12269
31766
25010
68444
27889
19400
49247
26310
14156
77894
55083
43259
91095
63882
28370
25353
19783
24587
48159
9916
15884
46635
55158
25812
33964
33766
64956
35860
73306
92201
91108
68712
58015
99784
80706
50620
11709
84446
32890
4327
96635
19585
92062
4412
70398
42107
57694
68823
67851
19856
81562
67410
93374
32615
95691
85319
38459
95192
37955
69294
72001
90932
32692
63662
45744
93662
10770
72065
41237
57980
55457
61919
59466
82541
61405
35080
38785
14955
65215
19817
70161
69856
81697
44100
71878
61852
86886
87962
5762
34069
63778
38821
59839
15326
87821
17114
40596
89860
71445
24873
34977
37488
45277
21223
11127
12154
76983
45379
27526
42811
63370
86838
67088
502
31326
10053
81544
5551
53731
69557
19294
20600
1656
58872
45202
67009
38856
37427
99516
34289
16906
8269
48339
91030
99930
25657
86678
40865
43581
29156
33525
45379
20673
40196
74921
79487
84989
92636
52454
26699
1889
44954
42602
50570
84434
10141
3317
25268
61835
77898
60086
53798
22804
78736
84418
37579
54198
52379
13050
81948
44757
77041
6022
47726
20054
33636
38621
45835
57169
18801
66607
29508
62579
32295
68301
503
49791
32872
75551
41551
12924
99255
18070
19709
46721
40703
96478
92148
34922
75803
63021
89322
94358
7184
51164
31477
95162
40089
52872
83414
98021
24807
79259
75501
67920
95538
82707
14798
70706
16885
87864
79784
1022
76985
3606
48351
67902
23107
77325
11968
62820
27535
9554
36200
27107
52536
42853
97813
7016
30787
47470
1190
37749
91582
74467
94873
50277
84982
79191
23194
73735
45419
16457
65675
93439
56586
54479
44856
45924
68132
96362
3884
59665
28091
63176
45030
33557
59519
55643
85510
3211
89017
28990
69788
29115
96447
4061
33746
44022
51764
96067
56950
83223
45761
25401
32254
11549
12152
94193
76672
10535
19612
77489
21482
70584
48633
30142
85265
18230
5496
73415
13446
17315
11645
32431
11764
46468
27769
79472
49506
42864
13498
71989
69973
77365
80827
74821
475
36808
48579
8981
17978
12238
1252
15929
91707
35229
11569
56232
60016
77852
3445
65556
91996
86696
41434
48376
45524
97247
1851
61253
79911
95109
3375
49047
79165
63698
28447
90923
64402
81881
8830
20612
32498
9982
6195
83053
1050
30313
95779
79650
88569
98965
51155
32166
98411
53875
83486
15303
4059
36468
83629
29726
99329
96627
36614
9774
50380
57316
63913
43409
87939
46889
27764
56044
29780
83668
27781
97813
19124
29163
93990
64407
13160
72120
41605
56330
56098
21147
50455
94992
86819
64562
4331
47492
8910
79289
18001
26532
36802
62126
51067
85248
26656
23073
27387
70095
45417
2728
77741
89341
77831
77979
54235
37229
19682
67875
1947
70641
85551
48663
26421
15254
50418
78463
58230
23922
41249
77476
93028
29273
31930
30896
72946
10684
51809
67322
6529
69279
30981
43735
41084
93314
86386
63139
95574
78695
7136
28131
10780
5818
62564
29778
73405
46182
17609
1113
28548
65862
28559
36596
12427
62360
27455
43271
65507
72712
17843
867
20164
64427
71349
96584
1601
81981
73766
57343
70976
88004
30714
30183
88018
74006
60036
95126
65592
58413
48292
95161
61268
64191
18846
31503
46967
13533
91301
84434
43988
50551
59707
38071
52766
56822
33959
68807
79206
54168
2708
11850
99081
62688
97443
2638
50521
26618
6860
96794
79665
31206
50989
3773
38200
56253
11514
93340
15471
3086
89716
18415
11344
85414
58421
95876
40541
68232
38281
80576
99909
84007
64821
77932
47755
80972
38867
83932
99997
82765
97611
87267
3184
41721
12662
23823
82116
27960
35
29328
32011
41887
96436
21353
41113
8426
10509
86826
38920
86747
41113
43007
864
31371
25710
77311
66252
48102
86022
67901
20481
39287
36881
68463
43792
51536
39776
1894
1773
9110
38397
15502
71146
96911
93174
43054
95549
72009
64542
8322
41074
57689
1725
83279
96907
77176
10507
15793
28518
16246
81497
76011
69037
32728
6972
70500
94225
97782
17090
61196
98963
59092
17261
19050
27630
95567
96766
31679
91386
15398
96616
32025
94027
42256
57863
25657
24104
37100
54965
76854
94555
51667
80032
41750
64202
47327
96923
27410
3990
39984
65765
5984
86974
7026
36762
16076
85195
85159
36918
52942
90992
63037
8079
13544
683
74727
6157
97499
15922
49377
5004
78555
31569
46873
13698
71543
44276
23240
64143
70511
61567
47528
8191
36561
25039
78527
14947
40222
73441
67412
83359
34252
56102
65205
20794
64337
81935
83123
54717
8059
5199
22335
18528
4833
81448
95574
50890
45819
25730
74547
30165
75734
57914
22903
40848
17052
47375
85106
95094
54320
24409
69535
38993
20532
59494
73593
60034
82129
40543
95448
61769
58771
45631
46760
50767
56897
84483
69818
13480
39416
53589
10814
58690
958
40743
72437
42261
39389
28063
87969
48042
98167
12562
11608
92818
93515
47596
68826
62870
78976
14687
97532
54520
17137
62723
41347
20904
84844
801
35788
20637
89651
46870
71313
36303
47740
19406
12666
88113
38909
76807
62741
52451
64712
84494
17654
54977
26447
88077
19773
52270
10929
81596
74929
62728
1394
11395
91981
30533
42705
35229
10884
93301
57063
97552
18061
61349
24606
14618
13717
34268
99136
72454
71559
2987
29567
34034
5107
8828
72218
44101
48931
99328
21984
75168
62980
76716
47142
39461
44473
48346
88241
88192
6740
82433
61241
90916
45728
70971
69372
32143
57800
50935
27755
1183
73352
41595
84218
88178
12516
5171
84221
61565
78242
67659
64
33322
24792
16088
35936
44187
39914
77018
39894
48045
91664
49007
4821
11512
60501
9683
18702
48902
60445
99556
80260
32713
69636
73498
82763
43512
79769
61308
13519
91751
21389
5794
28565
95622
59135
55711
24973
52707
60399
88552
4442
32042
88765
58450
79563
55789
27209
33803
57489
24848
63638
85787
61380
36706
23560
76828
46378
1659
54074
57213
98329
70500
89079
2735
55796
53141
49357
80428
68147
72437
13987
76422
71821
3220
71150
71268
40146
42282
14271
47092
45913
28141
58419
89929
34829
1263
4638
82909
58425
52209
86423
84538
47280
73505
27829
37372
15198
26692
84804
53675
89111
86283
28318
33840
87972
87698
76199
96192
15161
18998
6002
73905
72860
61949
54228
79007
87264
35867
11258
68156
82542
23094
41785
86425
37839
14568
45462
11850
46031
52037
67622
8947
80213
92948
14003
37698
23787
39533
29853
70349
89064
37858
40943
67837
49123
69731
99072
69224
55581
71950
52442
26657
28414
7851
29640
59040
82215
22684
20736
9727
70447
16401
1236
32059
20537
23551
99502
26171
88253
82513
86234
64350
8908
39549
19290
71093
57836
58376
38073
67625
68183
9107
49742
27470
7067
76628
828
19095
87397
60523
87225
28703
75207
75590
43801
48671
98109
66265
96126
46808
35254
10756
17463
86513
9449
6074
12519
56507
86019
13823
54235
67423
84882
65525
95539
51006
92108
33447
32379
62192
31110
73974
9529
67205
37725
81674
37445
41982
57067
73400
75178
90367
88803
75536
69154
69238
70895
37748
59219
85117
80727
95827
84215
81094
43690
97318
34926
32609
78502
20117
16146
66013
83976
55739
3164
33171
25382
20141
40699
91089
43372
86968
69902
22261
88840
51831
66191
33694
69601
224
42840
36823
86727
31757
46543
95680
92824
11274
43203
7294
15771
97032
14890
92632
26305
21583
61833
82860
77862
19442
70221
23728
46886
10706
23184
46292
11295
64028
22993
69448
26213
95834
31383
46328
65028
70362
35091
24035
38705
70029
61145
13406
46031
85923
13014
56132
94811
99417
15596
64657
9938
39332
72351
28810
74130
61737
5405
41028
23178
27976
70735
1590
41753
53038
26173
50836
20093
55144
42571
42638
41419
74007
16469
30454
77159
66280
13240
31674
57234
43970
81745
6193
38229
82807
68899
38536
41002
68848
92647
62732
71548
74709
78389
46977
42617
19749
18731
92558
45826
50139
11739
69778
5446
83536
62050
76320
58318
17908
40585
57076
87810
66815
74276
68613
40504
99370
8453
39983
64292
37657
57702
24325
52569
76227
4732
69939
88008
16719
83916
23741
5817
13847
24746
57893
7568
21219
83925
78297
62758
59082
70898
82059
42482
56905
14964
7998
22827
55973
43701
58452
19767
4276
37487
68600
21524
16869
70977
83197
65348
81598
76089
2600
93574
93296
26087
91256
14961
63019
60447
76074
14296
74957
78511
38243
11246
31855
74588
44898
53122
7786
89713
67159
52905
60273
45696
26820
57228
24075
16283
3069
68191
93921
65712
60491
3820
46831
99463
54338
12034
63811
6276
85744
60989
76759
14170
64158
24716
40336
86769
63677
99427
50767
17091
32402
77613
94345
41296
90355
76487
86129
39138
79084
82135
24731
89680
95084
72060
80024
36032
7330
43487
14250
84473
50180
70857
40609
27773
39354
88759
65092
83708
51316
53996
21165
70530
99074
85385
72722
61546
12182
40889
15509
73202
86571
51740
20477
86678
97187
55268
89026
49938
11416
57165
70217
90510
95479
53484
37244
26035
4238
3062
45090
34591
17573
29448
28538
26437
49344
57691
46212
32644
60346
78267
63488
14283
44956
30048
53445
96141
83555
22770
83302
76991
5714
63734
59612
26552
829
46058
24178
21420
9642
56226
71912
87124
75912
89389
32983
94664
17709
58980
60433
74344
44360
50455
29737
41722
35937
55180
52311
34500
1190
33392
40728
25468
17262
27836
92022
64101
81231
22015
33418
89667
48108
59594
35872
76464
34511
77620
17425
907
17650
87785
91936
52461
14193
38718
34257
88835
87856
69305
12978
47628
9659
91785
90639
80196
98515
4844
30220
94541
57223
93969
46348
33707
84637
16451
11098
63980
36119
64711
92407
4192
5730
87518
36815
82109
54773
86463
23935
35832
83630
30756
80179
24347
89685
76337
64892
66109
64287
83644
86352
61741
94759
74895
24583
76729
16133
22586
60844
17536
85907
74249
76372
68204
32464
98105
29522
51648
13691
41861
55656
60410
29031
86524
99611
78902
60019
73479
65148
73047
57327
13365
44613
5255
2737
81142
13581
69739
17228
41189
51962
11368
21269
69314
16559
79769
46782
42828
46717
8397
20093
13875
93472
51993
77234
77112
7839
85263
99832
53361
60710
31568
58955
13214
79833
58100
48244
36943
48721
89462
51473
80820
64670
58051
86774
64578
3623
78545
31539
72128
21364
7365
94422
17344
5879
96983
59896
12382
72515
99094
18686
45272
31128
36831
45527
73122
77921
74747
33697
94086
63637
87785
80994
62856
70462
92149
26147
56023
920
66880
23613
44850
49215
1465
2791
84221
53162
88088
20764
108
8739
4407
34847
51535
50258
27504
60373
77936
76229
12960
98547
88187
49202
91547
49079
1931
44056
40098
13046
53142
15934
52155
65826
38978
11474
2183
28680
25538
62461
73658
70171
4819
11636
35354
7972
8058
37175
65509
53033
86514
35013
73555
23190
22057
3974
21111
58752
44586
19081
27103
59249
64716
68980
4925
15728
15384
74304
60890
65673
76674
51947
42294
65850
92211
68252
62249
95473
19846
9844
16764
3897
48501
83628
85075
63399
25411
57891
76332
91628
5286
79148
4883
41674
75841
55138
16256
70289
5094
68275
83811
76632
29006
58220
1651
92099
33161
55242
44225
86014
29245
67497
60688
30316
54089
34146
62176
39184
70710
81152
10321
58876
7366
53395
64020
42570
43705
28351
69087
28254
39734
90139
60384
80970
71770
28641
72902
8012
82878
3845
41256
88200
53925
38947
230
7600
24066
79865
64331
98007
16580
58227
59666
93690
92261
75896
99642
81794
6569
11702
95295
81528
21921
76133
93778
61366
99775
49917
11724
51011
97482
41837
39523
56111
31209
36858
46988
7211
26507
68530
33401
24452
95610
44773
61280
91670
76914
55530
46824
21050
96424
50896
2059
61039
69841
94573
14657
29730
21817
71371
62675
65180
92674
47919
59056
54310
78208
24358
14185
33642
55892
56870
5134
36401
43856
5167
80684
97747
54822
87818
35137
95020
51272
55417
28121
96361
96573
89871
55483
93206
83044
68104
51470
45254
12868
72946
57105
91303
28233
66159
14395
65671
62528
29764
84680
2034
15934
27810
67558
52401
4846
31188
63917
79675
84983
99671
34706
35183
26631
62302
55032
56364
20111
50747
79545
68248
78525
56574
58981
93409
22562
21968
81415
53105
41346
2804
89068
35911
68193
69923
41623
73045
53823
72199
94037
50100
50346
19093
39114
96638
11607
23418
8300
25517
40012
6404
33874
46621
34815
38952
45707
34275
46238
64548
11106
40862
93186
95390
3996
98605
68626
86676
31428
57148
70587
37011
85395
25284
58967
16438
21243
72796
73170
16161
10162
52813
33093
76476
32718
42418
3793
22616
33869
11746
33809
60689
56095
28512
93816
39266
10546
76002
5322
86219
70847
18760
54879
87569
69364
20522
70202
4676
45853
34519
79288
96144
16525
889
89648
56488
19847
42308
89275
79831
16410
14722
35186
70363
87134
86386
91875
15240
6267
6661
82239
33987
31095
87103
28136
21135
71741
89957
64614
44845
28075
13811
65890
93773
94939
81828
49342
68702
76439
43578
60632
10184
83849
90383
46347
39144
72914
9856
74227
93803
93768
28046
41461
54194
20944
72248
141
91010
88942
67168
10137
87120
8723
99733
34114
19897
43573
15319
48031
27114
99210
20256
35139
36377
21683
82550
38118
57458
98395
86803
96887
89241
17241
48079
52537
78574
99141
17590
55521
81769
86938
71754
64507
302
11710
741
67904
40342
2904
37784
66668
21320
5468
77657
83457
86820
32286
82959
91326
1035
37138
28486
45031
86905
19391
91729
10890
25831
47286
51653
47169
25210
52122
61019
44542
70143
17293
88935
27934
80842
61373
67552
68073
32548
44301
52864
96961
49641
15112
96130
36973
6577
96719
10398
60163
69892
22440
44795
11612
23048
55422
78051
89157
42575
89765
12120
30637
46445
92032
82478
6535
36824
88691
99346
93218
63179
94179
37876
4671
68284
27960
5814
65900
87361
11542
11163
89242
10469
26213
97083
20839
37691
94880
16297
84129
13789
79877
37906
74737
35297
79516
23490
89039
15484
57969
43556
44755
75229
88718
83271
39648
17350
3123
84672
44552
98537
9480
82850
91372
13523
55566
71103
38453
8606
53622
21569
5162
56439
28365
93270
46135
49387
12511
91672
66645
56484
11953
15738
84674
69529
74634
11108
58445
79821
37237
20154
14164
396
76321
14103
47348
93017
98509
88966
56784
39184
36469
5458
23768
11527
91192
80126
36219
49265
63085
91701
87030
50229
81667
68440
51472
14673
16380
92507
45055
7872
35186
336
65617
676
34369
10158
26389
57840
47107
94915
36685
93627
34049
91870
24535
30084
24479
9402
83906
12566
84177
33633
90557
25031
22320
37329
28085
2061
62657
26520
42283
17181
72676
36391
8554
32957
99193
8543
45449
25907
2956
87280
62789
89236
99373
98279
71581
98294
25895
7358
2928
29178
13198
49073
62227
77599
99141
11413
798
27148
67852
54669
9224
91915
73529
22995
35335
98398
28907
52358
56939
15503
39449
84305
15649
25032
2973
95821
45456
55436
8227
12655
59288
90518
18121
30835
81216
11839
35847
50499
72666
85311
91558
6597
13159
48937
86452
65181
34158
74515
90030
33284
15028
60959
55427
75542
9065
11943
54252
47953
36953
532
58881
57764
49761
8944
44877
40919
33501
78632
27591
29983
1576
25181
75822
22181
25638
17551
89157
99602
11842
57529
48437
15134
62609
45616
23425
37080
4678
60265
6183
8851
83908
72781
19286
59866
56657
1246
75823
84022
46180
99640
34763
78097
1444
6487
55877
45618
90430
59322
77380
14423
21378
98022
19762
47883
2615
89595
40135
99289
35772
52775
3053
43609
36849
39035
17962
75976
56927
21003
47930
69346
7896
87072
71353
43067
64787
57357
66175
23478
54708
66537
74614
63499
17016
12703
21450
74573
46341
70732
84212
2159
19152
14426
28839
80287
44543
74064
77962
6545
7441
38994
69238
59015
89807
50073
44620
18916
967
25850
38749
95240
95529
58703
95304
47164
41318
93836
9014
87378
90425
63599
84275
23140
30243
5532
98638
30932
3410
15388
91949
70375
93182
4108
25529
59886
56430
13215
66931
58243
70068
15600
81322
81355
38032
51396
54083
35467
50707
87358
55325
61847
79986
89003
15603
98357
26437
70326
98929
2381
8642
11060
38813
67877
85511
14968
32884
16204
80273
22888
49276
84328
1542
29779
62971
68449
17901
98172
64201
48538
89444
53776
90269
2342
65941
29061
76149
12282
65407
80827
31228
21191
63074
64029
52290
16898
68309
23038
46932
36808
78030
60579
80226
14851
57918
14666
91595
93743
5737
91116
84331
54735
32820
44991
10252
94893
85677
25217
1978
38964
63369
86498
63384
1526
57344
57182
54704
21613
44266
67995
31632
30971
86438
77416
86550
27099
5281
32520
57785
90693
47598
28629
47203
45214
17616
42990
43866
58074
45076
2099
78100
32505
52225
80980
95543
18504
50117
91433
81662
88925
35658
1265
71808
97956
72073
13610
20378
46737
84216
8720
39579
92896
30710
30517
66053
32125
9262
8356
11703
5633
76539
15491
42887
97814
64511
15939
4161
27114
5144
4502
619
7499
16165
66234
7098
62893
50026
36036
83620
18624
43121
4830
98000
69468
83300
3148
42318
85531
93391
86256
13111
17264
4238
69639
71925
14406
75988
3771
94805
61684
57479
51838
6681
23225
66780
46928
3165
48616
48465
97258
46658
86512
66473
6055
76308
12180
86711
65643
50720
17961
22659
28864
17512
77430
93207
38618
55892
64734
53095
53062
87211
69525
60953
39544
76622
51570
89500
89628
9171
46489
33137
3806
46246
64686
16398
26526
62545
39665
72125
45410
27240
8572
23523
1846
86540
67563
2877
84696
26348
26135
32901
67451
83344
29985
32160
96748
24641
68551
89649
97908
79850
24618
10374
64537
61634
87264
9367
31019
57956
80068
37850
78474
68407
15531
6534
91800
52524
31317
40287
21362
21535
89894
27382
66250
96619
34841
67844
54280
758
73494
76600
15212
16807
57470
9386
53651
6181
4523
28627
1763
32927
95530
67074
61635
36749
26594
96798
77313
14913
67431
29671
61646
2377
52496
60748
16773
47814
43856
33042
88527
73479
10608
39722
73349
9186
23
5143
13279
22768
76908
71063
13468
46996
82622
67401
4753
23173
77018
75927
65665
4017
35175
16452
78523
93517
39582
47502
49373
20726
92626
85737
94713
69028
95884
14970
73662
89928
23802
58617
51015
18512
37516
29804
89558
39174
2736
36447
45292
73001
98390
31226
39360
40574
54392
94253
14045
8865
20618
87884
63356
66198
74642
43319
51567
62633
45467
29736
72261
42758
74703
14963
77647
95726
14055
16646
67804
7146
73210
12969
56766
1538
3218
26840
40136
57653
33849
53611
37336
80890
83469
24416
84105
75729
84494
883
32571
43612
7395
46766
75901
57675
31529
99802
66229
34551
70678
94017
3985
25329
90275
87736
23180
10645
54653
17953
14823
47861
96364
91485
91371
75308
64261
41812
75685
3936
25877
93249
26291
3822
19034
33206
23555
28181
73899
93571
9129
2129
81195
85390
75145
79322
97443
20615
61751
35838
88379
68590
62640
94017
13570
1702
87260
34220
65835
94847
47236
53554
7431
95278
52868
87151
39329
50780
52588
61759
26912
12140
69296
70566
15902
79826
10702
19848
55311
98032
23547
16569
935
34399
45148
19709
33076
45726
26657
18587
39340
35342
39015
14895
81120
5591
66066
85525
52122
42357
54817
45765
58592
35545
32106
32220
16277
73739
96523
4241
55855
77882
2792
13746
51335
15832
39603
32423
68026
3098
51312
12476
8218
84916
67535
35762
58205
15733
3039
62384
6346
47482
40044
88176
97458
23163
29486
95078
1350
28359
95433
58073
89767
34818
92131
29028
23219
61698
44751
29138
12365
60921
13858
60890
94500
8318
45648
27670
59265
13410
40012
67879
65492
37346
19246
62267
3433
83610
49601
44158
42372
13128
96472
6574
87977
72184
51699
90361
41298
38106
63610
98110
11234
45613
30912
85068
81710
76732
43268
99253
19700
54009
34329
73781
30695
94469
29264
12079
51830
50210
8905
63619
87433
39416
8567
35969
80461
86927
81362
18845
39081
53960
38186
58251
8485
18396
13153
18729
27469
82901
32409
55508
56661
23152
4858
11612
60352
74663
16332
69565
6508
79747
13429
79844
93268
92186
28174
83103
32417
43894
9552
51667
65585
77341
64682
54209
20037
60068
33001
68467
17373
10546
68939
67525
30416
6253
38681
28761
99805
15771
61072
68355
56590
20281
1704
55833
49448
14236
89724
91829
21971
50586
72833
13849
10864
25569
63659
55329
93579
60463
30927
15374
87807
58355
83297
77716
25433
92004
25765
40745
95455
84230
81816
44673
4821
25497
83008
64578
47477
33096
59092
57197
73607
43125
82169
75419
2120
13476
36856
72545
38473
46100
23437
14937
57045
56625
13869
16791
94607
87475
23929
27835
16399
53752
70605
97287
65230
72843
53023
89888
17140
19927
7725
56555
15717
40804
8295
26849
11671
55323
39667
24264
21542
4310
55005
81086
9949
64277
13338
15212
2849
56978
26755
6074
33133
98516
99526
269
64470
79334
53971
29680
66812
42811
73270
32186
70296
79819
73360
32180
24642
27111
38672
13389
87136
73079
58061
48605
2282
37423
28169
45678
62244
15122
40105
432
15704
61577
30632
14921
4029
57713
27979
4624
35734
99798
12977
93236
39603
57132
79215
17274
90845
79384
79587
17184
33456
38482
92937
89356
1901
12303
51325
82978
62103
33043
99488
14528
22808
17708
35451
94187
72386
57092
36653
3342
79829
32316
77339
34084
17438
43883
10707
62016
37190
29014
20674
7035
38165
61455
54704
25426
36002
45642
42452
61101
