47200
28037
52196
47357
44950
56352
22456
68931
38226
11410
43643
61236
48969
78475
46535
62482
89970
65828
96216
64683
59664
80589
16537
63867
62638
35458
29532
28718
22493
67556
99912
43860
3202
57233
67831
75341
98655
58692
63711
47350
7356
32165
46146
17287
74510
2704
16733
18909
86869
51623
12450
20212
94106
35206
3370
81934
45681
34401
42040
99582
94435
99916
77574
72182
31577
57428
84481
35139
41209
62248
7439
72195
91304
71494
41573
45751
74187
21823
60342
90261
62626
38627
8513
83244
87881
80108
38167
37515
91451
69864
63983
47920
58468
62417
17758
31725
30836
37759
33421
43993
62557
21326
38652
30215
16617
48712
89579
58952
19472
52799
43410
29468
38859
35097
63101
99160
24185
96451
38701
31712
25323
67649
35349
58925
36278
59635
22596
51101
17761
66772
53577
8231
6602
94817
89065
73469
58726
50645
57894
18917
84074
75447
50194
61058
21155
95762
21688
32389
69048
44028
1214
45430
30016
7824
47343
91977
83667
47444
71546
30717
87340
64458
63839
67018
58798
98304
92625
43192
52742
96267
38939
99162
87456
54352
70283
90375
72290
69044
70984
56782
34260
28819
40529
26380
76044
73897
18406
28995
12605
86148
28845
40151
34912
55070
5914
66163
54011
37173
80138
77900
6922
80152
43763
71797
22808
57944
40147
60832
55586
38243
55631
63306
18171
7556
2566
70598
19676
90209
27010
30754
56857
62188
98845
20750
75872
43556
66850
9362
42608
26850
25134
23973
67693
14403
37514
2085
21135
74569
81406
92030
72635
53659
55466
16683
75818
22828
71963
9930
39787
4976
47600
46215
88666
39126
97438
61039
30978
19119
65113
47325
13770
13404
50834
95888
7597
28616
89525
65055
9530
72922
58898
14305
94396
94409
77659
83119
2205
79505
88904
94506
76690
17799
76244
14936
46999
45027
46740
59832
90570
43869
22636
36376
91451
81280
73907
8933
9337
97032
27883
81297
38158
22365
80810
46376
72376
76854
17727
79674
94111
60117
56082
1151
88065
83966
38452
40553
97389
45467
3649
53304
97875
17470
80284
81987
85146
41766
23630
99032
48680
97582
95602
38914
58566
21064
45783
8467
73514
26883
23450
31914
35122
51082
43387
82568
81114
26908
78095
85484
76100
45402
84331
71575
15984
92941
81547
26315
80014
57973
15962
94335
83347
14970
89181
47908
51837
555
67654
38709
10136
76296
77625
23626
38773
77447
27134
12356
84419
80160
61409
31891
85185
13686
56029
78324
30436
1972
37325
32114
29037
46222
1304
72816
43119
52798
19522
37682
10312
22224
72018
56119
10521
94637
44569
9950
74704
31929
38087
74713
85401
90842
2940
30039
17560
99703
50401
44831
61705
54277
79573
52956
38300
18395
3124
49971
27682
34778
64055
84001
63056
91991
48796
96482
46596
46216
2492
36787
54577
16937
62075
41562
87664
19125
67152
57667
14902
13302
77688
86859
89498
90536
49706
44264
93977
17256
97810
8753
93025
52415
12671
48359
34509
95609
75059
80280
22542
27160
18714
64280
56933
93601
77898
82212
80765
19974
41719
15440
58596
13987
72308
72829
61869
48220
9002
60613
23352
52336
98285
79073
5245
32814
65965
28743
44025
65980
79426
95443
33521
62343
1127
9044
61337
98559
72031
9875
38364
97002
7435
92808
51459
8208
71930
68796
37792
31441
22476
43182
47069
58089
3844
58257
23049
24809
42792
40686
55465
39764
54663
91084
60053
2197
75868
37210
88071
95696
54759
43660
49284
78554
85407
5130
75330
56063
33010
43977
19650
34032
74300
13842
8865
95568
64691
27783
63393
18880
47873
10537
34939
1193
56554
3962
56463
47696
54473
99590
32155
46437
96745
37856
15144
79764
67085
62670
18988
96225
21038
27947
28875
41910
18566
44516
79989
72929
78772
5622
44813
88942
84209
10158
72282
57696
53238
16129
36630
13985
95873
88880
89805
33121
97172
37785
37765
96293
34952
64769
69373
41124
74882
68091
49481
42512
93148
55345
12645
47110
50578
90361
28775
34549
63801
4185
97237
63857
51051
5864
22329
62844
75513
10417
24616
73463
96638
90732
97729
99850
28725
1116
63728
33002
80074
97085
45442
45229
9448
51842
98409
53309
79079
92067
59509
10867
36129
60777
61789
76578
61060
24076
33349
9943
25319
3002
92382
77983
62461
43614
38389
8229
99013
69419
85226
42131
78117
59282
91611
81536
16312
96267
20192
76627
81208
96537
82856
26985
16831
53244
74466
75901
17281
95766
13659
4308
8680
8469
94580
84890
89430
19162
65252
34045
94517
41962
70860
66302
90899
93683
74379
41755
45738
58946
75614
94372
36989
62753
30725
9355
49893
27725
27569
14853
49211
15106
50936
79583
20650
53314
83035
17238
26249
78781
9365
73987
72533
88491
54168
17782
59085
54676
1241
41459
80959
12357
96910
58886
96478
13477
38353
39602
90133
42477
14162
91935
85620
7029
9189
71553
18880
82934
14146
55355
57776
9881
13045
38600
88672
93251
52057
79083
37331
65365
45436
23953
78388
44295
81965
29563
25737
22383
90158
51315
74428
43786
71352
79546
91599
40939
4481
47226
20593
96692
58677
14676
58351
61296
25349
83916
70619
98621
20555
92814
15723
54493
13927
90069
86974
79048
36708
53505
62115
75490
14625
36812
32064
92786
71013
31200
4471
55497
16616
49612
46891
65471
68785
88953
70503
11614
37753
60506
40198
5412
50450
53217
4815
53756
82642
72547
55709
5328
73297
82759
26050
25836
8143
212
48107
92632
22421
25450
95077
90285
7360
90788
83783
82977
56449
62469
64330
32955
80410
39906
79831
36977
53792
93824
35294
62797
65981
77722
30219
39396
76735
14637
16795
89809
28250
34044
47137
86835
15224
72588
12356
5020
58325
69687
59675
67383
62728
13129
69966
56782
74043
10833
46789
85564
77727
48081
23799
94675
13603
1124
39440
11246
1247
51594
77370
23386
69136
48187
88428
57809
64775
69470
11487
35719
35294
4579
89382
25703
50324
98829
30433
66683
15322
1321
47744
21790
8171
19072
36128
79891
76743
34439
25
69836
47250
56201
80249
92454
63507
15182
20516
95441
25004
65069
9127
66088
13418
1905
62644
89670
96191
44055
47200
2318
75426
84109
47326
22180
53769
86386
51680
47767
5602
78046
7137
13279
37987
6095
99188
18151
22807
27333
66446
67474
73329
27474
71217
94883
72144
67984
94895
42036
17793
82604
25078
42610
62212
9447
97181
17129
33090
14570
95037
45595
80705
41085
17170
70126
90041
50408
60834
6496
38257
12171
13260
55445
59543
91930
40821
52313
64501
19958
6842
29499
1983
36695
35335
17381
33175
40878
99197
5213
77828
97905
95760
30975
34712
67626
3620
67578
58051
57315
36165
79867
43959
40971
70697
66734
85788
13087
40310
90396
55367
62489
70117
40336
26715
54575
77566
31588
66932
35163
73712
40126
63074
74768
75658
45928
71552
8229
85029
11083
7235
63011
47309
16555
1683
51522
29943
57204
17560
89085
71325
6900
69325
53847
95854
62178
26650
30761
35361
52554
58899
63672
67900
84789
25225
2508
58271
67940
18577
56443
48032
91559
67786
58728
39084
34108
8279
81397
20615
75979
92809
83561
22244
94601
80844
59855
54446
73083
13275
14537
78517
82139
71240
75631
11173
8787
33423
83553
79478
2754
21837
63948
34043
23895
46145
96429
22376
97455
66852
16525
86934
77272
64843
66500
98450
23694
82036
57318
28452
5095
92050
94024
98125
88227
5827
29640
45954
11719
71825
46959
81962
16080
63895
88071
42492
5099
39522
88703
76086
66831
27195
96156
3973
58190
98047
89447
73296
59681
87392
85108
34812
91487
14268
8208
89969
65865
30223
74891
56008
48362
64538
87485
33622
29090
74787
93423
72885
74444
24630
65446
40037
90954
47649
49695
50020
17162
28701
40037
53533
40797
46003
16024
61205
25296
13154
51983
40499
31390
83936
98825
15874
75049
52842
129
22324
18543
82367
91135
55394
91685
62063
23834
57978
52611
52587
85291
13795
9596
36909
56550
7649
53653
2059
13400
92491
6419
22300
83309
32286
46813
76320
20800
68932
38904
48707
94544
26931
18358
60935
26453
31243
83694
95408
76368
95804
73026
58289
92426
57036
14123
9769
50421
14996
40714
4288
19991
83183
50494
54677
24958
87716
80996
91257
59645
86782
94940
51682
65009
8789
53310
81511
59782
90163
76091
61625
75926
3336
76310
56584
38004
51796
16725
87846
33409
10841
94907
13787
52323
59259
91701
78789
20200
767
25636
42277
63737
20098
63915
9436
24988
84663
99495
66563
36021
21660
44800
81173
46367
38140
40424
71267
2591
24322
82687
8817
64874
42997
62194
18697
80858
67576
5901
81647
12333
26800
93381
94802
17229
88559
48897
47348
58915
26765
79293
76312
26177
28871
91394
54922
17722
85525
31393
73542
13104
42428
30692
68181
27279
20367
6137
61471
73231
80298
21794
64773
54923
30350
90544
48580
32163
84205
28128
1231
14925
70140
75556
80211
71547
18458
52818
91537
51433
17395
85452
15262
82903
57183
74047
25693
56122
88189
43492
75729
4597
55016
80489
87996
89813
99534
94249
40380
58430
95977
86378
10044
72222
69675
50185
15395
30354
18364
32931
81362
70295
18996
84561
43216
85057
52433
75174
23545
15678
87918
60888
35557
37942
1849
97391
90770
43987
33003
35633
12195
59902
63128
65468
17220
13767
53284
79770
68452
13325
456
97934
43679
14689
29940
72932
89056
57269
39091
37242
9853
7772
84496
64873
23412
62294
42248
3387
68293
19240
56000
16643
83699
65570
13911
45877
9121
85216
84105
91082
21920
94743
83945
54228
65148
64722
3647
76295
31881
73827
82049
79459
46257
68726
87253
40188
61549
71376
93634
55086
14887
21759
35657
78480
30116
44572
22293
6133
5019
66190
78629
26943
52799
59965
93354
24806
91073
35071
52350
13591
20267
22307
40365
9230
72675
64281
28340
44942
39680
97028
63834
5037
51456
15333
55071
77534
72265
31408
12209
63812
39899
22459
76456
75697
16344
25665
56269
51455
18222
59155
56819
63939
65465
82109
12404
95306
25456
93292
89142
18208
20109
47075
9067
45149
62074
41519
41444
43856
82303
37095
50647
42575
65234
43070
60948
62920
5197
6900
37169
67935
45975
22844
40868
49589
96107
1824
80671
53072
41480
46861
9794
88786
53428
83492
52751
44286
84938
3790
62414
2078
34219
72931
77372
8644
37143
75708
81129
30421
83141
21273
40756
32904
70807
82729
69833
35248
69369
658
440
1317
397
62108
87097
75268
56650
19091
40807
42513
6378
1841
80499
33676
94540
50647
34782
75544
40801
47847
31536
34087
35348
7996
14567
37897
70849
63181
78003
69900
61889
5751
52624
56941
45646
43066
87408
21962
71960
88247
42254
22660
60766
21293
62374
73357
28692
19908
43540
61820
99073
9504
45875
26483
9916
41770
581
79934
34511
86053
89733
71235
8737
57835
29069
76268
26454
11695
16992
15927
558
76220
7352
26424
2981
33414
92856
93807
79710
41989
19165
83838
380
73196
52599
10439
83162
41831
19813
41521
58632
69181
40580
52766
45150
9822
14939
86688
461
45057
22294
51322
49690
69116
81642
18554
51008
27480
59719
25744
57418
5075
34080
35110
91132
4181
79628
22290
90293
51157
50937
23828
7982
10010
25571
43474
86929
81838
4912
63294
32975
47463
72062
43384
39660
42603
33136
44606
87029
85933
35536
70840
89941
84192
67227
15403
72907
96281
41877
86891
18003
34854
95759
91780
21440
21345
56087
60304
14441
19112
56867
98683
3819
29677
54722
78475
86685
19521
86943
11996
58435
31643
12465
94044
77260
17651
24142
88742
89547
91310
11219
44344
29478
71480
30839
6268
67548
90260
40352
30049
11368
99899
68718
3599
8657
57
44644
17066
92319
70179
13946
61704
33009
95089
86915
5305
18571
46132
12085
47905
41581
32800
93432
55388
11595
45430
16002
76093
2983
18677
39444
86772
27681
27098
25080
62208
44216
4435
60992
6503
57409
8180
77699
55232
49337
9057
97190
19062
83098
88306
18502
31384
60532
5284
34985
24406
26760
18953
69986
66135
83164
21602
62593
93811
32484
94738
33635
5473
4776
88250
42870
68257
40930
30752
6870
19285
24346
38390
8724
54390
70654
63875
73040
50863
17103
94698
89266
38606
78412
82988
9721
25681
55257
41175
21827
52932
7743
87620
43167
20247
91560
83018
72490
34871
27751
43877
63309
76842
78264
64416
60940
8913
49213
86881
11416
66471
47330
18277
62821
21368
11029
93423
22581
51468
16060
79764
11570
26982
22919
88836
22849
92157
52125
52039
94562
74518
71547
34604
18031
25868
49071
41020
92929
36202
57622
85525
61567
14325
84277
88938
38223
81551
72003
80085
50650
11437
10351
63712
33573
63044
34717
52110
52798
45859
86674
59168
12957
43185
74784
50351
61025
60556
31180
31527
53083
82948
88730
20774
78246
98515
43768
85168
88901
69544
57803
12990
19374
29522
4858
62676
70337
72065
84145
79573
97736
4787
71450
3714
70297
1762
55002
54944
12164
72447
72094
30527
56219
46006
14062
55012
83820
84078
2808
88896
67037
38921
21100
38995
89772
16956
73585
78524
27326
50558
53636
28754
59130
92674
56841
74158
22237
88386
53271
86195
97583
60462
95822
97194
29053
57827
65837
40093
10352
79020
42383
17462
10924
60356
5405
24862
47183
84208
95597
35054
84797
32653
45784
10143
60787
27625
14369
66659
14245
90570
10715
62191
48275
87318
5051
87039
39532
65176
98166
34304
75039
52864
60567
42469
18213
65517
38951
19321
14249
88823
38678
53337
99736
20666
51317
32410
27924
28700
57896
7561
85948
48876
91913
39450
82257
13455
49723
42857
2322
70122
46753
53253
78091
23056
72989
18495
9852
78613
78605
30377
25817
42822
97755
37377
69121
71366
75174
9234
39433
61551
13999
36452
78863
31891
88230
50576
15201
16776
87363
19738
46872
46395
4284
15252
72987
15012
27790
72294
3747
73913
35032
62237
69147
85521
60653
5560
72677
80058
40932
71475
94182
40987
43518
61034
32898
5152
41745
42994
2830
85674
84788
79626
19569
36003
97716
33276
6281
64915
9707
83583
95135
87728
48534
36963
50876
52486
84851
61920
31589
60830
59521
38440
89793
46596
94811
76995
98491
96943
59582
42876
33314
14447
36042
79744
20331
89941
15290
22311
4247
53597
60997
89440
1586
51434
74764
45731
8374
41143
55250
76786
44506
92567
73063
38771
88353
48903
79205
48752
34155
46641
15938
44428
11680
45144
56648
64089
42971
77807
70571
75235
17802
16441
27504
71128
83966
71392
79476
33120
12925
7576
49563
82373
33679
15903
822
6720
91853
81108
773
26054
94064
67524
13069
81244
76244
7274
74055
43336
66090
48053
65610
31513
57664
83455
658
82284
31987
37476
39146
68868
53673
52086
31948
11096
27111
93156
62282
58322
83166
88259
81683
24863
36840
88427
73157
54486
55405
56396
96952
25772
52300
98875
53227
62815
26949
79291
39919
85563
17020
85588
40223
79611
68989
48400
8994
66365
63989
64626
70671
61488
49358
12537
33693
71495
99908
89434
85008
9104
58297
39237
98411
11789
18548
82244
2668
80468
22870
20245
35208
4127
84923
44053
94170
71459
6582
64230
46036
39462
12780
82524
58426
15472
20196
38982
70868
85965
43830
27524
16908
75126
94585
95726
35763
29014
60485
41602
9929
45057
62382
39372
3831
44102
39815
15449
70340
19071
77105
93987
14097
69304
41226
86744
74684
40966
99489
86700
57940
74241
38022
66735
87225
19587
86220
88782
9531
38074
25453
70462
87354
54678
46727
97994
66668
92696
6568
87568
75962
98527
1386
84429
90531
30091
51088
37581
21079
29654
10993
74725
81497
19451
26688
364
34034
56586
13933
61504
8136
71034
33073
8888
73411
45093
86265
73070
86355
61640
84801
31844
87475
54329
21239
67897
27230
17819
36757
66950
3124
83263
14097
48962
68387
66935
50208
28837
19264
3200
50517
4208
1479
16255
90457
75938
80212
45549
32665
86346
97907
77639
23349
66970
29871
54629
37403
80695
73943
90375
98708
96678
14176
73781
24768
8323
55218
3273
20604
94654
38994
80531
96551
69893
91238
64534
59911
70345
42806
75389
21278
14403
23041
76969
29354
94687
91190
85689
69447
4880
8215
25293
55904
63866
40641
80821
7698
63834
88458
83513
12103
56134
52552
87425
95766
41175
4061
47871
35049
28424
37788
67158
74851
42783
62160
99534
37725
95394
8023
77310
99338
21483
41512
51521
54715
40688
73468
83708
21797
48491
67238
55858
18963
47804
40655
34830
93277
80654
51117
26232
5565
98937
44113
789
81567
1683
16321
68309
87490
64549
95837
97509
45963
30750
76985
6964
74208
71375
36864
30236
83063
24517
9833
31535
47970
95370
39783
23885
4158
21232
94277
10351
70469
56362
66213
55291
88828
60764
15158
71665
13588
85893
47899
20871
56031
70418
73085
43371
18619
20745
41373
70241
99758
89346
63077
95559
81790
58502
26941
94432
70981
80992
79776
8458
781
34999
90062
59923
14319
18171
53244
12251
14173
52840
43280
36773
25372
5620
10947
6540
30923
72457
42499
16919
33293
11896
50766
94313
46214
68599
32908
85305
85166
9572
69026
60022
4431
97767
76831
71414
14674
29411
94518
75854
77076
28318
68716
58774
63856
14079
4900
85817
37215
58267
19900
55318
95947
94397
91078
63387
65390
35432
70313
76490
35731
18481
70137
72925
46171
74506
65704
86838
75099
65290
43554
95482
75883
54117
5200
54493
88940
11590
11159
30430
66905
25271
45865
66429
73954
62899
83525
53261
63547
86074
37393
77368
78827
61161
26347
26436
91364
28017
7412
40169
96350
38946
37537
39011
3658
4154
48613
47343
96156
24433
2528
51802
88893
7872
32505
78491
86587
72032
69814
58892
15791
53081
32331
63101
54865
17987
41630
90614
86990
84814
43314
38656
2935
49558
45644
24303
30914
30917
73066
92101
90172
13587
30832
85921
44695
77423
74603
5247
16205
9701
75509
79058
10856
95979
49124
20959
67735
55655
97854
61242
96102
61736
16458
79613
80989
6050
51179
28361
99274
73380
48468
26069
33873
88191
15943
69603
86157
8344
71182
40277
64789
15779
9506
37489
3054
6792
47006
87998
24283
53281
42725
44344
83459
26481
85538
75722
91737
97984
797
58444
87405
40535
92392
35503
93237
50093
30604
42863
25459
38835
66921
33591
75110
44352
26162
73069
16072
72133
25672
43470
22555
82920
30235
63208
33155
22573
40077
75833
97028
74874
77775
4072
76675
42610
98224
11540
12855
12984
59049
62553
86567
16623
43552
66481
96431
61793
66142
43351
87454
20441
34218
90021
37761
38180
7379
43842
85163
26691
78314
99134
95939
21845
17693
20452
57501
79320
53639
4421
14898
36432
83370
21035
93154
2501
10217
99149
39913
66382
87557
2590
81747
57420
80474
66084
94820
15751
75495
15945
54901
31339
88612
5737
31444
13791
94145
72242
59813
45160
27278
10531
24305
23333
38333
22153
75877
47858
28996
61891
82265
27848
89830
75213
29675
51032
33476
72737
64493
56980
61014
36742
52192
14570
56731
27184
98332
58314
11995
18390
67584
16224
40404
97466
89077
57147
61829
10374
23024
71924
24919
84245
26449
3936
67151
11475
1003
94484
6448
56451
60829
39602
95767
11418
2745
38901
86322
80923
94434
29669
32544
3836
26218
14042
4272
77491
46202
94656
30288
88521
87437
65265
31266
93042
41626
71594
1816
21025
88703
89978
4565
32575
62923
34008
41695
13498
59074
3238
69848
69730
50994
71362
10196
12742
19280
5323
41653
42461
35909
9328
44601
59432
20733
66842
72794
18927
55234
21278
8979
78986
94855
99887
72180
36725
23987
41943
17064
24174
46196
49290
76787
31005
48552
12293
57567
20541
77405
20075
83175
18699
83432
38379
19482
80029
54280
79445
76599
75717
98378
13298
31650
56018
25464
319
8787
61343
49184
5272
68625
72652
88007
59127
88180
56353
66647
72685
18713
19927
37374
3658
96272
21938
65140
68734
48264
99405
96034
31708
26176
15311
13252
48145
62661
18286
95370
35471
4829
87210
1179
66541
22599
51917
85258
65998
43133
70904
5862
48365
96440
21329
52262
47495
43194
95055
25534
38419
3207
62099
65700
11845
58546
69074
25260
82120
70507
59160
35970
84718
48450
12848
66172
6173
55787
76193
6280
32116
44151
64159
2073
64587
24128
8249
61103
89340
88293
96375
97647
64447
11170
34275
87554
13788
621
95423
60372
2458
69420
27167
4867
52311
33994
54694
51304
78042
15134
65988
25937
92490
81042
50188
62194
43960
29044
8586
12763
71684
50587
50413
49375
40554
84817
2548
17583
76814
21625
5947
40919
35473
25175
48186
38276
81214
18441
20897
28353
63225
6971
40956
35166
77643
59528
61515
71778
18994
70999
17990
18817
49935
32891
3569
44138
92640
43594
52052
26250
76755
63925
21739
44615
8703
37882
36402
568
97470
80478
59034
45480
61925
94731
53702
93981
62858
22196
54047
95450
41170
34081
5633
9148
38985
33331
65269
72571
14370
37239
26146
21976
28077
12599
56006
86650
12622
78469
77190
90896
67617
61038
88597
62149
29133
17713
69140
90526
50228
57779
98046
76057
37011
45085
84778
17467
11847
68328
14707
43794
83834
92262
52927
95516
88838
14387
27261
48542
1527
39258
27996
10196
69142
27470
85280
73659
24843
22956
39254
79321
90011
1710
9865
7541
44862
25825
8444
38034
13297
43128
19742
57866
44238
10907
81874
84294
37804
35891
18915
96044
1486
26690
91888
64293
68878
86351
54816
2419
92412
45315
92709
50752
48625
23663
97989
47890
89532
8278
72691
69868
11305
92687
72300
65827
34322
87503
36099
33844
52759
87801
31713
890
72984
2127
55811
12353
26777
13183
43547
33867
32577
72673
72446
45251
32247
53894
78097
51182
39098
84289
98592
98218
84766
89426
7902
2560
80842
12812
63671
78713
78577
32485
18694
71852
23508
30323
28782
61730
84838
11455
54460
58054
91723
5217
80602
53709
87942
98362
12439
13683
5902
92621
92171
71179
47310
87620
86881
21283
35936
28722
25601
74023
35002
53013
57572
51381
61579
93385
65865
18985
95197
62970
75416
70939
60948
21789
29204
33803
4526
23708
11079
35460
76160
33354
37303
33306
30631
64887
51368
63696
72842
61843
27303
81242
6987
58443
86320
82840
93754
87296
34658
82354
20914
48158
68072
89082
15120
15712
48485
56917
72642
32970
22192
71185
5117
61099
93946
76814
22082
66703
50720
69330
43133
89358
97488
94994
39396
96869
43083
87577
28255
68515
26468
40798
88956
5715
89324
63807
43335
14227
25942
65742
91593
18033
15137
65115
89470
73800
54151
52453
87433
27915
76918
64568
22919
71706
52080
3551
33900
82517
22579
48169
33464
51257
64822
6605
73975
87502
76402
17575
1336
20877
79399
78894
4565
15019
96444
60057
53845
36102
66507
47224
13486
74099
86994
78678
59110
49769
82433
29015
92525
47666
34318
73181
38166
58219
22488
66482
40116
49176
6461
7779
69937
97774
40873
57007
48408
38107
4601
63497
4036
70005
44759
1886
99858
62896
19714
95429
1946
78414
80505
96808
8246
3548
78259
15949
94741
4339
60692
35767
1604
26191
67875
30507
89159
41515
8298
40800
14139
91068
21555
98479
74088
66921
32587
22031
13759
74566
69715
83123
35580
77376
18221
14913
31610
34396
8286
18001
43370
97259
17761
10418
75759
38360
15874
74762
66363
74729
23793
83716
11509
76587
11636
57885
26497
47241
19857
42489
20034
59611
36132
67213
4580
65349
64988
30519
83734
88710
28125
79534
89285
49342
34031
64666
98628
51350
24453
47018
24544
96039
81578
70237
30533
46823
73638
33162
87354
56808
81998
78336
95214
31793
84017
53341
7803
98458
48755
17481
46840
36484
52824
92525
71062
26452
31121
35856
76443
71014
86380
91706
46337
69817
62062
32344
4183
15169
34344
67930
5890
4617
22390
19684
58014
49773
38637
47916
23644
37936
16841
26034
57027
8940
16930
75959
83074
91520
21563
23341
88411
56818
61356
55931
81891
95879
45498
64116
64736
86350
75201
72896
11077
76452
83946
49070
44181
32002
58654
65072
43643
31219
80693
68551
23135
38020
42285
44129
78372
41977
65881
86285
10972
10581
63465
76670
83561
7098
17727
21622
42931
89
29746
86664
31988
60862
54614
38996
57650
96825
31154
84027
94898
28365
26681
89088
82176
36292
21615
66168
86716
21525
35951
6112
4779
96315
56715
16304
24487
64611
19381
83964
36422
97234
79773
87294
9054
38983
48476
38135
93001
23800
33810
72030
77465
15016
21603
64025
98558
42505
8543
23650
35381
41108
64430
89032
78235
30729
71360
14057
75471
94231
4410
54337
28005
86821
30374
13622
29832
43283
51272
97777
68619
53126
35668
5070
66767
58741
35403
58845
77963
11842
70386
50110
41799
3982
58115
52602
33878
65031
88796
87618
53518
783
69662
74651
20990
50399
13662
34666
35769
34923
17503
70010
33412
60774
68656
4621
60678
31608
59969
89553
77062
64611
30334
58926
69684
58964
55282
81807
78016
44020
74788
61338
32164
2669
50334
66106
66649
70784
43517
23950
31136
4884
53662
12614
21161
31740
51426
79081
89009
38331
31845
52535
80786
1197
41164
88872
79636
46201
58694
57752
24456
98472
91685
90336
75396
8889
40989
55012
64972
40206
23857
38993
93501
74508
63674
99420
90491
8056
42977
62097
83271
77929
69430
8785
38259
35398
22796
4273
92658
91908
59749
79541
57972
14140
99493
32089
44194
76676
41872
11666
97256
44873
71897
50113
14745
90776
90497
95718
95620
4487
31017
88332
93767
59677
16696
56208
74896
41095
47856
62181
68172
37182
45989
62741
51568
28513
53106
95364
66256
11283
6488
11500
57640
20440
91867
89835
69999
41783
52605
60
90574
53752
35949
79014
50966
4685
50152
97293
74634
27181
65018
82136
18188
23139
39682
89056
86838
89284
48604
87290
10072
63797
74759
11639
13489
27620
28463
16225
4584
15867
93321
33654
73912
48277
12045
29467
13828
3173
45851
91375
49885
88998
28995
60557
69476
868
10447
89516
82993
48584
63755
9770
6130
40194
16098
23614
67160
37338
27468
66557
97301
64425
2664
21561
54282
52312
40054
74514
79200
64273
70692
70667
62802
11783
94164
38822
65035
40368
75613
36567
28329
28296
83805
49965
45080
95856
66689
26851
35450
62647
96510
51560
46948
99442
77565
61886
83631
39743
68680
29917
36716
24128
939
85622
70080
28409
31385
62933
92637
27801
96733
78797
39818
33289
22110
10812
29529
13687
69132
86927
31110
33917
27262
39064
13063
70519
61101
12165
51529
46982
39239
12919
98308
27208
38431
57928
32036
2822
62383
97242
44411
14469
63590
94675
77546
87300
91737
22681
5052
96881
46947
92793
3353
19352
79419
73652
85696
88437
73962
80871
9755
12468
92218
81234
11515
52102
91899
81190
12221
20934
6020
82178
96912
67967
54080
35438
44117
58887
86572
45430
32752
2399
86284
22727
70259
90076
35064
41972
82616
79822
43641
70381
34017
24544
62549
76189
56014
9814
1714
55506
36380
80631
91402
50480
63279
2578
38966
82788
28061
42449
53976
79306
26746
51492
43430
83225
25071
29855
55673
47068
63105
70501
71123
35555
14825
42242
49853
8312
79234
72512
2141
3967
66079
43019
42946
8473
90532
14974
71421
38688
77617
27571
66316
22267
65291
19882
1408
3186
39763
75546
1795
66397
88998
24388
16199
3689
11924
18028
18889
36984
46338
52082
18447
57941
28197
72420
70344
64102
37929
11328
42249
84303
24284
76542
19604
48740
78941
15911
3358
98231
31513
503
4753
27417
11937
18260
83905
30773
33512
30483
68408
94456
40490
85270
4898
25077
48347
22688
51246
36522
7895
74303
80832
14412
58220
53046
38802
51848
55133
61841
44917
1336
79317
76036
56816
28478
58411
49021
72329
73138
62777
19393
81633
92038
96808
64949
62508
16798
79085
27071
10896
74996
16842
76114
9303
67163
17090
44455
99065
9733
60303
32074
39221
40889
27550
63699
59603
67186
6323
62296
13919
60840
38910
45618
77581
42714
55752
65013
92841
41106
58771
42788
89879
11351
94986
51201
24920
68924
81535
72182
28700
72612
99878
44556
73727
13499
9474
7105
10364
13362
66752
83507
28650
15499
24986
12063
80423
20866
12256
13620
68279
7948
25879
69694
76428
15409
43866
58476
19654
17059
20685
15571
1013
88143
84253
95299
35814
29599
33117
55796
76937
42103
76727
86354
8344
87219
93657
69045
90631
17437
25850
37544
14939
43978
57918
93539
53421
40594
88915
69293
79083
28893
16153
99554
88037
38402
92461
367
69304
63389
40300
70880
47724
71091
46639
77944
72441
43010
27900
16152
65318
3590
21269
32622
33911
50268
38245
82479
19256
92055
17251
76682
49623
13961
61627
57858
4676
27755
633
81431
12264
1931
33195
60634
99463
54232
14505
67317
95177
89295
64813
64319
9347
9442
13424
68135
56239
61894
95352
18866
99399
67960
40562
2409
45241
7434
33023
34475
77123
11099
77625
99103
73983
57564
56824
23370
44563
18465
7854
96179
7546
7018
52838
83155
79014
82252
34203
67123
78674
30195
39061
98882
62540
59851
94444
77352
49597
99473
9739
52540
80271
22134
3517
73237
63465
76840
50778
47759
63475
16608
24354
48418
32815
45307
96752
75699
51588
59400
2752
84658
63410
18596
71871
77235
76636
50871
52450
49011
14237
15912
56900
36731
61637
22772
31736
5798
41735
92183
90091
13052
58206
38601
19684
85090
72324
23175
20703
15548
81802
63862
82465
64416
16051
71052
84991
82446
72183
93568
66349
65203
70226
9666
65486
81262
53790
57321
98171
72757
70270
23348
92198
4553
44051
63703
17142
64308
14788
38483
6449
7159
351
61021
14906
24856
31177
36359
4516
6349
20087
12095
67888
6089
99846
91104
19597
32892
30870
48068
3658
1309
7894
44510
65805
69259
85445
15117
46771
55797
67256
82914
78701
19848
30116
12206
85075
92170
59447
52658
13777
70403
40755
7973
45989
23337
23284
97497
15124
56625
3430
44867
54683
5660
5487
39117
53685
25014
92887
26407
15448
62769
39484
38248
97275
45188
77980
96727
81614
40134
35989
3420
15913
57997
14975
58034
2404
49894
51518
42465
40047
18617
93547
23039
77921
25582
11448
65078
67632
21559
62314
26161
96558
81268
42268
66145
53569
79592
96521
29556
97524
39234
69132
46280
80997
51333
19820
88352
82688
38290
37238
30088
66238
53899
29931
28794
86659
22697
40815
95933
21369
47130
9934
86373
64009
1624
1925
52825
51806
29247
99452
74869
79565
40217
70708
17838
21551
93597
36400
31325
11222
68744
23602
39788
45203
45615
53767
93317
84714
25359
19878
6515
71885
57165
25091
40589
47673
61609
5869
95105
37302
66865
39141
5660
81189
77181
66945
9337
37791
71912
37505
98026
77285
81632
10406
69942
3505
3479
22282
59991
12145
24749
64243
24330
3304
66631
85046
92080
11487
23475
68201
87234
47144
65856
1410
14664
58707
85605
22931
38726
39172
73444
11124
1145
94202
43246
21642
32578
81001
98618
31359
27130
94584
64774
79359
23237
4223
89680
70760
88291
46356
11438
54733
21213
89076
3051
79713
33498
73030
78531
11058
11804
69491
18536
16431
25098
23780
26328
80307
65617
25755
80362
81813
29599
58319
5669
61428
34784
23133
76303
53363
87656
55406
54068
29465
91655
76888
6443
96505
59230
65933
46276
16375
73278
13994
98568
41805
48370
62582
77781
67695
29207
88463
37587
38242
62425
80390
77042
66356
75256
30504
26284
80187
80808
55590
62471
85667
71628
75001
64829
40113
12423
17348
55412
18523
88803
70576
24646
67074
42832
61481
78166
40175
32116
92156
40631
78745
3539
11763
32230
36746
87212
73817
69685
9679
30272
39253
87707
96057
9381
6970
45145
30267
56476
67271
22152
35933
27352
45553
3856
78503
36411
90291
96644
58116
33260
54562
3769
62387
25455
3845
29289
94800
24796
71766
73853
40048
37325
97698
48200
94189
42705
35679
35318
52824
57759
57217
5554
29559
11206
51859
77847
17731
19055
18393
70484
53531
24544
53907
18526
58936
50081
98909
37344
34450
33557
78147
96238
88143
3805
51655
76176
83858
46093
61435
55741
27865
42217
53553
86070
48429
33655
3599
55971
29043
75864
89548
30629
50990
15215
1499
82277
70858
46688
86248
94250
97103
67990
74012
64038
63259
83761
39522
15423
50446
42725
62694
96481
89921
51399
74312
77180
47281
2289
59656
37724
35512
23215
60310
21306
24241
81381
63625
79107
62487
62974
29905
10574
7354
89094
6279
664
36658
13601
41586
23076
52099
96638
2200
41056
31913
733
9851
13989
43638
67482
22476
22294
76587
84315
57329
94811
14680
28221
37429
23178
57064
71428
22342
29386
45791
24514
98424
54906
6867
43550
14822
23576
40802
7311
4075
99551
48852
56295
49001
51254
64111
95387
54555
97999
56558
99990
14132
7189
85396
80973
24938
73036
49275
54997
59291
50929
84538
77058
96285
25633
99287
57368
30003
54356
33034
73608
36414
82427
51169
29060
75524
16341
88141
62805
85989
76690
45916
62221
82218
67516
51645
76996
76413
38447
79483
95146
79843
5937
38240
85484
36091
92383
23531
58441
16794
30464
61271
26643
28015
71694
82126
45692
37217
18028
19290
73255
49012
94947
61416
25442
78526
91806
56934
77555
1306
47870
7312
59112
50561
98739
95002
74200
30927
39906
85581
68040
4113
36685
95515
60976
87315
88013
17696
20632
32460
20689
76293
74551
77385
21446
33479
97322
74089
84943
64208
26695
90175
23041
37164
38929
95836
50065
88752
35311
21658
12096
72730
53646
76917
88217
68646
5629
82995
67578
75865
48591
75802
35277
71805
50865
11144
20636
99068
90794
20380
45717
39279
40432
97466
25455
69486
98272
42750
73035
97260
15005
5739
76996
39140
20569
85244
87053
92783
5195
75500
21755
38451
86850
8866
40895
19009
36620
22930
35251
47513
77174
27009
64713
29480
25991
4333
88831
835
84486
48360
49290
73019
29259
57573
98379
9766
91004
48966
48099
5425
56172
46012
26642
70641
37493
8636
30001
71474
56324
28974
84667
32268
50438
82407
4225
2367
21454
11068
32003
19465
37709
79530
48222
55539
63964
72313
93323
89161
56760
58595
72955
68158
8946
22710
21403
7478
19709
20648
60784
14809
29971
51813
93048
78257
11060
70988
11427
6734
96663
27162
35374
28761
83172
92368
52501
60361
89435
22035
98439
60618
57056
65227
50581
94128
62582
64404
56804
76048
84794
20025
98108
17531
69095
5742
3208
66837
41703
75580
43463
87308
14498
35200
62118
18768
20682
10580
90039
8556
43895
99290
97087
23129
26661
20689
40509
93899
84005
54768
95536
23364
28292
81019
91198
49098
76485
64871
72610
32443
11696
29735
76653
64129
11218
45539
39884
69028
46828
89820
23924
68640
98308
6400
38796
32891
7581
17166
66085
90992
52145
68988
15719
56624
43440
48335
30919
29747
33039
277
42345
66456
55820
46760
38734
7147
10886
67738
70078
49415
15450
3744
46065
37867
97521
83837
81284
83032
46729
13335
66117
12073
60898
20960
87703
65877
57011
41043
91304
21200
29515
89887
19090
98243
57583
27851
13057
74393
76068
73631
36514
14729
31624
65599
97614
29048
26818
56841
47660
63414
60447
7180
94316
16539
81913
53756
71455
40092
38207
14497
83690
12507
35008
36006
18516
48168
51531
43059
30446
68831
83779
55147
82845
60197
34156
29772
62215
67759
84417
34514
49278
60747
21135
4095
75975
41485
4574
52814
99451
37891
73971
46097
64199
37809
76226
46599
75507
20890
5785
61117
65110
5682
27451
49137
64908
21671
4057
50872
58961
45682
56460
9003
53053
52596
88988
15838
56615
91375
42376
53984
96201
32031
43415
12870
30297
82893
38727
476
70309
28604
78987
49182
73889
70955
75406
38858
48653
63736
75323
72295
11097
56914
98182
63335
12811
9366
36238
53151
86540
88141
14654
63610
21595
8510
4050
52226
23212
6745
99395
71200
68869
31894
7003
81525
65054
15797
73600
64309
5648
32336
58471
84937
65129
63722
66160
85124
1165
7971
48823
48010
32176
92657
82187
46485
60760
94256
36184
4889
50085
44392
97343
76758
16513
83836
89424
59127
59952
94625
54964
5500
95981
49404
13613
17275
37336
19765
38361
27049
23106
36462
64635
77352
8937
58294
89585
71327
50641
11896
15001
23270
77485
56156
50096
19183
54999
40102
55458
55998
41334
2759
64949
53938
76034
850
82002
92620
49511
49381
37794
82302
31761
27193
41903
90736
43920
43086
2869
68626
25962
3344
67522
3397
77573
66970
14061
92341
24625
58542
22317
66285
43241
75366
85447
45809
20710
15564
74527
62381
89014
66587
85309
95238
37332
68466
16361
69819
2933
18795
81861
32585
10904
86494
74799
63339
65669
92230
50361
58184
54267
23566
38353
71729
44771
30342
98450
66102
36984
46684
47256
72858
75671
48298
13347
79083
21027
12306
49511
47706
90035
84882
57213
27516
49584
85982
4270
69585
37853
18683
92749
75310
97175
3455
62054
53131
42297
43995
54324
12962
7890
12536
12606
27790
80679
13579
83445
79153
41585
30782
47797
1609
96171
82824
80532
16042
33990
35418
23978
19062
49976
49506
32365
47536
74426
36923
91477
20062
42855
19844
17425
52677
21812
2443
74565
70658
64037
56117
35736
95354
60434
28397
45956
85786
6309
80924
58473
760
93072
28810
3851
39561
61718
78248
57808
79416
49257
33635
34627
9459
67131
35859
59589
3470
24797
56934
60483
69245
28099
94751
69468
71609
49712
70468
562
80760
70923
60203
87934
28290
82733
85008
5788
46010
86868
49625
15338
9357
9783
20674
48081
19103
84563
84592
41103
65357
87381
73658
73966
57755
24712
43510
54767
28003
66766
65013
26832
56179
71517
15875
94550
74722
58929
21678
35143
44545
68734
22701
30909
49894
33733
22297
46604
13134
79336
86941
66275
94973
75859
62631
99622
11040
74641
14043
61952
35293
46878
84337
37683
26340
18340
74318
96848
40357
1129
93349
81246
74318
91211
48658
60849
47873
65466
34662
42380
6859
36039
78797
22193
26902
83397
73164
62589
56704
66459
32233
37466
67130
84652
47016
39139
67332
63313
1300
95378
56415
24248
62856
67362
45023
98043
32613
91418
95303
55646
50086
30544
92802
83491
51091
27156
51707
76393
26130
71993
96388
18193
28716
83831
99219
46210
75431
18179
36295
79483
57447
25863
84070
89704
3280
65244
41422
2345
80483
47405
7487
14274
50966
40791
60424
97579
37412
59340
22323
62400
47764
89519
23117
40905
42831
28693
71594
31617
74577
68909
44576
63185
44920
59573
6156
19339
33513
12558
6477
44964
59097
28942
20550
705
85950
86269
51897
87293
99187
22995
44731
26350
80445
2930
97778
97386
79136
12302
42289
98468
70412
17361
65134
43538
65739
39048
68588
20951
61911
26780
99405
68710
27562
48808
20624
38344
65930
39779
25463
1206
68141
90065
20148
4576
70257
48516
56587
6057
81944
74600
22682
58095
71542
47596
7251
79251
22714
16764
47316
89936
6761
4279
87373
58853
38804
76089
12653
22218
76884
59984
65776
33473
35228
54483
24680
48168
53382
39949
77656
38370
69916
63855
22857
79672
24768
88383
85114
68634
18617
11032
94432
89213
73095
92589
51429
62680
43993
364
91590
74909
25713
70026
26480
94816
27988
63844
58343
42242
97113
45667
79416
54927
4499
93583
17868
41959
83162
30028
40456
91826
80685
16753
10425
34788
30970
81498
87680
18785
15170
20172
26411
79232
81215
99680
52348
73127
19720
90993
85098
69331
4262
45602
1777
22428
83652
14794
6615
33788
17822
36779
36769
5497
51744
32805
28258
19251
73024
2570
43539
81606
80057
96865
54078
32081
89373
9861
992
79386
66764
85268
5396
321
15606
86171
73361
49408
57550
9762
18112
76205
84378
89487
57740
11479
33420
36000
96548
42130
7605
95488
94376
89437
42239
98012
5558
30406
90312
12819
82672
1830
74169
85266
62856
63334
7154
93381
26616
11805
86537
36695
72016
40984
73033
12668
16139
76052
36727
17787
91341
21067
19919
88684
4099
44037
82564
98849
81005
66737
64632
97174
21184
56642
47298
55313
96689
29118
65144
77242
96189
28185
42698
31967
57022
90773
48864
49970
47937
43605
59616
62649
5683
58925
85393
4151
38013
73326
99308
19900
37396
61256
18431
88034
95444
94642
94435
88893
39899
6963
1281
68800
50919
28625
63655
86761
8641
30506
74216
65412
1101
58977
4100
77178
73589
21989
40968
39760
5659
19348
74656
17128
52375
39656
37083
72513
92474
67792
5192
83220
73905
22572
8208
37661
72587
69741
85139
95367
58371
30071
72706
52692
35906
75513
62648
3535
87660
81165
31
45441
93891
35127
2482
62043
11500
71009
31380
68944
17686
27659
19553
49799
82720
52613
53894
69750
34513
29710
61750
35785
16448
72035
22663
8413
38036
89881
11684
40200
96575
87642
35486
82708
32660
96805
48178
57392
64200
37051
7846
71441
34060
59791
15496
81080
16994
78563
88093
51060
23903
3144
48511
77219
14433
84578
43164
32999
15164
3595
99668
70054
11935
70453
16074
8832
71937
7230
92364
78964
71842
64198
42330
18165
48028
27781
79827
40633
66989
3345
56765
54909
33612
51369
98274
27038
33374
36778
24224
83442
6476
67992
20134
60514
41928
35961
17030
13466
14992
79615
44573
39004
77703
30974
12936
98334
54911
65456
27374
1843
18761
33876
90831
91346
31539
36374
96570
39074
65957
22583
67835
59598
29476
43133
1554
56921
79692
754
20317
59189
35545
93711
78520
15121
47036
67543
83629
53989
91695
42576
74780
6466
79758
6427
63372
37539
22879
44939
52444
63996
93889
26161
26222
17109
69143
94458
25563
96814
74165
47388
43675
20125
98155
56983
10543
50538
23636
47581
43522
10521
39101
40320
1952
55487
98584
94030
1333
81120
93809
28358
19003
9448
45707
34208
13012
74265
63219
66749
31111
77760
92233
94527
89304
45656
78583
66193
23834
89718
93148
1699
6657
93172
73612
74423
7123
43061
61633
43665
43991
43654
40553
86883
66030
62142
81002
87918
12491
62995
4916
24133
8119
27859
16065
63079
90253
40899
83888
68536
18615
94491
4031
18722
46862
33408
59367
46642
25453
54478
63580
83074
6584
12513
72821
98993
6160
77794
41274
18060
26950
2471
32543
5749
13740
8222
40718
36103
95251
80269
29819
55888
86590
1108
42717
43803
54291
94919
15899
23829
94922
62207
9654
77426
40354
63040
20073
49480
41392
41032
71299
18746
54453
70799
9010
76518
49384
50643
61396
5991
15945
55360
49951
40893
29849
520
95840
68075
30789
83372
99194
26239
66480
4439
88391
50477
12959
95056
77381
83515
69707
59960
85934
69887
73311
47109
99064
53322
53817
20455
4031
30400
12564
90512
79459
44137
30825
80559
80815
9529
58282
640
43976
63475
96735
80582
19636
45159
79802
8379
3406
53777
80251
80852
56971
79895
24736
37040
81625
8131
98149
94215
45047
64844
82563
14968
16139
78256
22458
18495
42413
44109
40741
10398
27392
64527
29821
6494
52431
68059
30049
58980
34727
25931
74233
15637
70570
44624
56231
63368
51064
90155
94111
7806
89296
68912
81878
87474
16214
98987
6079
32335
36146
88547
45903
77576
78170
53967
93046
22274
40137
67754
71088
71985
24945
88561
45610
41776
88268
11887
92931
81282
74336
11843
86490
82977
73049
10785
29660
81779
17817
16023
67416
51327
92904
90773
13374
84674
67779
16064
51471
1405
14004
96511
45597
99861
12956
85716
13432
45561
16867
7232
88098
23249
88610
22856
71009
36470
87075
87930
50586
12545
54981
78872
86525
63164
91676
1236
42851
22668
24264
20939
92494
6928
58911
25052
19117
92559
80271
36961
76979
14358
49578
77648
64602
94118
86047
4666
98109
5654
19884
62805
64555
44510
76215
46338
15364
19916
8828
52486
78468
76335
84355
94531
15719
63294
55216
3036
90382
5614
38032
79462
12241
28382
15359
22197
48605
40690
44202
88434
85673
22563
74719
14723
29123
60180
16868
18773
52393
1565
32529
65397
16786
29988
91725
9711
52843
81909
80753
38878
13157
44132
57268
49645
12894
75693
72319
41879
54582
21747
57126
85091
92467
91370
33705
58424
62249
45210
77651
33475
23188
5682
32703
93880
48786
2926
61822
28832
9289
22885
3591
4820
61059
25484
51455
95333
87596
45661
39437
42364
1464
52028
71312
44895
53609
25099
94766
13873
8130
22585
92173
73667
32126
53849
69881
31599
12470
57497
98573
68844
10609
58900
64827
13143
82706
46260
24791
70946
88217
25142
22368
56969
4134
97891
40520
61733
54786
29416
42988
70718
7283
93192
76012
86535
4791
35398
38085
78296
56119
21746
21078
9126
19183
7817
92622
97740
29204
22031
76324
82626
40603
48865
16320
66565
51522
61505
84893
30455
53573
96295
82978
70025
27314
78689
94509
30508
15458
89814
32699
29863
91163
47484
88017
61454
62679
38153
55975
64884
99696
22945
34671
4335
55204
1287
97932
71360
81767
16841
98658
94872
56538
49959
25835
95614
13112
70762
34661
5438
92035
22706
80777
10544
85811
54311
93521
1126
97224
27504
83864
40127
98937
84760
1246
28599
38513
51172
23228
63343
52190
57136
35049
79292
65512
59418
86166
79141
85536
76106
98844
78516
80322
80780
3867
97964
14562
68537
93826
30879
53817
50053
20769
96559
39122
18914
62959
30020
94421
65564
30749
94177
82160
51486
23927
85461
33721
1947
84106
23713
12573
56117
84533
46926
59849
63640
68223
60265
74455
40872
31925
42651
38641
55285
78156
83945
90740
51084
67164
71373
46853
94480
745
67358
95400
51818
96676
2912
87204
75306
32831
40028
29451
35006
32311
29579
37437
24895
12412
1741
77428
81581
76168
37687
87727
48582
93156
4448
10156
23097
61248
97543
49988
13128
72010
2524
36908
20417
55376
15094
31615
53527
26111
38771
95958
72080
90874
73428
17039
41888
37329
57880
87966
72591
52718
61251
8963
47821
50864
797
24254
36768
93169
86401
94560
40579
25122
50178
5233
55182
8506
326
14522
29933
72507
50212
67998
2134
65959
5699
32113
38284
80150
86593
93158
12709
74184
4696
70249
45377
25197
54571
66094
38959
33635
84490
69245
25328
74834
2294
70815
70558
28787
2477
17016
67174
60943
12884
74112
14553
68831
93314
89
81253
29112
98926
57014
38006
89557
6581
45845
65940
32489
47974
42488
23975
81471
36864
89433
92031
41606
11400
28460
74578
46896
26524
19559
96454
96028
33044
18712
90605
25755
1312
7549
149
21153
58442
2529
51286
6514
38022
13739
48939
5251
59541
1673
90170
4976
37699
92481
92326
870
67979
32964
98152
69605
27404
56437
71447
28945
14300
96581
48925
71527
33086
99688
37136
33207
3793
79907
62874
22737
30211
47392
10393
29864
16784
43373
52290
93063
87513
81190
21152
3801
62345
56127
2946
98961
63505
40339
11755
95926
79174
72662
16894
75488
84522
16313
16517
68070
75888
29712
95856
32872
83516
10727
27077
65845
29376
24555
30567
21712
38847
81648
69539
70907
61634
48211
20068
62394
94907
46214
29740
12853
84354
88640
32331
36091
74647
75027
56973
97686
49660
59928
99908
34656
26725
93766
52550
94379
61236
2381
99113
58697
31155
35689
82623
98919
63863
62982
64901
72345
22810
51307
92336
56950
2461
67049
43659
45433
51768
28608
31082
84278
75757
21017
30109
51402
91385
82067
35307
89272
79096
86997
5184
33320
11589
98704
81984
89257
35893
80697
91394
77327
36137
95311
1788
69978
38314
34243
73146
56394
93483
34357
35031
38824
83712
84751
18562
99040
29623
31985
98063
54561
28821
23671
34076
33998
13243
1921
87865
7647
35854
98393
20204
39989
27391
38601
90644
6129
92243
98733
27745
21047
87495
28128
86698
87851
13862
55775
65846
68085
44568
6928
92000
48481
51935
28158
55144
66968
2945
1776
22921
2771
20699
60564
71648
63297
79591
14818
65334
33709
2679
84009
73690
11859
88111
33268
83299
54909
48828
91907
15866
95961
63757
16498
82440
48634
53197
79632
88901
63269
69194
81868
1848
29706
70373
296
53787
94918
56158
34871
95658
62315
85697
67716
60163
64518
65327
36626
21557
77775
76468
79079
48063
42371
11056
54443
3334
3688
74229
1893
50992
31983
58145
97512
87871
46747
97108
88790
88247
2217
10801
59284
31200
47139
95197
2216
84439
17657
18633
52406
57951
75607
50015
91790
12988
55303
1236
15957
55338
36190
42533
31938
36800
90585
29098
37992
7099
28564
96894
29283
96866
49832
37583
59306
35391
85172
64785
47753
42014
22539
6471
49653
22554
9627
51837
91871
28420
64906
94589
64037
68738
36874
25062
41753
10270
10374
88273
46391
78633
65936
95265
48419
46379
76399
17013
32569
81932
40805
80649
53906
84375
66991
98716
13469
67141
61494
49315
77241
36313
20597
31084
31117
21102
27861
1943
76028
30803
86976
88703
77061
91257
30462
65924
80617
94698
95862
76168
56989
70842
44120
62668
77873
68117
49770
40820
99889
87779
70767
46870
47098
13820
92874
41329
45508
35385
80207
60814
74045
990
29483
51299
21409
34354
63334
23913
27973
88548
86572
52190
15689
19769
58540
75279
29351
60126
11014
90709
28417
53520
34589
58746
44873
92184
87795
97372
72578
35258
17861
38183
88941
93368
37923
33594
31513
78228
9576
50534
93369
41494
6350
45399
92168
9828
61681
74363
88277
72763
66451
99460
75887
77754
29868
74002
84070
73475
53942
31252
23260
25298
51024
76055
23061
87478
46997
58320
2779
59974
42262
68352
99918
89242
81269
617
65128
28380
1328
58391
3755
89658
15289
92583
93307
97190
25009
7012
62341
69371
52038
33822
46170
68690
71480
8747
41092
9623
63122
37726
55940
43817
46576
14360
28967
42140
73846
16990
71808
55716
78851
48893
22339
96084
34915
62739
36172
44048
516
33795
68688
54869
8901
56512
95948
38308
41449
39529
96541
56202
16405
69791
60592
39926
8173
14228
98823
64727
61007
20432
7483
11666
39681
44571
56602
66590
9985
34812
2739
50881
65745
57466
27688
17093
69911
44281
78384
84399
68569
87923
64018
35858
55561
71306
46366
10646
90818
50792
45588
45114
23187
37621
69811
20028
19608
77897
42658
70572
2836
79287
20976
99554
90915
91759
75186
41529
23691
12577
23926
1426
64532
6235
23304
42912
679
65856
77833
92860
82392
34874
5464
88354
28675
19776
35405
23667
17652
22263
89384
77664
88269
84130
93793
48854
81003
51149
64801
65391
18744
4838
15315
21595
8134
42814
63098
99987
73158
43342
35341
55426
27377
1279
88878
56165
17438
72157
37354
71371
55293
32479
74458
44124
2390
55431
20443
79736
61676
27327
22630
28482
7932
50791
10087
5463
35238
61999
34561
32544
72075
47053
32137
27194
90384
40351
5080
44332
32253
57226
7738
27738
8689
88647
48457
78749
68492
78556
63713
76819
70480
78223
57404
47420
10926
86702
85006
13892
83996
65186
4969
38395
12514
71507
12202
4402
44896
90550
7980
5125
90053
15863
62540
78795
90785
82797
89230
88574
87129
46674
35824
52641
73806
47907
51655
91119
17073
21975
30650
35015
71241
6354
26716
63947
77578
71064
15440
66832
87969
55871
22575
71336
77518
38723
8418
11349
57163
52517
56953
98869
20959
32695
59119
40247
53287
61076
83713
9033
51899
29549
13035
13784
87113
30335
2996
30875
94748
7243
31888
22859
84485
57777
14073
82805
80084
44039
78868
9590
59630
95248
68825
55640
34217
98002
29546
13776
26489
43935
66677
35124
10002
77922
6614
6684
87206
68186
61628
95045
77534
65310
72281
84055
73704
98269
92565
23409
28730
94014
16637
49467
12400
98090
62009
641
57182
61900
42433
56348
48019
37086
11869
28063
35033
70973
16632
97851
88360
24063
89702
66650
30846
86095
65281
24346
12147
14281
62983
50137
69837
1175
76475
24538
22374
66546
50306
93656
22661
18042
15455
73485
65431
66459
36618
20015
91387
95478
10949
21365
67426
71334
78863
29950
25316
98219
3888
87049
16334
64992
60315
46582
1690
10612
76673
52553
19864
60115
35628
3291
51256
47191
7474
10675
48414
73385
10774
89145
47455
58490
55765
8379
22046
66708
20060
97709
83
15352
78546
79887
46188
1001
74170
87219
24768
82463
88783
40672
51173
81081
35961
63924
73407
14817
88920
55604
37373
98957
71448
20544
14562
21965
54244
91241
48959
33600
25044
34622
1016
89247
23210
45901
62951
58731
30956
47655
14628
85136
55816
41674
84377
50074
99523
49738
51816
87529
50381
63574
87015
69515
39486
45160
20929
32013
98595
18346
29691
56944
72199
13044
27904
81338
19420
69245
85115
34842
7367
42440
85880
87968
83445
62387
11196
58901
7365
13396
42788
2363
52373
56365
72273
84528
94115
23737
35243
68875
7531
4331
69944
95241
81359
85633
41894
1985
84933
51325
37450
92155
36471
5893
13609
80737
96495
77856
99968
26256
60821
84895
8294
78182
20535
23864
1118
12507
89299
6069
75712
7354
52750
90262
18546
7266
10731
91395
23352
41518
86079
24202
54712
88324
65573
31400
13458
43796
35220
7101
47432
33385
67593
67431
67244
19539
11736
27046
86774
94295
49071
76760
42873
93222
33623
57229
59664
16886
25203
13197
10267
7808
32237
68993
23844
19414
27463
65782
57824
60600
87071
63192
27668
10451
46320
49200
60202
22021
7531
85600
81496
81625
94648
83063
83727
90541
57086
68210
21086
66898
57993
4473
2696
34793
52848
87436
7928
32629
47128
14882
83603
32231
22670
25788
21322
67855
30552
29072
43694
49960
74262
43775
47670
79034
42127
84134
97432
42505
72087
21917
92047
8423
95735
51785
62186
40068
46871
30846
26721
13551
97872
1890
28241
75147
6574
58925
79092
50584
43512
34499
73493
94529
71180
1039
54462
73919
7464
68271
64365
90155
82267
83378
83947
83030
71048
91822
33857
94082
79276
73414
54007
19125
91216
73166
2574
18536
38152
4396
54138
8577
67909
67978
5745
85427
18694
59264
9096
73490
34195
70715
97918
60197
84138
38536
71285
69939
63746
40480
16877
96532
66905
9404
48438
2332
31703
88400
17914
4242
40263
83804
37048
21196
14096
75545
57306
35742
65445
81480
31027
17800
16657
38686
81033
34470
30505
56790
51086
43307
98891
29103
76078
29310
53375
86962
50619
65558
63091
41674
3348
33989
94192
12558
97508
66013
86316
5352
70032
38055
31665
36720
9715
96661
11401
83636
14122
45032
75476
28594
17360
69812
89511
29727
84442
47848
42579
58932
58384
77756
31795
62197
98243
70361
64238
19696
16186
39699
87429
45440
42285
19085
60825
16264
11132
66208
11155
31191
8662
97695
19085
51025
17463
14450
97627
25556
48641
72926
20847
49769
39925
23522
36126
734
5391
7284
19770
22372
24619
74845
99238
97908
13770
76404
64763
36559
671
69422
58130
72701
84003
73624
20691
51646
62268
57515
48967
38717
15292
2393
32808
86351
64840
63950
28679
79976
55123
35871
86797
32459
7271
95141
38854
71008
17461
89438
63927
30405
6787
77413
40825
37550
76914
10782
72699
98565
89255
1999
5725
43745
25742
60006
46804
27957
40838
19105
71128
33381
7529
5681
26175
61326
79117
71624
5049
47102
59607
61939
84682
11951
41207
25045
86751
73010
31395
4898
43130
87078
49045
11812
37872
41063
2898
47774
68068
71355
44036
37652
11064
86424
69627
70503
5453
32495
13486
21968
90412
11256
63362
13723
48194
82022
25607
40097
67999
31509
90290
10930
83529
94070
30139
96865
25423
51640
50591
88442
2778
55801
64276
65442
32969
84248
38383
38222
85843
21377
99003
42049
35243
81644
52903
92086
60587
4633
36800
79808
55626
46278
18465
15900
40946
54227
91960
32411
79478
9949
3657
17593
87460
80980
78501
71629
30307
34593
4254
39489
52669
4851
68270
76752
34535
4249
75222
69225
9582
99510
67118
83816
21814
55408
10454
31303
21767
96588
97069
93315
72632
41285
78607
8300
65508
9087
80914
20831
29032
72114
52636
26220
132
37072
55210
31601
64189
67886
89532
54334
13574
35487
28593
52950
40329
27878
18419
90135
76869
789
40524
42197
53884
16144
1739
18320
73166
9067
80880
12952
42960
9614
56444
81417
37113
89786
58674
86848
57082
2555
17564
43325
42566
29312
27443
92726
81932
6577
95828
18385
48950
57883
30197
44663
26951
70427
48391
24033
93769
11538
37890
65603
98255
66384
514
42007
67230
23210
24418
89380
18998
49928
28015
1936
12416
48344
96757
27587
65267
39532
58120
42946
12489
81632
6024
33859
42790
3758
29553
23463
40401
14023
26668
75282
31573
87168
96369
29987
88425
90115
8434
38317
98302
2191
86265
42356
7997
27348
56131
58219
46116
17692
52146
96953
46146
16883
20664
18551
96388
13186
68708
58423
99742
99257
31537
50744
26894
62639
98389
8071
27009
36019
20733
45051
18546
32128
66312
80730
76274
64826
58494
175
11328
26429
78143
25142
52235
52945
58405
64368
59080
28014
81806
98195
42534
34283
41304
18779
72825
4580
43118
81248
16453
95581
32773
29402
6052
51905
77366
58427
27943
15244
30239
78173
54300
15175
51438
80544
75855
69757
75913
48231
30180
13734
61925
39522
55549
32125
28179
28980
54682
1293
62571
84152
8318
78977
78827
29293
71088
33736
59246
33321
65842
90847
5579
57845
76730
45511
89010
66412
59285
48258
53007
70183
75129
18255
61226
6085
56396
86389
83907
57778
70934
47707
94957
85790
15755
67817
50165
1259
94600
99482
46939
52879
73068
20523
68812
23726
23412
14042
64796
29945
89435
30498
97681
56417
51045
16738
9775
33534
3847
47331
2790
96847
92795
82087
29839
47154
40825
19133
15568
57931
57635
93118
8690
80346
36600
13858
66806
24687
85495
48198
14877
54307
96535
38465
56910
24827
20762
83372
1924
11379
32917
79810
74234
84124
90076
32255
85107
7073
44237
36115
24752
40875
30760
62022
46399
22849
39823
63144
50123
59029
65330
2412
83640
41683
5911
23665
58249
69224
45334
60343
82286
17548
49543
98119
72293
52846
31868
22179
5988
97094
61583
85
65943
73508
68655
93192
301
77022
98678
34884
39184
4509
85663
65599
95743
76077
88182
93235
75338
40185
63335
93595
89498
53968
10876
31377
66149
74263
66741
3517
3682
20453
88752
93607
19623
69127
50589
8673
91439
46284
17797
45452
36858
34116
34797
28555
86525
89061
27619
91972
49477
69254
49764
11284
42812
14885
67079
54932
41644
34951
64336
98831
43851
49755
3570
25380
17827
26101
60174
90377
33111
23121
98905
580
76355
68072
89690
4005
32885
33149
45964
6865
32083
32810
39063
87241
34929
2123
49935
67077
50124
21403
33097
48886
65391
31994
39348
17269
62469
17577
21699
15670
90272
2281
51339
91546
81118
65069
31520
9758
9807
15779
68773
8771
79947
89602
16784
28745
93795
48528
83995
16701
57263
47378
94300
63165
18031
87168
47259
33516
93683
38210
74549
81883
4545
89781
43001
21932
15811
75944
41839
1123
26491
96687
14664
49182
80345
40018
17520
89689
14391
36679
76812
85262
56125
37090
17557
5683
66158
4209
7091
48973
14743
24903
30663
2881
32979
87464
41816
15132
57154
55719
28991
97772
12176
12281
79431
60391
53225
40170
56493
8247
27377
94618
25211
87876
87679
5303
84978
29633
30711
76974
77181
66342
50574
56655
76450
87138
84251
29159
43722
60393
27090
44612
74808
907
35961
64398
10335
90916
89988
60136
23561
33389
48885
14606
16393
4136
37772
59771
13610
18138
38453
18662
25287
59159
68914
35850
46783
18882
88736
27422
25205
52506
8055
62097
30186
33067
48033
33115
39930
65342
27008
20291
14397
33418
51437
9451
69607
78359
86463
5351
30613
660
83861
34166
48537
5438
20171
98391
88110
66388
1989
39882
25846
23597
68619
70905
18099
77972
65464
35322
45021
58333
93922
96336
89290
94056
97263
45668
87005
24460
69132
42493
62179
2224
38059
41832
10055
48386
89971
30511
77847
61812
10752
29652
66075
16532
70422
810
14429
8733
26087
91626
73146
12929
62088
60421
25946
82672
83870
10579
47528
46383
15295
4226
97574
93521
7208
2223
91106
13524
69379
54042
47653
49954
47411
53110
51779
33936
20225
69232
49864
8114
81909
34419
55808
35702
4408
3770
68151
91439
15643
58221
55257
14057
16431
13478
38546
81490
4221
17580
40502
59803
12080
32978
61940
25360
38664
36242
42651
3456
78286
94085
26255
56310
78307
33174
62066
65806
80554
55955
50455
15465
8156
33167
13003
34771
8576
3906
35240
32733
87674
39024
53078
26417
85380
22224
72718
15864
42721
78185
56422
95977
16311
35396
20816
74187
20144
22863
6026
60483
68078
89426
54390
38754
20326
23615
4724
20847
70291
14674
28869
5868
54843
94520
16657
79505
98287
38889
56355
48751
85428
78075
4245
78071
23701
59624
55078
20034
34997
87388
92572
68350
52002
78823
10076
23153
53342
11043
36619
90555
62771
64184
90742
9017
91583
21249
9398
11024
99041
39685
44099
47642
85948
68332
22457
19393
73459
23115
87593
44998
7921
15577
56817
31747
81254
63775
57600
30271
85993
72000
29403
33010
78207
67871
96304
56680
70447
23934
22056
47924
32461
83762
6694
52643
12418
33424
52785
5657
9197
59349
18772
19980
76414
58027
90284
49316
56091
50060
40414
7842
85358
87029
78758
12133
50465
76480
31022
77127
59666
7299
6577
30828
30178
57514
15927
67522
31684
99755
68491
26401
69631
51801
24104
57982
5317
49908
45281
75008
19100
72134
41657
13529
36752
43072
81910
39483
89534
72016
9253
31083
78416
33518
91759
5552
88075
1585
3231
60904
97491
49003
53467
37656
98825
93208
72825
38587
79286
37043
41702
89848
37088
9370
25739
85264
65875
54151
53386
37588
16245
4323
20222
88297
38923
38583
96677
95099
80743
25096
7370
9118
21074
47323
1218
74122
14785
47903
82164
21459
81492
8034
60815
56605
52787
17666
74255
19282
81632
65909
41514
9071
46212
39244
43601
8168
94399
79397
63281
3876
87635
80787
16262
90139
91286
39546
13417
37317
17999
7193
48754
12659
351
9670
55779
94877
78712
68366
3336
10348
22057
23725
59738
3229
19018
56251
77539
51468
78651
63223
51124
85791
94268
27889
11466
90544
36804
96263
34860
4199
70122
40018
76225
78371
55323
26721
39916
70288
96274
65539
36855
79075
96992
8829
4945
30780
1227
26782
51475
15337
96856
49683
35725
82395
91299
3335
23187
4634
52238
13070
35087
83694
13046
40863
56924
64697
64012
11649
25040
40410
2224
77437
46809
11791
7445
38901
22790
82639
14379
47242
44583
23239
52456
75336
95707
64859
26871
30491
10221
59229
88072
92608
82044
95822
52050
30579
31384
42632
1365
25664
572
91000
52459
84795
89818
82414
11465
27783
68040
68474
12030
54248
26632
50882
42954
2664
31441
81342
76304
62758
461
98214
18359
52894
62795
48720
52875
79894
88682
13053
22786
77567
20164
89150
30687
92306
90191
68134
93162
34045
49472
84664
70475
76067
70306
45768
94954
84954
70229
3600
98571
32659
51267
23647
47264
93805
68368
96777
66475
2728
6065
12629
88692
93629
20398
52181
88367
94515
16008
45963
70010
90865
66102
65078
58739
25664
82012
95330
64866
93772
82640
99246
24230
15485
43760
98446
61756
77570
75734
99532
42282
51300
6994
58978
97558
63940
27710
339
65685
40648
56509
15731
53704
57931
20642
13937
17576
40811
79803
68701
94245
17267
40785
45370
55395
82655
94377
93886
69593
6074
32898
2748
22655
73740
98763
34167
7988
14813
14076
83343
52944
62911
7885
35867
91319
80168
20526
51776
86820
88912
18024
70668
42173
57894
72536
46679
30635
70487
28673
5610
78888
48547
76761
13180
92317
61519
77751
15331
93599
75130
41466
69224
72978
34373
23834
26384
88156
73826
57496
89306
93776
46151
19337
58269
63035
68505
42643
98853
6551
58224
63053
19515
30726
76302
52980
46070
19694
38903
97134
72112
68913
38064
15111
81406
17599
47251
10241
94718
75483
77755
94771
18969
83595
85288
92820
642
23377
2940
9030
32911
1275
23354
91661
63467
34119
44215
30426
73521
58735
98761
88501
55044
66505
34702
66117
92601
78248
49686
51652
89560
36772
50546
31234
69675
11003
43803
40560
37877
76394
33227
13061
97571
47728
58856
5079
28307
97879
89396
24908
75521
8795
36689
73041
80077
71880
39165
96257
2462
56315
37029
68343
14832
99505
40611
13749
27361
81392
97926
91867
94749
98158
22996
9435
94466
34815
76326
28506
7297
95928
3281
90510
60628
77381
93787
77115
13464
31119
39855
37281
25592
44975
76817
52175
68481
18463
17681
11079
52621
78152
71895
31171
54543
90873
6936
19806
31737
87499
43064
77159
30560
69273
40619
62651
9677
55874
9385
46369
95052
76813
68849
4150
12037
14759
