66609
49969
64683
89278
46067
1358
59120
14333
82112
71312
78175
64581
99816
68030
77297
22365
58698
97279
34004
12879
82233
49374
2364
56682
52539
88536
90465
97393
3770
70766
86425
86663
54957
68106
88781
20737
24045
43464
63314
2008
84013
15928
44433
28668
35484
49644
51927
89870
90229
6391
18131
98010
56739
13616
33292
50005
24144
30656
84019
7656
87582
40772
50198
67577
4820
8220
59197
78103
59384
76717
66692
20764
89204
12653
71363
65394
78598
70764
92067
6411
19943
69067
87652
56106
70748
9245
13028
73215
94202
62221
223
67946
97268
67512
53111
30647
48183
56886
39534
32052
52041
92167
96075
12450
36428
72637
84682
51374
2833
70987
30820
84157
95918
80869
54517
31926
84814
39083
23792
88995
3184
5325
61003
92508
16553
68357
16578
25797
97734
62596
11365
49789
13003
66632
98649
74257
68019
89402
4706
85019
63091
41322
76051
58235
24283
38085
39951
7998
34380
48029
28528
804
15778
54905
42705
54656
63460
82262
94189
32205
8347
58706
61705
20052
5175
53158
28806
32992
40165
53942
29376
55102
26780
40172
24641
69311
91742
78077
98644
81308
36140
40947
23176
83514
34296
31436
91352
80431
9343
59519
64974
38433
3290
22259
89160
62974
61121
34732
66726
15527
50276
55156
10821
38659
18640
62438
74956
52427
762
24443
19702
82370
78358
7617
10573
14340
98566
80939
92388
65469
4778
89413
25854
29336
16206
48878
86390
3696
36794
82631
48824
98041
10856
72445
35520
14107
7488
48946
17840
50251
90783
64692
66074
32667
34985
43673
35077
52280
4895
39492
84145
92565
12363
84699
83075
52474
92421
44549
21747
91170
22158
23228
23422
95029
56661
94440
3784
66081
90934
80624
38029
88987
79768
88451
32940
91204
89082
97509
46795
49294
70688
20152
25742
45751
60595
45097
88443
68295
42276
20575
80404
13343
6778
11597
14839
43323
64913
72732
91890
7579
85450
90729
13249
2897
20600
72499
37970
21982
74365
47916
5692
60508
80884
15559
31897
22054
89207
72552
26335
84180
65170
38697
18103
73633
47649
39076
74053
72958
61296
94645
1334
6026
4115
56286
23343
1983
71070
15668
47883
71923
15710
6730
79797
58033
3357
95945
96225
76850
54594
77658
30734
5102
4693
4326
65782
29407
67867
82675
41604
14397
73831
4203
77610
91729
12985
4553
95390
37126
40654
33170
71351
76838
24958
89460
99027
21156
89603
3382
24079
39387
79318
51696
87606
18036
26211
6515
97308
313
90532
32407
72754
31103
15524
34330
99357
85260
60092
52594
61398
68400
83828
18319
32367
6161
29615
60344
72178
86377
56456
23982
32931
88284
52483
90270
30882
33439
80001
44794
60995
97257
22673
75263
36029
3570
49035
45435
43680
39998
83446
62005
7307
37088
31625
57711
70236
43218
44045
71798
11180
58889
9826
51206
69745
29819
5188
58967
44305
35215
78637
18859
94914
18428
23077
96755
25304
709
50764
91708
49897
3411
79880
41632
70781
28083
89950
25262
89485
27537
34154
30657
24289
5221
36503
10004
50538
31266
23525
18126
49028
97776
89715
2117
75986
22365
68100
97425
58751
85544
6850
23444
63354
14073
41793
13614
94623
95528
99592
26001
52288
52972
62804
98569
80823
18493
99105
25235
84743
20403
56073
94279
28357
85049
1486
74942
96983
28317
93301
13908
53873
52816
63102
42294
63853
83834
54343
58906
95907
50313
22291
83245
64649
78780
65215
85987
44404
74741
67371
30410
91234
3517
59379
11655
1276
78131
28437
25517
4341
35441
21382
79269
11890
41626
86630
88842
44573
48082
54479
51494
61587
53637
37217
91989
33242
77470
67719
66238
38985
96443
39001
63811
16157
43074
46635
46330
98364
24549
16809
59167
58942
97367
32811
64305
59741
28542
60673
60915
2488
44265
26978
34074
26368
78616
63031
39637
33756
83903
42263
96088
81090
1841
64662
21936
99516
41105
6851
12718
39738
99227
77507
20041
52642
12029
54004
61180
10056
86139
54801
7189
37051
67056
24490
83040
22725
81834
85358
30103
70427
25114
87376
98337
53211
4366
87347
14801
88063
1312
35946
14852
81513
65904
66803
55500
31114
28202
95406
6604
12254
93449
32553
12347
86026
60293
34574
31172
97488
37719
94743
86047
75798
36757
87751
12378
91105
42544
24605
50201
33302
14733
17842
99914
19759
61255
82738
64713
60806
49901
5507
26582
19581
95860
16203
53269
66513
57029
20577
34782
46804
82185
41506
48876
91536
92432
87319
86442
52003
12333
49915
13234
66356
29962
86974
54936
39814
64042
73187
88801
11596
24222
21229
51406
82785
20320
33379
96301
39720
22862
98685
43025
8125
49520
4400
32100
71315
5806
73194
13096
49617
64142
49023
60687
10775
51535
81072
45970
32087
49405
12563
39402
264
51410
5295
38546
39441
45867
45628
50180
71048
69033
87290
90822
27750
76200
55995
50021
8207
50929
31164
18916
51023
6932
77961
2244
42694
157
23972
24989
89775
68121
6697
69174
90082
39237
9999
51064
22263
93112
8335
61492
33409
85035
68364
10589
67464
87568
89101
90646
19578
36330
98588
73517
25365
85702
65654
54159
80657
7716
47729
71484
70877
22434
55256
74531
68243
68317
35767
12555
14327
67172
94307
33909
64228
28124
19090
45335
68248
5612
91439
99441
69759
52544
77353
54155
70779
50572
66907
78280
16199
25670
71011
5998
53367
61526
47031
39693
11876
71558
90850
68634
60207
45422
36608
82153
97725
45331
49527
69339
5752
39979
17161
32379
79568
83513
92857
59156
30055
68555
11225
48950
77749
54074
62722
97235
19656
7540
33672
54531
76909
20589
6500
92133
89979
10167
9904
3844
70931
90378
1358
14140
91684
63115
97142
80042
1377
34949
72788
78764
21163
48832
19803
98163
52059
92158
51428
27011
16422
69534
3742
45128
39892
45833
44325
64472
8836
55951
1888
97554
17022
97752
75012
18676
6594
61485
37738
48488
26244
30257
7005
65899
38933
41846
67077
36252
70641
16407
64385
37527
79434
40601
62916
27957
84961
8107
53090
69698
26018
19856
77390
53058
68718
7259
14834
24422
52844
48255
71115
57414
65667
29941
96749
12518
19233
4738
75295
42836
18338
9826
82603
38386
65274
53233
18106
97501
9401
51525
18389
51161
29250
18307
70800
88786
17610
18603
28524
29886
4873
9254
63260
40659
36846
19327
58895
39472
79298
23559
95600
64888
84999
3512
19667
96612
31357
34974
17367
676
19711
86159
10500
73919
14128
16136
77974
7360
93055
84107
29757
97494
33468
23584
76616
44346
66796
89523
31585
21228
25680
45863
87755
15588
84704
46297
86685
23718
47488
62770
54102
11392
48892
96269
39949
2306
77851
21354
51555
44201
54992
65098
73821
44210
87884
9950
23938
69029
77432
87396
60914
17001
20216
18248
77469
23121
79171
86688
81479
73866
83039
71243
75069
54307
26710
18284
80984
72140
4778
51509
45506
14466
53662
44529
18866
45092
7734
38346
41631
80476
31678
30043
75316
90095
17835
40353
72025
99861
64114
9027
43239
19290
81943
9566
24583
57070
97683
42224
29238
84353
90863
15727
98118
32902
80499
34965
4848
14582
82569
23493
27648
87484
94940
54645
64614
17392
48463
33444
87966
94800
52450
96014
90105
51958
95046
13963
72670
40341
46318
16773
38401
83122
45030
30753
59251
20572
36383
18523
20320
19829
73601
12541
99427
13621
44052
97365
66120
86143
94164
64398
13318
22299
29530
83927
27481
1694
95653
54724
62304
90425
48909
53638
97863
44450
64546
83299
32279
50842
37356
75411
23159
62754
65536
12860
65661
80934
96347
43317
90124
81724
55540
68801
37571
84720
58330
38559
50228
37839
35380
26336
25348
89660
59656
9258
23982
52132
51437
71612
51973
51196
12104
73777
90333
15091
19048
12955
33000
90066
29157
59391
89244
61376
81216
57456
56676
53095
80603
1496
65759
99789
59262
49430
89218
32011
94924
45210
99288
28048
57415
16321
7535
26699
52237
86404
62622
40896
30058
99532
67413
8396
89314
340
93932
64053
4927
88792
33286
59694
3254
71130
52022
65026
57809
32262
34380
95575
64996
62356
22808
77730
5443
39391
37405
4081
72681
70965
56668
36585
10006
75357
66287
26206
76097
88406
68499
21989
62974
16205
99228
72774
53316
93285
50106
71553
12466
16362
9012
27064
76401
12761
76817
85680
70706
72660
40574
14055
79429
34017
51639
33169
78426
16998
99050
53629
1550
33380
33581
96975
83582
71146
70748
42294
79306
76007
56470
68295
10374
67730
84324
74481
20822
95637
17658
96767
27546
94696
80999
31753
82830
36832
28996
11723
8790
33805
74957
73305
32801
36318
19229
27862
19137
79491
62875
11027
28321
25616
61479
18422
94538
54829
37780
41378
25997
24713
63060
95882
28108
6747
11887
12800
77525
93940
1095
35474
44930
31177
35820
59812
66483
88233
18005
22627
51353
50264
9698
6842
80430
16412
95448
90684
4601
12692
23678
30694
82219
69422
87595
76273
92455
72947
42106
30967
60912
50725
7548
79269
92508
69303
56542
58239
32988
7696
84479
75736
63692
40553
31707
99630
14249
88693
14414
19031
84001
46698
6272
33015
56841
31516
90465
11893
12603
25306
38915
86161
57400
52361
30580
53264
42098
13997
40570
31711
21214
79126
37240
34690
97937
62752
81690
83823
70781
29194
8729
67615
2622
36646
32863
39527
47885
36302
56743
37242
4735
66600
37277
28058
47081
30985
34037
36684
57008
76400
95072
81531
22261
67253
46962
16662
78516
37306
40212
73654
41461
84365
37741
98614
45603
5004
86141
3330
87729
14727
59821
22679
49837
46251
49122
66790
72792
35474
88206
87612
75187
56889
20362
17041
7226
2690
80601
8938
4219
16160
20733
82350
12196
37230
59839
38219
99216
20445
92957
87809
13596
54289
15678
6734
40307
39348
60333
71217
63595
80251
75125
91918
32464
48916
83654
28276
72704
84266
9449
4282
59757
15379
46112
19505
42624
76225
53226
75884
25423
5482
45649
59834
15624
53067
43446
49791
73841
16155
72887
84683
73781
84318
79715
65433
45297
27964
8144
30135
83393
56138
79703
21487
15923
37232
81493
82711
86145
89493
67330
94789
43444
93908
96339
99709
89425
82405
36780
96404
43029
21965
68478
45932
37586
32274
93358
87215
84680
89176
67993
57866
20435
74307
13700
22833
30807
6900
23315
37721
98715
57449
77634
32421
47480
48037
45394
67545
38088
93337
6561
4000
50304
77919
23608
30850
62211
67495
52532
36282
14456
28779
45098
87772
53631
63195
79000
52894
92133
40692
86023
82258
35655
54132
16575
19794
72091
8689
44566
14445
95230
8155
33506
23674
28196
36853
1515
40070
27005
68743
18954
99359
82588
10998
18932
38980
52409
99038
45700
23186
20798
10358
26816
21568
1418
39167
15419
12360
93411
96877
535
99001
12291
23043
75904
55588
50569
66382
87247
41695
41267
6248
81553
8684
63461
71503
38058
18088
35662
66539
58442
41974
78401
45355
3392
31772
6082
93728
30572
67905
68516
36271
83421
59459
98330
3370
84179
69870
36916
50705
33354
97490
12123
42685
91276
57247
53031
72115
90598
84622
35364
54657
2785
56700
91703
85932
90288
86679
43105
48696
83874
66190
79210
37022
21438
3363
17451
49273
5913
41196
72748
36031
39658
1213
52772
41019
49483
26126
1580
22442
88022
6052
79902
85818
38027
94365
17490
74674
91022
84944
8170
3643
97585
79278
71058
65127
75376
169
25465
27760
6065
9609
63259
86795
41314
61961
44910
97104
20451
52021
65159
63735
81657
37572
81604
27057
99645
53047
35475
4867
73574
76150
82904
32407
94442
36912
28122
42512
61012
72365
16124
40796
18709
5581
30651
62427
5497
1479
24833
15156
94205
97612
9849
44580
58629
42249
19523
36198
79672
12591
11919
35047
82446
19853
15588
7329
75408
91835
46033
16591
29316
14811
10817
75858
91445
13049
96029
14936
57569
49318
92425
11491
60668
8978
81963
38925
73572
90143
61432
27292
96658
12553
126
17291
29164
38826
46774
3995
90679
69327
73200
46787
12746
77291
17949
59436
48890
89951
53372
21877
95524
36601
41315
18995
21621
3179
88078
54804
70586
68493
15736
41440
72887
38931
52291
32282
10774
43855
43063
27205
48699
24527
93959
80537
55132
11304
14901
63445
47510
96039
10685
48650
7739
42430
14016
2518
64742
99692
57104
87152
60016
34103
92265
32360
78446
82908
27074
32448
10472
69442
25697
47383
69098
71220
7078
27931
23995
19117
20209
1077
81770
42328
19581
84031
2099
78159
679
1148
57553
29599
42684
54072
99068
10872
64909
89239
12539
95082
96922
34711
5791
34581
44969
89870
35654
7469
76093
96644
20507
67728
85468
42589
48503
40909
99994
84049
17349
68382
35678
47154
21754
30387
92185
59703
1082
4451
21949
76960
26105
74680
1604
78158
37102
5017
40192
34017
20876
65737
81839
44047
33424
80516
74116
95729
54437
27587
58255
53679
92133
79287
46012
73423
83079
90772
21563
67023
26658
68326
18660
40552
38194
81323
19534
51823
520
81986
32607
12748
43436
50338
51516
83149
53938
14443
33837
93510
46448
20089
65238
36966
25024
5006
21964
86917
81972
64586
84932
36193
55821
17951
56833
47138
2204
80588
4357
5798
70115
54617
89308
66383
79407
59749
32439
58132
48925
92212
33773
19705
10273
27609
66842
17935
68254
25664
22644
11785
65076
32075
18219
58882
62248
83828
47331
58134
37661
62
45535
32232
27496
55484
18276
72580
63273
54842
89370
70116
72058
92430
62671
34328
36694
51961
94500
76086
8483
48667
35832
71169
89266
56188
48606
61132
91748
34526
37516
25023
71827
60155
41105
28928
66573
40679
269
65078
32335
9925
11799
52268
23271
86967
48457
27789
42848
47875
49092
5682
43098
39053
78267
21361
4022
51558
58262
95217
52859
78269
68384
19554
72198
72787
54527
37461
69318
80679
57795
69165
84192
89267
900
47838
16657
20011
6322
6272
79131
55673
61510
82228
52730
69492
88419
30407
73743
43062
55848
28377
79542
74925
95474
863
41092
4207
23259
5079
23746
31329
8842
13421
41215
38845
77844
82352
32624
39473
48092
10526
33059
65539
86232
36448
31315
18009
74143
88866
19122
55240
55654
41465
20331
40214
54876
85186
61166
61862
52717
92672
20070
74886
66927
28449
63771
88185
40475
59957
95912
57166
72106
92274
34760
23643
70470
43365
79482
29502
15791
85258
11727
82389
58040
61914
59560
19662
58110
30281
23107
60647
64110
47487
33648
54478
14919
82196
25673
73903
80972
86899
47588
90795
36983
41407
78491
69637
45667
35025
41167
8700
47806
10936
18931
95980
86533
89472
87791
35773
3080
20627
88018
79666
47833
34400
81044
74721
86277
62684
8028
31664
14487
10770
94221
77519
71362
4892
73363
55027
14424
37521
99509
54371
59094
66228
53835
14286
29721
44941
18492
76135
55596
33762
90070
93571
34269
71914
28938
48372
52229
37465
40895
99477
8604
39724
45186
18158
42250
91569
58368
73050
31064
19358
69830
10249
35036
81401
68920
7078
87659
88185
80893
8427
47315
90865
15086
17471
64763
14974
1558
94267
65841
36005
53821
59146
82087
37552
30328
56332
85433
84997
37815
81928
29848
24952
11935
98843
1327
81837
54137
68610
95954
52950
28831
34919
1963
47862
24676
98265
99793
29977
31415
30969
10854
42786
68484
98693
33069
90415
78301
66323
37668
90176
93307
89550
53866
53400
83456
24704
72720
744
1397
43539
71314
99443
31344
7353
63583
10322
46481
69109
25312
29937
54942
56190
11682
12064
26763
52353
28650
23603
73454
69554
4558
70211
89253
85822
77463
11025
24449
51879
92764
49685
36979
72149
89668
4735
98682
64783
89303
83379
74348
22584
25242
28116
36433
11397
93898
30988
88780
29175
22972
21593
92138
42139
4552
68628
51316
38730
49018
57124
54507
29830
24009
78191
90280
4944
92066
67911
79750
76110
41260
39792
83430
80721
29610
67616
28431
11333
65022
10579
20178
65070
85018
44367
377
60732
60492
52493
62994
59762
97474
33488
59551
89337
75195
93037
14451
22668
23283
31165
91822
4133
40487
51312
79048
61453
9687
21054
1961
87190
74098
85811
16470
8656
71280
91790
76421
95648
16555
13514
62042
70738
49537
44036
56321
76184
52962
16674
33866
41868
45342
69662
88053
98191
8166
27191
49223
43204
49076
82093
66211
99962
66856
21461
93710
4249
35068
99573
87356
28563
50118
7078
63980
28742
16699
10724
44422
88414
54927
44015
75108
88225
13723
46272
6643
25454
77268
96840
3117
82938
38902
51859
85313
19182
1761
61553
94428
92951
85939
5321
75929
88741
4429
22526
85918
40160
61102
85824
29202
50961
11419
12210
70919
73971
44052
80052
9790
40199
35058
14523
20343
39065
52828
16626
60244
80933
84900
93100
35023
17092
34954
95989
28950
78109
56844
12672
63039
91953
26400
50519
88204
16063
18265
4889
88137
86660
57816
84274
80666
19277
43528
78040
1285
25578
28239
77587
12561
82082
97574
77183
23818
55206
21612
47177
76492
47061
19693
71304
18582
89269
72567
11619
25491
88304
52505
22701
2941
80666
1529
11362
76726
88103
78874
30839
82588
81655
26996
61653
6059
10565
50247
44915
85046
2410
64580
94430
20807
9009
55056
95019
58162
10782
19781
3331
90442
9893
91242
67788
86974
82154
87073
38055
76737
21281
81524
94645
53268
85698
39425
94660
34472
70926
36189
98709
7168
27213
85695
79129
14028
63104
29399
43814
12983
64858
16301
3994
50787
877
37716
34168
57974
17588
30165
93916
76917
89788
64311
88058
2461
76057
52018
71679
44373
89963
55608
67691
22985
83836
78274
12068
13799
58447
33391
87346
75461
24690
12663
92186
96376
95205
6436
73574
51774
62294
40100
76665
13465
88487
95968
67363
30522
74055
59996
8851
70287
26971
41221
8044
26916
3700
58692
3080
65155
16968
6394
48363
86844
21596
3490
55623
58450
21251
50734
15451
13110
3738
89514
66504
24133
53982
11565
72409
60965
91963
42069
10762
51292
11269
92497
72953
4405
5781
24407
86217
54988
36996
71767
59300
88912
83537
60820
85899
42533
82338
5622
23535
72736
19862
21300
77149
49371
61125
35901
69288
12247
33227
45880
53404
96763
454
53431
75529
47981
68002
59680
35656
59940
51786
35635
32919
6223
61475
50596
87382
8564
23238
64592
32124
80909
92622
61763
83528
16343
50315
54797
5878
80718
74854
85821
37031
92856
76668
73521
75792
1883
51373
69171
79634
13425
52913
24186
76158
37032
65856
80651
75827
22304
6704
15159
1344
24086
40306
51390
65790
31032
8019
69032
40399
27080
67818
1515
72039
77372
27930
38068
27668
74891
76366
81143
59949
71772
37995
86683
4258
11630
11256
38586
36205
12191
42193
10562
89868
9084
53394
37472
76398
93059
57081
54477
41887
56694
62813
68832
84953
44718
75966
60275
13186
99871
60940
53318
53213
9274
43910
18897
51656
59337
49528
92073
95273
80424
78206
22583
26398
70410
92373
54100
12083
20453
35455
25716
97132
74809
91829
1457
18740
88520
5281
72290
25444
2156
49259
39015
3691
43842
12452
9225
25126
91940
50945
28534
76189
18459
65642
83249
46453
60492
59955
3104
62584
68522
65550
6504
40887
85103
95768
53920
6560
98906
87581
22207
2700
46309
32634
54170
12446
18315
50061
34517
49761
53203
10717
87704
37400
91508
72148
34814
32090
25551
41899
85924
635
33494
71840
39498
53535
24814
85840
56021
31396
76490
90695
52725
55714
29211
71477
30347
98680
47698
52525
95513
90952
83209
55458
66849
1456
6479
35360
84844
93436
8766
5254
13856
53525
67804
12551
43445
81979
89963
37192
65120
3797
31571
9441
26614
10039
51429
52867
50936
37015
2373
83182
96122
78088
77134
45431
18974
21462
78851
28719
9358
12605
10753
69791
36734
99557
85911
48251
21535
25383
72873
28990
30862
99147
27538
19075
65350
33023
79948
21344
50659
37349
10959
51658
10091
62849
46882
47109
87911
40117
69434
60044
65808
27560
67614
42918
35903
95705
19008
76169
65140
47619
70227
28994
88718
63783
26393
84634
28487
70546
74203
12799
27739
18198
62571
93400
78232
91317
9101
75419
24917
22369
12375
35110
88774
47684
13215
92271
66459
38370
69736
90822
65521
92873
94656
1218
92894
48368
49830
56773
49039
79727
45865
75926
74954
44079
78021
58794
97021
67470
10661
68970
12131
76900
70965
16952
87086
37680
77515
14578
2889
85776
63188
23336
94697
79382
77890
47431
25547
13189
47071
56982
94070
13680
21088
79339
12220
64778
55612
72711
3094
4200
54442
8698
81774
13760
31810
19523
30866
51746
61119
10454
79399
36737
65938
10230
50636
59597
36473
56164
82374
20259
29856
38762
49760
51018
21823
22591
10189
44834
20331
30688
98019
76183
29669
56598
24623
49829
93959
98078
57312
8701
35784
10718
32927
11497
60650
88087
83181
39894
94050
69050
37176
93303
28022
32173
61088
39932
4322
71069
44218
1777
49920
7809
27327
68863
46182
35900
83977
6607
15171
43099
41965
50701
71559
42418
6898
91797
83330
16254
75554
20549
6089
78881
66691
45836
33041
3951
87445
36426
4644
62491
91068
67623
97919
48456
26341
24490
14154
93131
36619
26625
69825
6454
28957
25558
85030
71139
24811
2469
98317
47194
2617
23474
38816
14733
79125
89102
96360
46085
39368
57276
92012
2279
59255
98564
10892
7447
54479
54495
41043
14661
72696
694
94800
73201
19189
15459
25916
33921
75654
18544
87780
18480
85204
18389
8544
71347
74820
99066
25094
57044
37156
41681
80091
80956
25788
70184
96445
36990
40841
62260
10841
30586
30405
30310
96824
57514
55332
56551
32247
23264
52322
16775
48747
45012
38361
60178
63432
16510
13146
82280
99015
7139
70113
58913
57299
91122
87767
14004
67392
18969
87385
77877
87880
42618
55402
68201
4707
80149
53972
40853
45738
48786
57882
85894
50308
82605
92921
82099
51783
96606
83175
21081
79609
14521
95646
39409
11779
51936
37741
18368
17278
77976
42725
905
6873
85811
65363
22158
18367
60078
18218
42757
15724
11663
45222
11775
45243
30907
89192
96125
55681
34994
59555
64174
27190
10153
31031
48311
84512
13164
28815
24906
55428
955
65405
77062
24467
17008
43803
22975
96430
32925
56675
41118
53087
74488
18934
77107
60377
94666
47986
66823
7753
43865
34510
86676
80584
96746
66544
94754
23652
4006
95148
92767
97793
75638
71828
10806
998
98333
70556
47692
72237
41454
28551
9026
14539
64352
29393
80417
44957
42047
95857
85445
95996
2749
24603
43557
48094
42484
77184
11051
27774
55576
80270
74905
11477
92747
27413
27272
6987
25378
48746
36833
46674
49186
46019
88866
99212
52898
99978
94720
74097
78679
77606
90367
44933
34332
34084
28418
88023
5730
81810
58229
56871
91018
45539
88219
11391
86993
87839
10745
93723
27283
95152
2576
47060
68376
32547
52862
79091
23956
29313
10092
72952
12884
79815
42721
56027
67711
14449
59213
24215
95859
14009
40674
58633
744
55517
91052
67727
95593
74275
73485
11740
21412
5069
45903
34147
53959
73178
92576
91853
83407
38209
93026
7717
74188
18691
16794
14311
88987
4603
6426
53600
510
63962
33488
38964
90487
2845
53017
16044
19498
43332
20568
47234
3035
43049
28363
41051
5934
47753
86839
95865
29153
29182
23105
42988
50799
321
4057
11049
29423
24532
66133
79289
66501
85534
31889
88584
27287
53423
26290
25932
84749
22020
54061
60980
36738
67736
48981
59357
64287
27033
45492
74884
60902
54654
80388
42764
45550
40109
9646
54264
52967
93025
12385
6954
28371
93365
90103
90176
55398
37063
64402
20828
8264
71033
37655
78533
39435
56142
4426
39797
96435
51855
52824
81474
44642
58901
15093
81535
51690
76476
27834
22029
98850
73618
34386
44392
78999
65754
91405
12001
27774
40011
2189
88996
14343
51027
86893
47576
48367
48607
52374
21868
69006
39280
75029
31274
37015
94830
21699
49843
46109
40701
77454
38622
83089
90938
97873
44452
84343
30895
20300
80298
89444
33748
9704
73025
60975
96186
34766
4858
38848
46728
28435
91938
37664
7351
76581
91659
8299
29861
1275
68713
99989
71807
7183
94573
8840
89447
16672
49526
17006
84493
19354
23911
83111
39304
88742
95814
54583
39670
39863
66174
47217
13486
85528
49165
93201
84805
98935
65871
561
48193
40416
99263
94457
18967
40059
61365
33409
77351
63390
19338
57030
9362
90934
91457
54189
11841
93801
67356
61147
46138
34624
2458
61007
28156
28244
36670
18276
99434
69600
40758
72881
13458
50357
966
13158
34295
35919
55900
7043
38278
42190
44564
53464
1834
43929
31398
71476
3017
81446
87291
67060
20595
65674
51466
80594
41466
62421
10948
14017
90065
29663
91097
443
77393
49166
88011
99039
90912
96636
8580
12566
55775
73584
61736
64479
57299
58620
93833
25334
54159
71914
46706
82642
75536
84859
92983
51740
44803
46545
88438
82548
84852
42982
15323
60491
14388
91161
29983
48526
95361
51106
18015
33496
21570
13344
29464
19365
96718
21544
8912
65335
90646
13270
30183
46086
48082
41116
15770
48081
35195
29508
40945
1633
8313
15450
14289
62243
94562
49381
18177
19572
99873
86207
81045
68289
86830
86838
68838
47427
19420
93726
84262
87171
65795
46289
36914
12103
76772
99432
51155
91741
37575
71884
690
9665
64188
29248
78514
29564
38198
50503
25295
75234
83678
31129
21031
7776
9356
68501
4786
3651
77625
54270
74428
89521
56184
54792
31494
55933
67955
33588
69244
43138
7635
27863
43536
57651
53349
9854
48423
19924
82768
11032
54841
90604
37610
21716
1124
42918
23766
64823
12750
44437
8815
58493
84461
84426
99321
97480
44274
16416
442
3416
89252
46672
49460
41166
95034
16563
75538
9182
6818
96425
24804
3684
55449
97703
51771
17432
78521
73257
30720
37839
44292
35362
50339
8928
87539
26117
72724
93863
44343
31823
9906
97055
14082
67885
94085
77013
12982
95238
59691
35601
35706
587
64878
44999
84126
57028
91148
71790
77061
15322
30854
56377
73049
3074
34106
23977
96361
61613
21076
38137
10662
22776
44814
89855
2144
72521
40412
23988
58037
43558
80553
20246
62261
86608
21877
71216
67918
41505
60899
24479
20588
98504
68711
68411
19007
87129
78645
60533
39754
42531
71422
65705
13574
91441
49478
86765
4439
81475
17034
54428
16134
96436
62230
63740
4704
81418
4938
35953
91504
98926
65064
97867
42240
50294
24325
21216
59586
23119
2645
27346
8910
70571
79905
2321
8261
62885
12162
96927
21394
42270
2655
2679
95269
10937
57936
56714
22040
83751
29072
47171
74799
100000
28537
67849
53999
18506
87434
50588
18921
59433
26293
70443
51357
89407
58624
46171
1032
82558
13649
51978
12344
62919
36514
51339
5104
65897
71327
50060
790
63202
10575
61471
48288
92746
10971
67051
78868
44693
36884
95072
84987
7943
28678
59749
75693
48158
6659
84464
42447
23714
82565
63104
40697
71167
58871
52049
56119
43887
1099
31654
56340
42313
56615
43008
69897
97139
57337
86303
73515
74626
19683
80503
55941
62485
5631
31781
80885
19095
19141
90891
53148
35158
58321
40246
4540
84737
91734
95703
78568
31115
3109
9701
92691
38880
74150
66693
8892
10418
90296
7480
79054
15022
16971
65714
23346
84269
96515
21939
19038
44961
34801
75652
80939
22387
63362
67073
67131
73251
99934
73454
44921
2900
57108
6824
41125
23006
1372
16079
39642
2521
87825
35806
98623
16038
70545
40306
99098
70429
86440
63297
63447
83392
81970
97586
66933
342
19247
11213
34107
31628
1857
59564
15244
78754
81437
1658
48411
38552
6034
43854
41349
28979
99397
71402
66728
67061
25604
80505
98894
52175
16487
42943
73323
46446
93969
53233
55157
34823
83452
80238
50178
26337
38745
40404
2389
52664
62070
42482
62351
32552
49269
29300
53625
55309
61125
65788
49001
38355
84657
18812
79586
46758
36423
30936
54094
54083
91728
31322
94991
67042
47303
35805
55378
57590
79295
13972
42036
16240
20258
1411
10537
2821
60492
67671
88442
49796
51934
63548
33080
55230
76058
50145
20888
93037
55205
90903
46412
76704
76453
40694
38401
80037
91768
84362
5352
1275
50615
36843
34613
61495
52493
54025
81988
30389
94734
32162
93180
82863
87328
29084
98259
64549
3960
82472
33631
5767
8064
33109
53090
51895
31188
69458
63925
13709
389
65037
96900
81610
12604
97622
83596
94660
54290
17117
75604
81925
21796
52667
74327
96165
14456
3573
81939
80453
87782
9364
32922
30239
32385
68533
80426
63841
43517
8450
70004
46750
74176
48819
84964
15183
77763
48356
20370
2204
3212
70182
43122
36599
57832
99978
38644
97092
15427
66730
63306
1107
58709
85919
36284
76745
2966
43261
53811
94821
47929
73774
26218
14154
47017
21600
72500
6711
17152
78930
3968
29813
90737
91026
63088
60063
27662
66604
61166
87181
63080
4434
39864
29017
3948
72232
93682
18218
75368
6915
5599
53370
96989
98938
37705
47426
17358
58374
41063
48425
77668
2813
45894
58318
41823
84138
5279
484
72614
62644
81175
35107
18331
62549
8855
83625
99499
66584
11412
18558
14149
46425
50038
79532
62104
23262
68851
4343
49821
1730
54046
4476
40865
35352
29072
25571
45126
31361
70840
35800
88938
2578
75078
87157
10430
58587
44168
76958
33236
89301
97974
88142
77850
96315
18471
51349
53814
82180
68342
80651
1897
73694
55105
8124
78335
12607
95504
7773
40034
77575
54979
3899
82513
22647
1296
48169
48682
73851
87860
54195
90866
45223
7355
83062
44469
40968
12287
56134
62892
70076
68268
86851
48380
24003
67599
18274
71346
55105
71227
49302
41692
68945
26150
61637
74162
69089
32535
18494
38344
24402
67196
26386
21395
73862
33901
13016
40314
94893
71219
39366
87896
53532
66090
59872
71625
64774
81687
68131
5464
61790
67564
4300
32682
84458
53010
62050
85127
58756
88475
98019
49667
59949
46853
3430
26245
74671
11447
4773
38697
15274
57715
90181
7182
72260
52525
88436
80230
91476
30275
79081
81601
65204
60630
43384
65287
3062
72499
12525
79453
99388
59057
11843
33578
29274
27145
67923
95959
92873
57555
35866
21841
86815
32130
27966
86580
78291
32474
96957
10151
56501
55837
93802
4763
68141
89166
50013
10471
30942
88586
35988
966
54166
71681
84679
59786
34223
30008
86074
38920
87783
47152
87207
18118
45820
39939
46928
30229
49723
78727
72534
3973
64688
44010
90229
33049
97957
30270
41030
77361
37695
14580
18736
48795
21789
93829
98174
17208
77194
18461
77860
25068
72415
43938
90507
19290
7812
97875
96258
53196
30899
31426
77061
22468
29219
72993
11022
83211
48267
18869
76043
79152
13424
27684
25329
51759
73279
79440
22327
49110
36235
39154
85339
84940
87206
41159
73190
8323
88095
64697
28808
116
49726
13069
39548
73273
39283
1952
42368
79063
53293
18026
6280
3868
5798
66297
79806
80799
12953
22751
84285
73110
92823
45111
1233
5202
62192
96196
43797
31299
18280
6378
22035
91467
3565
53596
19266
45089
87132
69545
89081
19641
32396
96185
11768
83484
54623
44363
73471
70905
12263
25359
66630
43743
59408
58698
11413
60545
13365
60008
62878
12950
55513
97843
42421
48901
38937
595
44382
13445
50656
31185
85952
6739
27298
86473
47686
21009
8519
93716
15301
79813
31559
87562
66276
14846
46918
59433
87032
54991
54176
32556
72946
76502
74734
71653
15602
62075
21834
44848
14019
78925
72
23052
57227
45207
89736
86611
62803
76203
31622
28195
23640
35248
76130
25278
74327
4666
45441
8187
61549
83061
1616
81823
80214
36878
49633
13257
53040
77219
13367
81776
29338
52501
7394
85825
56959
30755
15530
24096
28629
11247
16611
33343
37256
14792
31919
83902
54391
46082
90143
95601
7206
98081
25230
80229
96765
95034
57175
49921
85829
65550
90442
85827
90684
84720
16182
10291
43535
13915
61134
69305
80637
98184
38759
65017
32673
60399
84291
33075
54231
65243
4276
65487
4323
38171
88356
31147
74629
90370
1935
51014
7486
59363
43110
1294
80249
17681
96832
36203
76555
37413
4746
13965
2683
74406
68395
1780
76571
45139
86527
93048
62207
97461
4339
26460
72146
88429
61474
99798
65174
2801
52779
60920
12620
38249
1399
18515
79084
26430
40099
77636
70295
86682
66090
97916
72358
96244
87062
31948
91735
14565
83688
19039
76037
56875
54969
75352
54488
34902
27235
38651
96297
44838
12072
98043
94689
40045
85676
90167
56128
61238
34411
92910
66134
10741
26345
73445
95771
45376
18084
47196
45098
63414
61644
61160
31969
31109
49917
15381
81156
46167
95805
59889
91715
2255
89722
10439
95303
33772
83160
45366
36508
15739
66373
74347
96066
97445
24134
22672
85886
7201
18422
28377
66100
35836
52200
10147
7737
43963
50841
62342
47446
45028
27335
86222
29578
48876
8810
88407
73949
19895
32258
49778
69040
92842
1821
54043
94642
77515
98964
16245
45627
59134
53072
23591
66402
2059
39770
85179
77897
20889
43929
55318
29293
56664
55193
80317
38142
17989
90509
6440
49432
98627
58791
97243
96928
96145
40816
9338
59781
68394
59705
4035
12241
21366
8281
1784
63819
89526
3917
67977
56640
70009
65326
96511
52961
70867
78579
32712
81253
33517
97925
91559
40444
10823
16621
20665
8938
92955
52354
28519
73663
94337
19930
47283
60447
54719
96604
93114
20417
41072
79981
71291
60571
20183
29069
81131
96956
73765
64596
36230
52231
61006
51029
86661
59407
33406
8752
55043
20860
72354
97378
98816
99155
78890
7658
95359
60421
14558
67660
24798
4335
9309
87330
55124
89442
42653
61092
38488
66647
9940
46285
59558
37188
24630
7971
24562
26204
82021
16000
68130
28953
88522
48489
54462
93740
63702
91053
6475
38045
45809
54996
54683
12717
17438
62658
12030
39167
86494
21560
77379
789
69890
51397
34888
39501
13028
22427
93915
48862
94125
63771
46499
97362
30419
5949
15945
87153
7458
14929
906
83850
9857
43319
92717
18568
41728
33329
81185
17623
52543
68178
93242
86815
31782
65614
72848
42447
4715
72358
33681
9250
72543
56325
19449
84597
36520
65599
43092
82837
19488
55159
45714
24421
8949
67532
11108
48866
14316
38733
31062
64012
19309
65032
90264
1160
14878
61240
81472
17878
13040
95034
87310
78605
47104
436
48860
40381
40005
7589
9055
88762
9871
30200
16682
20636
3115
93596
82097
49294
12258
71934
64486
37206
94837
38431
44021
547
72421
30521
69814
69732
77228
73866
93783
42152
12578
41813
20287
98461
50020
49753
99402
2306
65459
33009
76463
33173
88455
36215
88664
71232
87214
85888
39622
59819
22438
71932
43992
72392
82553
9850
36113
77701
6882
67652
57313
45865
49730
52554
77101
9714
38514
94175
29176
70524
70881
42417
81406
89922
58187
91658
76229
28298
92051
21243
1226
15930
8979
56126
86022
29322
75558
28858
98379
60745
26818
18411
99204
26004
71024
72687
98018
17659
92749
15300
23019
10142
69948
46032
57429
28796
68278
30194
90014
13636
3747
25337
54479
30411
8535
89049
20328
33109
34230
90665
94712
40933
80443
42052
5666
29394
18531
67324
53004
76574
86781
68864
91777
6774
82349
47040
68409
5402
27346
46893
22413
53242
28420
98194
80106
35504
79903
54945
51510
68775
74055
11608
25194
14008
38207
97886
42607
65318
670
36419
82606
33270
21252
76195
6298
68558
88239
97067
87877
82675
91559
72235
94204
42100
81777
66379
72897
23023
25819
97835
73212
82073
40546
34131
6253
32380
40521
5616
66842
59132
50880
89264
62566
44105
33632
10276
92820
52216
32640
69345
10309
43907
40408
26067
23711
7747
60985
63346
35392
13110
24805
20072
79634
73360
82379
14400
35762
9242
89274
57076
13820
13886
69483
93951
59841
48207
2340
23313
30857
90382
36873
51018
19177
77027
4167
46948
10734
99815
18623
79525
6582
90248
17140
96504
72512
80673
26874
39399
70583
6614
39382
36407
91889
17433
90359
77521
7635
79950
11268
7128
90720
91236
28523
72015
35740
23518
51989
54562
35292
84729
57304
69322
42487
9211
99830
96971
20594
15405
17647
53554
52696
98213
71336
41671
26714
70927
71823
7498
10447
93600
72475
36559
72321
20409
30682
33401
21783
46915
88768
8262
91733
85698
60676
1538
23722
10750
49277
90416
45057
4522
94662
44894
52346
57465
68434
18301
33613
49669
77134
32848
18125
66610
79503
58919
43620
5826
54104
75723
4011
96362
39741
80283
83235
23253
49097
73176
93642
93805
90774
75236
62579
32199
11870
17627
78213
93350
15775
66072
83615
80894
22153
20530
4855
99456
94901
22948
44560
38756
43904
93757
46002
57081
24495
59443
9303
10604
277
954
72248
29104
75541
8694
10794
30095
49440
88382
27323
73437
41736
4994
69209
28718
55113
72589
21161
55999
93400
46793
57357
98728
28600
51627
92914
64408
94108
43488
83365
79189
62543
73961
41683
30635
93179
93175
77063
47604
48802
32068
20182
48831
88666
60043
14972
37480
35876
8970
46163
949
42717
9485
78819
74662
88599
61678
99117
50889
51029
46699
24538
48518
98550
57951
90812
3366
78161
54302
49895
13880
62873
58534
62935
89629
83489
35187
6841
98582
25726
51990
91921
53690
88102
58402
72272
61986
15700
19220
13078
72231
98391
25372
72547
95696
9118
61280
11744
98411
61222
11331
97199
57736
31139
88829
54869
57879
43770
67630
45409
85302
22121
97331
31694
47082
10766
5528
36515
33965
93550
60987
1696
75595
71882
74511
19905
37902
34324
42122
88356
14214
83224
20166
10291
15794
32612
10413
30288
69194
25889
61626
97010
3611
12062
98539
23315
73269
87207
8919
81803
1443
12537
31509
48628
36520
59966
34269
44714
85814
96700
57490
50111
30894
11571
65181
55722
38615
86996
1769
82564
22400
36955
71085
49624
43650
62012
77995
56871
90622
91815
25159
66391
98576
24270
12778
12723
6121
83761
69925
6572
47708
55839
98891
46364
80338
53067
26779
42810
12843
70392
20433
35111
26689
88314
40010
36510
83396
76895
63755
10461
27623
54513
41277
26049
14855
32973
94505
81535
96918
69658
25701
41331
67625
89208
56027
69202
35020
62347
23761
51255
98433
32003
22686
44757
64560
37408
86669
89872
12661
7477
98764
23119
16606
58848
87507
69635
99637
19545
48624
4784
8533
95082
1108
45977
22734
66870
41480
5088
77873
37976
66225
35430
86350
83914
46910
80806
11666
87510
20619
60750
85823
87828
64267
8958
4112
45089
5976
47185
91796
88431
92192
17695
1771
17650
39424
44830
43903
34888
89892
47546
88523
18872
80486
62158
13809
32925
7181
36751
97445
65935
34375
70947
22052
12815
55051
63033
49234
30640
78731
63703
25256
57498
47774
53549
10659
70638
82705
74040
37476
10514
15974
12245
76239
87935
89298
59611
70770
85970
79629
15241
52525
97572
34322
48039
1102
20108
9227
40372
18653
82228
34508
15995
8683
60954
41920
86428
37029
90377
20691
23524
55874
21859
40833
43353
20701
8024
67637
45132
54271
96975
57372
84906
62036
10078
14352
85750
98667
54932
97310
83926
36355
83231
56306
1450
31823
12988
37667
50068
96474
60579
70763
33634
35528
97268
16315
13457
83430
94891
59007
41732
92037
39886
61689
15765
11669
76405
48913
75530
12896
95786
56734
4336
6815
83754
87239
99370
97561
5820
81539
87121
78574
8527
36694
95789
29429
25785
93826
68219
42182
12733
18480
34570
21620
81885
62587
35716
2382
97736
35739
98006
85389
91019
11691
72624
93854
60864
94442
61890
51122
51168
89745
29303
31753
33696
54141
9517
52490
69953
45449
85071
43071
73785
41898
16312
55663
56714
90572
53484
75170
28306
29868
34265
85094
8336
61831
54899
17470
75587
82142
33643
8253
56444
27388
30780
77063
21313
30615
27767
74388
79614
3774
10598
42112
92840
1733
91081
30294
18473
34788
94490
4490
45273
60535
63492
95791
26262
84485
56445
33809
49903
99122
84199
3454
93425
7083
24333
85587
70633
93565
6030
76789
61599
46242
26026
28245
7112
51712
61333
19548
82984
74033
32169
83637
67776
22415
50048
58967
85644
1315
76723
30008
32966
91798
51706
29758
12181
33173
74307
33659
91766
77947
60670
63961
94468
27514
12219
44246
83659
13178
66113
74167
44308
94935
82468
32247
69724
66924
50984
29198
65415
97063
33156
43331
97016
46668
72898
4206
93856
52959
95748
75218
86020
16526
73630
45936
2202
28734
49029
76281
13408
47963
91425
66379
82804
75685
73356
11469
4448
72801
34624
44093
64598
85631
80875
73066
78663
82501
96559
68279
39833
64599
3597
94925
83992
16243
93426
8540
63946
99894
70408
3146
94200
94500
80320
97592
39756
74978
86340
4883
64942
92772
1135
71390
466
33861
43086
61252
33534
76683
58684
60377
4743
9270
65881
45839
26326
802
56748
52063
94032
47081
11014
42995
34597
64818
41194
98879
16414
54743
46868
11966
94448
12841
99824
72333
60071
34623
42522
12094
50388
58489
1407
18201
48561
73910
96408
62586
58512
87825
60463
75779
24047
2345
41076
34104
90081
41107
15107
24394
53578
89600
97138
61126
12376
33224
15483
562
81476
56162
66971
46540
68137
31801
43746
85076
52374
68331
51641
75718
29258
90064
43425
94372
70310
49510
45858
30806
70015
80344
29051
60901
36829
30843
21208
80426
52562
34112
67758
65506
73845
28835
34320
70649
45542
94902
95193
67190
47883
49550
24931
73291
72113
36087
20204
70872
6420
63785
47329
98944
22177
43704
36058
46495
52688
67795
20599
61293
46285
25159
64393
92739
70276
49335
49047
36285
14913
46933
82781
88613
13513
54312
65020
34656
83136
83835
39122
41253
89613
11044
81273
81154
69188
24550
73222
58833
70753
41115
9243
67600
44845
70891
14774
51475
50571
69655
82981
55442
79914
91353
70608
86977
95272
3843
33100
84092
61747
87424
53950
54944
21167
77455
91913
35450
48432
42608
89213
23711
37466
40086
72727
84045
36448
4056
54803
38414
34007
10168
37279
64894
44656
22558
340
63044
1142
55993
24112
31526
98702
33073
82682
13921
38031
29693
3137
99284
11807
37212
13241
45284
62546
39815
72645
37404
79115
71102
30759
27255
17048
89568
76393
41565
71078
14628
68614
19559
82238
69560
27309
15408
81250
3505
63498
65161
36570
77241
78064
5324
31956
11060
78983
86430
25998
49072
67573
78712
36036
20453
79126
4061
74378
41283
28000
36335
63253
45113
88205
31831
21058
99447
56319
33761
20526
24074
57181
35018
78310
29729
77897
86454
64230
43745
4260
37649
22508
28889
73738
96801
52537
30702
96759
15123
43629
24113
13725
31015
68423
91988
87507
2666
34450
5675
77708
99855
93552
54823
67561
78137
33792
40519
87982
30175
61294
64177
72369
57172
71121
92683
72110
69021
51189
68449
44414
16217
38004
25980
26168
8912
18218
98611
53580
75666
43871
64633
28597
56632
24283
95597
61468
53351
25357
77612
5095
89152
3409
88278
2636
72696
91592
22152
14113
77635
17138
24025
69390
50685
26836
95481
52785
69213
60009
241
1288
25042
74865
83256
22206
17627
67220
68678
61070
66240
25808
51958
8506
88427
76479
13584
81183
85015
23466
49992
92530
23023
25163
73413
28596
49852
1238
31403
21087
33844
93118
86708
30275
70842
91812
34193
50885
2891
70962
91057
87803
19560
19527
195
53073
87173
95774
73277
15100
36708
30465
65628
51807
68593
27756
28505
47315
15734
33258
63956
46576
46207
80686
16383
50556
3121
19091
19402
94793
81916
36635
87218
50450
15206
24183
72513
57901
66794
45808
97022
48187
86045
49355
60778
66673
13319
89713
5662
16792
63428
79976
42350
50321
64600
9377
43952
46388
68143
39292
59938
74707
83335
28912
76716
97436
23342
85775
29294
1876
67567
24593
46231
75588
30159
162
46754
68563
54967
64383
27659
60543
12959
72859
58449
14119
82694
28253
50885
99392
49973
93546
20936
8403
12860
33484
49943
94040
67156
38048
41946
31845
80049
74372
73200
97524
51992
12403
55769
87452
36159
52867
92191
31050
34178
34816
64903
20626
27390
8340
90202
84525
91294
14972
26480
14117
33379
43044
44424
23396
52215
43663
95960
99778
82632
82377
14874
45434
34492
64063
66862
57983
44907
59713
13372
6478
78849
96374
40838
73982
5167
85387
1524
3714
30158
10397
64471
94422
72801
37654
78415
95882
20646
69035
2475
16750
34780
51064
80638
35334
70185
57365
75671
67175
3669
24764
19523
25538
44495
24184
22907
68300
86458
95083
87000
40328
79392
2735
14954
12343
90735
58796
62263
63306
2605
23547
77030
23354
20914
23895
90947
29140
17674
71762
60055
28221
88534
15910
36907
75295
71726
28616
12789
75358
69851
31185
68900
36831
6430
29476
47342
85040
21627
25172
16790
62381
54176
77092
23703
94943
19132
12872
44889
19744
78463
63592
69184
89746
47073
94857
82560
5566
35605
77613
60486
42588
97636
78378
24513
82374
64347
22438
49745
40892
32353
82907
422
49294
73525
38106
94015
60559
69756
65729
48298
35021
7260
62268
72249
71483
88366
69979
21946
46073
92502
3884
34877
55163
74805
67016
79748
36371
48415
91204
4775
15520
99865
80694
60338
30999
40432
23775
9381
31207
23140
7533
53607
76617
52514
96961
93969
22347
89299
52268
84059
8447
83429
6877
91587
97485
69548
15114
3517
30182
69451
59844
64264
16600
23949
21448
69746
77856
89889
19319
83798
55151
77024
51930
30634
32453
71503
61568
50952
95222
10487
41601
50224
18983
36406
4994
28337
27249
187
65190
79848
43003
76991
72804
69956
22115
32366
44506
40818
47248
12257
77414
14542
64005
27752
20241
45615
70475
19633
77993
23573
50453
18576
54346
28370
43856
50416
34865
44892
5292
45534
97029
62370
97581
93002
30639
55021
30211
4762
21904
69160
30291
95429
19865
50200
38888
26491
79420
46997
83422
15496
18739
61891
46733
79686
3773
16709
41908
40065
15786
74356
43542
61829
76920
21416
3102
27025
20619
76632
73622
66916
15615
67286
2890
76535
10377
52013
14422
59128
89682
49964
66311
12404
9457
55570
23712
4170
51757
81896
60538
74211
40103
6785
20318
5308
22133
79937
24829
50295
56535
42260
86726
24939
49305
50388
51320
61125
68616
31261
27701
57135
71094
80198
76133
13588
92269
86688
24488
732
23635
34301
33923
66479
54438
83853
24855
30294
41846
28297
96412
15586
53237
5082
91804
81025
34696
27499
22694
92114
70675
16358
62445
14890
76193
56935
30643
66827
90307
55455
35495
31198
17233
90395
55012
64841
11663
47513
75914
47050
68750
58153
47657
94401
92180
7141
11966
21808
70768
39980
65939
17333
58414
94021
11737
94080
41033
79895
75130
72975
16100
98871
37215
58532
91093
94505
35863
1145
1746
10962
26395
6103
23168
64942
40036
7968
61740
28074
53823
71653
25110
44203
37419
25717
13531
16270
78212
71521
95941
28987
61835
74101
31151
96234
79063
86619
16542
41081
34678
94473
95917
64150
98936
78353
39910
60462
51561
69476
73983
57676
21020
45535
77007
30616
63247
40019
57457
22060
60062
3654
87488
61349
49816
68268
24651
98749
17256
57841
33442
92276
40040
34175
21909
97009
56161
14819
14611
2994
36258
55661
88559
63886
51221
38654
92338
64603
80715
27754
48747
4413
16474
29554
11337
2202
46372
38864
81813
93848
73777
22176
34904
71822
60582
70250
34487
13261
19311
9741
30860
20927
59920
9055
50018
3658
33655
25311
94359
89264
56590
85260
24363
46199
64685
66805
49246
73356
36889
45093
50096
12440
68059
91847
51460
71699
84116
87636
4543
28372
49620
3631
5380
15405
65787
7714
5503
78575
83969
95182
67534
94070
90534
61976
8971
64386
48486
97539
85670
78297
6708
29277
1814
67544
38546
59529
46285
29406
51899
80336
94246
53574
44772
79983
6274
26319
28700
68245
29773
88446
6488
31609
98892
20822
59347
32760
71469
80613
20310
39945
84484
58069
53399
36110
96544
81481
75177
14373
87260
51391
8138
83217
38854
11867
42669
53019
1685
11743
16428
6461
63424
89403
84812
76405
87268
21440
96010
71175
32292
8308
60801
15169
63976
55104
48709
23610
59294
72352
49714
16434
24440
19067
3038
33300
46651
85876
70193
41452
83508
76627
81482
30235
14928
75044
2994
48822
93292
67492
20127
36948
49700
69763
50230
85279
20653
84731
77614
69087
89739
24612
81773
98151
57587
79687
8506
85226
80843
53299
55485
71634
98113
13138
43104
76097
24871
4524
52617
13951
54243
24106
47930
33014
65040
5955
37897
34772
968
2506
62374
11985
45868
29925
89916
31090
20568
28001
86532
54996
61612
44712
83385
53658
274
64294
91219
67179
88211
16618
8426
17792
36337
96073
3013
8487
40190
37483
62254
46422
38802
66995
21390
32265
85081
70232
19950
50836
59225
7984
65301
73935
42799
14658
91042
8353
74653
95264
83403
64320
38952
26028
89086
17674
96526
16240
28566
83590
10514
35798
52631
9183
85918
34123
94678
62768
113
63550
65548
1892
72636
84267
15835
84935
2057
1023
68472
66411
53416
67211
41430
49459
3335
49397
64125
57562
81322
6063
88340
91521
76025
50762
93091
67018
63639
69863
45431
27826
14349
21731
61083
39316
25313
80562
18046
87946
90561
35485
55256
58955
27412
15619
90346
68389
37169
34486
74938
81382
39738
34017
19270
44632
42436
20634
21170
71030
19981
63197
10390
81375
34274
40981
3180
95815
17998
6793
74726
3130
56754
49346
98771
20482
95276
65591
84871
43169
53940
70852
56982
56944
20416
91577
53784
68180
76707
37319
27234
47092
82865
27027
96265
35885
6595
96191
33421
33916
20790
28521
25632
88497
7133
17250
97621
88933
86747
77728
41112
84146
50379
63863
38982
74672
93296
34633
32703
97363
11604
76710
43735
29653
15399
16624
93242
49643
1512
96490
99262
9367
88207
32421
29427
32938
6693
27236
24208
58515
85307
69737
79090
9876
16904
36095
37989
59206
86557
34644
23375
45888
82553
84543
50362
28736
67918
35947
53174
27049
95084
84199
25888
49274
48654
13763
64598
4514
81422
12758
86614
5691
50684
55368
88623
891
79727
3290
26772
31138
94360
21624
98635
81864
41863
40507
21030
81707
18648
760
53395
36756
30403
43032
77133
58728
77038
79490
87495
6354
39668
22606
87884
26509
28902
79492
50318
86815
41773
28468
94730
43109
39036
88159
24057
66095
14952
25616
53824
23973
58843
93604
24066
85359
73051
31505
49947
53813
8920
13875
90177
28734
1040
56860
80411
83095
54272
8700
52804
85422
57051
16787
25783
30759
22159
69588
19292
94048
67947
20560
39145
42269
67193
17157
76194
12510
61901
79110
74270
76965
45099
6643
74255
10763
43822
84492
28663
13548
68194
52424
29691
44330
89498
36104
33724
98804
17113
2392
28268
51288
63090
66197
29342
28936
85151
79812
72307
29327
53513
35016
68663
45345
10877
65462
57362
3302
6418
98155
75707
12024
96920
46278
69058
83520
63327
41448
98747
86230
11441
80384
87342
41036
30476
71453
67802
42892
81693
89702
11869
520
22565
75092
23723
54860
22325
6232
77973
5592
21710
10171
17849
36190
92715
73688
55188
9452
36814
54977
51821
99797
79181
95700
42596
19681
78776
18918
15373
43223
41184
89572
76692
59194
81925
73705
57870
8401
31503
75141
68068
76550
77205
13244
57168
8287
50751
5695
45925
5252
2345
96389
38593
44781
12658
40030
47235
63377
44158
38273
7834
78228
34849
36398
2416
60787
4001
94796
46600
47669
50976
14366
64167
15962
16331
99280
28847
86581
58480
10917
17467
51217
68527
6799
84661
35681
30774
85791
56127
30275
42786
88478
32435
11265
3329
6196
18698
14096
57252
51575
72506
91909
38072
91581
11408
81971
16776
32051
23411
65339
2734
2649
63846
98907
19913
73156
56637
64024
61583
13363
10232
86583
58990
54905
15839
67057
81383
31768
76425
85944
73080
37445
49587
14347
25442
96498
19235
94532
459
96832
84355
19247
42045
9926
37689
79244
21381
779
51142
88644
56753
60776
44147
34900
77396
13664
27431
78678
96943
98182
10782
22059
80470
41447
84525
75383
65808
51286
36998
70743
39568
95083
16499
26563
87388
27584
95468
10795
89962
40367
44963
50897
8059
49457
95463
7964
93598
39039
43374
62694
82133
59536
79906
78976
4218
78873
95901
33740
37396
90823
88325
7067
93307
60322
56834
68432
21938
79562
2368
82341
1999
49067
54501
96392
4676
25582
18286
41004
25751
58597
42996
8390
5467
7359
23395
14811
73376
23702
64009
94160
60990
89288
26266
99105
12806
33384
96302
71852
21978
94733
88911
60365
89302
6245
34704
27070
77553
1251
58633
44730
38143
98148
9674
15857
35673
78018
25797
72789
7984
41973
78074
12128
10914
53459
72978
2093
64398
58942
79891
78204
14279
47076
82033
40654
60340
49439
30035
1362
93558
67324
97599
84683
59206
36751
88594
86463
4657
66440
56114
58075
24810
21841
32520
58669
1656
76707
90258
93098
67227
96228
37573
63166
12273
94056
24960
97121
46153
38043
5982
5010
8902
36728
31812
38460
57338
64230
66937
28618
10688
77317
51314
21765
23054
64205
22962
69278
91272
32123
25953
30147
30362
16756
41863
2872
61453
76320
15210
37824
18815
64934
84278
15232
19062
42437
38295
13354
72530
36471
51512
94751
3942
7900
40418
63990
43348
75849
98444
25175
10085
50873
31854
65150
69960
45199
45012
6993
76374
66898
80066
1444
11226
514
85872
40692
15588
65082
75169
98306
96594
49416
90320
92744
70138
20255
58224
66506
26798
47277
96843
35845
43406
14966
73565
46763
39568
53323
42027
50298
10260
21108
1710
87879
87052
67258
96412
10459
12537
13787
26824
67549
60102
49198
5803
57619
62409
60282
26799
5595
21504
64995
43668
42060
48861
9247
14314
39550
25293
36667
41289
88140
58791
43254
79991
58509
47689
50134
10088
43110
8571
80912
33524
90020
63301
74116
30970
48654
97917
58952
76564
32875
30776
4805
94841
90482
43414
68514
29805
72026
56408
72955
3503
19340
63809
89797
45849
5752
36058
25940
83496
66598
95253
59532
91929
18364
84159
59488
46997
25133
15394
61159
2673
36190
85544
85548
11443
17517
59541
69321
88373
88020
77944
40430
30700
12478
52858
10262
90642
46288
24400
454
56096
4156
52571
36687
11974
74939
79131
75504
17257
64243
98171
79132
94507
69456
98447
96175
55737
31524
29744
67084
50904
972
74022
34028
43683
44663
11056
56773
80252
10619
77733
19148
68550
56531
74176
54534
65157
40843
13170
3209
81248
43096
6854
93256
85984
76279
48016
74890
64942
57287
18142
52902
14395
59822
92447
27821
26018
54509
12316
5015
12582
91906
93473
2528
46205
51928
99671
84812
96781
89167
97749
11857
91475
28897
33224
59073
68376
73399
23398
80615
76348
24078
33635
85218
65840
64660
91945
71306
76773
99415
1806
63908
13514
55258
27276
36292
6460
17865
20859
21879
48418
86817
34993
36423
86167
95799
98987
34737
98918
69786
42319
74953
9557
44550
19557
41502
36548
72924
99037
37159
31899
20460
11646
50159
13077
41192
87517
71598
99910
67321
43065
67933
38026
11143
96711
96631
95029
6624
57085
25829
71117
78491
79002
17603
90814
12554
73000
98099
24612
98803
69733
51124
53869
20686
94388
99541
15416
32942
66131
69790
28184
66902
87629
43556
50684
22695
19580
87540
80865
95513
95824
16627
30977
52385
31564
79996
53612
24988
29237
9829
6632
51952
61850
99477
57767
11350
65384
71999
10930
51372
83146
4862
76614
84241
9560
28596
23889
84439
77801
36607
75753
35369
74953
74066
79884
47993
14993
4175
97208
898
41884
71089
89653
14722
95511
85760
709
36287
53210
49699
52726
50896
23720
91533
35621
21380
55417
71387
80109
39362
19778
15910
19965
24627
87902
54777
14901
46271
41885
28871
73956
5078
69468
69110
48844
59318
44958
58697
47980
11320
91389
88967
11610
13033
9859
6806
17719
5154
3739
20605
11466
6800
11067
81010
59344
49068
77680
88625
24980
26277
98335
78517
65987
11726
31880
55071
84735
14683
78066
72902
24831
68070
70360
51711
19762
66683
51160
94874
54060
55575
7258
76856
68809
70905
21840
40509
3174
66297
34980
57056
59294
80696
28018
37296
44421
85783
17977
75215
84289
17951
58998
72623
33604
19496
61712
51237
54983
84817
31356
47855
80355
35770
95002
68112
94508
2682
58678
39706
15370
98354
12714
75432
94905
44094
58941
58043
78643
97563
51734
70112
78117
24660
92806
89355
54671
22660
15241
86676
66664
85307
38505
98791
57585
15570
62918
15141
9327
83743
62809
61539
72966
64039
43372
4718
54456
53235
53777
78204
94601
49289
95581
97574
55739
65953
41335
50802
50118
4646
94051
42364
77785
66832
19591
67627
7045
14623
80733
60391
34065
82186
90816
60662
46304
22300
16388
6711
20284
77217
7597
28947
22606
51046
39550
48636
2095
57213
67586
62068
94708
80124
67943
66686
57477
27375
26900
36972
21989
32705
8165
41474
98003
78041
57966
84556
62875
89368
21343
49265
23236
50321
80685
97532
27116
20616
74594
73321
22849
38797
64101
98912
69473
37674
33051
54594
37376
18380
69214
74300
53236
89914
10991
50111
11828
47721
61913
5821
85512
39362
78514
61684
9056
17579
80276
39714
50175
60887
15146
48658
14619
29207
88225
27600
13259
44583
63244
84287
9740
61979
33738
83425
59488
25691
75022
40023
15412
64052
50077
25196
91275
41070
97199
16453
30935
97827
45289
23887
28273
86303
76661
23314
28327
59760
52213
66728
76649
61042
98361
19369
480
29677
77687
33342
27860
62363
5485
83441
90720
68716
22247
1405
38212
98973
81646
3236
33909
75779
29198
67530
42370
81940
90692
35197
1978
55410
55792
72322
72400
67300
62191
2035
17114
96348
51028
86130
39666
81527
95607
72429
62180
47227
59849
18872
46257
17327
95809
33128
98577
18213
87903
98437
38131
82112
18781
19846
77804
74333
99195
36020
16572
94382
26804
64007
76124
91581
7282
34205
70669
89752
51080
72830
48319
23889
38634
87842
38250
72335
89327
41276
86449
83535
50519
24334
20839
81701
46556
76473
33729
28444
91190
7847
27536
98907
54513
8270
9771
87568
17984
32344
13082
14505
34733
72088
1578
65070
37272
48653
66728
9708
42545
92782
9706
54033
29444
30311
54845
56560
32670
63130
20578
77140
54850
69808
53777
11251
97603
21188
82163
60671
77965
7190
63573
83168
14680
8055
55497
10631
60818
37133
96688
74957
85162
40813
69334
15180
92805
36920
83845
59109
99595
99412
94684
68713
44572
29013
97869
12562
36614
74418
45083
85522
45088
26939
60810
49507
68379
57244
72901
7107
63891
18390
40598
44970
90184
22902
48283
35361
2534
94483
43164
47928
99923
4122
59698
28313
72894
34716
82787
76744
38397
30755
9137
31698
41619
56472
95169
41145
99176
44548
45340
192
57323
52654
89742
64618
11490
61343
22068
61714
19160
90742
99750
92733
32116
51738
69198
27540
34434
27408
74761
11330
78008
88128
77765
63376
23126
95202
67430
59520
99908
77095
72952
81989
87268
30415
63916
65710
62396
3153
82440
42055
72220
21843
51421
82795
79783
78065
48780
71298
52004
94553
44387
96719
40927
65733
88673
20345
50295
13265
3483
36580
80084
74837
941
24784
50572
9095
6298
98643
24343
9296
50897
50222
32666
95754
54182
40609
49566
85831
6005
56870
26144
87474
30264
31178
64153
78019
5494
84814
65722
71647
8961
32521
35942
48202
46330
39659
83557
98978
21946
37538
85438
35831
2152
86453
52656
84533
91045
46990
17220
73181
72143
82403
45862
50253
36547
38703
41534
54148
42900
20178
14361
75864
75582
94117
71629
8931
87367
27430
37629
86366
32512
38346
12562
11365
95826
45165
33846
22537
55129
85416
72342
73018
48665
40103
37053
14689
74576
56912
55971
7970
6469
41999
76021
56259
99794
32408
28467
19978
60550
98847
42541
34544
29971
52491
19683
83381
38695
20524
10223
6226
19424
55613
67002
75395
3662
32763
16753
83230
16081
9264
32462
28308
82843
98672
12041
55229
62269
86693
92273
71726
15241
69035
59662
99279
47258
35216
99823
34837
40476
10202
69048
81002
65217
74717
51361
6156
69219
85478
97584
87116
77775
82819
91806
38383
78866
74816
80562
31793
36961
27153
6903
78823
60316
38057
25499
98147
1459
26365
30183
69924
34613
31190
85063
49328
13670
73000
42281
42680
59040
71359
69267
69270
58482
41793
28209
26616
88370
40759
31161
66771
87743
37210
63601
25962
53296
86440
38002
61114
90152
80249
66203
45599
3052
56849
51498
61898
92964
80197
66141
56534
55200
46641
19500
37547
33579
73357
8833
43939
64802
34514
99842
63082
93104
94117
22867
16008
7476
51478
63083
34318
95474
99841
82813
82745
70073
34108
31655
24502
31152
9932
30582
30248
90810
33244
51461
359
48658
5563
95531
31869
34593
53721
83589
6982
27914
41109
32117
27413
37288
14909
69976
84255
60285
51701
4071
75592
70484
60925
60201
30922
29823
63417
35792
22119
88322
45359
33181
82278
94394
15077
71523
77679
73014
47546
54117
95319
69050
30569
45171
77918
73351
79928
80649
4627
77661
28321
38373
67904
95998
17494
55739
91223
62026
942
79588
54923
50518
12623
85622
7144
63736
74756
26879
30989
2625
1626
55626
53330
93702
53806
46370
28077
15784
28848
71769
16683
38207
50927
12937
13328
56779
826
41113
75854
46155
72080
52251
67447
79219
12950
64505
47650
33407
7979
77747
28174
57137
91442
46084
81243
96635
25678
40112
21675
86661
36427
9730
80362
2731
75002
80202
21788
74747
74406
59582
18502
14898
10846
33186
51281
27515
5241
67294
49739
16676
12189
15904
85659
34989
92107
61548
37639
45878
95242
92467
85324
77121
13570
99580
42735
1172
50717
31636
95761
28973
35050
92795
17214
86285
83850
94302
14630
64035
67984
4298
28130
92705
23649
77587
94104
50774
26567
24356
1829
69213
8028
33742
67105
39912
42010
74380
27388
76819
62145
17152
80605
59087
64429
64303
33095
81331
57300
95225
53259
70365
925
60132
93664
80283
37286
77661
31310
2066
74023
7088
51606
94197
80188
6913
78446
54072
43033
28627
65600
7390
45171
45930
69623
77939
28196
33544
1711
74239
93892
92672
41254
53122
45626
92681
41444
47201
90195
97272
19916
20443
19930
66399
78112
62941
96080
81643
18648
68129
86492
4136
25965
10548
53124
14863
2405
81998
5957
68116
53021
66489
66944
52067
14574
57591
18534
45671
3375
41586
93291
1450
41763
40714
76419
58125
34587
33205
27129
84555
53939
66991
59338
6519
55282
22438
1434
56665
212
21322
3320
34241
52455
6032
76077
21420
35822
98751
241
85280
49691
4421
89337
80719
1645
21884
45592
82106
69085
21699
32841
55069
21526
8651
49629
38537
86264
51968
66559
5837
53825
43317
92524
11759
88177
18727
57343
58319
79496
40564
13603
58267
72218
28925
26287
32107
31870
93281
47793
18736
65314
36831
61503
40669
52722
13045
86502
81800
58577
67176
28517
62234
83920
91913
42866
46515
9315
49513
98341
78467
81233
87929
78536
8513
81618
72731
97251
26575
88810
15895
88897
17647
85377
805
84119
7811
35538
41829
72942
76549
88813
64651
2034
75188
22767
96707
72600
45572
84021
45291
36107
44946
24492
87108
70654
39094
42892
72180
68923
37629
5855
91440
7375
24860
40972
69994
72813
91865
97749
44052
96733
384
87461
78064
58813
21818
3111
79514
66541
31538
64722
82890
57874
91171
47201
47580
61859
99160
33116
68869
49695
53697
95501
4754
47697
18919
29517
78762
7268
69885
19456
29847
19490
85358
77126
89134
20266
82193
66210
28300
18526
73526
45491
35236
45516
72985
36309
93205
58734
23080
1375
16136
6047
82803
94638
40433
63317
71340
4397
67480
95238
49056
56713
33328
34696
3791
41013
73962
22246
23220
19392
25897
22178
66386
68295
82381
83698
40986
80041
34858
63708
88585
33426
99794
3353
17130
6169
28496
51195
67801
62925
8359
23991
62207
94459
73341
58134
4435
12313
85524
65506
75854
71161
43024
41960
53783
81484
29159
65086
55264
51926
29651
85686
53315
52845
21884
66107
65257
57054
18021
19847
70498
28674
22426
31783
73424
84142
69254
2244
15456
77081
26335
4792
56042
19666
2168
64466
54945
50344
37315
43715
36034
52699
61993
87482
14948
54068
73941
90583
18961
56133
72592
36473
81710
38432
4188
56401
33275
17599
91788
21463
96088
65200
61929
18681
49849
19750
92594
47449
6011
80528
51077
94587
9639
77437
30984
74128
13531
79672
99397
37154
37456
63286
90911
71981
93405
18126
53035
65616
55035
53974
76750
31263
66171
53639
