81374
517
63656
44610
41979
71891
10552
34600
18823
83640
36278
10277
29475
58176
22724
38585
59196
75765
4393
33409
30773
87991
74293
71739
31391
41927
686
98492
52936
61295
7923
29607
10373
53325
69176
52993
65512
7582
10591
70518
90194
95781
86792
32711
50124
66928
78615
46229
34471
8394
3109
5561
10722
5541
18258
59122
67389
84466
39711
45495
48709
44224
73536
72883
81307
64512
208
8227
95763
88194
30565
77451
36669
27426
30015
29949
26209
46321
67256
67114
93598
4394
92832
46696
4728
73372
38315
40946
83424
106
87372
22961
75745
16348
45512
20991
59868
59489
549
20996
74393
69227
36439
90975
41021
21289
46951
47523
27786
39292
99207
99349
12762
42739
16050
26288
10714
70415
90319
61505
27849
51787
98216
51978
66252
84141
35973
63905
74419
65215
58563
43718
42255
87166
84143
30712
46627
77277
88686
5886
94594
90060
59575
93146
32930
11382
14697
9583
86598
53507
13316
96183
95294
82265
97770
1251
53155
91223
28780
77485
74562
74077
48174
68139
59147
43270
11524
65462
56419
40856
97523
25971
2936
3779
69407
37094
66511
53411
43439
74079
52223
51112
83458
32974
64592
5289
75408
27007
34312
72680
50621
54277
43662
90577
11981
23777
1866
94553
80780
21866
34051
19143
30392
44101
10698
44003
35075
90243
59321
92838
4858
9927
45230
87995
33208
3072
67245
19972
84573
99964
98021
46759
30508
96075
66206
17559
33564
93235
28252
70760
42064
7294
38617
66150
3100
34588
39367
77675
88776
47830
23424
9663
7393
55683
26754
8911
91978
90033
70703
52883
13625
47510
25486
31873
7611
53473
20894
80581
79206
86441
42879
35341
62287
89897
62709
93994
98122
83324
89949
49634
73773
10780
31316
15228
34164
79046
90130
2508
58066
48048
4476
47659
9403
91626
35837
52649
27174
89086
12959
71496
95840
20407
43424
23360
23695
10016
52592
68446
28211
61470
54554
19211
89460
13060
40260
17651
44825
41708
59523
72482
85403
43710
30931
57514
27812
34801
65752
61812
49113
10094
42868
15125
61645
56365
42778
4471
67936
44239
33992
37482
77532
34680
20565
44091
68411
42427
58973
55311
51713
20348
92726
88817
62330
71076
17279
57641
40470
98063
48485
78918
52822
73785
7451
40701
95216
49260
74582
10156
99416
97997
64983
60238
68383
17162
14712
67001
23435
58032
84981
42283
7216
92056
67903
72903
84828
97989
26838
68853
85282
39211
12995
15587
20305
53020
17870
42161
33169
23642
39740
39378
65571
44308
98486
32434
18259
48112
57619
30485
14190
77757
12480
49978
33266
75693
97790
89223
59261
24893
93203
84179
58307
25826
23664
82512
74354
20481
87675
68147
81203
92399
22675
34454
68897
32822
66885
92670
25258
97076
73581
8205
99374
28321
79092
55549
33952
2459
10593
11837
97582
94698
73708
35354
8309
53835
97273
93783
11014
58596
13019
54863
35287
72702
3351
59965
54428
59540
95161
3765
17301
11936
48712
40002
48178
99221
383
25662
66798
51372
4720
30379
33482
23321
82042
95927
80222
69897
96878
62616
92886
39505
41792
46952
14639
51366
91975
38317
78711
47404
1421
89025
65972
35393
39549
15860
53136
69765
41842
19532
20586
95930
11212
65730
23801
95026
85307
69280
13687
40248
52152
62412
96416
57481
51208
57673
74401
53304
55755
11636
81572
47958
12428
70848
68435
14450
85556
81914
59564
46547
14636
96860
40094
16035
6514
21730
77731
43450
992
63452
3588
79044
88929
6513
77828
79937
69273
29334
63328
88150
33971
89627
50840
80805
57437
19145
28707
84765
30193
40686
5295
92156
56276
65151
78289
86850
2296
56212
11592
8333
24310
72603
91231
30955
27184
86117
34443
95742
17332
36344
48844
59394
81516
61027
21109
93636
92505
60327
82692
29439
28562
55458
41523
34566
94865
93549
81688
14683
4523
88744
47044
31324
72033
69412
59819
79867
40810
26844
76351
48403
70268
68308
64333
4322
27072
12390
28701
98176
99023
89515
82005
22483
46569
9425
18715
60651
73361
11081
14332
80660
73485
48255
98140
42092
82469
86573
19577
49992
33404
85127
219
69119
26422
8911
94186
96134
86459
43975
4948
46788
67330
15995
7873
79143
24586
88
38247
6515
36713
75577
76504
50595
858
68980
64806
87450
29552
71754
27346
18837
63550
57289
39603
22902
75117
48044
28621
89118
93605
74301
34568
98248
93847
53677
18385
73133
70533
88449
25524
41953
81622
34201
58039
39928
16454
88589
96700
13320
51774
16649
35566
74661
80193
68359
37440
55023
93732
21108
24234
68258
47031
32418
48934
76800
37267
40463
42417
94483
82789
55258
74125
81560
25874
60585
78553
12455
22555
48874
76722
12685
77821
46866
71062
16967
63852
59181
86342
14061
58237
87286
60396
98839
52259
42090
74344
94274
56553
63615
92667
35853
83377
66396
85735
34689
70838
69633
33776
5380
83598
96806
66414
33142
15943
51238
2101
89072
15076
52493
88361
7210
40219
28059
54304
76705
74900
39113
58293
8411
46206
7445
24681
19092
81911
43061
56213
86351
2192
29994
61027
28532
39750
90425
56814
94515
44673
76719
36459
84390
61475
2562
90638
93404
85977
84964
70278
54856
74428
31617
36205
76952
31658
79562
89094
46820
421
93368
86278
61666
94895
94192
50148
83205
74116
39787
11737
14395
15653
41529
56530
83394
35610
1507
21148
22505
6828
94593
41894
75360
80034
92038
23265
41419
62945
74388
18119
26819
81580
34527
3228
31235
73589
14045
32648
5974
77058
2334
76450
44530
81977
43062
82810
18835
9742
91531
5778
36832
29920
95617
60041
85770
80304
76836
43708
85343
90607
84428
6576
9890
26716
83235
43470
50185
98577
17895
16912
83110
55329
35673
81550
32658
35083
79065
37793
52720
88874
5973
91677
8444
41743
46554
73584
54429
67634
79400
95207
45160
14573
97961
34491
93148
97042
46188
24125
17613
8306
28865
87257
70106
7822
84178
36926
741
41685
84285
43892
61955
27147
9513
45814
49505
79734
23400
71245
15885
20601
69728
22692
11675
27313
47694
88510
96659
90762
61290
77007
14917
45978
32456
23416
88397
25614
66424
52157
18753
94941
71059
22580
73313
5539
5421
62421
72984
16433
43325
14159
44450
37475
79464
74065
64929
18375
30877
46310
92945
10804
60976
24956
25659
61842
52110
71733
75694
99284
91669
22891
16662
45561
94438
3856
98092
90449
64595
84776
60956
59046
73981
68688
75661
46165
18330
87143
72491
76316
55739
69670
94700
97291
58434
95309
75661
68561
48036
63006
65646
51798
31065
45508
71763
22107
98324
80428
47490
23060
14597
36160
31347
64311
49039
50745
95550
9222
88261
78530
84221
70429
66183
12206
55317
42626
78013
5172
1012
7945
98231
85180
78169
55882
35235
25391
21431
50310
72950
44443
37214
88305
49800
37121
94421
88091
82120
64782
90682
98536
9091
26427
18968
22420
21756
6260
99198
47108
24151
37877
2029
70239
99592
38273
83946
15810
98599
49231
93360
1680
33683
52271
56642
25511
55521
63325
70242
5559
27261
74947
3535
6068
31781
8987
34351
29095
76444
99983
68154
53815
96629
42302
46809
59221
79392
14432
64811
39148
98277
56699
83198
41553
66738
73891
61187
55665
28319
75108
74938
81041
87666
97997
20192
43297
40291
61840
95034
69558
63710
60639
90725
61425
56373
88362
89586
25451
61431
61582
4194
74342
64516
46889
21197
62447
53424
54853
25221
92775
24597
41781
71479
10842
30927
33036
52984
50726
74733
96943
57542
34980
42368
56000
17845
13791
17557
84151
3
2271
80593
64075
68701
82218
10322
34177
53258
29259
48427
89530
41140
22046
52511
38894
20163
34526
55233
27366
6783
26653
90372
89496
49839
14301
75382
79746
40229
80233
58745
63288
70369
91206
3249
76113
89124
79746
4886
27947
49102
93343
34079
75001
91858
38172
2510
53156
99789
35876
39448
3463
81470
33407
24279
43138
12078
68815
16140
45497
6669
1504
75702
21536
13958
37768
43894
23498
46834
97253
87239
33534
13268
93077
37098
42706
78286
98008
30808
65232
40219
70820
36426
37636
82420
19695
43776
7829
12909
50959
64723
30002
38316
33841
8083
45057
88656
96495
96304
14380
12702
81705
97051
83262
83404
4281
90154
77169
35593
12501
63041
71537
16715
76836
79791
96421
95348
80195
34092
18121
20168
99517
41527
48694
5615
69186
42
27659
45976
16563
68785
886
52625
15759
54668
66045
32475
9232
34514
11970
32756
81542
78627
33835
53970
47338
91455
17351
80793
44323
32184
50557
77925
97152
41716
81629
72464
87329
57988
45927
74049
71155
88312
25492
86266
91813
18085
47547
52870
7498
58968
78680
62372
16422
18905
18306
49182
68363
85975
15530
22652
54372
59397
38833
49802
40238
57485
85158
95420
13300
21402
19692
22671
52188
93472
71632
71660
91354
76792
52967
1946
89086
60310
40562
73269
43524
9217
65658
93983
33595
43554
58098
11726
51483
91584
87837
61062
50438
68143
8347
50818
7375
77963
47175
69711
1711
80080
20224
85958
52596
63167
38626
94517
75520
46346
31245
42313
9633
14554
25352
203
95774
15177
28892
71391
62182
66156
68952
55056
43682
83784
86631
91046
73414
40961
18912
72031
4741
420
57257
74425
42191
35895
60898
78187
44835
97720
87640
22014
66290
90568
66769
90941
65620
49701
14126
58349
62402
97868
28905
54097
15798
36587
49879
1954
1873
52090
66701
32528
81249
56474
99122
60046
11224
28927
9605
22011
23902
49909
40792
52323
27801
22194
21515
3797
54285
84001
64519
32556
26093
1708
81090
23867
85375
21043
22557
44159
9392
55914
42319
79356
94240
28538
54526
92631
90446
51532
68109
34073
46513
66469
50931
69859
46332
35340
28097
2200
29749
76111
67093
84432
31958
88327
50451
88283
51997
93682
99862
8587
44584
58100
18443
21293
67841
25805
95010
34390
63874
60224
91745
2610
85527
51602
16278
57614
85227
4900
375
70164
78599
93754
52202
32957
87577
38969
58536
83934
20786
41933
94905
15901
26896
4585
57836
68871
34530
95961
89444
15863
92563
96588
55819
67912
32155
84728
89496
88237
89674
59245
72916
92761
32043
13572
96730
76313
4657
16704
78323
90428
63627
74442
83638
47425
71456
57881
97762
21065
47349
89557
35487
52882
82334
69052
19785
85923
69754
17485
30828
25416
41605
72996
23067
75691
44716
68118
60500
46341
97997
17851
60057
15076
92412
24233
91305
68344
63525
29623
80607
1802
57020
16408
31784
59009
83939
97404
66547
78918
91320
2022
96610
48150
80094
873
83671
11513
98927
32516
42894
18308
8052
98337
8458
26037
31306
58981
71912
52083
18642
51585
7957
35504
93356
47411
72511
36941
33376
68991
98034
16541
10547
39099
34193
93009
11922
84281
59446
28333
93770
11396
81351
39312
97638
45440
99818
77892
66866
7403
83824
37442
11304
21756
95019
29382
34239
27128
94451
10230
18833
43437
45704
83749
37750
8206
27794
61559
1821
80726
7149
91769
56578
63639
11120
19726
93469
32344
53226
92961
92708
34172
55827
1576
55442
94431
32942
97371
39968
40241
12330
99442
77718
85126
16849
40720
67214
55364
44173
68771
19859
82220
88015
14257
96604
84639
82885
13307
13032
12224
19076
24988
49411
46126
12269
15596
21288
36832
83721
6461
336
48128
62439
73704
96054
36280
41109
84566
2611
97728
50758
41157
21190
75094
66469
31659
66368
91934
43739
72588
38645
17633
87519
98369
3785
58331
69465
38851
41460
9058
38613
62355
96620
46165
39942
43455
79958
78652
78972
66404
87777
78110
97214
52545
64705
51851
94165
94302
70898
61530
2699
33517
79186
14263
74737
91034
64495
16151
95294
73220
61130
71119
58924
49632
8170
52748
50958
34032
26947
6879
17972
33292
23185
77155
2950
20891
77726
99510
16306
96129
78400
36668
67852
91938
76091
87241
2406
65391
79525
66646
50081
26362
7376
93573
54029
66818
47725
19470
5041
68227
41944
79131
5664
64436
22915
39841
2136
53940
69617
36763
68330
96717
95007
65101
67372
74278
4796
44562
58683
23958
71936
82429
37563
8485
49661
26365
19855
64473
70004
45405
53903
75849
77290
82135
10074
44396
36151
29061
21159
78283
58520
56466
74697
55300
53588
90131
39887
49137
97485
13702
7344
15998
86222
77
52396
45207
52030
73622
15900
26652
39467
68018
15180
90424
35061
80628
60693
12056
25073
39433
3530
6530
19798
91163
11436
9336
73340
14262
32844
57583
80719
23623
90078
27956
665
20646
56458
13159
95213
1771
91980
533
8031
37802
93500
12961
14726
13220
36291
96380
91288
53047
61261
53542
88002
40285
66218
7744
78766
18138
31508
88741
80172
1419
19382
97745
97708
2676
39518
83729
5264
40310
43095
28658
7004
12470
63675
62299
10228
49661
26120
65172
52837
75697
58978
5679
63326
30480
95902
21187
27328
40374
49188
34663
28927
89958
16876
27328
95135
39276
84287
31362
955
67234
32961
41079
60843
53247
16700
68346
41132
45069
8654
18
77300
79754
45907
25024
33081
90223
54889
31242
38715
56736
61316
62772
77093
2756
44492
45540
67347
24305
8359
35980
24721
81359
47797
70170
1211
97233
22413
99944
73114
18088
83160
11372
63802
58116
39482
47267
822
46231
34523
80349
90690
18394
9974
78710
40526
49715
48151
73475
60280
11747
15277
98921
31589
90287
58965
73569
81074
85672
38532
92003
5353
47500
47008
68793
70906
71941
12975
98635
84677
67364
21438
11866
57393
55136
68356
55254
70903
16417
1371
87509
9328
88392
31491
56028
96337
20223
72197
73786
99656
77064
59945
42467
45942
72554
49341
60048
16467
64405
78871
1675
5704
6542
26147
11390
12672
86315
94051
95494
40814
66277
42216
1801
6969
4965
57767
72988
18230
80491
91283
95704
60257
21747
87885
85654
37418
63692
47543
2241
80264
13094
5246
4661
61966
46218
18080
58775
16073
93771
53821
85164
50436
99268
91606
28454
5419
65518
63421
5368
90624
63740
73106
30468
33295
97314
88183
20413
81430
47277
29468
38665
19360
47455
35568
38115
67061
61959
95363
78433
73214
96252
4434
99836
55292
3225
28714
20614
56214
76271
6113
39762
88759
10091
8979
95589
56632
8809
90884
92083
90949
56654
79448
33498
95701
21985
33117
4739
11793
67683
32067
96407
10695
64870
13807
22602
71621
82374
49865
67288
70799
81909
24618
18190
22613
91357
20180
60500
49421
77164
23221
34768
45258
11853
97526
16017
86434
80617
23355
13790
17999
61487
57959
96893
49788
61362
15708
84611
28827
82766
22935
69581
75629
77989
87030
37277
92042
56242
93363
82435
10482
17923
36239
25716
97274
10501
49032
71301
89068
80616
26994
28729
51569
69283
25476
7629
82092
46161
42910
73741
96953
73034
95662
26887
69676
83192
97974
80188
93133
56221
41038
35169
73856
34082
15399
79450
78760
852
82036
89094
65428
82170
85312
20653
95046
3765
2597
41696
60265
73504
18182
85959
9764
85826
44487
49333
25227
77376
29542
11686
86934
38900
98064
89099
47828
19484
89939
66752
90773
46729
36570
84576
74366
76690
71976
8839
56206
11871
51126
85023
77969
60336
72345
74454
77013
12818
16510
52234
96155
28826
62501
58580
22816
28590
94322
74986
42950
57587
66626
83705
21033
69092
91942
97744
22464
61884
13932
6199
72414
1327
29396
67162
40626
11616
9310
83034
55654
48277
72855
49144
96259
27026
78247
96167
85739
80240
58991
27343
85986
6752
77147
50185
23492
76747
75241
8445
79002
85567
25447
21218
7469
61404
87722
33167
17874
90740
70964
56051
90176
74189
64513
41691
87174
4073
82293
13717
12483
85533
56297
4672
87142
54484
51417
78762
89171
14815
78652
28980
94103
14862
48613
70829
89919
91728
13444
91267
40335
77136
13118
75612
19554
7214
91447
9908
95555
49295
15376
67080
60627
51050
15162
71385
92346
62204
40630
8718
68586
54345
69150
58670
57953
54625
97695
8632
10013
5231
70566
65500
44953
36670
41050
64214
48816
17604
19643
79911
42837
26489
25240
5573
4067
67364
77581
38583
41584
94227
27201
78762
4015
93316
84640
18354
49280
32759
69097
92052
28611
59758
46950
3981
70816
33402
48302
69670
77029
55792
18095
22020
51500
78252
32080
53794
43451
90907
13436
69448
26579
46744
45705
86303
92848
2969
56267
71277
6428
90540
72223
99803
54671
94381
80676
42713
39849
21855
23055
92248
34581
84094
75228
81807
51858
17192
70760
793
81361
96967
83773
43751
97735
14452
84301
18148
97712
84546
52150
97663
561
25045
68471
99088
19908
78091
27114
34314
77270
6799
51616
26249
46997
52449
80265
38113
78790
47387
25154
25438
1846
29183
55915
34303
90458
63837
4875
1908
30402
91286
62599
87906
74131
20929
11716
40985
4605
57139
66862
77980
43879
36937
97256
19465
94171
75719
24727
41924
92441
3556
55495
41760
53537
85829
87386
97141
12203
68834
97995
26473
74011
61759
68784
3003
20608
45979
79650
4883
83855
26700
23735
16092
17864
32606
69924
37320
66228
86452
29630
91365
27298
91332
15742
31823
55682
43715
39120
18664
7401
47881
911
72869
38662
92618
80364
70996
1668
81540
61406
68180
99589
25033
70747
19962
67375
43320
8484
88401
25024
40192
98960
47545
84193
89863
43359
27031
43942
38950
44873
32727
17568
99825
39134
34276
89120
97014
3197
66575
32868
14948
87759
78109
81586
8505
35469
33492
4827
47357
562
3670
79948
6567
86944
28033
14766
74718
77594
11848
99807
72470
94118
75791
141
6342
27768
19488
72773
84265
52456
87453
17941
69245
69969
33024
51958
67859
4952
78484
89142
38603
17811
43772
42482
69020
90209
14402
29380
16692
46427
80687
36936
39003
42556
70224
96859
13939
49897
51637
62333
67257
17430
14590
3192
82230
80533
26734
31816
18999
60076
9201
72588
9992
93534
95890
17687
73637
29109
20971
50711
49577
55340
78584
60293
27737
78966
78882
81668
49520
50255
40868
67304
78899
75194
89694
70996
23063
95889
49844
24073
77461
90518
6697
97429
43062
17683
76159
1987
58264
45900
46706
32675
70641
25060
62400
86517
23752
66308
93922
43497
59640
85553
98840
70490
56091
12812
76660
67521
55892
81862
26164
49668
27187
12759
78816
81110
21115
42628
13270
81048
43471
79212
13104
27748
16726
87980
60132
68763
36057
27865
98619
67727
44167
40022
12525
78447
23610
34513
82915
41041
90116
26079
4599
58175
61140
95249
68765
5304
58894
77756
16711
56735
98524
18574
97751
20931
60522
15494
98933
84238
44862
50742
35338
76285
53531
68938
83870
24005
665
21388
98600
4785
44635
26659
48766
59761
59457
90503
14259
61049
33532
21285
13450
75113
40315
43698
69356
96628
63274
8496
22899
7725
47719
15343
82445
84457
37700
22650
28242
57473
32475
61008
70695
11018
98998
2187
5661
96352
32822
40973
87332
77300
67205
94260
21365
28964
83002
55612
92853
4631
50171
79996
29448
51326
27003
66078
28393
32894
94638
35014
21731
54767
8108
40653
19991
69075
98704
1304
85144
12682
31142
2663
57339
87190
84934
21481
72850
46101
53005
13016
90687
47908
46049
65303
61485
66838
14836
93001
24764
64041
62510
37860
91446
60575
78061
72894
4142
8183
23560
53268
34139
62355
30636
1201
39381
67753
41723
75014
77548
92812
91630
63493
30057
22149
14445
37498
20322
55685
48739
17776
69768
28723
56495
25479
59164
87953
44541
47389
96414
20270
66777
19135
43887
28929
52462
41667
39887
94551
44443
37554
52940
78385
56547
57269
4385
73300
9666
59442
55752
90461
57184
7278
48388
27639
76374
93119
14355
57577
95119
40622
2527
80231
75695
74320
31052
99561
14660
9451
86423
71387
392
45109
98604
35888
13356
19779
99424
91422
18336
97603
710
51035
33654
55867
76089
87463
76263
3210
13814
76411
4970
99108
43697
14560
75006
75825
37059
55880
62354
33042
17598
53458
74880
64481
70859
19137
33614
95286
56920
53175
24787
8686
17708
61439
23122
7242
30224
43044
80185
24962
47264
44320
54363
15192
62945
85294
46358
25680
63531
43454
40785
36201
9060
27714
80344
96625
34701
40102
42049
21264
96039
44792
59517
36169
24809
53267
37637
18757
21632
24746
48685
46830
50380
37493
825
95263
6041
80301
33760
2703
57720
61823
78770
93257
71338
69295
61327
46244
89146
5459
28437
49426
64353
74206
38010
9148
82315
2192
39295
30803
98084
24781
80531
58686
98796
23639
56630
67454
56137
86531
79337
81299
18901
77424
23457
86532
64733
58029
77349
93638
1437
69562
89739
75565
46499
18136
28323
54466
887
68270
15105
36337
81453
88272
79218
55415
19447
13308
92439
35292
90105
59681
1180
48884
1138
86281
82425
10545
19956
21452
14273
49264
9751
83699
11190
29983
90045
10243
77019
32485
27158
93777
32250
70930
76378
59084
43318
67916
26010
13206
23824
68635
80214
94948
51914
95525
84820
49624
1908
25139
24408
52338
92280
85553
83583
88692
10337
89585
11728
20536
42617
19193
74420
8682
72454
72776
82647
98017
84385
87557
46865
19521
96817
16973
33002
5928
34322
40298
99914
42926
76469
11447
38062
47527
30008
41757
90611
71914
92654
64703
93885
39330
3545
69048
36932
20709
58620
41377
88457
10395
20958
4747
50268
11952
77921
27562
9751
80594
40596
63861
99738
538
59247
77618
47228
92688
69171
11245
20573
2780
17781
31379
70036
22120
14926
62707
64512
67072
98672
49164
65449
81212
3461
3321
22703
28100
50784
98773
43810
20767
65515
75271
83165
67230
32629
33252
28417
46146
72234
24371
24892
10008
74835
98632
82253
30413
62109
45304
67103
86756
87809
31446
49978
44490
54185
77880
36811
82843
91768
7610
35847
71552
87222
25849
3644
84906
90516
38867
62854
86971
97555
95139
38550
81003
53418
14123
94687
32099
93993
67091
51169
54513
81639
84708
15342
31955
77958
50613
12150
29391
53408
29679
4482
10066
78356
43310
83073
64460
40417
1389
99714
33639
72250
55757
95399
53032
15660
45155
34735
52088
97950
56311
10945
11794
69285
27804
60659
57475
11973
48668
27610
62694
45124
17781
62744
49001
44413
87608
78554
88295
649
84584
62192
5080
54672
97009
53417
41212
25838
61295
88203
63054
78196
94358
52727
76312
38778
3166
27291
35323
25043
53729
49320
82397
69401
70994
33966
48063
80082
74689
43098
4649
16359
27327
62293
91758
78581
40139
49366
74847
6697
31365
66028
14202
43675
49517
44322
2253
81259
26734
96104
8601
21037
11383
83145
10754
11294
32800
1064
5711
43076
86532
88895
78171
2497
29655
18932
72929
2637
39982
82310
8847
24847
23569
44442
40956
57512
57285
56216
39180
27248
66255
4906
96889
936
97489
7429
37636
33377
12649
87932
61653
29456
46608
35092
95291
42875
44147
97601
94674
12495
63095
80395
17270
6406
31208
42059
42051
52719
86720
90954
60833
43281
23520
27811
93924
38011
26350
75303
44449
27143
22312
31336
64524
36084
22326
69305
81596
47693
1491
93144
98835
50646
32665
77351
82565
54612
22103
80701
92766
2055
11201
59347
47843
58990
74196
53521
32967
35620
91251
60125
55752
30831
80901
60057
42018
51609
58465
90778
69456
57885
76529
45010
62018
19000
17357
43620
99764
38955
68717
73135
18906
15837
69714
80623
68976
9097
42438
64629
75489
82903
37528
98731
15251
12085
1709
32451
99981
70104
55480
66128
71912
70324
82951
83980
70632
92981
64641
47388
67328
49062
31748
82168
67846
3875
3303
39289
23368
14366
80361
88623
82434
62259
39133
61636
33582
83448
43974
96421
27781
80245
59399
65803
23300
43045
92677
94272
6857
46795
56371
17698
26040
10692
65019
46105
65907
14367
58975
23002
23328
86972
58971
78945
18899
1007
63847
70759
72979
3914
78046
40248
16665
81128
17353
61345
1193
51084
34873
42400
57482
95281
17200
25089
17507
51265
18337
14653
6140
50368
53966
42169
61268
16918
66621
67805
6262
63357
33767
80354
61944
74004
76540
15366
10198
8866
87983
47210
65792
83319
2174
30448
78938
58558
42871
93505
90293
74795
16757
1357
37746
29058
82730
4296
53604
82076
32467
56272
90590
44651
93430
99709
5523
57428
54939
28028
30293
69202
30373
21501
88669
21380
20567
7040
32607
4398
63200
71143
8109
91902
59417
15899
72217
26961
39571
24216
22903
62961
62569
99289
2897
17952
28715
84283
9006
96839
62791
67009
3789
37659
34101
57714
59543
28670
21487
32619
41786
51621
74163
71353
68426
10166
5667
20884
21545
87041
83508
2330
55477
19214
38404
92631
89376
43885
63596
98942
73675
4954
13014
3499
88305
3038
72058
40684
46639
99788
488
16632
87895
99727
63168
21191
16740
29830
65769
42585
32199
78085
98789
51175
68022
85523
58786
94197
13900
96886
68709
31233
8944
81512
49161
29912
7692
51716
47762
3791
73930
55079
60164
56298
5976
81109
8163
58089
89978
78943
53952
2621
84551
28254
69261
22235
3356
22502
19514
25348
34162
11227
1325
85395
64409
83429
14862
98030
57259
42478
55958
36733
34436
3384
64468
7470
71970
53345
40513
88928
10206
12124
18575
19020
64230
72794
80627
27107
8512
39876
20252
47877
39069
21960
14678
27851
88585
35676
24507
44196
76091
90597
34048
86328
85752
38276
14823
22377
60945
51961
51674
28293
69387
2231
79616
13565
38680
44391
32800
58306
82518
56052
4152
72364
41372
71364
27467
38125
54854
13718
36205
35905
76384
31186
19338
44977
93135
66288
97441
6742
53563
39565
82180
42130
35433
38028
79248
94868
17218
71321
4954
90879
89913
47469
92410
95169
18068
4552
35472
10506
67172
17286
19121
87660
36605
55729
17277
7865
92915
80303
28085
18924
4889
90300
25838
61327
90004
27143
14052
11101
16373
45412
28222
86736
12532
29628
36189
55602
13753
31650
16573
20499
93673
50117
75006
81178
26767
25764
7442
28126
62303
89781
38828
37248
42611
80503
90695
43119
50740
64501
82874
13760
71349
7798
67801
47603
33099
29871
69214
78567
19765
68202
19383
67844
83448
5446
45488
43702
5185
2734
32422
65277
19796
98065
59962
69426
90466
30928
27250
49130
34875
35452
76793
59117
60505
83020
36180
24967
73992
45233
82415
66059
92434
66546
88447
49083
90622
26825
80626
52877
72693
11615
15464
66879
11397
67263
61346
71657
83703
83813
95853
20015
24469
22643
25088
97847
48470
30171
96568
47792
92896
21292
8853
66284
46464
6950
17396
8011
92380
81619
16716
41246
73101
18836
17311
38830
18429
44464
652
99516
69234
29488
93816
79278
4803
69588
82578
88511
55299
68902
32664
37263
39323
90682
94669
79855
93110
39349
83323
54908
12520
13366
83654
6530
74864
62482
97749
5340
53593
26994
81453
35732
19341
91862
61372
81094
71984
31506
18788
46572
10945
22197
82789
65385
43070
39951
66086
69642
35506
2978
31093
93298
26735
34845
27828
17141
32500
74806
43487
74860
21159
51670
98367
8070
40953
31669
4057
82687
93472
10571
69599
60696
70070
43970
71444
47712
68702
46580
42256
64989
34357
84038
95554
31695
33506
54957
17224
19026
92791
17061
9666
2307
43506
79396
23765
64368
56328
37048
15661
35485
70380
89826
64559
59747
44521
86046
28965
78081
75846
16091
45779
52290
8242
28146
82605
33583
11671
15523
63514
676
19490
65894
68295
37640
97798
7748
29069
78070
58638
61917
1305
87540
50379
55420
42967
20367
83625
70243
46780
84706
62602
27688
12289
66203
66189
87865
95780
90288
56732
23249
26759
31315
76974
45699
92684
98676
76825
47673
74652
96838
78019
99442
15034
96218
56518
18993
1965
85683
50821
46559
54119
41263
51081
91372
47399
75532
93136
83902
75922
12453
2158
96013
90595
56014
45825
2938
12252
79935
15287
98041
85617
62947
74977
53239
26736
30577
61921
26168
8091
96473
18615
5347
36154
76739
864
72594
39016
81515
45611
69032
84988
85532
1651
54010
47910
41262
151
2055
20867
99928
8007
32646
76665
47314
41842
39106
86283
55232
87732
8
48782
2490
92288
37441
89994
63069
23142
80914
52294
61818
35768
64817
60402
78611
42117
31593
44565
47670
80076
77992
18617
71644
46421
68649
38290
72906
27012
91569
65045
71898
61679
95296
11620
35544
99917
75135
64732
37411
68264
97296
75746
56773
95459
34381
63483
11315
13531
33601
59609
15412
90718
94954
80645
40786
63533
71520
97967
92097
65632
58320
27292
63455
31408
85432
33802
39680
12322
28541
44565
75740
80288
36559
95890
69450
63931
19734
81456
96785
61356
90882
70490
81435
17507
92512
76496
29250
87986
72165
34040
74624
59630
7122
95571
53051
10248
46825
25283
3060
8620
71848
73169
54439
18847
82198
6787
12412
89102
93239
53062
45579
16920
71293
75286
87683
75163
27386
34828
13353
30111
1855
70856
43989
45070
96978
60600
70268
54304
63132
42235
51035
88190
43564
69976
26440
98999
50927
8234
21457
69559
99029
34936
46868
49104
65665
90351
30473
27360
61293
33000
75153
27505
12076
44239
67837
48161
92162
14911
40080
91863
66362
65777
70078
47235
36131
4672
85830
36631
28019
13451
15717
30031
40819
4092
7151
28831
13097
85839
70344
67210
81676
15576
7717
41596
38713
63724
33922
62818
72632
98769
50001
92379
99895
79960
82620
11799
60887
9260
37267
98580
48880
79872
33835
81312
56036
26149
76893
38736
51222
96901
2419
22749
69292
46883
18567
55772
25142
89159
86918
88312
71466
34161
92943
60126
70029
65206
41398
11976
83179
93092
1066
78674
10922
97218
4768
22429
77694
57220
49901
913
35714
64480
60002
42642
66977
26914
49613
20638
84017
67888
56914
69495
29675
66653
91879
4061
25951
24121
49065
24626
70905
74204
23903
70448
18277
51024
90287
32875
6161
81449
64706
39175
56544
22458
47290
9304
72243
7070
58211
29393
5551
7907
12388
56207
55913
97416
33226
92641
59649
66319
17182
74687
65476
49892
42562
48684
87323
41109
88909
66231
49195
93892
71851
19748
68586
54783
42331
72118
34319
4521
69840
30445
38711
2086
13207
91744
36703
48253
14603
60565
78499
88286
34310
19162
92258
95379
89192
6272
59353
31389
58146
36913
21722
53884
55578
43916
45985
17659
7801
96729
7527
20034
8132
93349
1924
51055
95730
14549
86436
69528
51263
11197
13641
66156
46338
41767
38205
49642
37064
16587
8725
48845
36217
80232
56719
219
38791
52380
47044
51955
1217
83356
9206
98375
85251
10226
16007
79099
80078
42116
88184
32022
24088
5979
81657
57590
9254
55699
30624
40535
43122
72919
60195
76913
18435
94087
25267
47270
65501
42618
55417
35106
34352
17190
56928
2289
55925
36158
61807
42789
77080
19735
84283
19881
14564
31815
80692
82497
47703
63795
26043
18909
35331
56832
45018
52749
3372
93096
41319
89492
33799
34972
84510
46074
36932
30734
14785
72239
40831
57273
73909
16930
58031
99963
88346
25721
4998
91416
37957
6525
90035
64075
99633
46985
77195
4713
73915
58555
97275
58630
41125
42807
75855
28601
92586
24983
39539
55185
12576
13178
71566
36540
15768
29628
24190
22712
91243
67366
39032
72840
41411
20147
1217
61074
4314
77424
14411
69921
36122
18588
81299
11882
5502
46579
88726
66860
9911
88827
50014
69946
240
45763
44503
66339
50398
75114
45293
27249
20515
54808
76284
85394
93274
12373
50867
13409
63221
81438
46541
67934
5821
43320
74952
35737
60172
88866
3902
38550
88818
41485
87828
37856
25900
94863
34477
38490
22263
24463
72073
37844
2999
3188
89612
64470
87594
44156
53084
90945
86525
59066
69306
56900
54382
6479
55768
757
483
28802
59173
33783
40225
8
17840
51664
95698
51676
5461
41992
16250
65091
47746
42076
22039
93296
54887
93365
44516
30924
14317
84639
24141
17493
10535
15440
56829
21970
2478
5910
14789
42878
71336
48107
41461
26074
68301
84772
57218
84111
37094
776
94771
86502
24373
67430
51474
70972
71702
1378
78745
30353
34229
99491
25193
41316
23602
44189
30101
34582
54387
11343
34723
99678
52712
41065
96246
23732
97761
67080
89933
43154
66718
11387
13457
5994
17005
29659
10076
5214
54147
14914
10794
77246
15335
95316
27111
83153
83794
8089
98186
12873
24784
73091
66419
7928
663
41964
52275
78941
96141
78872
44261
36608
86883
98239
63699
77615
26599
23254
93919
50350
72817
16465
95397
42157
38500
21500
42865
92967
53142
51599
50314
52543
91064
60304
9564
60854
63989
36260
53240
91401
2045
19391
86776
24765
14786
43042
22191
94833
17810
75392
96954
33242
81227
65714
19239
22116
36977
76957
22273
87453
25657
15949
28201
24839
71648
62247
15866
36456
31289
57349
73319
49763
99009
98124
66734
1215
89345
68554
40795
29806
35400
79981
43865
25662
99393
97365
30168
93449
59228
63772
26890
9110
62143
93443
17345
41745
85352
19799
63834
16964
68207
44706
15228
66275
30918
895
32725
25831
36472
47386
66151
21333
62915
40827
31209
49101
65853
19580
82417
8482
87862
87442
1131
17748
53698
5888
681
27064
77982
66165
72277
69294
18557
22742
32356
23994
16086
86603
60476
68620
13006
36838
43265
35782
6212
90427
32402
96745
15210
21667
22008
26144
86438
32246
421
16722
22743
73076
73323
16200
7071
79639
94154
57227
42648
44276
89397
77102
43708
9348
98255
16366
72282
89828
45629
97162
43183
49861
5912
46703
78314
9590
92367
99198
22157
47925
70894
88455
38034
61375
55678
81491
41747
41206
4164
88380
72868
29236
61753
90452
60617
24786
53442
20973
27551
36897
63401
17714
42681
527
16233
67220
40113
74694
45224
66542
57489
93918
15175
42386
31641
79110
91328
76092
86367
78476
30696
50942
42143
15678
25559
22183
95244
93678
3894
79265
33537
94071
85803
14602
31789
21739
66348
91894
57398
84246
49117
71557
64074
32561
94071
23547
67713
18209
24344
91110
6965
13958
65199
84247
7402
42371
74596
55104
73995
12420
15485
90067
17256
48988
89928
78471
48239
8154
15272
8069
50395
7410
92151
78374
49871
97975
9452
11857
10031
32239
97395
66874
52238
5550
99710
89291
87881
19547
55520
98377
73587
44554
11476
31921
62944
52966
81021
11873
25255
74483
45668
28824
27467
78552
43423
68307
19857
36911
59062
19702
62334
13356
67266
85984
68564
54326
30593
46649
41794
13498
92846
17807
40862
67178
78749
84055
21025
94042
49940
51604
23374
89549
9284
47715
88533
40119
88425
18577
74973
20634
89016
99176
50884
94772
35512
7124
60278
5350
39791
8839
50083
5498
77451
99978
29779
15513
49374
36379
71496
62342
56383
86802
23576
85294
55497
58968
25057
62856
14936
43310
53446
15119
39285
96664
16236
54482
96706
93456
9708
65887
75364
8222
32077
9402
52680
7840
99015
74311
9376
66789
4902
64685
90675
33694
28516
88379
15770
88379
9603
64230
99325
3793
68935
5866
35572
20642
20841
32356
58417
79611
71052
80066
58392
59721
29590
93960
47800
77692
66801
4447
37649
4861
9266
79350
45145
32350
65392
77247
26642
63165
9676
61493
79335
4925
46195
29574
79874
18795
31662
25506
19267
53130
49947
88504
20472
60452
9840
28127
31672
26366
29547
47491
14910
26739
30247
57607
81907
94116
94500
88618
92200
49303
69004
24862
4987
39817
28089
48149
95827
98834
46912
72045
26501
21152
25050
13271
20713
29171
44708
61349
57196
1756
87361
80236
67874
83120
81344
84137
15409
85298
9899
54510
74435
35857
11807
72981
46258
84487
48226
41400
57611
4623
98938
30529
19748
95084
8057
87220
96577
46799
70745
32617
46757
52704
54889
8629
41998
4680
20466
17872
48963
80459
86036
25566
42911
81136
92297
35700
64904
53552
38854
6624
59067
4388
66286
68324
62315
80225
71464
91704
67252
67724
94146
24312
43466
26496
35463
39770
99717
11541
99761
77080
74515
85771
76246
49055
14631
20661
81674
18760
38424
44781
17123
63445
33594
47373
6935
44835
40028
7363
19324
43443
83892
15833
83442
53451
92988
19794
41230
51466
32361
67557
14679
13554
71587
6590
84085
37882
57345
43726
41292
6545
33509
54347
47047
72821
91560
61607
83894
49412
69651
19679
65149
74643
49005
74104
20276
58491
4479
12338
66101
73493
26447
6693
96349
48078
86173
64260
3702
60678
72473
28020
38617
64817
35278
75300
3126
40359
52133
17787
26070
61598
73691
73072
16153
34029
95617
29972
75866
78956
37315
6029
4116
40597
58420
47292
5095
27379
9075
88705
49384
80497
75872
4005
17653
18626
19005
19157
90219
72507
2965
70244
80546
62793
82199
81314
65950
87642
29831
14338
47345
91895
67644
2744
42463
93189
40346
92529
79066
4709
77678
97592
7135
39866
14557
55152
75780
47807
20826
79693
99485
86066
27140
56675
14998
53849
47378
19843
51848
56930
83888
45702
12828
63764
37132
80776
4769
65701
20021
93720
98961
14903
96994
99092
60894
2690
30544
39298
26675
61210
76852
2858
21407
71639
16097
9006
72770
91990
28207
9435
45356
88455
55132
80780
70152
7398
42752
26441
53404
17604
34881
77241
54616
60238
22940
51535
39219
27771
39810
77697
73773
33064
88416
65119
86221
71996
94225
16835
96154
29115
8620
62994
69780
1067
77276
66161
68798
29300
50220
95984
69389
96456
50920
54248
2204
52982
45353
96863
29684
87625
91494
95815
85367
33823
85857
73677
22445
22576
63954
10303
29958
3521
83541
20125
56547
7775
26796
35117
48356
11440
25548
7491
65410
68246
83759
96182
8756
97922
72743
83052
75979
50628
16262
5867
55502
37924
9817
44863
64998
40194
82226
3988
82285
24782
49647
65574
28325
67309
73533
92298
94085
55194
97871
54099
73134
15776
77842
76584
89676
43494
91941
81767
65844
47173
92950
89698
55752
79861
29555
59369
61717
22522
83426
5187
49125
45906
9495
70165
64003
1402
3518
39829
60182
29494
85130
44751
70403
72300
22719
20288
20548
96810
70900
155
70813
60325
57610
29666
76018
64051
15348
57780
39368
4426
73174
10249
59761
79538
36543
33191
21563
40019
52606
42919
16056
25893
89026
11342
22081
22029
5458
23818
27917
1440
19980
21011
88863
14406
17948
4982
1922
79302
17920
40848
14979
27275
16370
86145
69509
35336
34629
70933
66346
43887
13805
67318
38318
69287
92776
2531
23893
65261
45400
71210
5588
93569
4248
71883
78299
38389
78844
65093
75617
13119
69111
82891
92208
55115
70989
39412
46685
44313
43558
13225
72795
22336
59647
45281
1170
81394
64636
10150
25202
65814
41487
65453
7610
14632
60955
11768
33517
92225
44396
59171
96046
59462
81846
33057
16319
1173
37111
19831
13579
59433
66556
96554
99147
74795
50931
19735
39764
52344
22346
3594
37619
41505
47210
63414
82951
87304
8645
11032
98260
14275
8098
57362
30491
72704
65941
76714
74312
64616
36200
83618
87719
83427
50861
27310
4152
32264
1300
57363
86645
80805
87858
19664
83156
36054
94429
94809
64864
56266
2335
4695
122
26211
57924
103
98544
91427
41693
85631
48238
99038
31034
45253
30492
58713
51073
16365
41867
88368
27308
44009
43702
15696
89010
27948
78025
50824
76509
12728
10000
30898
33186
48958
533
70733
68419
90308
72916
68707
97844
83303
72559
13593
80945
5888
55204
29341
96267
77902
32305
49774
10974
2234
4383
76915
18676
2121
45675
45341
6487
61363
93156
15566
96995
27954
66895
32709
86267
53394
67860
51794
36283
68484
68533
96098
1183
89118
99092
61633
87622
93065
113
31146
91640
89909
97779
66640
59162
61484
63675
23608
41381
37886
80350
93121
72736
47853
51479
20603
81402
32992
88107
85897
63306
59806
4747
37730
14167
36103
90582
55759
14029
10092
75400
63967
26104
16050
30666
33106
78967
95663
22670
51712
26031
65213
58398
55074
68430
85504
63802
32191
38
96019
63003
70399
259
44089
28531
45017
1063
25332
45344
99746
46898
33126
57576
81426
84957
92820
28842
10629
67008
78236
63396
49753
65542
41206
28226
44149
66930
95108
45188
5074
38988
79994
99063
50888
46875
12615
72235
83202
94417
52511
46137
4714
33031
28970
37681
43562
17141
83340
38858
41669
99052
49190
57328
55140
330
33436
25367
19894
30869
53978
52112
18409
47241
97229
67623
67529
53311
2482
70029
10623
65107
51596
93816
93410
40490
8926
91499
72422
37443
85285
88111
48905
57166
30334
43237
94135
40494
78198
73588
5081
93225
68652
10663
956
52360
94361
53605
30652
8911
67517
22476
4341
67616
63014
80410
10603
51151
23079
14222
18083
89158
15336
39094
686
5487
94165
87167
71299
56724
74600
36142
92754
60467
76268
55043
58881
79478
65166
68133
70195
10514
61673
79083
49409
97546
51430
29643
70543
56635
92500
21239
54884
28649
94808
10909
70589
16100
70276
48490
30056
39831
75471
97088
57259
71643
15712
55470
32761
63649
51175
53033
15705
61846
52059
40032
19869
28941
91452
74910
15445
24717
99202
8199
19691
55365
53674
50236
96708
53946
42147
648
38727
83282
36723
73836
48133
19817
93554
42056
81469
56950
20269
83696
47859
22571
27204
22076
80619
2133
65781
31810
79604
85150
4364
32362
50198
70482
11943
82981
99153
58330
73742
25184
38773
86228
56391
81008
52454
78844
40909
78636
7947
5428
97850
82315
49862
45430
97390
57433
66571
45977
29725
58087
11507
31765
97608
62259
21621
35990
27584
57703
85589
89945
58401
81371
48218
65047
28449
67844
76586
47084
39064
80361
78396
18908
91463
75700
77460
45992
27642
74172
54000
74494
73696
42868
87280
26088
48666
8981
25511
51593
15089
7735
89538
98429
99711
60429
41528
34346
82621
9654
26535
19096
99389
76255
56954
88912
61787
86498
81560
85648
41091
21713
37558
23755
97298
43680
35848
19699
77853
89292
88265
4068
3496
56454
77644
44343
97101
11013
55223
14516
71214
5687
58942
76769
50201
69694
71890
42619
99068
98754
49610
64357
98840
15486
91276
57407
66852
61291
65532
43355
4415
39554
61664
50493
2596
62577
11203
72157
52582
92734
46652
74991
61263
95808
94795
29862
23491
71582
31000
12502
34821
87018
21018
73300
9464
22590
46656
45430
89436
27696
87307
88194
80978
31783
60671
9773
83821
53009
29846
67528
87621
24100
82975
82530
22751
55102
84696
13259
4699
34035
69994
18352
53708
58778
88752
80063
60846
48796
91989
58261
66548
10208
96834
17344
5885
57265
6057
96455
7371
71944
98295
65534
40663
28446
23904
73094
92557
29727
77414
83198
23102
51854
93089
34006
86018
76525
99394
72099
51280
71787
39145
54466
62156
47751
82118
17390
1018
48664
52778
49107
92173
2454
61663
32590
60987
60449
51321
85305
57801
90512
30222
13230
97960
23208
11304
14564
71399
49089
93846
29041
35743
96633
65441
6453
20487
23244
97733
74822
89148
58412
27479
43715
20586
54107
3532
70180
62423
22878
35991
72552
71132
67262
82070
6475
98583
59652
85105
61350
42305
71
20698
13647
30295
85451
72647
72460
17695
22729
1712
18479
55745
2581
44656
8584
25154
61215
73188
7520
92104
90859
49356
87718
74801
56986
49384
14075
12802
54564
57738
64309
37011
57881
24281
96325
76044
93992
44516
24388
52899
57772
26824
45827
6390
6507
99514
27192
98594
25927
6073
97114
32966
43406
81367
42549
55884
72990
74136
3100
25350
66103
92489
34271
74033
61031
80571
40020
91067
84698
40004
55650
59614
19603
20360
68495
90243
37608
34588
81154
12182
51003
2238
26635
88340
10549
31372
92779
90343
7380
4951
83195
74854
26758
25978
98232
37759
95184
66904
48597
9378
42667
80911
20217
67157
86098
32221
95134
72202
78062
47572
3229
49734
35123
12164
89531
77728
86066
37893
46434
35517
39523
98296
13853
98134
80380
75068
27090
13546
19815
30923
31230
20704
19481
91124
89286
14303
65018
9351
32328
47508
36240
13116
61367
54033
9169
57101
35868
38543
65730
41388
76225
60866
23844
15069
71964
7007
97341
15403
786
25719
33633
64800
48965
91769
47025
64846
68893
85404
80649
89875
64864
68246
12606
16
32324
37852
17752
94384
9716
25806
76249
16960
68041
4315
59934
697
22936
86032
66775
56723
16897
33400
9676
7049
53376
97768
30168
11183
53634
44845
15638
73777
53097
64728
49004
61318
49324
11106
49562
42336
37422
32064
26090
30730
13986
25235
6691
86861
54960
88890
12040
2181
31768
48711
98685
89154
48059
7898
21682
42882
53607
40230
52779
51905
36219
76506
74330
99693
96398
11262
78238
18665
59957
53732
67990
91779
12354
92105
97841
52435
57102
42931
34280
8240
25773
49346
58511
21491
67286
81229
87099
68323
86024
83951
5399
81675
54759
62386
57348
64538
15291
32590
90344
4179
99858
61987
34966
3639
60614
90389
74989
6570
57018
60793
12028
5762
49441
31969
18249
8208
16618
77039
38117
63345
38770
47633
36597
86831
77432
67955
76266
86976
70246
87420
26062
22872
42713
9273
99482
31294
60049
17085
96856
73348
52825
84794
19953
76886
30967
8557
85944
38801
80027
47806
24741
60303
64567
76151
10845
73485
28100
67057
27099
95738
53050
1519
8913
88469
84292
43941
1589
2768
32926
35946
72597
95842
81455
94981
36904
88917
52085
36902
47160
90346
19948
69857
55586
67865
46292
67364
89604
43928
79250
56044
36220
85922
34110
55529
62125
29329
66506
48574
73140
51812
66460
68174
87105
92960
79433
99872
61603
11504
18173
38530
25120
80950
72003
80458
95898
2136
34780
6908
81177
2982
15752
92429
73010
40933
36141
5688
36672
48869
94108
40365
47254
82097
69061
95245
96545
61136
33998
43429
23694
98623
99316
60110
45664
83527
92633
57046
39605
72279
69679
49449
68976
31682
10428
9358
81075
1899
6971
19836
64515
87359
51146
63106
34636
72876
65435
16025
10058
11380
63183
89153
99494
43283
95251
89914
56902
91501
78462
82955
28483
62163
10179
52092
25028
84973
50645
38105
55060
45414
94207
73135
18671
38462
30656
24934
57885
39189
75639
24637
47180
29194
19546
49341
25774
323
10346
66706
45285
52115
35917
99743
69815
64010
14686
93442
26378
51547
13885
98254
80286
33904
85833
10662
16722
43368
815
96068
40511
72963
93821
56827
67630
29202
2893
88850
21918
8139
20410
42739
28449
1377
77521
4766
93713
79931
76290
14373
11432
9809
38780
42302
50846
84741
72203
40724
8652
51474
7545
83548
12966
61105
20538
5738
18513
30937
53545
32178
32438
2406
80160
6842
78301
23563
53956
74271
8256
68072
22694
44305
51689
38441
41483
89894
22759
56837
55362
13966
76289
7390
44164
96820
11826
51215
96722
91085
14812
59874
93767
59543
61765
37473
3059
62207
15216
8203
48779
76061
14190
25174
98457
75277
55163
98646
23553
92335
44264
69379
4843
45363
13926
49326
68372
91057
20818
12514
11776
83425
61906
58848
2410
74238
56733
91712
98148
55280
24608
20466
58499
56513
65566
18486
73296
65092
7035
72035
7954
57353
43229
56029
7073
67865
41128
14250
3540
19706
47061
14819
93996
11076
22173
92965
68911
15824
47353
12929
31789
46729
64886
36925
22789
97798
37030
33687
88286
11923
38780
49906
84725
65105
39831
67971
66863
84130
77007
26228
73048
60132
9149
97018
6865
54248
25452
47496
47788
91639
17515
34797
37820
42754
9396
27938
14929
847
71689
80006
68649
13427
90237
13454
54044
87178
99018
21995
93702
62797
19617
11807
55006
89522
22162
56377
29319
57330
609
12547
32117
58572
85718
69833
69063
16933
12838
76670
24970
80772
96427
58250
72322
91642
58336
84998
56639
12631
26907
31016
82593
91659
90333
63107
84996
36935
69652
7922
53764
2409
51599
7759
19042
39362
2045
98021
1313
72100
98269
38825
55219
79803
11010
37799
47795
5475
95803
49403
32560
89207
50436
31953
56058
87804
57165
38721
76669
45668
91614
61646
87724
98884
35183
41422
49091
7552
97990
33656
77148
21869
34710
9793
63911
97790
21398
42675
71470
69192
95919
39603
23940
34338
58255
40167
85802
80852
35265
22353
7252
89466
67102
88005
35518
18090
27077
59495
68205
95600
50577
27084
24609
16965
47145
75900
23477
88452
43301
33856
4943
80434
38958
42443
27439
46897
94062
54102
30694
57703
64181
4875
21890
55795
50276
39183
54928
43134
5757
79362
76780
26631
85806
87088
87546
54966
49474
23412
80692
46900
37534
32383
51776
37402
2743
52689
19942
36073
40921
44762
58685
78529
44542
93855
37267
77588
20106
47867
55873
48746
91333
27623
43486
94140
6528
61235
22689
75653
71920
22225
96855
39087
28445
30029
7317
35212
61265
89452
74816
21766
25100
14238
34103
51099
9957
25174
53209
86332
99652
25082
68000
40375
88445
31660
23588
23833
55089
31379
58307
37674
29289
57083
23774
27351
39989
83788
46530
99161
12777
21745
49701
71496
31049
86396
39231
10264
43887
65635
85482
9628
52110
49178
87939
24356
47945
94951
79617
69889
34073
5503
7590
87655
45263
27965
54448
20341
68402
69685
10710
16195
41436
77780
75915
87435
69760
69981
2039
24608
90966
37614
76718
60620
6347
5519
3360
21090
4794
54043
39341
95906
18041
16877
39454
69051
30397
11895
10305
75801
14690
25970
7134
40623
36889
80129
96333
23618
41026
64924
50672
59344
51337
99865
30505
8344
70346
85703
86299
12715
56716
30697
47576
26331
38424
31943
81780
22798
57793
88679
7394
33131
63383
16299
87265
97685
41849
234
46818
46538
43341
38040
70162
95199
12893
5698
94165
86738
63128
46258
74132
18579
24428
92232
44727
60709
9104
57460
18062
44031
91700
61316
91609
80962
13034
13798
87021
90392
44840
38385
46147
6720
57736
34963
97224
73018
94083
1920
14651
77604
27820
6312
91600
39307
95049
62583
53494
53696
48203
93480
1352
64097
97522
38361
11449
58523
90256
23871
14258
98232
28891
52817
90704
27235
84645
98615
24176
43881
34406
97935
6018
58057
9162
19085
4631
66536
65420
23006
55322
50464
95205
4486
53179
73717
18552
24898
95784
51347
24412
48416
53055
18624
4218
87880
50329
67805
67953
76818
56213
46711
53567
38828
58432
94360
79065
75380
51770
8119
64484
88308
86569
17118
81912
83624
35088
41195
96389
59042
46173
18749
96317
8986
13926
75632
25196
51726
62276
68938
8154
93691
33248
27118
43427
63344
33512
59899
61640
46850
33318
87258
86979
87689
87512
47426
67335
10962
84393
41884
25598
4396
92944
57293
87743
1888
52844
90437
16897
31354
46890
88735
32142
50507
59290
17090
50658
68079
81197
86186
75624
50663
31469
17365
37596
77718
21526
30651
60015
98794
80815
39648
65326
43696
14305
82533
25223
5057
88022
80306
50885
7530
56748
59481
84650
45484
81116
88822
44111
80481
12253
33583
76357
63641
72563
97178
11464
89261
39818
81292
17703
18606
50135
59872
83868
99314
36192
90250
37788
41163
53174
91178
76205
75199
32038
20368
12769
10090
80694
26127
61563
81171
92151
52155
98040
99694
7362
34172
55476
23241
62789
91329
13199
44123
5313
65907
98236
54154
84833
95217
79472
51528
13119
71394
27586
55607
10396
7139
67517
56287
87853
1950
1174
18033
41570
68553
37871
33658
40784
55836
97449
43202
89596
78676
19176
73635
90054
49204
45495
92480
23496
711
91858
56084
87406
73232
46742
83308
45210
35323
16418
86629
42700
6327
34076
30788
93326
52991
94192
4531
9896
35958
8214
87048
56719
14435
23091
22311
52928
4441
85740
829
1974
55012
37094
61276
4571
52967
93699
46158
45278
35693
25327
52971
43053
72231
44329
16184
53192
39862
57359
73853
89966
16274
94366
4239
94046
3983
65882
4521
83938
16482
24740
83835
86471
30467
3935
26214
15140
80449
6927
99823
66656
5450
33668
33445
96507
21954
58907
27778
79871
90230
62275
79014
55298
40114
85910
6769
45424
26632
7562
3282
32173
51503
74763
65182
4499
45720
74612
4080
49525
35300
20808
85203
83624
42581
57298
43938
62573
8747
49937
31191
49240
78298
38664
12813
14557
93234
50079
90949
6413
93517
49993
54466
13340
27778
80272
59106
16673
50250
27011
92374
14992
99548
58693
53443
71903
18843
98402
10340
3525
63542
10625
23199
16148
91410
707
91196
51073
10550
71653
19347
80487
34446
53036
59596
86410
2588
1069
58199
40964
34106
35253
98504
66926
68486
58857
20593
95030
54837
42414
92008
13332
85243
93368
80879
85221
66700
67580
83594
83926
86022
50316
52898
52384
67035
75857
47672
34663
83695
591
46092
94804
23239
88844
88053
49589
73046
50188
1975
18414
91934
52974
38535
28977
36190
45386
17187
82045
16439
44235
35840
66387
84597
28213
38145
81627
43395
9577
31486
32455
783
53999
57938
62932
35455
30667
44336
2639
32524
86056
20925
59365
75895
6751
10335
52634
22444
55542
22784
2360
96640
75131
52061
48749
88699
53413
52355
58599
78920
21751
71422
20248
24619
94496
86232
87230
56272
11327
78112
91486
84447
61214
36008
89671
54306
95320
46470
92189
80540
66956
82078
20403
43998
37497
96380
38038
85763
88113
62196
84555
79992
48972
95561
63752
97616
11759
72761
48073
49171
95157
78597
5755
24486
27417
22477
82980
31068
84973
92946
95290
55128
58462
56494
64178
42826
34341
8241
66124
65710
17246
77549
55565
78906
64466
55254
18727
18917
75874
34222
25913
9592
69008
32114
13842
4212
16789
8975
50307
27599
41808
38181
1520
37123
79009
82472
6924
20632
74045
55183
63692
90672
71694
50469
70345
11568
52550
15009
64604
6506
11396
38313
94644
59297
68434
51648
24881
91672
40274
97768
1423
16735
31035
7535
81376
57644
77895
10693
62247
87954
68933
94292
72782
59394
7070
73626
6089
5026
21660
73536
79215
91932
36466
76440
47323
7547
82160
70886
22938
44637
35704
6530
23065
30767
84353
36052
66685
38924
1252
79538
84034
51481
69742
16026
47652
92851
98527
57425
71650
68179
89084
84054
78177
71061
64061
24300
69966
80821
38636
30260
51783
71169
84899
36108
89432
13347
68105
90759
34198
3454
65008
79604
52394
65754
85883
81254
94080
67520
42071
82959
69273
5246
59908
78113
54458
62542
70151
25620
52753
34041
95571
45134
48770
42774
82560
61670
12112
12939
58115
41106
21518
68064
52274
41636
36154
16846
4855
9251
80246
5728
77215
56746
14961
84300
90579
42815
37790
82322
23514
25871
52761
36903
64911
91023
63183
90204
97950
65583
78155
84584
72570
79147
48591
46479
84903
40252
25802
6967
11013
66458
29054
90755
64729
14677
92165
28144
94004
56800
92417
38868
49655
29655
29665
49664
80360
95327
92217
76030
70367
52109
86122
69399
60239
16591
76814
8686
95224
97004
14356
65349
52536
65135
30277
93245
28497
23869
91106
50236
43389
62417
47745
46442
38036
70060
19351
87072
37491
57159
32999
23880
51029
61649
5009
78125
82264
56606
50426
99736
42158
43342
50753
4747
21095
10768
66898
83158
26297
25055
41291
61985
65639
84393
69979
33170
65021
15130
3746
87104
66964
47851
65964
73752
65711
35773
35799
20508
44042
68198
25033
25243
65809
72397
85783
33899
68702
20477
51177
22211
94203
6689
38770
44850
68188
77372
72217
90780
8471
39812
68957
32830
71478
83369
37688
57279
13023
6222
88481
30575
69410
67696
24139
7068
65325
13747
45537
29330
26128
55373
9227
373
57781
91931
5912
60966
37670
90088
67684
54312
72347
153
23688
97547
65682
83564
65017
75492
44270
75677
79943
20681
22423
22273
85720
51787
25218
44805
64672
54441
67772
90668
63569
43884
89328
24201
57533
69599
55725
99349
32900
22941
19107
11731
41621
49145
96405
65884
58285
94010
99816
87837
9399
76558
1115
76370
39670
51096
84876
89947
35417
68036
98546
36363
40073
51475
96690
91187
33344
92610
53316
95246
57258
47203
14546
49639
84563
4053
76771
95285
13253
37286
86464
95295
47729
1097
19875
74799
78159
23563
83104
83413
13114
58566
37736
84729
51337
23555
37706
26831
37481
75603
23467
65796
22909
38814
77842
80939
16736
76652
17096
28907
15312
20575
34833
69272
5907
29492
62809
59972
33222
22059
13432
2869
41723
50328
58469
74024
60158
84506
56013
27205
59775
572
83086
9645
79439
69564
41951
16406
98498
19074
51859
16519
3065
39538
48627
28095
37133
85654
4613
44631
14197
54823
85740
54609
97288
43683
10382
69923
51684
28406
5829
5144
26467
89044
86422
66734
70947
2498
37335
43002
93630
52673
72175
14680
21906
72595
35866
33640
60304
41588
12425
50725
2439
85233
18498
80349
86183
97078
27574
16400
29491
98683
63782
37103
4695
4948
71583
39226
6753
97594
9670
94803
10164
7141
93121
17145
92859
3926
19879
79337
86452
57569
65439
20773
59796
25470
14187
32105
80691
12615
29138
98418
45319
44510
42961
30281
67361
1258
37836
82482
96124
37632
5130
5935
40756
63034
32184
26871
20973
7244
87213
98768
1502
87987
74164
21183
93631
25654
3682
32869
72038
18000
22004
94664
39743
7012
3991
19719
64513
53374
20546
2574
97346
35263
28723
6938
44733
45124
62117
75700
60339
36513
23934
77330
65798
81811
61383
51884
53720
98958
33046
72668
68458
99641
91087
39923
98091
43037
27002
45739
67846
74870
14140
7852
87315
70661
97958
22274
747
6306
46903
30754
22107
80874
4034
4712
29142
10282
80888
47675
85380
63756
27827
34582
54784
83284
16201
50759
96488
9902
3659
11495
11451
93509
29202
32317
26777
44797
68097
59448
2562
78600
26902
85501
3395
15166
93055
97521
96144
38116
98877
97248
54395
27106
58040
73399
19415
41651
19834
7952
69893
83504
57171
43926
19318
38489
13187
40234
97340
49346
57507
62280
27886
92432
43105
44997
51801
56419
34466
18502
89608
58775
26573
90604
21349
26041
25404
45813
53011
33085
63126
50827
23812
92300
65042
80372
14893
57928
98484
87755
19736
70338
15917
5985
92057
75160
48510
5859
63419
12477
1470
95188
966
58588
74452
52684
19128
6387
75606
42003
55824
61729
10497
10551
12704
90263
51321
73373
49770
81107
61540
72215
47337
70202
2029
59721
504
34006
20469
73060
63206
40606
8753
74133
25139
60109
72888
69688
65892
95420
90238
27306
83759
23692
60557
44227
84845
2471
29950
62587
53250
94551
43712
26683
43119
98289
38653
53622
35496
18561
53345
70414
85408
99035
30801
58614
33831
9107
26401
47595
82149
37327
86628
70583
27347
47107
81473
92020
6127
25594
16043
51459
46194
43284
14073
26239
84687
88570
11210
7098
59442
37721
28240
56827
94169
9198
18256
18467
48868
48876
87360
88852
41255
34033
17244
5404
71398
59677
3072
2460
47530
41166
53301
78928
5925
91474
63874
81634
71543
8270
81700
45668
28639
11109
63850
33021
66260
44006
9827
10916
20199
33648
62177
57191
87459
19041
64464
24475
26580
50129
63940
58700
17806
71771
96567
30314
71010
71809
43869
63792
69301
63178
33308
61615
57159
55486
19984
39062
52775
57345
6596
32385
9814
49231
92351
31911
16150
74189
33633
33032
47873
20412
34753
80279
72711
86127
92933
84099
57287
5121
98784
83069
90749
54785
63488
36825
87389
65136
74069
17887
30449
4989
83295
52768
84620
82912
48849
4988
25948
55076
41510
47175
81609
61323
72522
16812
23845
4722
97341
62760
76032
40708
59442
24985
58266
47761
12581
35355
24527
96141
21479
53126
16390
69662
4698
17669
24831
90024
27705
95680
34185
73577
12920
20620
69796
87693
54415
99008
92152
61803
84542
43603
82641
97582
64072
72046
47707
20029
25657
54786
18314
44788
24874
23628
94614
37486
71556
4807
24456
31381
60197
33243
50892
62239
84853
54485
69375
8597
98160
57589
29312
69159
18555
43460
36677
2700
64404
46217
6189
60880
58225
74887
15766
45529
66512
91862
52142
82135
71507
64052
60467
15876
91576
95527
64173
94685
34876
59173
52089
16980
47604
28690
56195
20765
59000
25996
60345
46978
54848
53078
85211
52674
70482
41172
71313
17716
31954
1855
69599
21552
44191
91398
36417
9736
50629
99996
23018
43730
58925
85452
4211
53609
40048
48460
79688
99677
83045
8804
12555
28924
31402
3956
992
14699
69954
55369
82251
47971
16855
61879
94903
30449
45096
97525
63938
25695
14034
62113
3542
72930
99814
32055
78376
15906
71957
40255
89984
60010
77828
87050
75383
25321
27298
89702
31211
36936
28043
53727
29197
64388
84043
61976
18618
35853
23296
66351
24483
28546
37617
31808
19784
61456
67433
28650
72990
74247
44036
11050
63320
18985
39631
1079
90317
90721
24577
94081
17180
72702
41763
66997
7723
30593
58533
7753
93856
99700
13355
33460
89713
66443
89073
64796
57691
9522
52074
51661
97184
94548
15519
33089
56082
43424
1222
4279
44126
79923
59309
44844
8133
75467
79770
82923
11024
64247
84002
68045
18971
34732
2862
88850
43633
11672
27884
65556
98472
90718
46506
26626
22210
33381
42259
14105
9843
95651
64626
51910
37620
79465
59422
85225
5751
84345
70046
29814
45801
3112
21766
75320
12933
33929
38488
39900
69110
57660
76809
69931
25573
61952
25473
9379
38841
91647
47122
33203
66002
44122
50304
2077
346
79409
92761
46410
29419
95713
64949
83412
32884
12522
4849
45302
33338
51658
57133
84625
80401
29721
76676
62484
40753
20044
31165
56245
56334
12880
43037
87745
16934
3305
66605
6617
59941
30787
84309
30437
47753
39262
18744
7585
15385
841
20410
42192
28823
64809
26321
71153
74047
58649
83117
17449
56385
49207
66905
55985
73979
6213
22802
96599
9963
13987
29189
54357
49657
79436
63702
36320
42650
66940
69007
50153
78933
30722
37046
48020
13468
74518
78308
2696
42897
18744
81534
9967
1677
96498
36348
76898
23943
54631
63839
21984
34771
7727
57307
45538
14918
10085
57066
87156
51547
95022
9198
8854
51684
76972
46954
79504
85686
76566
1418
77637
48668
12293
92655
55512
63334
29360
94650
26279
17807
58924
27614
96636
5028
94302
72580
97948
10356
29666
56517
19750
57592
94789
68433
23508
75430
32521
54099
28021
14040
3699
90234
72073
66330
79527
95054
13458
85068
40350
93652
25322
70842
44364
67524
43237
63080
22812
86234
75830
60506
51569
8742
72943
39370
44407
93192
31932
30515
11413
80842
48323
91262
30709
98919
29700
14192
97817
84135
24359
40822
41128
38636
11075
84190
47957
23324
59634
69131
96174
3055
78877
41555
7375
80040
82449
86368
71290
453
12224
59947
21222
1117
18262
87446
67466
73283
93216
27847
77368
94228
44681
72225
63369
38182
60077
73043
97742
5287
20632
51004
99972
81704
99574
62152
36323
78585
20471
54224
84605
85494
77171
94235
2669
63463
23347
84122
85234
43802
70720
48020
32018
70276
58923
63706
80810
81067
49871
67651
78653
93332
89897
26674
80668
93980
42967
28464
86173
77650
56352
47889
87381
31924
4061
99379
10990
2873
99536
26991
53278
58827
32279
69955
79696
90290
71904
33401
13003
6002
81047
98743
25340
28010
834
13202
23503
34407
96826
23917
28362
41429
50094
2701
14661
22922
83530
96948
47964
95198
48461
31709
48999
19424
85723
59262
79381
37318
6490
39710
83062
95161
89959
62149
93600
36582
52078
2831
65571
54718
15004
82032
91078
47968
14385
90139
60924
48364
74811
54113
37758
7678
86338
63100
91506
64797
8317
27877
67228
11794
7558
4809
99937
50745
95344
35317
83824
92531
18745
81900
68047
4596
20261
86872
53740
91272
34520
21143
7868
68150
56277
99653
49898
83030
88917
72056
71023
16317
94726
21201
17924
25599
67102
25994
89281
40937
56841
36771
72681
89441
81911
90860
67999
39561
52652
63795
51023
75282
98675
49725
19239
45579
25048
77463
75951
46323
88841
87585
86730
26028
94083
49016
8032
86101
95380
97755
48343
89328
89973
27782
97431
56302
39969
74741
24923
9467
91012
78777
13129
39569
59825
3888
59419
26277
77546
81015
68511
78639
69669
20791
91924
61158
1615
8461
51254
10499
32427
70257
32592
44465
46529
44317
28319
15484
82037
2452
84845
65173
12283
35115
42897
64523
46580
14727
78699
980
84781
70154
63625
95893
36541
68569
73406
70694
37884
17427
37606
63149
28427
58329
625
44493
87562
81562
30302
15411
4848
90544
64398
24685
70260
20464
63484
38945
70960
13291
84315
86621
74099
41702
49944
8390
4874
9853
29268
13195
7114
90706
93636
85556
91477
71936
11229
64076
48917
2648
43794
32272
80544
93492
26134
80348
83098
79209
42388
3985
40569
98061
98722
65321
18806
51886
63054
77436
59774
23071
12146
44509
41143
23724
20339
70593
58437
63025
3304
4700
25161
64294
41105
799
68192
4952
90983
7960
17356
3013
2407
59503
40939
80473
41713
55673
34467
94585
35239
87179
43685
64169
88425
82046
34346
67565
69556
49985
