99171
27919
2667
46218
65641
82816
41137
60032
20083
53472
27420
88712
16531
49755
98831
32323
15415
23840
99611
84902
23977
8362
14511
18952
64838
56640
60514
26794
51765
53365
41792
86253
61702
42634
86242
71067
60502
52644
99829
20784
96567
65666
57651
29739
16457
68221
72556
40762
10449
50808
46392
48203
36682
98601
60356
81371
41429
71971
91773
26688
68709
99461
31688
90325
48882
25654
13016
97580
94581
55021
22502
81705
30107
67050
24216
65973
20635
84773
39178
18126
41782
74480
41133
4131
39373
75705
79340
46312
93882
656
96355
95293
3551
84001
24123
2593
87325
71789
90842
1054
3894
10849
93688
23697
18703
96325
18126
13146
78273
51405
18409
16882
16871
83119
61612
17588
18250
38377
7383
29597
78523
74300
44259
94180
40259
56760
64256
50229
97166
21948
50924
95337
90195
80178
91851
81276
18158
51120
74397
83402
12954
47425
46920
23981
98323
9217
22892
83588
59919
88902
19339
73990
79476
61479
59130
93213
85410
58327
27
1255
63111
16109
81145
66855
64907
54692
52174
43514
29430
62662
2080
16159
21715
74336
87985
78578
19541
21177
21622
96252
97948
75392
29301
46953
97356
66098
11798
82860
44220
30039
2101
14600
23471
58131
19894
231
67693
84050
85638
27127
63633
9355
21398
59772
66192
34106
73157
20253
6292
17190
10145
83585
16706
88556
47755
77027
45828
16626
68542
66545
50151
57325
67091
23659
65670
61952
87667
52446
94419
7972
7268
28660
63504
66212
98149
23728
36109
92681
53130
70566
46531
6081
70272
66502
7468
70157
94431
55453
93663
90092
1844
89217
23356
73376
87666
5523
37454
64987
55296
61015
80209
48077
19217
2288
1876
89970
83042
79208
99872
4935
15007
456
5376
92533
52501
84507
36262
26633
22817
70629
52788
3055
12774
3209
41281
36121
54622
86590
31243
97500
6630
13759
65797
55189
56303
98233
68768
83345
55133
59984
88144
98633
454
48812
4167
20205
5054
82890
89000
61870
48187
59546
48574
33988
92293
21570
55886
81905
70124
66713
95216
90705
99564
10419
2596
60609
51252
85636
27307
62851
8309
71621
53012
98820
6733
4819
38603
13888
4663
34165
99601
48210
40932
5314
72658
99443
53286
26071
70131
95690
41012
41520
34372
67766
28931
55453
38298
89235
59858
89319
78567
45906
52415
45568
64724
68255
13611
22865
21543
69364
23913
98537
52801
23010
16181
80518
26392
57686
63725
54273
12240
28153
54750
39012
93700
49032
70968
53011
63597
54709
55581
11281
25420
76519
34937
43764
98016
26290
71481
43391
72212
10535
13329
80871
89071
68046
20376
76099
4924
39871
85339
54381
60993
34054
31873
20752
6289
94177
39058
37061
90334
99606
68725
95636
27027
3734
91672
89325
70014
9101
23732
64880
81671
77563
56590
92536
99557
35688
26559
12263
94356
84200
71413
17587
49591
12376
46973
74367
84594
75698
59779
35148
8243
936
50661
82832
33890
37303
16904
97920
44168
6518
3493
6290
78553
88025
57647
65711
11211
2910
15807
61763
31310
50583
81585
64631
98613
95304
49839
79053
839
83423
53399
65225
78035
21535
20030
65215
87839
61521
17406
33070
16689
67247
85666
54475
82212
25729
70304
3111
85114
46379
7534
99871
69577
7798
16266
96555
69656
55784
66502
83683
57962
73380
80781
26652
72071
35898
89675
2817
56574
26808
30554
69546
68071
69186
99
67886
1117
54722
92420
20042
81476
46585
2162
98736
74823
36398
41293
70764
55562
75554
4301
47051
53599
81946
41953
22703
51228
7412
69734
92737
90560
6300
34917
68042
39897
72850
76010
59740
63848
87469
71896
66077
55624
58158
55647
15484
358
44869
46162
92072
52983
84738
3576
68766
79388
24030
19074
98004
60169
34767
27737
22837
16692
6551
96224
75635
24550
85196
36043
36704
13475
34039
5537
36916
72600
2179
31456
12949
58488
69046
77684
87142
48826
42752
3721
5786
64438
39028
67707
96586
29345
38143
44185
15215
17998
77565
48890
83463
95288
37629
27469
52815
38031
53890
53676
95151
34732
22915
26174
61714
64083
31596
47210
23234
89163
37494
65740
24326
70086
87777
56681
49936
88520
45592
32068
27214
12364
4284
92193
82669
41833
27616
58098
89995
4413
79234
41298
8891
88947
13299
98277
57370
64871
87039
42745
44939
24619
529
2205
40405
75868
35504
50126
63964
42989
39101
89010
89118
66964
38428
38220
31117
88356
83368
69711
1366
77929
69343
90089
12771
60933
40702
79499
10584
62890
64338
80886
38118
70685
51288
88219
39011
47499
11498
68657
81165
33407
1240
71835
93451
80502
70000
37151
92616
36691
14978
20166
38701
74762
20263
14452
43634
18433
99085
85486
22887
34447
61406
55021
51930
65713
87280
7242
21574
66301
39992
89209
92808
66171
18192
16042
70841
84676
33052
1405
69034
15759
37397
94654
51955
46682
23702
643
42275
72169
3832
23391
57349
60589
11617
80187
77651
86552
23010
35562
84961
57868
91927
94258
86514
98767
80068
30144
69857
37916
59102
85247
6487
1860
67437
48665
22814
3583
21810
9735
57929
40201
74332
71743
37131
12365
49057
26752
73744
53220
57166
39853
652
22720
30003
46210
616
4832
38872
62569
70778
85347
2190
64280
89790
133
30954
3899
50605
85984
4805
35270
82455
89930
60829
76417
9741
32176
87030
440
93473
59436
8800
20747
525
89338
59566
49029
81089
61109
78778
24787
46677
44538
19186
3384
21204
65809
52456
96663
27149
34976
16897
6255
93644
20154
53047
18621
7298
32254
41235
78317
27175
25959
71438
3329
93554
35191
22560
17048
2430
47361
56383
51901
35938
44624
20445
37556
52685
76660
54047
45527
69932
57476
9731
92504
55757
2282
87542
52390
15033
79015
5378
14851
60383
34432
95875
82296
61116
16406
80887
34702
12160
69448
78446
94913
44519
73303
58976
85599
39279
53789
91082
364
10703
65941
62392
74420
10155
86022
42982
63536
78094
53510
51245
32646
54823
24380
23486
43473
96236
89730
80880
24124
57947
65608
29358
2824
61402
21478
3663
93636
10035
55945
29304
59291
33928
81533
59936
59277
78890
1281
292
39633
7928
90495
74718
60591
37402
73370
70913
54671
19005
3739
59353
47996
20027
11039
16086
8692
30777
13618
69119
81350
24823
96189
62284
38362
27178
91010
36650
21902
42254
36277
95387
94596
60112
20452
42963
59828
95647
12173
95857
2347
72968
18466
21151
72814
76103
21444
24159
44610
84956
51690
98594
17759
83613
76276
11588
81039
44004
70862
63227
67532
75743
33632
93446
46100
98379
43982
67367
48846
36953
96711
81718
18349
88424
57136
34652
4669
19164
91432
65621
23498
21186
97865
54508
12382
43861
5094
76486
811
40196
56706
75788
4217
47394
6821
7244
96282
63682
41428
40974
88261
93697
77484
64390
59176
76631
76482
7159
82814
15719
34300
33651
36980
43749
25187
43450
9481
5249
82673
76261
8589
69254
15821
37183
93019
4962
23570
8690
91003
57332
88504
85880
60734
53434
48967
79011
17778
75302
29191
91644
24186
63699
17708
39832
86607
30561
50953
19103
44511
73092
38589
28731
15408
77255
39452
11484
19461
69120
91407
75509
81342
74603
29826
27112
85856
71942
61535
28387
55735
48347
90119
22382
20047
60991
15661
63538
3573
43509
48283
83510
56685
79063
58704
30484
43376
61385
12096
29462
89350
31911
10295
60851
2505
31422
43166
32948
27195
56213
14066
9378
39603
91826
34776
97664
3429
47181
43807
9992
45817
12260
2677
54038
12203
49148
23463
61350
75902
2074
21756
48563
76678
4666
44639
81943
78984
20757
18875
90765
3494
43665
58636
15661
74466
5993
15412
23973
28039
49628
78547
14923
8824
81629
6242
85331
87338
70223
93451
24040
26717
87088
13167
6054
62330
67021
7856
76183
47313
23884
46820
96174
69210
77906
63003
99791
3906
56657
46382
11687
53752
60399
68467
71656
763
73097
4377
16146
16229
73754
92068
42174
12941
65938
54887
48532
39743
22938
94850
64803
52523
34686
41282
88024
98873
60969
31857
23769
95582
72588
16447
44555
64999
21974
95625
40931
38033
70481
82340
68251
43890
34100
2467
98696
84091
45609
44982
50018
17234
78322
89734
74823
53130
8763
95194
52680
52372
83359
82802
70932
60012
13949
80134
24981
24081
33978
23058
63057
3129
37814
57809
30279
45955
2108
50590
95580
39719
39610
63125
63643
22693
95913
38963
82876
62165
84164
8966
68264
2607
5047
99847
77892
60689
76379
50002
95212
58074
50159
78509
86368
50224
56606
3029
27198
44915
14388
48252
7537
34543
63576
54697
29160
25165
95412
30698
36062
10127
85823
29379
24277
25069
97258
14244
901
55911
20899
97864
69550
55879
31492
46412
29634
15439
39147
76457
18588
40743
80532
73181
18339
16653
97158
52029
23883
99573
95613
96168
91396
81795
77834
77946
80441
19080
6953
68624
10731
66955
70910
70674
25968
30015
12407
23427
66343
13339
44345
55523
51362
56014
62515
82016
86033
24367
90207
70772
1394
94754
22772
21148
99043
3539
54627
73180
87276
61415
40605
9254
55922
1798
64703
32815
30018
7927
55331
5359
44411
25038
62816
17739
98020
54026
97036
39273
27582
37503
72660
45469
47769
56348
72278
2287
21083
5193
91860
87882
80583
91465
77623
13457
36530
65612
5535
32903
34604
21475
49391
66529
87264
55630
14939
90480
17056
21215
79588
30884
31957
18883
18978
38222
25976
27361
6129
33728
26456
53361
9872
87031
88466
62415
20473
24377
26252
82393
29507
59259
69137
54765
82829
15875
85949
63921
95441
36726
68150
531
12808
28801
39146
92214
91027
57440
27925
29777
25567
90431
39732
7033
3846
7045
82157
56916
32576
30781
89318
43531
72261
81498
16126
42090
2258
25308
76582
38276
38443
40507
23089
96977
89085
37116
19691
57552
47170
17315
14437
15608
33849
46895
54174
66464
41945
60929
19241
69339
86697
19294
97522
92205
26644
94903
63707
30321
423
69474
43755
95700
57213
47164
44550
50537
581
96791
61039
55980
71293
12713
42727
31227
15772
71385
23596
46481
15998
13423
77804
62735
34198
63696
56174
93996
85387
69578
45332
55839
79195
45396
88513
13188
90567
32080
92732
13245
22057
66569
66218
7802
53745
53944
40531
22287
86401
47683
10465
95600
77900
83305
38568
18856
1683
82620
15985
72668
90152
47318
38829
98170
41964
1392
10221
2185
57808
51983
16931
20471
2048
11754
56186
51106
5125
25241
73616
97010
2715
67602
74142
77968
93608
14593
58872
9271
61188
70608
91523
12659
93895
11388
75295
75601
20172
9013
3824
73848
70336
93967
1182
26149
69122
78800
93429
55946
77937
27449
96832
34098
64986
69733
60035
10908
94872
4051
30358
59991
52489
30791
52247
48947
88717
21348
69093
20350
8051
75635
50192
51551
52424
29659
84787
41594
26119
4928
6549
59507
13806
76693
20615
37312
94924
34939
21746
28481
8478
95018
3593
9004
88232
34871
26971
58877
6945
22872
6712
25704
92147
49843
77222
98877
94508
22898
64551
63463
66789
68266
72092
80248
12833
70415
422
31316
5773
3473
65377
65420
39851
3740
80875
49384
1887
95846
44340
71780
22888
32203
26689
60768
10550
75544
66709
39678
80795
19145
55284
56175
30212
58522
28465
22134
60711
23537
25824
4102
5837
32692
70353
46537
27376
39195
11447
84464
38184
1620
93748
15600
29566
55554
71333
47035
50185
15684
41008
30683
7656
75722
57236
49598
45798
76111
28685
73264
94186
14229
92761
26232
65288
78946
66336
26023
83693
35704
7130
52504
24046
53338
65146
67725
63606
33876
93654
86279
53671
5307
19210
63088
78718
40846
98064
65300
42274
76871
83887
39798
28362
42749
91934
61911
23976
25009
58744
58130
25144
7063
1266
90586
21124
65797
59431
84138
92022
12215
68017
55332
47284
54238
28714
99625
49225
59369
59186
15558
4094
80092
83025
52628
27380
62351
11893
44646
65215
540
30049
90671
9281
71935
8688
97435
88059
22313
605
17594
23368
27086
93786
70227
63803
80997
90526
17029
60806
19827
12139
25709
62334
80030
57333
42450
90906
95612
4618
50846
97666
47373
89521
49482
27524
119
7777
74263
30400
2744
39655
16036
33053
95994
59716
91931
93605
76369
45365
78829
54907
19586
54012
99664
27394
92740
30650
5405
30481
77264
91911
95563
59077
17023
56379
73422
19842
81003
65779
64961
47078
40354
71948
74028
1025
52556
18132
67067
59629
73397
24792
69701
59272
56306
63587
73043
27814
19420
65222
41839
74637
33812
10386
30139
79898
57215
75790
75617
29837
15105
86190
47137
393
27152
98589
61031
73987
82482
68217
92266
27848
77212
77805
19912
58077
8543
55687
82343
93207
38385
71969
26803
33367
94854
80563
50687
14726
62364
18808
59218
74648
45103
35670
93366
82067
39668
31616
67271
73738
54693
90926
71062
63655
66987
96030
50462
25019
38408
80382
22841
3542
14771
45060
3593
68489
40578
82404
75705
35871
71401
17265
97002
35048
73525
94747
30798
36587
93386
84949
20406
88583
28765
39460
57471
56835
2197
54066
70965
46385
54538
86612
21945
20109
28950
8409
30081
75000
46129
23217
41276
91849
27658
80564
38872
87787
53653
2085
80045
26581
79217
13609
59112
12979
96701
21985
50538
70137
63293
232
85267
20424
55767
39375
52332
69146
85800
61802
77942
6002
61414
25453
88266
13116
86747
27503
21012
74057
67293
66935
17002
43333
40569
67411
82492
20139
8255
27255
59
11504
34547
10772
18490
23897
26222
31830
13161
54580
6658
83525
78613
5722
56360
77734
99971
30556
68925
62431
46579
83071
6777
39892
91492
880
41790
64991
97875
95870
3664
49627
88426
69105
52421
67903
4741
27711
79866
99973
77903
82126
2410
64606
15176
61953
3960
73982
65613
91560
9526
57201
41816
53966
87706
50904
29662
31382
27618
20723
75516
26182
94891
49013
91304
95029
4281
90245
26381
17366
27508
15739
63270
16571
87415
66626
81396
8636
73338
55091
73689
12733
13502
26432
19087
26469
26440
6075
4001
79223
62823
79040
80638
11870
35984
32991
64354
80831
81008
62371
80002
85325
62921
86149
54849
60827
29707
52578
93175
81458
75332
448
54921
73691
80444
34038
72475
8577
13767
29519
6341
15381
34314
56161
33581
34859
9939
70597
5921
76051
51454
5319
20017
92740
59010
59473
24989
44660
65493
88222
72511
8065
52349
14019
37236
56138
78258
94582
55119
17424
99115
22299
35560
21828
21129
68963
6345
76322
92804
10205
42258
8732
17912
48119
24853
11576
25862
61229
34562
36863
33248
13704
57579
45800
52858
1869
52492
58007
28736
28759
10085
95388
4740
98873
3362
78610
93374
20235
53343
59024
98590
86369
19906
22312
87374
69881
98825
92855
59153
50951
71250
7266
35725
55142
3416
98563
48797
97870
34024
93808
29309
13118
71701
87936
4283
49499
77250
68446
95181
40138
80107
84333
49031
55745
90870
86365
8535
28516
69538
31738
41481
95997
62311
7680
68785
98242
51136
24216
59369
67589
7750
51070
33609
47143
82684
967
49285
97867
12819
85250
79843
59682
44505
34091
48102
42144
43165
24430
38693
88065
47698
73394
37491
41492
45905
38896
32365
76408
31400
48037
31386
47859
76138
49284
86711
6156
27614
77361
31951
30809
90814
19788
64064
1617
19618
54234
84575
91084
85678
29608
55595
879
91162
42636
89989
42915
51427
87600
60808
5474
64958
89947
38247
7465
39515
94959
55821
52930
31558
24565
33031
12107
92604
95656
55910
41124
6231
32307
60473
98434
63089
5857
3056
55429
64056
67640
10853
30064
64309
63619
76014
75615
27331
10895
7522
99127
43361
72004
78822
2900
10044
24946
58214
74803
65380
71210
11890
60721
27446
97171
36633
59527
20416
47026
66426
21444
33229
49280
36352
40946
78747
81977
37806
19540
36624
98745
93433
83534
21655
35741
25227
34837
37401
96319
60016
88733
22209
84694
88356
66126
24687
42365
38368
93334
70616
58104
42360
13891
38084
78794
41566
33103
86714
84644
11448
22029
22595
49766
97887
5524
11969
37315
63805
4604
7666
57945
57957
4424
39076
78205
99557
73140
50399
89335
92232
43431
78790
51204
64793
80783
92587
40627
6303
7887
8691
94482
62206
10454
21558
56738
45554
49672
74113
15349
41496
72783
77589
77186
4248
99291
36832
88356
46945
16699
7046
65568
29962
82162
54593
62280
46444
40202
37359
7589
78247
1315
53556
77399
89708
25560
97201
31205
32745
93203
34375
79473
33715
95446
45332
90810
36924
72916
41492
69966
94405
44846
15184
44987
32925
50851
59838
98774
19807
95963
32794
42478
22
22542
2785
25806
4627
91570
86800
82690
73908
33975
11767
86081
66292
3927
11484
35854
34306
251
85853
68163
66474
61181
42873
70195
10930
71245
77301
96391
26596
90330
48145
24073
70226
85857
23310
43556
62784
8950
41042
6578
61847
54388
42626
67005
51517
38893
47119
86970
8939
2181
61720
62486
3785
60521
17846
32108
32203
29149
4522
91646
46201
41062
87942
7294
3841
92683
95023
53231
12266
51321
78628
8019
98837
12541
59819
40300
35646
91489
77247
47656
2811
5462
2099
7620
83630
52122
96268
64172
11438
26166
21633
86602
10485
70375
8235
29122
54883
8492
48159
20225
75323
22737
50455
92759
71848
29164
47865
13467
40780
5067
37919
54992
65141
91291
23889
52947
58992
3202
69942
87770
21831
19624
40235
83657
79618
74315
3971
9385
57021
56159
14801
47407
66874
75716
63662
80764
14145
88824
46192
25417
16672
67004
71340
39395
26349
86967
64647
2799
9874
8954
96691
9180
92791
93480
43087
57916
38892
69717
93551
96927
78379
31268
11290
91952
35563
50005
51907
33329
96030
74068
60916
11360
13760
61056
21893
80401
43032
59982
2951
19825
17931
35108
24149
58111
10493
79302
79200
91531
93010
3267
8191
72669
45454
13113
44837
16875
40671
232
67287
24423
53169
26345
20891
75635
61376
52645
59957
27603
9319
37427
5185
82733
84298
12389
5138
56717
82457
65960
77910
55851
14936
27001
32442
97879
3430
62449
85987
16926
96240
24456
98599
71860
45527
20869
56870
63387
32602
34689
26535
72837
93083
46473
36644
18533
917
51439
13881
22461
108
71376
41327
3312
21762
92179
97353
35554
57525
90505
63469
92028
88502
22496
5303
74114
76617
30236
43657
39149
10725
90495
59354
84300
34091
36145
66471
14472
37001
96373
4406
51772
11347
55907
39784
71033
95833
28568
46351
30290
76287
16796
42933
28542
67448
18709
94141
79257
18577
42146
60749
66038
27024
50221
61565
96861
19981
50293
60691
50279
87581
77728
46548
93962
37595
53907
99678
8008
2624
48086
77484
93397
8374
21490
65341
42358
69816
26125
76265
91285
91525
96130
57033
97211
40576
68783
65729
83361
29306
31642
87359
52762
63245
28299
14783
82789
54321
63821
5393
36819
74963
70651
32187
31593
35731
4576
79153
86810
22751
21863
68906
46510
27774
11257
4644
4509
69874
96240
29394
32322
33171
86356
23603
29749
21099
18117
99123
94652
14873
40695
39164
336
45430
82104
98986
22463
16888
60815
95444
98644
15964
47936
49770
87694
52725
6365
26356
49700
68807
88937
74731
56011
91602
32736
3870
78084
43584
70506
14535
93343
79100
33007
88902
32460
62614
45602
76825
45360
96995
33657
70384
85612
94857
5300
52658
8754
52401
23313
88464
40608
61124
37506
2275
20522
72111
68825
22600
99560
94430
54455
14094
21223
62955
26850
26969
25404
54693
24912
32958
80281
6715
68612
55546
79557
95131
80985
40713
44920
5098
90214
67654
57852
70426
50626
54681
49602
48945
29447
71164
87528
9224
89341
53790
3581
18718
46260
19901
37724
6083
94097
72527
94971
98715
64072
35049
93319
74085
80611
84521
92577
54390
84226
19748
34973
56294
153
95923
7377
14458
83335
99682
22594
68694
85169
83090
18298
58652
83592
84051
23473
83002
3464
13559
46552
53758
48955
55741
3287
6401
65246
16169
72361
78535
9842
56177
6443
91492
48500
72266
34353
22419
52399
8472
68958
99716
27613
33363
17655
98892
91511
69386
3512
7280
81789
49429
57978
33310
66830
90813
51480
48322
34236
48246
71152
81472
81767
88775
90289
10641
62246
93646
15965
44481
13948
25667
94403
28090
24325
84376
37946
53001
36614
52281
6985
88127
81466
21907
44199
41583
38302
78594
49846
30918
90813
15797
56785
24797
1448
51334
49737
82315
96086
96882
56805
38713
33735
85167
12133
88020
94790
88016
77591
54319
87802
99217
75244
14059
31897
95022
68360
42454
50169
56548
73687
66556
87363
81249
70470
4099
80332
46844
57189
26535
58150
2872
36870
27403
10393
72498
88406
75019
74283
29140
34138
72053
55586
22750
9021
7130
47857
29444
67791
13055
7262
74083
78483
38436
47037
13036
89645
22177
23400
97657
85269
29388
81017
42113
18662
611
79090
5237
14380
1477
1746
96994
6367
9564
2490
39292
1657
82771
92436
61429
59308
81563
49678
89416
57175
1086
81679
38289
58856
53631
49595
39601
449
55924
75414
62839
44711
89509
7727
38808
4010
29609
60157
89520
67639
12344
21717
64003
29361
64864
46317
51211
26444
99125
63278
10406
44186
28067
23597
37265
96986
43053
92773
23131
33586
73772
88231
13833
10872
75849
64035
42313
83604
19556
59493
51382
30379
60804
65380
80794
1752
54331
49701
53471
34390
94925
95499
72209
94673
48877
90723
49095
5544
76571
35585
52585
14569
3359
90884
84001
38815
11917
92969
48251
21210
19301
54662
40623
8067
75229
78676
57359
22350
77591
59486
50377
77854
62675
26747
46970
23400
24199
45601
68060
59179
82594
12224
90706
13196
27543
46404
59088
71743
31128
41828
8355
69955
23885
82927
44007
11335
47481
97957
23899
62838
75703
89476
70457
85504
44509
67775
72807
34160
98357
59413
35842
39710
20165
90492
47572
26640
34428
44947
47944
66029
46812
62630
26344
71592
61389
13543
71614
23474
94865
5449
21248
91928
70510
83845
28795
18226
10641
21176
80959
78054
1401
63859
73672
54134
72805
70022
94210
46153
99602
29553
92633
74859
42834
78520
97995
55382
99699
15391
14233
40337
7467
81092
95676
44127
56776
60715
73757
62925
35630
93314
6867
55926
458
14573
21254
74814
39865
42283
78089
52855
42939
35403
83979
53104
78749
98015
94427
18237
9113
92152
40989
67499
89291
20501
10747
46692
60169
54819
59776
81946
99028
58352
17717
59097
30227
27350
48186
95167
3766
85161
97151
59869
86545
56767
57291
27306
66312
44823
20993
31269
62745
2755
22917
21790
54189
45777
69999
93918
94942
70998
83558
88404
52856
92396
97162
62050
35635
7503
28874
97828
50705
41875
93713
68713
77316
76660
44629
40657
46445
30613
55044
17787
52294
36332
64138
56524
39544
57000
34418
42655
62278
17731
68437
46184
12266
87797
58525
35162
93998
19434
95265
3790
87334
68575
92312
48205
74440
35910
46907
2835
27869
60931
13218
88727
15039
48193
89272
56631
44497
51456
19506
22878
52389
50356
38788
66642
39036
24649
84351
33581
7728
6108
50763
8708
89427
73312
49706
77041
92184
94391
41597
65317
5015
79560
21944
64982
24269
98354
26934
25044
45191
90912
17175
64934
83142
4207
45480
83876
74841
87245
91643
32208
23715
71193
2318
72144
18136
7232
69686
72193
87741
35664
69126
48495
82023
28176
83324
65014
39632
91129
69612
52243
57464
67929
92621
96417
98082
44187
30665
37341
17073
50759
62789
71917
32881
34426
33660
58998
736
13836
55636
84207
61819
91746
74633
15175
53777
62970
66355
81271
43160
50160
70424
99623
5533
13627
76618
88638
82321
72917
42423
47957
28381
78379
52214
78511
21430
37885
47739
67422
2570
50760
96441
62216
48511
58321
72688
61956
36946
77364
62927
17462
34601
58555
27112
58187
12303
31827
13312
23701
81203
67412
2212
8589
12594
63245
91545
1386
27239
76691
12845
32852
11505
53696
86870
67871
5626
41321
79281
80933
81207
91197
1225
33308
77340
30309
55043
61000
17350
13154
89246
77143
28932
23560
9005
55690
8850
21412
4629
71308
37661
9168
19576
1062
92745
37861
52908
16130
56415
43431
63073
26926
40288
84964
96846
98044
46487
44176
29735
29475
41838
11597
83899
20697
79340
52342
8230
67595
47678
8934
14343
75217
73021
63833
53182
61172
32943
73339
70612
37920
49018
43825
45216
72988
75533
67961
83654
27931
66761
25580
52656
90774
88676
1481
57564
27147
31865
1161
73778
1175
15087
3879
46197
52858
52695
3192
30193
48168
60337
35688
36483
94728
39481
68110
71546
13026
57178
98524
97022
65845
92159
2994
56019
4814
5661
82618
81263
83025
99064
59033
18360
23204
7522
88434
1942
44768
84179
85459
22034
31935
63950
46053
6473
54646
15788
46529
33609
45852
47248
77517
3364
49081
62292
2361
17701
73159
3551
79840
25961
61398
27812
52656
27988
76602
13512
59774
70029
81509
79646
76724
75780
16031
73250
84487
14182
17081
30603
2905
83349
98058
22448
35404
24963
78146
67018
63371
54109
29833
55527
95072
82635
93987
31785
65988
80220
85072
53174
95247
66573
44841
35433
61327
64467
12261
88075
87904
66433
48342
69129
69331
4249
26362
52291
4247
27845
80787
22490
46096
91239
96236
33975
764
76086
89863
98581
39053
72878
65591
47974
97323
10846
34872
70755
69389
62524
90191
62845
85241
91648
33005
3294
49476
14781
81096
3192
82092
17673
73970
18234
90021
76283
34119
20436
51905
42
17620
42754
54863
82851
36037
92158
29712
19930
85833
95179
5426
36510
94475
58363
11594
17812
46611
35732
19044
46810
99241
60448
64202
42208
22516
19970
77918
71051
47254
35698
16381
72302
37758
91501
89039
3187
60512
94358
61215
86841
64516
67225
12051
88972
97203
14287
87800
74135
87866
40447
81789
25084
32837
70624
21733
5573
23372
88443
18543
18578
78097
33637
79385
5169
12103
74526
80379
45156
99199
12583
57472
91363
4567
87239
66286
82010
19910
6628
46245
37080
1227
8288
57028
13356
39362
26260
53954
87630
90097
69979
68943
51055
33340
21107
69885
19558
89504
45792
33861
60762
43406
66086
85704
44421
77008
16179
89301
9674
89443
11897
4363
76392
94302
24525
75656
4454
23966
76254
3539
99043
78768
51103
11152
41256
85151
9921
42437
44216
9175
9531
69861
96112
27398
91527
18580
75422
44374
14129
85109
66545
24464
36907
74215
70445
88331
1318
64774
78458
85760
20372
24931
4702
6520
39650
57486
47605
32763
6605
95166
39867
96570
11202
44786
67525
63220
80740
78268
98576
77507
27070
74573
8223
40115
16679
60295
7269
87675
9537
6160
62130
43857
97673
84681
81038
25599
5568
55812
7216
14938
13271
46339
76816
45028
53113
23492
38313
65654
18895
55642
96838
10637
57732
84356
55692
6290
2885
55815
73673
44291
63664
34130
32333
1904
69841
81211
27893
75005
41312
54438
83588
67492
49643
53299
73957
98195
79171
94222
86407
49840
84710
73487
28744
34139
41453
82069
32782
32610
91366
7390
60381
79861
26561
54303
18859
48961
16720
6027
83912
41163
26139
66459
18738
79585
97199
30581
97304
7698
60330
51976
53094
28473
60992
26254
80488
33039
78510
50543
63895
58626
10536
54597
31921
85885
97121
81957
82055
65561
81676
334
30802
51608
47306
87647
88186
69978
55402
18548
73829
36341
93211
28712
34889
17252
73190
65352
71048
68890
29592
41636
67679
56170
34633
21328
24507
3084
33234
30543
53109
57587
56096
88658
18261
36391
82954
43099
43561
71976
21678
92799
88204
57479
10861
19023
65618
5703
64939
75406
75113
38937
14812
14809
31507
40223
75868
67169
20727
96459
26498
18434
96065
4851
72045
14678
21048
35029
23569
71783
51327
5554
47373
2759
60178
84344
92142
57468
24143
59713
17999
83648
49387
97131
23353
90749
56651
99680
97753
82938
92299
68758
93211
78612
97932
44777
39316
76069
56616
15569
7028
62435
92460
69156
84942
12890
15109
62452
31367
9771
98350
12442
55943
51115
64520
20580
14142
28229
5512
44590
37158
50088
75982
78454
33289
17456
53413
64941
8824
91142
50882
82893
77100
84262
37865
80006
67566
13646
50791
85443
75344
47103
80566
22711
18976
96527
83589
60842
18128
79590
98572
97768
29612
94161
57237
25623
30539
80884
53237
46392
86944
70851
7474
49866
89690
19899
57464
36424
77753
64636
51919
69272
89009
28240
11189
89658
1538
34984
86298
95179
75178
14879
64848
25588
715
97979
13178
93594
93267
3687
98398
63462
35050
97867
46033
6306
15278
52056
56149
58984
96027
61152
74414
72021
15767
516
55446
77128
2572
19255
19933
27130
50793
64510
42208
36658
28143
41806
42056
9089
37084
27076
35789
93797
86917
59799
97823
77268
21069
75812
18073
9433
18430
58705
56005
94150
93729
60998
20306
99759
83226
39055
75193
83227
55993
96620
25608
14374
63122
9556
57560
49933
11605
82084
36754
10277
85362
14487
42988
23449
53103
54483
29032
5718
2496
86344
64470
3984
2370
58194
61961
31428
8827
89802
93602
81931
27217
89056
87053
44921
27434
1994
72686
39682
65843
13391
83799
5373
96532
13404
70464
6339
6152
85657
76913
14025
52426
58023
79948
25802
13559
3889
5462
26256
99136
66609
3926
11997
42295
40753
93596
54136
35211
56907
4996
45336
17035
64646
96588
79806
42982
86931
9408
59606
50210
69476
1337
67012
85865
32620
50560
45484
17305
46261
35693
37333
92026
74505
68833
47884
72723
99254
77863
21409
97516
78291
6391
66276
28875
73208
96920
25045
61792
6467
90107
30389
80078
50244
58789
7601
67892
29104
25071
55787
89566
48824
777
86555
56741
22907
82650
75229
65624
37669
77259
52174
47385
82527
68121
88944
74421
86591
43334
72484
75138
80167
73553
11608
80860
67421
21218
356
3982
3945
98090
47506
44368
84078
33566
72890
1834
63523
78043
21128
72120
98239
64321
30220
22569
63806
83606
26373
19043
72486
79677
77943
32111
42828
7847
75109
97785
63492
39883
1181
56673
893
26356
39563
1143
47531
21004
22392
91812
90300
55037
64015
20650
35187
10061
86540
70985
12819
53152
80225
10374
18854
16573
38769
86439
32559
5968
89522
20991
32399
98824
63685
22744
93638
58849
32510
97171
18836
37588
98562
23290
19246
69487
15151
78376
95168
32715
30918
56917
83580
48101
97160
75909
95529
57009
92612
66482
53345
16713
61605
33351
6616
20120
61310
99589
88147
25406
16113
92104
7157
69002
63659
77705
1414
29611
3763
36275
41701
22647
45705
26405
37313
74687
41305
24894
16170
32760
91854
30454
69480
95388
17524
56892
87025
88210
544
16595
54701
18643
99037
9392
87424
5068
71032
77307
51016
58274
64840
6133
78766
56868
88540
24607
35933
89174
86145
65319
46942
83495
77389
33239
10326
12007
47791
40170
81273
45954
80596
53590
95262
45181
36842
47681
35334
75414
77656
4692
60137
94139
24783
34194
2279
14321
72294
80818
41626
36855
4931
38231
70383
51318
75308
21862
97654
58996
15621
57804
62464
869
19362
2638
72698
62034
22800
93380
5926
41829
92424
9772
86976
31719
72791
30296
6565
67621
66862
16903
27785
39269
87965
91822
48592
49879
61625
98522
89646
11782
52932
60385
90622
43193
41179
16039
11603
51814
42527
4614
88651
49366
66270
48955
23847
62102
89629
74783
57570
97428
37497
80645
79701
41667
4381
44613
44175
53011
85799
29907
52788
27557
51896
83536
15312
67863
82767
70925
71589
94378
66179
98659
71494
1989
7072
68933
44998
82003
59972
63434
75353
42460
59823
16713
94192
49926
51555
93283
69484
66745
36170
70041
30390
49490
99577
29162
67018
15354
19650
37140
10396
62641
6574
35478
71817
75611
34249
46941
98755
62458
75890
55467
37910
33072
34409
75145
73758
9238
16861
70371
7538
32838
76946
39971
5476
94019
31975
22096
71635
19690
50676
55947
36870
37959
69507
97789
31321
32660
98610
11595
92805
36571
42733
60213
18710
26574
51413
43601
17767
53321
26985
657
27296
57341
25750
75942
69142
60134
33527
66527
27770
74712
88002
15194
97387
72226
62411
24626
88357
27512
66094
43468
71924
71542
5732
58352
6434
25298
23531
28100
77252
17134
61041
18145
8308
62537
28367
34784
31991
31677
24146
94022
56671
84656
62386
99816
56932
20303
46783
12165
68598
70848
49719
32587
44141
99785
2567
47142
16058
86200
26590
93016
85383
14994
24725
44192
81711
49332
33920
49811
70901
64217
33832
79579
81920
55137
44319
57131
79148
12511
95187
32407
13270
81133
32936
55998
8206
27192
29998
48143
38672
90287
51771
50626
60586
79464
32179
15668
3535
44494
93093
36891
12919
68118
60459
85159
31866
57766
80669
32442
31983
74796
54285
5725
2630
38680
18439
7269
6448
29975
7979
66105
77574
63323
91839
96488
11617
4293
67611
51254
19189
18339
13461
79099
19969
71206
90358
74214
69615
83544
70680
5611
59332
41449
38877
12934
32139
89151
94423
32979
19199
90590
25319
68298
87258
95604
55110
1333
73886
3230
73717
55561
61304
16074
27097
43034
97621
32835
16873
1861
24025
72995
902
87880
94405
33006
66608
47430
11561
33491
83197
33000
51999
14065
52864
79261
64063
49805
18886
44360
76513
98932
79224
57723
4154
37750
3267
98817
30919
84144
51613
99907
24387
99437
94093
4580
34726
20226
58641
97264
91311
49761
66450
86811
76149
92549
83913
21793
86794
28874
14608
31261
10769
94399
80012
69798
21319
54874
83310
15890
15773
67214
48309
97684
75678
84453
89890
26737
9765
69413
27929
40682
45124
35791
19810
7903
85045
55421
31645
67949
82353
91970
2609
47544
4064
86464
11261
97560
56092
40375
77888
9009
56179
52997
50914
53087
29194
27647
42782
72165
9963
46013
74356
28039
92513
53423
5311
17712
97395
15945
90636
79619
36793
54010
31619
89278
18803
77855
53974
61216
99991
74356
1581
80250
8922
62293
33917
15923
13559
4097
52310
18534
37843
13321
27186
85811
51665
35578
88953
61791
89272
88212
30821
86037
75636
46156
27531
19184
33890
37373
16618
653
28310
63627
94666
64668
60295
67559
22639
72513
13910
50271
22714
76236
74353
76351
4578
32385
68554
64205
78863
64915
3904
12579
86426
41120
84520
80819
24632
86995
76301
17482
6850
28884
84926
81998
23694
64420
47694
34205
13415
24595
99004
36999
17333
40820
66822
53246
10824
81208
27408
9296
70706
20638
51434
63029
57556
37785
43585
71223
34616
28615
89479
27445
76353
395
72948
82696
75032
43709
37281
73343
77633
47116
52459
86457
2261
21098
72558
46577
85605
51033
42630
96134
34084
68056
97617
10080
39865
50906
75043
40789
34378
8618
11994
60496
49972
44307
29103
87930
58225
43318
93358
50282
87222
72223
6137
66511
20461
56870
5822
76026
46753
90437
28879
24667
11156
1690
41951
37769
64387
89721
62498
52722
70648
98766
65058
62634
5094
13605
37751
5569
30340
16017
84368
39019
47091
34148
98310
60670
42067
12847
64888
24528
93070
25989
47266
36942
38602
24610
71682
62658
93830
1973
37996
67482
40214
35198
44970
3897
26475
1175
44647
56533
83272
31397
73646
92095
36975
93228
6632
68709
32734
93436
55446
58147
6868
64696
94768
77411
31278
47705
34498
6289
935
52214
64523
53656
12096
37101
36586
59804
32617
20365
39433
88624
22424
50503
38089
68121
17776
29774
74380
33423
31083
5809
11068
36937
59593
25920
49443
89190
47796
18277
38633
62329
73937
19654
1230
37887
41286
18091
10114
2931
54365
24207
36454
27884
76119
75352
65525
21408
25878
11485
8252
33075
24999
68845
55718
9711
20348
78018
68160
90238
67941
58572
12673
90857
77283
22176
67600
96196
9863
82357
17103
22820
70306
77423
39374
58610
15783
46842
88978
3404
52878
71419
40815
77828
75909
86052
73492
26514
30899
54779
47520
38586
45044
14916
77805
90103
82009
65038
8785
26899
73172
17051
18552
72276
57541
6127
90438
9378
80661
69124
1927
33266
32137
11180
17992
79796
71543
94767
18118
15203
9640
34244
58203
45436
61524
87767
11864
36015
19827
70622
1467
35608
72406
70567
42630
13693
5914
88641
75467
56306
99808
18326
76021
83693
50042
69344
77739
5803
69706
90531
90654
90074
49577
26274
54869
807
82356
19580
35830
75156
50441
66779
24533
69138
45631
19523
39840
33316
40953
62524
89497
55152
1136
11126
14737
94999
25198
5264
666
68095
30361
98640
42000
26168
87649
87250
72864
56852
43317
2871
342
65841
74967
40946
49355
3333
95136
15383
20952
13510
40100
26147
50388
84905
43294
43806
35141
88882
70140
57211
38197
62153
94301
63362
36391
58937
27275
8502
67557
75045
84019
45264
41343
85974
4308
64804
81660
69302
24302
84490
1447
13680
84241
44658
46577
68647
75413
12386
7952
54964
83379
44511
69360
50669
7287
11166
57003
65708
51198
13088
87568
87186
29307
40058
33226
71037
344
99085
8271
81112
69073
84301
95972
60384
3937
44121
8214
91412
14780
37436
62305
75493
85775
45508
70380
69943
65637
10305
72036
94193
80975
57445
71905
27717
28636
87644
31592
4640
44080
16516
81636
80066
67772
37857
27383
58464
8067
52797
28420
6604
6795
4564
12055
5098
68450
68134
92942
41948
2443
76811
66720
89314
88895
33858
23518
83010
85886
69002
34131
29089
73833
61196
92551
52483
67670
51113
8554
25869
12100
6166
79122
36133
27045
41701
5245
1667
38690
13395
37242
61952
63306
31386
59551
22065
99076
75038
39672
23954
89469
31451
64351
37266
10245
43236
72058
10087
97495
73490
11699
75811
87783
95656
20284
55987
55721
4665
39493
8117
97151
24734
35730
44794
45217
47225
84293
82295
95808
66268
40548
55619
81644
55735
2663
45012
28241
67835
97953
18934
7463
63413
63156
62936
1606
16110
83223
61205
63901
52744
89508
60284
53426
12975
26168
75939
44779
41083
75836
37905
56225
44346
23876
28341
86784
97041
76392
2855
62152
39510
34886
48649
80847
78815
42210
48073
33155
6976
81614
94490
77786
37664
9585
37421
12293
35802
93960
45919
12282
33150
91212
67951
87934
47878
98855
60456
2511
49468
67797
57130
36692
12198
94760
98701
17571
78035
23132
68480
11181
24613
98577
81101
23994
57868
99477
28747
97462
14567
35270
28171
29833
57781
10748
41856
73109
57366
18775
14221
57411
51832
87012
79566
48974
29737
19041
15219
77635
40205
66979
84050
90147
2020
17973
34517
34925
68390
23812
72644
61927
5121
21094
86430
81815
10132
83978
8513
78839
60737
96851
84860
21394
64935
99342
24312
9584
61970
82124
50781
45558
39831
944
60729
46000
38784
5321
69243
69607
18446
61836
90058
93446
60515
39504
50991
11945
876
69721
17062
38354
55961
72188
98816
57762
30956
36456
31663
71757
47291
10675
94783
8015
90630
7152
58515
53340
82038
96935
82482
69229
35315
26116
21058
48785
6856
12462
89284
31441
29641
55877
27185
12167
85357
40701
49385
54613
98446
60380
11747
79712
62973
89313
50737
67080
84588
92847
87403
84653
53186
76902
30818
21140
65802
38956
87609
59380
50158
96011
81217
26187
16396
969
827
82557
18074
34751
33825
46071
22587
43770
99247
69619
17069
24342
19073
24672
95377
32400
22419
79098
88812
64882
19336
43764
89704
91735
88702
11412
42708
70858
63910
86484
60048
10965
53892
47927
10389
65540
23562
99872
6291
21004
62795
15902
64327
82026
30677
28823
14148
58381
17494
68341
62856
26652
61281
17298
85275
60894
69752
28332
64467
86398
39321
37925
24516
20020
60537
55821
68732
84315
50613
5878
26797
98859
37401
74668
87275
6149
24217
54306
27569
46896
46828
86804
5486
25401
6215
79130
20206
77197
35627
65310
19047
66244
24588
68050
16269
70014
45182
18213
49812
39562
92513
38034
17179
68497
2930
14616
4104
76848
55350
14458
44803
20376
99167
49615
77033
53635
38197
79971
57372
91946
85314
57139
98880
89583
79202
70241
42250
6683
89156
28030
50806
33600
95093
36675
12354
33681
48021
7227
27824
83499
16021
45162
79927
55588
39404
42290
98407
15645
38490
12374
59697
25245
82125
85866
61947
35656
37074
66215
65990
10992
3986
76535
75851
74517
36434
57010
91463
97145
43031
72581
81498
48365
7564
43715
42365
13043
7264
82640
1024
39227
9847
87036
43387
26438
30383
31177
83219
76396
57666
21755
73834
86065
11004
89373
86873
21772
15916
94369
23952
71270
26454
60577
70636
34518
63528
96239
92648
70143
68286
31076
72805
22828
61169
75418
4699
15593
94547
56019
84477
41045
96054
81859
66270
892
16478
79169
70023
41564
58369
84747
39643
82560
81476
79333
60088
91285
87848
15261
28585
29586
61467
60476
17085
9734
16920
45821
72992
69566
96987
41201
89893
77754
87542
52889
72460
42071
9775
82901
87857
46108
93594
66343
96184
8923
11068
63799
4775
2630
15495
33921
77189
97470
15110
61532
9591
23744
69368
91676
1638
66701
57466
44320
21475
93286
896
83558
57110
20049
49110
1375
72879
32977
70582
14298
15699
12013
46351
33944
38485
18163
82230
52289
94890
2394
20495
35110
6573
29527
24732
98704
8503
81583
5634
64030
67504
19545
7507
39570
24783
67245
409
66368
16931
20853
3315
19652
43503
18955
39045
873
43482
51533
10989
45442
99258
98726
45741
98066
93927
85508
71123
26879
59717
87361
83591
43594
1255
28471
77954
5432
72019
54229
81756
42774
67775
23786
632
79153
46824
61069
16406
91116
32165
39756
90706
42144
27804
78446
72672
59005
68474
13326
73243
38868
99576
98225
40870
49783
48894
58056
47641
34397
73429
62917
38958
44065
98717
98665
6794
87552
92548
42871
728
98508
86299
9729
67661
98411
71286
67352
91051
9643
35002
30206
82611
94584
81228
81877
94224
21860
35628
39933
50219
54736
7791
59274
39635
6710
18139
62381
96011
14898
59930
75059
44144
4167
64676
17936
69985
97952
95094
3070
30020
27341
32976
12074
75503
71201
27640
89115
82968
12333
30243
48303
28238
93002
27896
33420
9648
30475
30202
28724
26430
97949
17295
9077
71030
73617
4776
79046
29590
38875
36580
93121
45210
91195
97543
75342
71796
89939
149
83546
3944
48236
8937
37933
62085
70943
88936
23286
73302
6337
9483
39821
7113
24049
28255
50213
81462
64762
79071
62436
84285
14081
8612
81097
78390
90618
18407
90278
21329
84509
13169
43726
65889
10633
52614
43517
66269
59970
54610
26755
69682
24989
21101
24582
38425
34582
5744
67696
10211
90161
27250
24325
41968
52550
76015
50095
53351
87994
84614
57418
78169
97694
21334
97258
7292
5370
19524
4808
13384
67520
78131
51810
75079
86666
78410
67715
69840
35143
7843
8829
90736
18253
92063
3513
27182
91530
19618
11230
65180
7279
23636
40212
67885
58148
27061
47967
26716
15485
36086
59090
95003
51152
83729
51689
3758
85871
10020
82369
52950
45850
55882
20155
39504
21546
63681
31896
36512
46889
46844
49830
1472
94345
95720
14211
16907
30943
57405
3403
26887
76244
62261
53518
4368
25592
59242
89647
15458
8667
87552
32075
13080
60397
14387
75771
27689
30771
21869
64836
96732
15950
7813
57784
56204
73296
60691
57876
24868
23741
17238
97879
31757
49460
27573
2849
31393
65161
11826
32838
81537
14376
51289
75662
16522
53694
89403
69907
64765
14974
51191
9382
17647
20406
88888
166
46222
41736
46956
61156
8649
20837
82402
39505
60430
80925
41168
23475
30550
51973
99547
57065
1934
46957
30404
99403
59434
88675
97503
39116
91551
6828
62568
57921
77221
43172
31564
66752
95575
35162
78418
94786
94399
82039
62012
86562
53610
50760
22248
97418
26443
59031
21955
92467
10862
57578
61348
25690
28776
75888
49246
48736
46172
45226
44101
83153
31271
24944
79135
54089
14235
9235
31055
58462
91271
41635
68522
3446
37196
30246
23322
42260
65972
49952
8091
8228
37626
78508
36041
3196
56286
25001
53256
99610
91153
19044
49871
96290
2681
74308
39641
57287
69413
99276
88547
31678
68767
87812
99515
51502
67318
85763
9416
85629
335
54497
19061
71981
35708
61859
75681
52432
2457
35592
1383
36714
59017
78311
84260
17025
98271
57722
91203
6667
21639
48109
56604
92261
3385
93321
43804
67757
227
89230
105
62049
43899
52778
82940
86216
35059
9010
28336
26154
76364
68328
13992
88826
97343
37279
7314
29603
81793
47909
74090
23219
26233
97845
21313
36359
10384
35494
90788
19190
39428
37931
70431
37196
22510
10610
70924
79940
21826
34968
81973
15922
80831
88400
23732
65693
91034
17407
47992
77734
96900
27907
90028
88868
68853
84037
58076
11538
74433
50624
8590
22477
72038
52379
94638
56736
43249
36776
36081
44574
53985
13934
99780
49053
66605
24768
14093
27171
23543
31521
73627
52732
29643
42096
70055
92789
82271
2625
69645
99468
47229
29709
85964
58606
81185
57275
88029
73018
20437
48875
44981
98069
23486
3236
47570
68516
41010
35341
32566
39137
46849
41676
61708
55687
52934
89004
50647
81544
38543
32556
86951
5735
69083
91731
78041
38696
14329
34700
60381
94422
9290
91001
91266
57401
18746
47924
62572
36761
99846
12046
28422
56162
45164
65043
6856
49653
26758
61932
92470
69045
59967
21630
63952
47201
21142
3160
54183
82485
39931
4610
666
29604
4458
47310
53039
2831
94054
62751
27138
27393
48878
3331
39830
17182
65231
22297
51095
7150
85715
44830
77035
14992
38067
91314
75873
6906
44439
61910
68928
35707
62740
86588
19390
83213
68835
73972
77624
88087
42144
38358
41942
51671
76377
4926
20887
84834
8764
25258
5721
97781
32738
43008
59156
2597
41811
35355
88631
64737
67766
7482
32622
99272
59199
67995
58641
18630
55650
3956
94672
21848
79314
42159
28163
2189
61853
72156
34551
93172
82214
47063
22141
6007
12743
7489
17939
27949
81173
80125
72569
13730
70598
89349
4640
18069
80421
57472
31394
99748
20029
60632
23180
59534
68835
58520
14435
25687
13920
17414
80020
65356
64391
41559
95129
95477
14361
4170
54983
68449
80841
16883
56255
19730
48507
56018
590
35556
60023
20270
78137
63051
67657
34691
66757
73113
50419
44338
91528
3455
15431
10987
63287
27120
65727
13583
80420
94748
6519
15393
40897
40302
3541
66511
75920
96227
70031
63261
95678
69543
75188
17330
67372
12232
26113
93452
16095
47289
701
8706
38240
48841
36684
68198
89009
90494
67947
76516
33717
1159
45624
81868
24097
70782
8869
56401
98739
56614
34154
91196
80932
1589
62024
73061
30233
69269
57494
49580
16863
9037
49416
91764
51945
8353
61441
37408
35844
94725
79441
75322
77462
10516
5993
89875
65153
71948
99179
58021
77118
72401
5345
30628
72192
97596
10500
44853
80482
11716
67415
60318
9055
21707
67679
68798
24776
6793
82872
9263
98092
25396
94168
35157
88121
36591
46407
73301
75078
8891
65579
32356
69015
9338
46042
13647
99770
98404
45381
6341
97784
19680
40744
48512
17326
7595
37277
33827
69754
50974
97026
14739
2930
11937
52174
63254
58137
80111
23666
97589
79071
3898
99749
43452
60276
68035
17387
2634
63445
42742
28793
65246
549
11860
80509
37887
31803
48062
97149
86120
35630
58649
14364
60860
30218
25876
63789
21764
27179
43500
29043
92602
21165
47348
45693
99474
2586
36023
66911
78031
96256
58551
93129
60078
2399
57218
30863
65775
6207
2444
86238
26838
45114
94746
43938
9657
67180
38309
68303
90189
82131
82507
56817
96396
73297
98596
91925
39820
63411
5131
62760
46394
9143
20916
77942
63111
97006
86178
43325
674
74336
18436
63185
45476
40824
15546
85589
20722
61695
9515
78398
6509
60203
63349
20332
65421
32116
82602
3584
46582
69600
46028
59523
61451
71833
87191
42094
54299
88509
78737
52721
8082
30947
61159
69109
64942
16090
28365
44014
58131
45214
71728
56465
95704
72214
70832
5405
91184
23839
54730
23243
48863
54546
97688
6672
36420
74946
43007
20150
87771
2557
87896
7543
57628
36194
88128
8100
92831
14163
72986
1105
10654
7338
92064
47469
44027
6529
62226
11292
5640
91660
69368
52196
82820
7802
35971
87463
83824
40222
64472
56642
48397
29048
77673
87671
26130
84513
99303
43397
59402
30301
61858
38794
40892
76815
90042
73999
92850
84716
90030
15932
86112
60363
79097
732
55860
65182
9609
34319
25495
2021
67008
53561
18091
36558
75145
93192
91274
34079
12281
87930
79775
31471
3582
5327
572
50517
60286
94615
22918
87605
57561
2471
95061
21422
33525
6341
30408
51680
31608
94529
57033
28871
45639
67660
84024
26797
69577
44443
59775
6797
59636
54901
75834
76110
83758
98702
43405
40301
22301
96898
93695
47633
71382
81481
40766
61726
55262
59675
26404
98433
47810
43317
78301
99102
57498
98328
57599
57117
26057
45354
77243
57174
77859
16304
17238
33755
95869
7245
83210
30333
12160
26521
11085
95662
687
35284
17530
81525
50343
68826
95399
73410
15545
82212
6405
77432
83137
56295
56086
88766
14164
71573
42275
59108
64324
20593
28060
25221
70536
32699
85152
18293
21817
60566
52836
68666
58186
33380
80634
77164
24813
11283
29057
66312
58072
9078
19156
84807
77157
71962
95750
47883
45088
96157
11668
43809
92031
94343
84287
19691
69098
1185
49684
5926
44830
80867
54513
91578
59572
97381
77985
62579
34018
85029
81458
87251
84082
23841
1359
2889
19208
84745
26063
53940
7109
19702
70314
73522
94875
40185
52458
7215
18234
38779
90795
83600
56910
27175
39738
46050
43159
71595
10146
28948
35944
65825
70381
7446
27694
80347
54102
79883
72304
3811
69634
28735
3206
2965
53600
52504
83700
20963
95097
35456
47194
64728
50715
83947
9527
85043
30059
66386
30432
13307
64460
5762
29121
54335
33717
33599
27486
62594
1359
56703
48458
14022
87719
26109
20384
66350
54894
22718
74391
6436
76259
22698
70885
77934
43113
88764
37147
47943
74797
93770
82716
25641
58488
47576
14229
53977
32930
29936
38016
30853
18359
34347
16354
73732
46645
56909
58479
10069
15179
53734
33044
36170
98337
50350
40040
37500
54826
3491
42167
76639
9884
24973
69178
67599
16837
74880
65745
99920
66604
82065
50614
26587
5115
26157
26319
76841
58716
83269
18661
6893
20739
40129
52068
54864
78518
40271
10334
10131
50501
14930
83740
65104
70478
20996
82008
17575
59452
11813
22330
81620
59191
31483
15332
28991
38233
27698
89058
16246
56996
5936
79796
11802
77245
1554
159
33011
80826
61019
79785
92982
95899
87357
25682
40642
37302
109
90171
61047
38155
69456
890
95653
87013
79177
80974
15522
43091
47624
95961
32579
98159
19758
66599
67002
13052
94156
70154
79602
73462
49207
3688
28275
65170
95017
41221
10013
1684
96648
39819
75044
32414
3307
80228
79643
47446
32594
60888
39738
94966
45757
57599
10790
27255
99554
59315
42740
7756
14890
7724
89859
19753
77479
17393
11236
11310
91287
52928
35036
76059
3225
97495
22036
68070
17119
5325
68996
21557
70517
52372
53513
91896
65024
21398
7267
49032
19370
41115
67460
34746
89015
63328
33410
36003
448
57516
7583
39487
30170
61683
55358
507
12038
21145
46684
33217
41820
83572
52842
63211
46751
90368
44217
26638
63899
60981
13930
7842
58968
16108
51541
60095
28894
29030
23548
60449
3535
16923
50162
76997
70058
24888
72734
20040
6257
20537
73077
35909
24926
84177
82273
39040
50705
40047
85227
78264
6910
76712
78698
92415
19602
202
5837
85310
44293
17191
17129
6373
26926
19561
25272
81422
33867
84761
40087
30554
92251
28960
65758
79161
78569
9165
87339
60489
5050
66594
81406
50543
10934
53584
13363
13433
80374
39268
91723
50680
7687
83753
88452
88904
31627
20152
32467
1006
39086
98510
95128
63832
11389
41885
47949
92403
34336
77230
69760
88035
36571
1274
96495
25241
61252
35534
92693
72443
54870
52700
33514
16832
89579
20430
88474
50845
20039
9431
5560
9710
38921
51990
71101
35065
58711
10788
29561
20267
50677
69957
2798
95308
48947
4010
80132
6614
42239
50698
36494
26970
4986
82814
62616
87820
72511
19725
27901
84916
35195
77534
43422
44847
20538
77761
64663
95550
79588
27151
82566
63157
23999
3438
85638
84456
16111
67381
68702
84941
40965
34916
2017
23136
24473
82577
19614
39514
1940
95515
47914
80802
22881
5028
99926
43559
29708
25115
39587
25421
773
29248
92480
6339
39268
70345
55539
4309
74144
22754
30224
71364
81171
87836
45844
84885
81804
49741
25704
17946
52304
29725
22889
68099
42048
45154
5301
39971
8347
42526
38114
38525
66322
59815
86331
47406
59560
28886
38823
3566
8949
72739
22094
83548
23041
70278
57988
26745
3189
21828
14857
67317
72788
22969
12729
39571
35350
59317
82874
85740
70111
60804
81911
80991
68645
59300
41648
3975
47334
14305
10905
70036
22869
241
14635
60656
28485
34393
795
39614
30411
99074
86269
93897
86873
50857
31525
8178
82713
50360
42004
34594
29134
62745
34866
9868
77108
86260
57146
22201
42515
23226
31059
93778
78936
59844
92039
63420
65194
28214
83725
9561
17571
35002
13201
84448
1707
34747
19649
64174
82114
74225
24039
66917
13178
35708
51165
44568
56925
44343
87957
98191
24376
85053
78535
53126
93184
17294
28596
76260
50705
74343
5870
8357
19617
51804
26117
33914
85473
80422
68712
25281
23095
63716
42321
8366
71458
14133
67371
88780
82039
59923
34112
84509
89444
77163
8872
7830
63475
45942
59790
10789
82580
53161
30927
86011
37921
58992
18270
60901
32593
53089
12279
2662
54618
64216
40294
74055
30596
18298
9830
28070
80837
92034
29229
83673
80913
12606
38067
88688
89315
52859
2912
71897
74185
3190
55607
42596
34842
61598
50055
57759
95945
1976
23635
76589
22434
87854
14216
38555
78005
43914
31815
7026
75891
61312
62783
16831
43850
872
54447
92835
45496
43575
14500
39079
26601
25325
7850
95341
22380
71721
37848
31493
35135
86304
87082
16090
60104
47374
23491
42337
86975
17224
20340
54382
50371
59110
41901
98778
3295
55400
27204
23745
46175
55498
88027
59787
25038
50850
28802
47264
72756
62531
99257
58548
26313
14707
72991
65003
75290
2060
69397
29486
5565
98880
81042
27340
70858
17504
14969
74168
97772
80676
43549
17915
41773
64513
20339
18214
11950
71519
46244
52115
24031
61535
32237
39580
66301
86087
83226
55670
18514
20253
53905
96480
49235
281
86077
70293
73466
24499
17914
69760
10167
40767
93365
53747
85878
40040
59995
75012
51794
48102
43825
77965
97968
14451
2250
32698
64687
81268
88824
59299
15232
58109
91156
35908
15896
75919
82160
15421
15953
31532
57120
86276
78493
50430
85258
5461
36966
62290
83692
26357
34052
75818
50920
50011
73820
63139
40606
94326
25640
16602
83913
73547
88918
39821
71051
82190
23190
98258
55479
20232
59643
35567
70580
71185
71184
35487
79087
7720
17078
8847
73472
15851
19038
72383
4419
56865
46967
30367
79184
42605
6395
83418
23028
6688
54076
13779
91750
3105
61028
68044
77701
11701
16127
57947
65104
84890
70611
8521
45342
12196
41512
19824
49367
62202
71608
2073
33213
34491
19722
82113
48767
65669
93729
75217
56734
53450
44100
22128
23932
10522
20416
19018
1190
82409
67518
75275
15062
43703
59730
28133
29234
23556
85918
95643
3782
18350
46184
14823
71221
82875
37753
20521
77094
76573
44896
30091
97381
96000
86343
49313
51445
56391
54613
27001
88877
97963
30021
6368
13252
46568
44531
80035
79632
10653
93684
20366
70834
10718
11873
96054
22699
61341
47484
96894
85596
68733
47167
31610
57351
79557
69361
55319
31197
77994
18115
85870
66629
720
85123
61172
97652
38580
59502
51588
25871
4034
70998
93156
44401
43241
294
32323
36247
12783
47011
91396
79003
18421
71715
9724
99176
5865
78669
83920
48402
56887
29970
49441
39208
97295
41348
23254
56021
17507
58409
38345
88445
49639
52854
14767
15090
71690
93479
96920
65383
9532
77514
74522
35505
7841
71700
18532
347
63635
96295
19010
48590
24478
43004
56835
59758
14228
5575
84058
30285
66287
34096
65221
6235
76949
83098
10352
91012
43998
28481
61925
27746
57816
52623
97060
1341
23201
55328
88990
96884
76828
30548
46797
80770
86210
23027
76674
50014
46768
34632
18415
63432
88464
82707
2582
98983
28557
48046
27469
28558
99380
32459
23188
44659
75878
42782
19043
65698
52455
27067
47156
18528
92543
87686
47794
106
42674
57622
67301
40111
12471
26699
99908
98045
66218
52715
39875
7041
15620
19363
34600
50201
98610
72831
29822
8937
69434
55001
17740
67385
61538
38391
75834
99328
99208
7201
68370
2721
71287
13346
9899
10139
98380
41299
19922
88802
50691
93733
86118
37439
21294
40751
31267
55030
35535
945
9296
9645
19164
2693
35162
84886
18849
42037
2058
70339
63144
17509
46046
97007
88228
23511
96498
80860
18650
25246
19185
17489
34537
90959
74004
34720
33892
33062
57800
38473
95491
46167
72397
12799
71187
70918
42911
31705
80783
39714
29927
49869
47652
91685
41905
66957
68000
14049
1267
82310
78576
87158
86251
59073
3502
86120
78355
1304
22031
6689
98367
8706
82322
91934
16107
90179
5985
35857
63523
72295
83647
11621
98879
99027
50322
267
98368
79552
55554
38526
84975
36276
20859
89959
29702
85461
18130
109
51095
63380
64161
421
24717
42557
15441
93741
43400
79577
79415
48277
41692
27507
94102
18929
49933
53006
96510
89521
14162
66696
82587
18296
98701
87305
57089
54596
17670
75908
39800
2184
19656
31312
45976
20232
36586
53816
53579
94397
7053
23070
73666
25286
27089
63302
80563
32749
39407
7053
56486
14554
20707
56676
34439
49236
56206
79665
58719
79273
26917
81159
35562
14364
55234
56113
47707
70011
40710
90872
24040
20570
89574
82077
49502
95776
70800
70473
95167
51524
40281
79877
29382
44276
44713
26852
87870
47303
65017
88890
53822
42611
89367
85684
91558
99882
37148
90711
33604
61553
31496
58274
19009
74285
87458
37887
62964
82952
47263
155
31593
38807
84287
53844
90384
17414
57499
96471
32408
30745
97975
85706
32967
48832
61208
8327
66554
13033
88375
61772
31575
32847
77275
54053
90793
85187
68479
50351
30828
35057
45689
63345
62079
61128
16288
72625
4273
95008
60540
59702
16210
74477
59049
41174
14358
62953
17428
24758
78010
70973
3332
47082
52189
95744
51011
80431
25980
41646
65722
24069
25896
90103
9384
87572
52703
84984
69817
56585
21399
92330
22384
80173
85324
35939
52377
94325
21349
48125
46178
19075
86532
1604
59348
65626
54501
57450
50611
68606
78323
64289
89731
79904
73050
54905
53819
85466
20711
71232
49347
32058
30002
37365
94945
16788
96691
75995
60322
45228
49440
13136
34593
65683
42624
68302
6295
15308
94492
8877
76412
81823
69697
58834
59946
16646
66486
68469
84857
90814
37897
71266
483
76612
99384
24513
49452
33362
54995
5463
55169
99985
79820
94081
59692
70732
89007
33768
5321
30063
89962
81838
45739
10626
91802
82154
95643
5234
74002
77028
52961
42260
76486
48036
75039
1110
40739
10153
75619
39199
17899
21755
88751
67939
36529
95028
75798
27793
59484
39802
10730
78804
68152
55415
53755
79742
69312
63247
10111
14285
95012
29791
79221
67357
41675
82376
58258
6204
4425
78969
97507
74368
50257
30426
85794
94872
27262
30786
19816
71716
66650
5360
37678
37257
40020
96462
67649
51138
10402
67492
16035
12067
9292
14421
43106
61662
84426
53492
31442
21606
51695
98265
32589
2328
74083
81858
87387
41540
58319
87188
97692
75935
84454
23065
86321
64913
10182
7426
34785
48866
58507
88193
81966
50870
54701
41086
49847
94928
23057
50890
41438
23628
94852
87272
71273
99749
95191
81284
10207
77500
84220
22701
97158
28595
5086
19115
46726
48309
79943
39653
27760
76677
42520
25090
65706
90069
78142
38178
37667
89680
71671
75561
48688
37996
75604
4528
86996
75442
24345
22
32598
74971
47151
78729
74433
61808
60923
12601
49129
63387
33640
11226
1203
98235
92889
64893
36557
13173
79632
37728
86035
77990
53017
74210
20222
76927
2701
10486
24533
98918
39395
44030
50367
63870
75997
17734
44678
64876
60592
20988
48860
18332
17453
29856
47840
14462
99915
72750
63133
44400
375
29563
67494
33868
64388
83859
33583
28403
19931
48612
17777
31512
255
12237
47467
39153
10973
79158
31354
28906
59897
87588
41437
84170
58100
36622
80411
1448
24880
22065
72452
54493
86342
49341
76557
5102
62362
51594
4532
75866
59204
99454
74599
94635
72205
26867
33104
12095
35492
17802
94994
39330
5703
46168
5950
42896
66192
26647
60612
97218
55398
640
7094
24913
43491
61785
86513
76995
13947
83816
94550
24012
22093
99369
10317
79182
85503
51609
39712
63499
38524
64061
29862
95890
81053
88247
26720
44000
48628
5633
66969
34078
77867
42936
77787
1783
59394
32724
32352
18086
75724
80690
65925
45027
66772
64158
97787
22270
18095
99669
35914
75765
41803
10154
62701
83309
53731
87179
55997
8633
72106
50929
9382
29782
88855
84973
87266
13149
6435
49824
32672
55599
11821
23250
17848
79741
84569
46972
8624
2654
93760
17033
11352
44044
21562
28351
18819
92423
5713
10962
83113
18741
90476
79434
25729
43886
48027
86134
56623
62297
24132
46054
58559
26792
29268
72560
97277
35864
32071
27220
21643
79174
66980
70314
59720
41515
69134
75879
21297
71114
44683
56457
87986
32823
40826
15257
23405
80176
48575
59477
31501
55470
7064
46286
74179
5543
4928
9478
65974
80733
35095
8016
11616
38778
6264
81572
42916
99392
46327
55620
30696
55049
41264
49729
37824
94959
1814
37158
45272
94565
82079
87001
34176
82839
93564
11954
79174
22965
64673
85330
44653
74461
9776
32048
94058
6800
55705
99284
39024
57177
81341
92723
23001
72865
56396
18436
82860
47367
66618
40902
83099
33455
83837
32431
93075
99420
27447
81074
64926
95877
64049
54373
65309
4673
77417
67012
20056
33049
30565
1241
40159
22722
97968
3397
34024
35473
80202
50464
38947
76787
35259
22399
11971
5129
20153
10477
2445
71068
12782
84026
55419
50726
55331
23173
35068
5719
42463
7048
66963
80845
71222
72123
2181
85146
31903
95440
36359
85541
41656
50576
70748
35050
91222
50171
81644
97444
764
44458
90399
47734
36384
20835
83590
51107
60629
80079
47344
96147
26436
30180
75302
24450
61794
55377
59492
75218
8217
66534
99397
13164
46566
49462
50353
99985
5668
4912
24471
88871
17868
4959
19340
79538
52064
25448
30908
40396
89525
3855
40149
82168
48693
37934
68580
54394
11037
3981
4814
5819
98510
85320
93766
98340
27715
77918
91076
12103
49848
89790
22770
43834
73386
16420
97862
74260
20654
56919
47638
34396
40037
63773
79679
13966
72040
23355
20342
41287
48757
97849
96679
70542
80321
20182
42746
41193
32343
88751
90696
96746
60372
95628
96156
90480
49439
23538
76789
46306
32593
3686
74632
69302
84578
46207
96599
34857
17655
79930
2392
57690
15313
60242
1862
99413
16030
53329
38107
24030
53269
284
96614
34291
67266
3233
69012
96836
4506
80187
89064
7068
96124
60923
47027
38990
24832
97453
40209
41798
67715
4340
14429
65351
62215
62254
14476
17910
35203
50172
9359
43926
99863
5736
39877
54840
16096
50906
2191
96987
55708
19746
32760
11461
74892
80972
16205
92843
35839
66141
99231
81342
77001
95004
67422
91754
51625
53128
8349
79643
48981
51995
23730
46759
99526
37922
23829
81634
24678
38497
56438
8356
89824
99751
67195
47023
10319
44077
74593
5960
71300
93925
11401
88207
50590
37699
9609
95957
11297
87620
71221
74147
59319
275
77943
7970
90126
99288
76868
166
14615
28641
74437
73459
76019
78120
5811
30592
35458
59515
86653
78193
99132
85612
28575
52995
76978
7420
41219
81063
13129
74474
48762
25176
11151
15295
76059
96466
70598
12406
94769
40854
72401
93400
32635
64992
26440
40516
49057
64343
54976
39568
93698
36591
33449
83415
51199
32176
87888
43979
82
41385
84288
53565
87899
25897
55790
44690
90444
44838
50150
94058
2216
60787
38031
450
84138
98826
76882
88584
19574
79535
20824
6288
9840
18206
54813
14430
11098
42539
21140
95492
34143
26076
68071
11390
54018
6401
989
12980
27679
84623
5567
83763
58946
47220
87011
34880
50570
9867
899
77139
89385
82525
86955
65966
54395
50337
45486
66003
7007
51168
8731
53842
17658
24215
74766
88474
3647
6340
68530
93109
79231
62225
9988
