28620
57663
90942
74655
61310
46237
41657
45437
89410
28149
18907
3196
67659
12239
56033
35124
62125
503
6200
69305
7766
53570
25967
64133
15877
88602
64153
11992
71426
33840
17813
26722
65452
38190
91670
15371
30975
69292
71993
81877
8782
2358
54684
96398
68077
39276
13930
83804
64457
80095
76288
87489
60625
75729
28508
1515
65518
14006
91240
61645
22745
69194
80926
19170
50548
69886
21120
31451
35304
32754
44197
39454
72236
67034
58965
98838
73173
94786
50254
71752
75794
12594
92900
58166
52573
53627
63300
1681
99959
81124
74264
75710
4453
66057
12368
71567
32985
27771
97038
15784
64046
98884
8560
75299
40268
85413
76063
8679
9915
60592
64302
57601
27798
92891
16213
83389
46084
92282
44962
3070
49424
23045
24436
62438
35734
93116
81613
1804
1816
92162
5571
43285
46033
52071
79481
31751
66439
65618
25496
62184
94867
6568
74065
91943
82590
26183
37931
45041
21202
2125
70948
84132
12707
34799
48441
66758
11027
54961
88242
6648
60221
78435
23310
720
7821
42237
88385
88133
15061
94030
23994
52039
98696
44180
90531
26474
22227
31135
3929
20195
30583
70074
47412
19419
2031
18961
63526
721
55558
34708
15877
27722
65600
88561
9041
35667
42975
52335
27667
45610
64307
79865
10447
64152
40602
5233
87336
69303
29823
64920
69748
54693
91617
47045
90263
79978
92983
50377
48729
11050
49680
18691
70439
49874
73543
61064
51874
70492
90194
23398
96582
72898
93781
3416
46395
80736
55309
2949
6004
87135
80179
8950
20671
77501
46107
40122
46688
32678
71328
41394
15198
13639
61515
29376
56913
65268
14681
4787
65744
38966
96648
19897
42648
69435
59068
82823
66332
65416
36447
89908
99131
10605
80771
89238
93232
52913
91328
74676
90334
97840
78232
76936
11229
26157
44498
21072
19145
26581
82637
63
21969
64533
50998
71683
21657
38919
69520
31015
41792
78889
82118
10054
71085
73149
51650
75140
40677
53426
22912
81346
39399
56300
87183
61312
16761
44992
16740
21234
27042
83796
55612
26475
94816
70733
88935
91089
87057
5539
60559
31129
15046
78449
18394
81024
39058
38908
68516
40889
79807
3862
63588
99883
85172
6205
53076
75316
91602
73927
79927
63292
38391
50198
21568
47765
11318
49525
66999
29240
10968
20039
11672
627
58757
37915
40935
14308
27452
11863
37300
6038
89899
90393
27057
59015
54347
2037
47743
34901
39674
91652
91572
44645
66555
76677
91838
65683
12508
90806
6346
92046
28701
47935
38638
64114
71744
80299
67087
26179
69712
44736
59339
57855
1670
21531
30881
99793
49192
99952
54681
5491
89188
74061
11090
46936
48360
34909
67591
98998
5791
51652
41575
53300
52852
56715
84491
83002
98182
72143
7787
63204
73054
1102
34228
33016
44688
8331
15003
57374
50403
1179
77380
8785
84949
85767
60614
35960
7818
38275
7628
94435
19498
64789
33093
66206
83317
16165
58127
34033
43503
70935
28448
6344
97877
77086
18754
56774
91033
75062
51233
7652
62783
29044
12866
94863
63875
37300
51628
31576
3797
81662
26393
97695
95862
652
39877
24856
10179
88090
58121
1362
19023
57665
13537
70314
57014
4649
59449
20686
32271
80001
85473
90302
83781
27385
85134
84097
67802
58780
35975
80641
10433
86578
26072
75274
12247
59706
78426
51732
99746
27257
37942
54367
18786
55567
1022
35431
71546
15293
71490
98048
28618
29785
35084
60028
16500
43412
51639
10400
55549
59121
59216
4299
51741
21804
33556
84995
67326
86558
61860
56483
73750
31652
94895
83540
1582
32685
38515
46428
80973
84670
35024
52726
3800
49238
84030
32121
69782
88384
13986
57512
10835
80263
87921
97091
62606
16074
17273
84198
42437
40959
64317
84876
22978
20744
62824
87099
22940
2526
65581
81410
13302
49787
14935
1773
83942
21741
1034
82046
95537
68301
54911
468
33629
51100
18161
47301
77308
90629
72283
41586
69005
81920
94269
68556
63605
67299
29895
46165
50072
29427
41826
76312
18156
71765
23081
57225
45783
80103
55623
95532
17828
73356
36944
43914
49037
46004
98055
15865
73149
34308
97137
22110
46220
60910
73822
97080
40966
13395
35203
53203
58471
33306
57488
29850
21647
33521
88003
94311
66143
71319
63084
63524
26533
76602
46981
91256
27443
6583
8273
16705
73235
30934
2477
43033
55186
19407
97843
59061
86705
43559
74858
56263
12674
27983
39526
86652
1961
99812
43860
83619
72049
19079
83364
75392
82411
41779
13591
24301
65881
87796
45682
28722
53316
23840
11764
68980
56309
94895
12883
78737
21913
32317
48506
44520
58091
10815
5488
82529
73679
14509
59372
42878
39736
27036
78662
55786
89961
55441
46609
1175
62637
21906
94004
42024
83433
61436
8802
30389
34507
67015
15525
51076
45289
60983
50951
92353
7280
12160
83570
37503
11619
34050
74423
29832
36796
89046
48764
25141
11552
84351
77288
26342
91217
40225
44799
61033
60784
6008
18954
68926
77170
51355
58456
46292
56230
42677
60547
28686
89214
71937
12737
32603
9822
31535
82435
8865
69308
55194
40505
18638
57359
19941
18730
31887
29549
78995
40979
716
49579
1313
79310
81905
65335
98414
91870
46727
71889
38440
78025
91280
38070
34788
1575
36796
36150
21851
57137
328
26114
18509
10836
82650
99198
92761
20603
8603
7275
85859
41596
40274
43650
79152
29699
22075
92005
91620
61516
92543
46110
18592
58311
98516
9540
7668
74401
75633
95493
21886
55382
62924
21801
43389
67615
35842
48715
16753
80138
18541
44295
31222
10905
41037
7827
53589
75018
80593
20112
35257
43092
51080
3390
85369
7205
79609
54389
12620
87168
8585
70474
62178
56996
25084
37078
86254
93405
78579
44863
1659
69979
61396
79123
72282
54189
12885
30953
94156
15718
32866
40476
58789
85342
88583
24453
26415
84983
55148
85755
83867
5337
4595
15684
27853
33220
74
15410
30083
22105
66377
3966
34262
72067
70637
15630
45955
44171
21111
69450
45279
12709
12672
75821
16240
56183
47310
2275
69294
9625
60831
52501
50406
54003
98363
14517
48760
90753
47757
57582
65012
95501
38333
5573
87428
72163
73919
12919
51869
80128
8990
67332
45616
53481
77617
67473
99494
30426
88179
88483
2933
43667
75445
82955
75131
18538
19442
12632
43086
55544
90460
62406
82589
79067
70324
56288
13580
82530
49395
10304
22916
63335
59614
41317
66424
36559
97923
63513
52686
13067
7713
4014
65456
41174
33714
66147
54175
70126
97642
34050
7357
32882
34887
38752
84934
34464
10593
83554
33444
35047
12733
94815
97969
333
73716
76570
67189
8213
96117
44219
24384
63850
96586
7104
88076
9658
98972
79221
24272
96023
64049
69925
83099
34613
70730
66986
56236
80281
92778
4407
43468
12026
85225
4705
18121
75881
34155
60961
97269
53393
29618
25216
33815
1442
83280
98414
70480
29110
70479
71016
69578
64638
29130
23966
40959
29124
10519
4118
10651
90104
245
3217
12616
96021
17417
44410
32508
96322
45688
12532
46593
77548
56009
91912
60487
38147
26539
79129
94264
72526
49975
14648
94316
102
58250
7129
26283
5476
29756
60459
70495
81387
62591
12416
57953
14938
41967
17924
29096
98431
47023
74674
98109
57302
36412
61144
38156
35934
1422
49102
54891
92496
2380
44004
87811
79615
82123
40589
15370
95936
90930
645
81988
17401
95975
33930
28925
85798
64500
49737
1079
98085
54293
2961
61443
83262
30877
78849
33671
91171
56233
9532
75938
75358
9587
15214
5618
43986
72208
25893
71739
85354
90514
27070
52549
2302
71232
66839
37556
87673
55902
2458
98454
69550
85921
18831
41831
63047
22492
8556
40596
18036
23172
89758
98785
1339
13787
7713
72172
58003
12393
36232
73571
21640
74484
27289
29860
92392
25515
66197
38316
34186
19237
21891
19421
63827
34224
98395
43006
83309
63635
27988
67870
72721
76607
46776
16774
87318
19119
97068
12222
35933
32644
52664
55539
72674
3235
75209
94248
3227
6356
56983
41792
70657
57259
1121
82443
19714
88988
29977
11797
14279
80737
7674
80351
80571
85859
75772
46593
76700
63119
31553
66403
62010
95772
82503
92099
98994
50655
25804
46552
59050
50159
31026
75202
69840
16216
54306
5675
71765
66562
99769
10609
19708
63750
81378
71241
74602
87841
39267
32268
4679
37815
88049
79061
82892
3056
28234
11708
41201
69553
17872
17600
47245
78102
99062
22593
72999
3909
69119
79100
96272
22883
74165
75519
52073
32700
92261
18201
515
4186
27545
69525
10606
22361
97430
32686
82972
64726
7827
18335
62510
34093
9896
55943
54430
77583
43692
27952
85253
44709
29873
15978
7354
64223
75432
41158
35134
90437
81483
55431
19916
12853
9042
85762
28475
75379
73593
83151
3462
49330
64786
62271
95065
8854
67305
35149
5834
68483
3852
64174
59312
9446
29787
75046
43369
59184
64173
71565
58486
12477
80547
51980
31863
19747
98084
12587
48126
41917
37457
61259
23010
21946
57726
26139
80385
25422
72337
39909
66996
79108
73162
30164
95691
3080
30359
58279
60230
55146
83612
744
86965
62231
35162
86707
87454
1235
79017
53824
31577
33184
61663
14161
56198
9748
10447
52772
60883
16998
24073
56042
21645
83066
98423
61369
35031
70433
61424
79932
16222
90706
86732
49793
67719
84038
42779
31669
33459
52004
58791
8311
38415
4711
4682
36664
18001
70067
14752
48287
95887
64246
79725
94277
84738
78666
84399
8301
56296
13421
32009
54338
92144
53950
34833
18189
34727
2811
93564
9941
30916
67770
38129
28404
51474
12302
89283
61123
51415
22903
50356
74956
40999
51357
75429
95689
8897
51312
24212
8191
27777
42959
4043
23041
75281
45609
13290
78472
25251
50319
20558
62870
41820
76301
93055
51727
64217
78927
79228
30558
61465
44906
24280
19492
84257
75064
49662
71021
35012
67132
99046
31329
83313
48269
98826
31174
76031
90832
50348
90131
18750
58752
85033
24429
18544
21320
526
51157
59271
51271
67999
57587
3818
76011
47525
37796
80315
22634
99608
64692
38782
69615
2748
70708
37335
59610
64103
96801
62499
32108
13323
60084
96926
60455
28597
89492
33979
82201
1343
45603
20759
94957
97961
98988
37321
34571
28966
37860
13236
10086
19829
377
58030
49008
42826
85238
73896
25054
774
18807
14888
85696
77825
98076
82256
25052
83194
17671
63855
69937
53829
56452
333
11809
91420
99773
53963
22730
28115
94874
75872
34044
31686
61723
37422
25326
75058
72964
19863
65198
46013
75081
61820
95530
24634
49481
28219
65158
25146
27121
74760
58822
71078
57902
7339
98595
93495
573
70517
90200
63221
74498
12076
9432
22226
39956
9018
74223
59797
36982
94973
97520
13112
8566
17232
41829
20160
77408
64925
40385
53004
78535
59933
40156
67881
93065
29012
89755
33531
75701
33081
79662
29011
43448
15929
55699
51522
86613
31102
15189
91973
75867
95110
92929
89973
72189
63211
7152
61007
66732
32081
2617
41563
65906
53495
73788
69387
38635
8429
40767
68709
28607
78317
6234
77545
45597
31749
85849
34469
14891
16709
45200
64436
6870
74965
46928
66898
46003
36309
89230
60734
79975
86100
39157
27006
80313
6107
67048
56252
19100
55826
68297
22363
6706
38851
61133
5356
12498
13081
53186
13068
47913
53226
29140
77461
60569
54856
43598
74678
67629
83361
37491
26671
7141
28701
96133
70678
93289
66479
46149
80014
8870
93708
79253
41431
18743
5916
66284
73250
28113
62690
10621
83054
87134
31082
48368
82088
31267
4605
83035
82339
9571
18242
62382
45486
92437
45481
71485
11672
54451
20391
48955
45484
82766
94397
69631
68358
68054
41367
59198
53771
39354
69344
62622
31640
89029
63681
87065
87671
87174
92327
96939
54865
78050
93371
51522
82719
69005
72309
27245
53160
25698
1089
12958
64539
97119
66732
9315
79083
67808
3289
51971
39368
55570
86152
24993
96765
37520
46064
32003
10382
12776
14029
16045
23686
7836
80844
52209
88255
40633
75933
44445
45107
29619
94785
82481
29743
5343
91993
49302
92650
69117
98105
12344
54414
75306
99465
68767
22891
64533
59170
74991
63971
60879
98067
97041
47187
99773
36807
90439
44845
67303
92231
1606
49530
82108
43874
21603
44097
42501
2222
87993
21084
71687
53906
37671
35422
56432
56970
16447
81701
88633
85764
89897
74746
10467
6091
65851
42773
25405
11435
31730
48448
4309
18741
90840
8317
96449
91910
47354
64695
50657
60767
6095
62429
6065
49395
39313
48788
1405
44119
55602
30703
88246
18928
2327
88972
85758
65860
8942
33187
6899
31808
73687
35295
4386
78224
79000
50569
31354
88651
89107
91487
37423
94643
19562
31199
17197
29585
81016
79221
11917
15611
25054
87453
14199
87973
35492
86346
81217
95318
28921
76022
6589
70595
28639
75201
50735
8561
78342
30210
22587
36122
24779
73721
30035
98114
11219
62459
12698
40138
17896
34666
34439
25545
59397
97582
59025
72581
25832
90020
99598
62618
58539
12683
32302
9369
33990
45668
17796
8000
13085
41979
88589
51409
27556
66701
94869
76773
78313
14428
69310
47559
47150
51581
36304
20433
57911
15220
40287
73067
44098
66266
13284
56578
64058
80373
22791
52867
84490
74438
5568
38317
41508
64496
16339
62421
45748
17289
18787
55126
32841
39832
72720
46002
44979
69084
85540
75728
3075
17789
11327
11728
98915
62353
7446
93562
44220
48203
82548
2615
6403
60115
76389
48804
84220
28827
6703
8835
92230
89746
67092
91788
64916
43410
38384
64189
91817
20606
49762
93362
49170
77878
56324
46772
71999
5126
52563
12550
70037
30029
33269
94084
7875
57815
65019
46909
90656
18203
5588
74088
46982
30308
94487
84163
18085
18163
24591
87869
71443
35600
6730
18462
61777
45835
41615
52879
84976
49297
19223
10282
43164
28964
6085
92595
78761
91342
35316
75565
95286
82608
52934
50022
3422
71011
11872
6786
25646
85740
49607
93530
32937
10824
18846
96774
76785
64301
23094
90644
53001
78172
97029
57827
88920
53424
29920
65708
43131
89125
69145
67391
84327
1902
80102
2465
12073
52965
98444
61317
74320
56304
31202
83786
8770
84935
26077
80691
51877
5409
49810
10749
63308
99281
77663
69626
75370
80591
2531
35653
99450
83967
84508
2745
90202
92635
70586
6147
71021
8625
36100
76773
73692
14797
33022
14707
41225
43049
94872
17203
97055
65947
55998
43085
58348
3023
29809
11263
8319
49332
61275
89485
34235
25119
57024
86888
66687
95053
87366
92783
67625
4322
53237
15204
10625
70691
75928
14587
63085
64879
15518
28676
80977
92609
19411
6851
27447
40055
67730
68906
74124
88517
39527
23479
29362
88829
82838
13394
55723
57
32398
22201
57388
73011
70695
11704
16792
27557
20691
8988
80827
27355
48808
41738
74339
53309
45201
91613
34240
1010
3174
52899
77053
73076
96370
61984
5160
93857
49766
79511
57078
86972
42314
32131
77797
79515
26770
45401
5908
69845
67890
75760
52077
45951
20073
5587
364
98340
59002
20497
53540
51120
4291
61753
14217
78748
23090
44181
54510
86327
39823
18619
18236
84621
90437
95653
96918
74181
23981
25748
77130
2932
52256
17835
15945
35877
76541
50767
10139
28345
85441
27528
3424
16982
40824
11936
96541
32944
17869
89135
28538
50262
60193
93910
88086
89542
72600
77507
1855
35485
33431
74752
79301
74535
55763
43857
63524
87229
95021
10433
8801
60215
84175
47034
69147
22733
99709
756
93926
2832
31095
90972
83992
98419
1016
67178
77790
78248
93206
74855
42770
57875
93459
57765
73658
31904
55375
47959
91886
71762
32556
48574
78604
62608
6240
35359
90208
93441
92529
25390
74004
83511
12455
60804
92632
79101
7412
7535
52164
20381
39479
11431
65249
98157
35417
66250
67109
93313
23603
31127
85762
3116
14905
10062
93413
46944
69624
78686
99716
94503
22628
51445
38269
22069
15880
7712
77697
80177
50110
60535
86487
98621
30723
27597
93355
87779
75979
82318
14736
69715
19953
19928
65209
40460
50605
58609
40116
80833
48889
55630
29676
11441
90403
17167
68960
43476
77844
66254
74304
33326
46121
44623
60643
24521
96736
47561
95685
34792
5566
69131
89952
79791
68856
92655
68821
45759
50046
69104
20845
90407
35070
91087
74874
99154
90808
27283
50086
51132
4731
73731
29273
84295
33405
70199
34593
81273
43304
49962
94573
6669
25515
90783
64072
23877
93965
40745
33421
75365
29214
6556
4136
86575
68114
16892
47899
4915
64802
23567
19623
39216
94055
31179
31060
263
57051
58903
20555
20600
48771
436
51193
55700
63659
10372
52677
33184
26429
48248
15600
32242
80345
63191
87270
84360
12536
89694
68190
75269
45503
17778
65186
66994
28046
55306
22210
59558
30178
49145
89295
76933
85285
35793
28356
5656
83885
28709
16009
85254
75441
36814
44087
49902
7534
32245
43849
98002
98392
28311
62624
64993
34826
12030
37241
9076
65363
73495
906
63208
24957
75117
91404
8522
32175
52228
28653
38511
18427
22746
61845
83742
45069
91992
25633
47798
31547
91447
7048
33976
49651
73856
78277
28040
14609
35151
23986
2417
3376
683
510
62676
63812
77356
10645
21252
88570
41393
10989
28197
66844
99963
73584
7539
44466
13059
6527
67575
95453
25724
71780
17027
88604
84062
69480
32393
23403
68789
37284
60875
89086
64883
49968
22004
39674
40270
12633
30562
75099
25686
97844
2522
30142
85872
76649
85150
77422
17840
48940
27618
24889
47016
810
5301
7931
51712
32837
39273
83783
99328
85319
17992
36595
31693
16959
37496
27772
68226
25108
74861
52449
47186
56505
72009
63601
60161
46777
86648
91424
46570
6059
4888
67261
17218
5961
91907
86304
71883
16311
34088
14808
55155
50716
4136
77168
85636
73653
41794
77881
62328
31974
62881
8781
37476
3928
35696
97375
41142
64444
59040
59515
41661
46412
65921
11802
32662
98204
19960
96870
61236
56851
29607
48196
86709
61912
89428
29035
13099
44431
5532
36348
73814
19132
22811
25529
39726
63881
38780
78609
91206
32929
44316
95135
58463
36212
8437
83002
43475
74660
36186
65544
70982
97117
45506
74816
50335
46759
62164
82004
42537
68916
4974
12548
39124
24955
16438
63337
1354
44590
41634
85999
75599
68127
34772
90369
44107
40684
55440
92565
42207
39460
83340
39526
13075
26840
68949
57776
26499
23796
6541
59427
43600
21460
74230
23283
65867
59528
58568
10335
82240
4562
88671
83837
84093
49714
12355
40606
32471
50394
61415
29529
1232
1876
20470
5420
25046
57906
50470
37773
72728
70898
42654
10269
15376
96622
8997
19804
40830
69947
49951
44941
80958
69278
71462
31539
7818
88429
68101
47587
91902
8369
81400
972
35614
98129
58280
34802
7798
47560
14907
18860
92226
48247
62338
87660
51910
17123
79045
28660
79860
9225
39079
98505
47003
43560
4443
37406
2873
81216
48289
87690
53070
79590
31343
72812
1398
87610
35092
49635
85470
36076
56462
91851
70879
75384
70753
70864
995
4201
73763
55463
24824
18368
45741
23723
43567
94211
44384
29452
18017
26754
17462
17926
6826
17293
22626
29587
55086
97897
99076
6750
82655
40217
57955
98693
27720
83060
88373
66567
77399
44240
31940
20918
31495
7859
63972
76278
51639
61307
84000
54222
38410
36372
90356
77960
96546
5696
92970
82426
6572
16947
57271
53047
46221
95701
28162
45864
5277
1405
59129
48542
93465
52144
72610
70829
49878
40354
93160
4661
71307
4564
633
60260
64977
99838
25911
54188
37239
14899
56603
77495
63282
9183
32937
56228
7947
55160
21333
15769
53498
7905
71360
57320
70142
12388
99016
49806
96844
92866
70405
37841
60394
41412
3756
76155
11046
15028
64213
45228
88803
36528
30392
41503
2363
66982
41172
68184
56874
24758
32927
37805
69688
32760
94530
91977
31335
91503
60636
11121
38419
80124
48341
93444
72806
52627
15224
86794
12001
46332
28325
73002
84367
93039
82493
36595
83069
59
60049
87961
22889
71755
80167
45225
34965
22484
98654
83370
74480
366
9461
80432
45579
25631
33861
56810
85429
55397
89709
64121
71230
16822
92725
58557
23736
50284
23167
70561
65476
57371
50091
86651
3576
3420
15724
41485
86802
406
24333
42088
12934
24854
59402
63686
62018
76254
64954
2909
42714
34790
31372
54249
75379
56372
4338
97665
29875
85446
41602
90047
41220
12057
22592
36256
84870
77322
41507
40781
62837
61051
71373
98876
18940
57591
33408
61369
13556
88820
92217
37746
28
80481
10680
27530
87786
62468
36276
80508
63169
98841
33942
64523
18441
84929
43440
5777
79003
93520
22620
56960
43051
34456
21290
26295
82811
55792
9256
98817
67388
23170
10291
23551
7533
36493
95851
96832
18731
60561
20622
99740
32280
88296
55306
38677
85139
48592
13685
87380
56097
37019
6366
25794
44298
17253
21140
34026
8822
55100
21726
46071
49944
49065
21317
21187
32308
46584
59531
90078
34702
33041
416
52218
26914
17837
89447
54111
57002
13475
96481
83579
743
42312
29730
67641
62551
16737
90704
33367
77758
17583
11924
72837
69226
43327
59307
44535
68013
47610
84879
55548
82717
65157
11635
54960
9501
59628
2037
58931
40313
66093
66761
95211
6744
88535
32652
89106
46065
37733
88504
16252
73969
2032
59048
1355
56253
13594
23668
45645
17683
8580
45459
88566
42330
91182
39460
68502
96756
36964
45888
15016
28835
22155
73666
24936
71664
87751
80566
58965
94391
57090
592
96961
35648
91920
69015
20409
62056
46156
80826
47192
159
45266
51559
36509
48157
59424
65596
24113
47354
81372
96155
96695
50853
47067
79522
34087
39936
96065
49340
39363
84673
68902
34696
15126
75713
42032
63560
81325
26309
56200
26517
14340
75439
15936
93674
3102
22801
9684
27778
25834
58891
99716
11443
56009
67747
4700
94132
58827
78967
84622
92933
21240
65476
97691
8341
41614
9401
47778
5255
76460
38921
27328
69920
98466
66990
42170
41260
82217
30377
66181
85774
35875
92945
6524
69421
38595
62385
38602
5407
35609
74816
29572
84304
95269
31152
52211
85360
4809
38915
89761
34608
20144
48714
96727
7233
94351
32559
77130
44742
80786
71038
59166
12277
43424
83150
65593
56419
60071
67489
89733
55280
55938
87860
93488
63570
24695
32882
82490
8811
38047
59991
16081
18407
6455
63097
57598
44482
3895
3843
78026
77601
60539
92033
29670
73528
75224
54399
44158
42286
12721
22354
27024
40286
71100
28743
46339
19551
64807
77146
57560
17706
61665
22016
14199
3605
15624
8568
39130
86203
92180
12621
40562
17231
36238
26502
2290
87935
52700
32549
91742
56848
26588
90397
2869
65112
19783
99542
90623
61372
56056
82137
80347
32964
36533
7656
27548
62793
7316
92744
18599
95826
49136
47346
66603
28555
90351
3094
73937
25387
91108
80518
21049
72382
83894
41409
36842
50751
28507
82009
87461
15929
18393
52109
44816
30734
9038
20203
4077
89682
84187
14728
77634
67337
8915
86071
63930
26397
82196
42039
36146
34842
22717
9807
79891
69287
82991
37373
20003
47395
96032
47962
41338
43073
75632
82828
57136
42757
76752
14858
52483
37183
53526
97684
10916
13666
73470
82836
55140
33821
51987
10076
48174
41491
34404
64740
28641
92442
49624
74005
41268
62483
80415
27930
52122
27804
86534
22102
81146
56901
82057
4386
20505
68773
19533
92344
48562
13203
60504
85599
73852
1573
8572
67265
970
58350
25085
78702
8299
19464
17932
21042
64637
42194
53349
3431
26960
672
9702
3984
26421
28949
56570
38517
75941
97059
99862
72157
5597
16099
69221
16822
50366
97986
39329
63060
57299
91256
92013
66750
11482
96191
72843
22449
78210
4520
70606
54835
69962
29357
39399
2238
22157
39957
28295
15884
7648
19545
91976
44353
25724
28452
97849
17953
30002
25978
83060
71889
29002
19455
78760
13391
60914
96351
74562
3524
53059
27446
59272
36217
86467
14961
61540
68570
77508
81627
20777
89029
60988
13644
66692
99105
4801
26045
54029
97579
29091
76476
40017
49698
61751
40423
34200
16503
30622
74691
42112
33239
30488
78478
27533
52115
89158
94425
57517
83830
1169
31123
29830
44099
80105
54531
78458
84664
17441
71040
52848
79236
70647
88531
51822
79091
70288
81354
61324
77642
84061
32428
46966
46438
54587
24967
24288
61450
55612
6021
42306
96657
48647
66792
12202
36985
48456
47041
27550
61584
39694
91315
98804
65029
23712
89579
35722
47090
76866
37035
13493
26755
68891
2190
26743
93948
49765
90656
30418
97445
73813
85590
55631
46628
11321
81396
71133
82793
15091
38712
79280
99793
95020
66166
27196
47136
67249
85223
9958
6938
93515
11051
8627
99705
2657
34915
12049
13402
71839
88470
52389
27559
93803
94817
82104
31283
17299
40037
66064
31265
61166
38869
10206
13826
18997
41366
89912
99665
4912
22650
96604
90350
96717
69789
57236
46675
69473
85340
63335
33009
11210
45260
39650
38937
17258
66729
94485
9812
48560
65958
42525
53090
83784
14884
35327
12955
25758
31791
31413
46275
91900
16760
83270
6495
7520
94395
79636
80995
27423
99419
9915
14402
35522
1210
92254
12602
82238
52487
83830
329
88958
37620
84777
31085
75805
27769
70239
79914
90637
56569
74689
22683
63357
86710
64342
71609
17481
85541
68435
96305
12520
86020
26712
68893
55320
30142
55188
45958
64919
1285
21067
46952
21616
12227
29912
38581
16008
50212
46727
27134
73974
44392
24096
7786
74834
35155
41582
98544
83992
61366
39312
16152
490
67253
29915
77913
95429
65025
95726
4393
49856
55255
67139
56162
85839
56678
97501
47985
70608
77329
76389
34855
35423
51737
53314
12392
25335
68355
1550
15463
44444
40153
65665
71977
8513
34709
2720
95868
85770
10400
79127
8528
70077
39536
56402
38967
77468
40204
67539
81484
39116
95696
50286
50509
90601
43450
30939
28788
55365
96321
75278
28897
4510
24767
89647
97964
21902
96295
61286
10243
72003
10671
61610
32828
4241
54047
53105
94394
19086
74970
16659
46637
40935
58590
27228
40610
10428
69514
22207
29893
85618
79481
16732
6491
9102
29570
6414
22211
58531
46189
6390
98804
98849
25953
28203
20959
66584
47083
8873
87245
5852
38870
1544
76554
28882
36526
70666
44947
15395
33302
17023
90859
61332
49725
65211
94875
77752
78391
96980
93610
48720
68304
76555
84306
16112
38853
72602
24843
13027
49082
50252
49967
50869
61146
49434
37999
24581
83561
38946
78670
16030
38044
21906
26637
22134
671
40849
92446
83692
8567
43368
96801
44620
8749
43542
27378
52341
8781
3865
16807
56706
44282
18951
52280
43147
93115
22956
70703
30682
47790
11634
73896
34825
78967
62080
71731
35219
77684
20368
87309
26631
18317
86039
34705
17914
237
32505
49052
13188
5114
16549
49661
69715
69239
77414
93817
93955
8966
9800
80079
95978
43471
69917
87171
49353
3868
57320
98928
39963
81628
82422
87419
91411
12807
2413
48633
55193
29766
72556
429
1449
35549
68547
9783
73759
34269
9977
82738
57325
75938
68386
26136
19138
51722
49153
84675
6400
2363
59582
84284
56962
85425
54797
7319
22753
28062
21997
13775
56371
86047
91472
45781
26866
5829
28562
23558
5239
57702
31314
92478
53114
44995
12963
13001
44417
56924
90374
74848
10511
52104
89599
33450
75811
14254
10577
16508
59508
61767
38818
88914
16078
90583
48221
3835
27197
23774
83537
42237
79116
73464
87658
76896
91332
75490
39978
11748
2093
84195
89117
55839
37244
62473
36225
45126
66533
20649
36006
58172
797
36937
25069
91131
78062
52869
29439
94655
26222
72524
90012
21830
6228
49932
46920
28659
95842
48423
85450
56303
7883
43718
1841
77064
14204
8799
48113
73010
73105
15358
55567
10488
65967
16032
8679
2785
14076
7880
8566
28455
72731
84477
23738
49136
81693
24888
79900
21895
73048
65418
19333
36367
67104
67430
4275
43610
94786
1088
43658
81551
17183
93856
27806
54489
45526
64578
50491
58624
44469
69932
33894
37195
14266
5393
23067
36103
62958
1995
68034
97399
25652
31269
70231
60643
19923
30904
81760
95699
53830
99724
59126
32627
15939
8432
60767
61840
61204
21706
51041
2046
64036
16504
87949
59223
45242
2399
45028
22883
87786
15404
85387
34039
56567
94952
74215
66726
12891
90411
70830
87339
80529
45731
41383
76021
20401
29110
81313
24265
11230
47996
14701
65648
24341
3170
80485
57862
47225
96409
30697
42552
25057
36123
1458
785
15176
37569
40296
70729
21359
68277
96622
41382
32486
87202
68874
48952
60010
34552
32135
56229
73081
11263
8131
78606
51641
30930
85374
85511
4831
86084
15310
41700
39256
77867
26028
85054
73363
15976
26757
59424
64280
18629
92409
97166
84089
57168
52405
99110
18787
12838
40730
19484
28618
88420
16058
8309
85287
70067
9912
90750
5747
39164
62612
25563
13489
83417
12685
29029
74773
48134
67081
26933
56054
38951
37945
61964
96152
57292
99637
25342
75595
43795
68761
12207
89485
18924
41069
66683
62812
91468
65784
19511
8119
37714
35106
61958
71475
74874
59289
26621
14113
76027
33056
1727
86707
17397
62095
93969
91165
58080
10043
17356
50868
15182
49704
57272
32849
63081
33103
17397
61629
65158
65197
15193
83230
29476
74438
66094
2953
40300
63455
24257
64487
95612
85949
20778
32844
31472
53688
46625
14311
92651
33590
16146
14874
4914
45078
26520
24728
15809
61510
28786
85722
83133
9726
91234
13582
44685
72596
52925
60902
88001
91915
88143
47942
63047
65054
67302
59401
4766
77038
66938
9403
1816
85838
92476
73971
65026
31914
73900
352
74175
29233
33813
79450
54804
48842
91752
37768
99508
61744
99270
25464
36954
59391
46708
11256
77680
1539
97197
57065
78941
72927
31114
37681
26379
16314
7619
47800
3575
60025
59312
36293
82800
94327
52186
30107
67710
81093
84729
3177
80064
30378
70489
73274
22429
39522
4293
87784
98601
32751
83799
33928
70745
94877
86571
48701
40468
45321
21075
32424
59247
99347
73381
20225
54584
23016
70159
99266
15822
6205
50528
61499
51350
20994
45569
50865
70098
23902
14141
72896
23674
93128
37358
7072
73204
6703
81534
15206
41674
19769
45346
94425
19285
19383
50734
13620
84743
4615
51718
46770
35132
76483
49655
51886
91396
2051
8554
56335
21778
1551
11543
66381
63944
75350
51164
82797
29085
9047
60356
89699
66005
24053
4396
31249
16661
86119
57888
48572
60981
77117
42086
26966
69461
42452
96967
82193
26040
65840
60811
42980
52205
83544
7968
31824
18232
86770
31666
71879
32099
52408
93973
79961
64994
79362
44403
50010
12984
19565
19702
51675
87691
10625
26143
87436
3662
51091
6334
61001
3707
74780
59523
69347
999
74181
5623
19526
98916
33946
83496
59748
11080
30718
11273
43134
25329
5160
38142
2133
17221
58266
53899
43630
37812
23337
45068
16027
37827
23303
87288
26558
94324
65573
16290
45281
21735
74971
91344
43378
30161
45765
10423
60922
13735
38197
41442
42188
85333
95026
34998
18582
39559
88243
77638
19734
75286
66474
54474
45765
15876
95516
54005
72673
59696
48259
431
16377
94357
32856
7207
6456
91462
67768
24639
22319
52907
69753
94211
88393
95760
84106
4660
93466
39796
41830
98832
24734
89346
37921
3671
59629
63957
57137
7736
2851
70364
27741
20075
68223
92695
94989
47418
11591
6654
49532
68880
84450
59820
46676
44524
78049
89249
62622
37282
18247
76987
67790
75043
62316
11830
60292
98931
19202
58855
2137
76736
46590
7304
63731
38328
88681
81170
82094
28869
53752
75324
7553
83026
28474
52536
80378
65013
14676
25375
66722
32868
79210
19597
34857
970
25381
17418
99083
52535
94194
86246
83560
37487
37583
88858
51937
99963
60151
49334
15052
11625
15639
40376
56695
41931
72570
77321
72033
73591
88741
60900
40379
69417
5813
2381
55603
21071
8119
69550
74948
10288
10372
65691
20606
46199
87033
33569
92986
74411
51311
24206
27099
10636
74760
15857
28061
77918
71020
27973
74297
82154
76318
17759
81283
791
64711
24218
57390
66139
46916
79685
74418
83873
61365
99827
69378
82762
43607
95294
40925
93631
54024
73881
7630
28898
77105
70656
83636
8551
45510
52969
26724
43897
61985
70408
77649
34033
109
44232
11895
24187
72250
42993
15561
12419
5934
97537
43733
25445
57399
39622
26211
94932
68
8793
62826
33791
1876
90358
71589
40393
60034
67646
37991
15429
66799
36680
50878
70204
21519
61265
96870
51460
10642
3690
14653
73142
6622
60550
27868
79794
55647
75358
69340
22914
93997
54752
83003
84592
47623
32872
78104
39278
68541
76832
95721
61083
99501
13058
64656
90909
69661
89982
75332
73710
72984
65708
34278
12709
68334
16225
55598
87817
71887
62527
50111
68389
95593
58655
88105
43399
48263
84270
87875
52898
32567
86220
87320
55068
65009
22480
22790
75756
54854
92521
35055
90113
77664
93532
89817
80425
27160
74678
76214
36760
49639
46914
21863
25886
21086
4533
27685
34209
58313
26919
91572
67041
97809
36314
11473
98751
36109
59325
93630
57342
78098
56129
55541
94589
4373
77860
47140
51538
40539
55112
3516
1135
38656
66726
7794
79392
48714
99460
23404
10795
25940
35435
43087
7886
14216
72916
86938
1238
49010
42778
1560
12556
25814
6891
46326
54148
49894
99527
15501
25741
44851
29357
83911
48202
34009
17581
77988
48750
73266
88262
71158
99426
93466
86126
33184
14494
40288
65445
50603
34273
37091
31576
72096
86495
47612
29424
95273
44703
46277
27276
49322
76094
6247
1537
31746
90519
8041
5992
4804
65891
86185
77849
69444
63978
16647
50795
9994
42309
30239
20595
25409
33569
14297
54947
47127
78852
94241
11102
96252
31991
47544
62281
4254
78777
84598
83310
26672
27353
37646
28610
18242
6576
79062
74396
314
87019
83107
9260
56266
13420
44280
49307
37877
77887
21087
94926
52068
74958
60386
83302
68907
8989
94199
13984
3432
4385
56305
3527
40195
44904
78992
5540
73108
310
81382
84209
8671
35342
58432
49702
45461
59893
14402
66852
28137
34909
76287
93454
22096
66134
17550
32963
83801
63788
48186
57159
10986
69529
10040
4803
90674
14320
63621
58794
74970
90012
57661
19343
9246
87376
61426
36171
22682
66378
24339
53581
97579
59360
38798
35232
94437
1901
87583
21489
15925
5265
23569
43965
50914
520
53123
89978
34455
36334
93381
22627
45130
62381
91899
17172
52354
96670
42990
66064
23034
35125
57062
80066
2330
6361
11468
95324
49318
2377
80063
15551
6244
15415
56777
38957
15922
44198
96344
64351
53464
91080
4871
94026
84825
80102
8859
33845
77739
61522
51802
3318
51101
23673
4434
96690
34639
55870
41613
8397
61896
64199
19647
26769
17255
59561
757
83209
36319
30287
94408
44017
97356
58613
94185
51173
57489
65183
4506
72891
12425
40346
41421
83479
50057
23074
75581
90479
61643
24168
36927
37107
95990
74336
42525
14043
24233
13996
88956
65985
13036
59863
84275
93656
83428
81810
18733
91674
83282
92594
73433
55914
89114
45011
34110
62780
73994
30428
58091
19712
78096
3976
97110
64156
43686
91362
37762
17761
74720
99082
65714
57184
1775
54707
89416
68390
25471
47582
40685
65577
36507
77395
1788
7969
23025
5066
11847
79949
29370
95621
60231
68688
97171
51321
26014
58397
47615
31900
28865
70272
10324
8878
21866
2684
57156
12761
92729
41396
94852
21510
46819
79466
92069
53079
35205
52545
50360
5539
84703
24881
91424
83764
16668
16080
85748
91351
4660
62463
7311
29780
19
92282
12590
23866
16244
72504
21845
19571
23199
38158
48600
67642
25992
9463
21570
54326
56980
31747
37548
8078
65567
32920
59367
30788
90835
62412
49839
30549
68161
68241
25621
70711
43422
23521
80880
67793
57344
44628
75289
26777
42924
31109
78599
91251
58300
61453
55007
57156
28248
44522
80639
89148
3841
84878
80151
49057
23654
24112
11721
17108
51434
61705
96487
56405
8862
6799
76614
64028
52014
95066
45745
16631
65486
13972
73070
59142
82210
42667
46381
46372
56119
88738
28384
58398
8946
21936
47350
57854
65411
16327
21645
13887
38331
9866
57479
70750
13752
83804
94923
24391
92634
1516
45586
65435
22799
20685
51695
14133
88304
86557
87170
60456
21719
35498
55027
66771
13654
94963
43328
84842
9439
77624
52424
68526
74198
51647
14174
80442
56527
51928
9312
35716
776
3287
11550
55597
42746
86324
36189
70828
79092
46805
32944
99044
93338
82053
32287
70377
36994
43445
74719
43722
87036
70504
30253
57160
20281
1252
53260
75454
14999
37609
98069
37501
77935
29778
34707
6083
747
9252
36516
36008
81719
60420
352
34723
54903
79708
49224
96899
15254
59708
90773
66018
81660
91613
66315
80009
50458
56323
52412
83311
2039
18222
57773
30162
40063
69618
3820
38874
82255
1030
82671
691
4774
54650
88823
37420
36072
40510
24256
28501
67348
99922
73655
65740
58931
2675
81083
42748
24078
45350
7717
98970
62789
48604
29890
54222
17838
86102
31613
8110
62903
4682
9375
18963
13730
5513
26469
35709
86440
9546
33290
20764
53593
51485
68684
77889
41630
23789
70433
83900
75247
50560
89009
82079
40436
7061
44374
82768
49045
24209
69342
4879
93227
74830
24859
35088
83788
21631
30425
22393
86357
82058
36411
48150
99940
18713
78758
9364
61354
52597
14242
81029
21512
21347
68114
53786
40440
22011
82388
34895
27677
79069
3037
95832
75049
31349
56206
20717
3315
36150
27723
15713
4077
54804
83568
44971
43803
54200
67638
3503
80628
71879
8814
58988
86803
45733
10934
96315
35175
95286
5952
30599
30634
26603
34315
12935
74226
21743
94402
87341
82846
80936
43693
99028
53471
11741
61779
37384
22455
39708
42871
75611
95519
7654
15707
73076
70543
42799
14906
56164
78519
99602
76192
23774
81967
3770
33028
76952
88742
92515
86548
67977
49218
82325
44922
54028
75314
6224
11389
97551
80654
75024
68042
57041
87606
51442
83992
61849
23523
27323
57105
52262
11414
66665
92068
29465
88501
8562
49548
87546
5676
83503
12092
15565
46915
55981
67258
55919
51728
86165
1920
60850
75925
37593
426
67035
68285
27406
55731
57086
75167
67308
16257
90617
71348
83556
80135
8432
93603
30317
84147
16065
14561
42115
28846
82386
48050
26622
45097
4308
55061
40729
7797
9510
5401
83282
13738
38549
78961
46710
40309
49524
1100
81149
92069
90081
45084
13478
96805
52081
77365
60594
8151
47590
44419
88760
67449
1376
2068
58768
1538
61403
1931
60675
42601
61724
76043
89565
17240
95726
20478
48999
78428
83314
98155
43389
83147
98312
60056
79931
93193
55136
2444
32001
44925
20640
52520
82616
90485
94612
81342
31727
72987
12532
87075
98144
50746
2042
35518
97221
7428
81764
26343
99189
37834
11834
11442
15318
22079
77790
81978
10894
30151
45917
66782
38557
91767
23543
27861
98065
58137
92507
40099
48143
30710
54238
64727
35564
1227
88535
50565
15475
40103
82367
56600
57470
10031
46665
66419
80424
10250
10898
87003
12602
76825
3402
7787
25439
84922
29793
88
53992
35803
97769
45422
91778
79800
24286
31898
15415
57776
50497
96718
5917
54962
63187
38083
95324
21601
7624
68770
83573
74303
25533
63038
79789
31192
41712
80040
74591
65455
90646
65351
71032
53089
30806
14976
81130
76641
4817
82411
67616
27439
63612
7009
62582
50345
58962
26515
1103
62867
30067
74228
89152
37133
61684
91181
35887
23607
96204
13054
1476
69787
48624
29643
63234
15652
2998
79432
73292
89268
25619
80633
17191
65543
26735
66302
95376
26793
59527
82175
59339
37335
74430
72773
60002
69707
14272
19282
49266
47572
72929
99129
3941
8482
94615
95206
76072
45800
81571
22103
6431
18932
74341
18055
22567
16774
18348
32486
25118
94311
94897
60674
2424
31821
175
68898
32236
69824
57223
56093
50658
63552
64382
80046
8131
37300
13664
38832
83203
62014
34574
12876
96493
63147
57551
31906
67802
57932
44610
80866
77389
80957
13752
14240
92649
68692
19929
38557
82295
91129
57094
4840
29115
48464
91111
91596
42498
36808
54623
66669
95260
85955
50507
36712
86114
4484
42051
42870
65001
60167
18672
83213
50800
77755
63922
1462
63148
78220
16665
49234
84628
7863
36783
88771
68723
41229
43548
90078
74314
88815
4011
85016
58600
38096
45129
71522
27806
33329
34351
13149
14681
41788
27717
70306
65309
27449
65300
54012
97036
47473
99233
44257
41910
62227
42393
84208
65039
78341
222
57111
94361
15207
99775
42215
23895
81688
88936
4618
15833
59549
18565
13458
2404
29657
82117
39445
96942
25355
60077
69001
79503
54882
90801
18579
50871
61888
85582
4093
47052
23257
92436
77434
56684
40456
91038
64881
31496
97420
24266
50450
84139
41539
34221
85630
36239
77960
54440
79570
85415
45025
34525
71006
51021
47091
3994
66669
52633
56243
925
34175
13677
49677
89011
10262
53801
55033
99006
83748
18424
43202
51191
23116
99094
63322
12355
79920
88749
42453
40215
71494
14339
48733
89450
1479
33713
14219
77110
65569
52470
95558
29117
895
99343
64735
64051
73666
33259
5909
89461
91199
42899
80554
36854
11153
79842
64341
42368
10269
58176
66561
49031
15463
64782
98156
15369
65802
35038
22144
70401
980
37385
68921
77679
65621
58466
10340
31260
9105
26229
71790
81050
17765
93633
55328
88276
91613
5701
46136
90886
57063
33009
2185
44941
56521
26379
26142
1366
71396
15949
35420
10040
67072
39062
88751
91046
47448
72964
83219
20973
51209
6936
92968
47310
90639
9912
79830
23657
65245
18378
11932
71397
92469
76386
25150
8038
16003
17946
52966
87385
95348
4416
10359
7058
94688
13902
22360
98187
88500
64848
76352
7177
7521
14184
10195
82687
4422
6557
77486
90785
88405
83998
62571
8111
94414
2535
89494
50720
98135
53184
39422
52719
32710
23358
68937
46229
41380
6066
16111
94721
40658
83109
89851
35799
14009
12396
8929
83692
41140
35672
98018
30069
59260
58995
90685
11880
18746
49077
28301
60126
77920
1402
87922
33917
15872
31755
1763
81801
11136
83080
16122
64247
48036
17616
675
80781
16619
48948
10602
88643
2936
17127
73895
14892
2085
23840
30983
85129
17555
83078
64650
51224
31620
25219
17384
78789
81927
96676
37821
65609
44074
93560
10965
94616
57383
97953
26071
8670
43165
68002
36277
54831
54883
53713
28547
55445
37523
89398
12611
34655
79872
59266
32446
25669
73969
92388
92016
53379
6214
6471
92655
27913
91095
88035
88494
98077
84010
21496
76714
81059
21184
93266
34147
1786
24695
82120
85103
91503
35165
15510
46352
20618
50431
68437
62761
50022
94594
30784
98713
19590
97762
49416
55606
28919
79509
21588
38016
54618
85217
54584
62653
88539
77477
11894
65705
15434
80906
43083
43242
36609
89487
23054
46637
29237
66407
5725
56878
51691
30896
10595
69280
94214
48888
65915
83890
30441
72717
48105
69117
64623
15598
18896
50900
32874
18592
23936
91688
82850
2574
60462
14098
35600
19707
48781
92626
6112
52259
80017
57548
6630
16759
43297
4472
92621
18270
26808
50023
50622
60853
65578
23552
19306
23422
70543
84792
99402
3889
29877
85972
24677
2472
76373
90176
25027
10349
53047
8711
96804
551
76311
83283
76047
57031
2175
51588
12109
44099
12086
26092
65236
28841
21746
89106
2685
39867
13216
20573
55633
13590
85161
6458
2973
9786
17689
384
56467
97907
67605
13153
57700
24966
16037
2174
15991
94628
88290
89712
71543
94128
18225
5371
42473
93307
1975
47474
44319
56814
91593
71512
62641
76575
51558
62309
35780
66506
16769
22258
32109
57109
89062
10871
60919
17812
81545
19837
82493
93270
78564
43272
32512
98299
82381
50833
13725
24868
73196
2496
59655
94925
76310
57288
97769
64491
92798
9357
71740
362
75192
93791
47121
54649
84312
49402
40368
47939
90474
8116
71776
94229
54497
92911
16062
4595
18790
37538
98859
34733
41792
62349
71988
688
73069
45851
52109
39588
96439
41878
18520
654
10326
76098
54794
9128
45812
52955
47021
67721
42352
96086
95172
84504
11696
20723
57211
37953
50164
15624
31952
23072
27904
17338
13602
74060
10423
25686
90803
65975
58908
22222
52530
29785
15774
74212
56503
47473
77625
66444
63836
92890
13802
11974
57774
76273
55202
95658
6762
22268
71309
57084
4425
44384
94008
47516
64765
57496
92432
89453
57025
11766
8018
45442
12851
17865
29837
88212
14681
48166
3827
74933
93494
12970
47126
95332
38393
2218
90921
36039
94555
86312
79175
87196
91978
40345
94940
23310
97141
64279
29871
68957
23038
92930
66597
31594
4273
92061
76908
84615
13643
64629
92564
56177
32597
78146
16540
22704
24534
83968
92774
25374
11893
61616
94895
38979
30426
52256
42143
87259
64162
18636
10068
49098
46834
13808
71981
20632
40919
71901
39493
15126
30804
81877
47759
79008
93826
34684
29774
99408
8651
39385
19432
87869
90043
84676
65667
54934
82695
66086
37054
55175
57811
71178
73785
97915
43439
39427
64422
40604
23220
51150
44156
84662
33414
77034
24519
9352
36388
14955
22574
9013
28265
50004
15939
80657
72154
41303
58624
72407
86480
34376
10869
27319
69161
91228
41844
63968
72889
38784
4144
4841
38568
44627
19386
65100
17265
53969
36967
72909
4996
70026
6763
58041
51393
98327
29629
73960
94521
77584
75056
83776
14662
83229
53269
21789
98733
35401
7295
82284
92012
77216
21634
85680
59353
38428
64550
6377
15120
12675
25638
9711
17724
49017
22203
92875
7364
78737
56957
23251
20677
62701
30688
20811
54094
82989
6790
55318
55006
9098
81677
79321
54333
26036
50766
92449
64735
81679
96527
92740
8064
70466
92097
87652
92953
48567
16741
15312
14152
70065
14353
73941
34732
19152
3665
81652
1038
7336
97703
88168
98044
50238
35660
2209
48110
20967
3239
69829
32776
51386
15220
7459
24133
45394
69878
66472
42317
76720
65476
19528
45286
51956
47227
34506
56995
10312
48758
53985
21326
24569
69718
70374
51365
18209
41782
81043
38741
27752
36213
43907
73922
56947
2127
96903
65587
47744
84579
21605
62035
88760
67002
49697
62205
54614
30751
60058
82294
35891
28800
9222
44174
6423
84083
27307
59706
44326
75355
86798
96544
58729
23789
60191
40440
58916
63238
83009
65027
81796
98367
73748
94054
80752
7143
33300
11084
96090
49837
33958
85530
91786
31063
35362
41597
30891
1474
64217
58667
27693
21833
81900
97994
80655
50125
4439
92963
6813
27673
1160
73034
69077
59373
52034
63120
33151
11086
76943
73731
13768
4136
35677
5197
42848
3475
25713
30101
51928
83830
30659
681
82327
26861
94776
16620
43883
61605
31736
77943
77512
7390
5752
9220
2775
20905
57321
22037
69773
44420
31632
42747
2012
63735
18426
66757
50613
66027
99968
94974
93765
97430
10632
86378
58769
59078
27064
99977
33456
11511
42714
94120
81801
99658
72981
99597
1585
31571
84980
74822
50846
93370
73068
38492
67477
48594
81187
67439
47107
38107
87235
95533
15495
38757
61528
83955
50159
34684
39864
37304
31773
51673
97880
69398
36508
68388
7544
67123
4273
5834
1257
14501
41718
31082
23260
36274
67623
1197
94381
96600
92936
59213
98730
21032
46722
99909
79812
92058
71759
16914
55260
86465
48778
90774
17840
12982
34885
24583
39561
36962
62994
2954
69095
35303
39189
53805
75435
96318
84898
64181
47986
63890
56495
68658
84716
21192
91865
84846
87014
38502
35467
96914
45835
85587
45210
80788
60609
55908
9670
75270
50764
77032
5577
74271
71932
94290
52648
70373
81178
93467
31978
39512
87150
16393
95585
11317
68891
1180
8302
95079
90708
59184
384
50199
17633
72162
84641
47375
39640
34745
63533
54326
44668
92036
39467
72265
47980
99107
59806
33606
4698
48214
20772
22827
86237
20748
92773
37763
11204
31384
3284
38624
91691
24569
34793
20131
33673
34458
20290
48264
26302
28872
42253
95195
60647
64490
2597
24841
79466
2626
82034
4435
59973
53968
92835
72702
93535
562
5060
56490
21378
99948
23214
47737
9130
65012
25205
42741
26675
97097
51537
8657
25205
26823
98464
40787
24322
64894
9787
73329
13111
88464
49397
20009
65632
68412
76764
71522
25619
20074
55753
57293
42898
9023
46142
51032
92526
98789
90201
88365
19162
51903
48780
77927
45763
30229
73616
68759
57269
63179
46571
75883
9779
13604
39058
3253
8241
37304
3009
64290
95178
86370
52460
47366
17127
61454
26153
29674
43230
21245
78965
49119
6388
89521
25
4636
15119
97994
78448
92052
10166
59676
68230
18509
97208
92493
95500
58560
24312
33397
82703
68664
29408
60570
31055
47364
92206
63821
40497
2989
54202
44058
78726
12751
93175
515
89377
11584
13908
90023
70555
11981
17321
20861
23670
44178
75262
59196
98319
6032
50564
92444
18010
77108
85774
80293
66368
42639
21942
8688
51361
70720
98718
56228
84436
40772
60420
10314
48624
3882
66701
29017
48791
77094
81631
34565
56611
10394
30843
55709
62445
37998
7196
93421
20146
8161
97634
15574
80211
26782
67951
62832
77380
44210
98348
38728
96143
26390
76412
38715
54493
31226
80291
58707
25397
65007
30939
69040
82471
88766
28309
58432
60567
52848
46322
92429
80540
94334
16199
32934
5109
24381
99753
332
18246
67987
78198
91397
93729
52777
39372
33604
92707
38500
16539
39733
12108
70996
16371
59599
73767
61695
84641
65584
48794
49481
24506
49258
2620
78338
47310
29099
8664
57999
49892
56068
3614
91774
92848
86703
59856
56817
42106
92170
95661
153
96610
10964
41104
6477
82090
87042
39592
84839
54542
53941
47832
38890
58433
69764
28710
50551
24962
59672
46368
23457
31730
49886
86586
76393
51401
81994
95671
8061
97771
80081
92767
98879
27704
32595
20045
63398
31969
10023
40052
10448
94395
17507
35982
72360
78445
69632
87688
25449
85465
50863
32321
46574
64154
79381
90333
66919
31807
7408
25330
71208
49209
44865
27483
74251
28607
93682
97693
10268
95276
89203
68396
47816
24160
67789
91306
58854
69344
42045
86366
15717
49891
63091
10302
24744
40397
48215
74322
93268
35253
48954
4522
42687
89420
54791
5265
91288
53958
69551
63877
68743
80148
26731
96687
93373
5856
21737
19975
85010
16192
26806
54907
97853
34299
25662
51156
8692
94061
48027
75621
35000
81456
16008
48308
47257
2362
47227
56812
28599
92720
91917
16031
49782
82409
10813
84722
61606
44390
58339
7382
68687
13153
68995
77008
31130
51984
74196
23470
34084
72289
99338
50253
33065
22986
21437
26009
7669
14821
28599
59990
31005
53601
88340
98215
23948
80410
22016
86796
1795
43350
46232
62584
81158
81189
21216
29901
34991
36003
17723
18249
53848
54848
15391
61585
39619
55439
40922
57575
42113
77661
71448
9635
77074
82443
86763
31661
66777
58377
79309
56355
89532
86884
73386
90186
21253
1858
33738
88115
69175
67724
32544
18357
68333
88770
66381
24669
63776
8455
28997
72101
75221
97752
40042
72460
73214
48408
82808
82490
34459
79566
60987
99281
4250
91603
60306
93146
67491
85831
75153
70010
27597
56664
25981
38764
53849
4348
73457
88835
13228
65717
55647
3440
25457
54384
46894
35672
38356
14966
27199
46204
7161
68136
53740
99193
69757
98362
43282
16125
22800
88623
97473
76364
47279
9618
56735
84789
12807
68030
87849
80656
74495
84392
86738
19091
24010
62080
90016
73342
68405
55483
17154
8588
62366
4030
82071
67101
12633
66814
12697
53335
65982
6171
55385
87756
33396
27821
26418
56175
55945
55717
36450
29127
95898
6005
27162
90500
11187
83877
47430
41531
52447
30255
14344
64260
63723
99011
98684
56061
34512
72848
9771
60631
58704
58853
9737
6767
12905
56516
67847
58736
90278
79802
98042
55222
62865
18907
89372
15800
54053
79931
51766
59492
75329
30924
15191
32454
15679
3588
76661
18830
7866
76861
51875
38451
76246
50234
78889
29977
5845
39978
43159
55966
75309
28266
87048
53839
78870
36048
958
88074
16634
85308
10453
91491
2305
97205
99573
63679
51647
7395
461
57524
53082
2769
71802
58915
32640
37644
80390
56287
43414
73005
76821
95410
65459
41406
95492
40114
9289
44868
10031
47324
27582
13418
63271
45236
58794
25714
13398
3877
27910
21666
50994
21220
98387
63922
8379
76642
92992
67045
43042
30157
43161
85685
72797
75728
73806
36909
97701
15513
39532
23842
55711
78952
95307
80333
62131
15590
20906
67408
78678
95721
99795
66879
5130
4958
77069
4776
11478
87461
82597
96380
79162
72760
40806
48718
48953
5393
75444
58083
44437
38591
19984
5703
35993
61183
5603
10825
54018
56709
30583
50897
61138
64462
24664
50096
55685
28151
61567
2361
51725
38696
44040
95952
68448
80202
27580
53963
62253
4781
46460
84047
37748
78301
27353
81594
48164
81007
18418
68841
19062
96485
60645
9768
33646
55576
96247
3932
3590
95194
1461
8654
30412
59275
93287
74320
11392
11983
46197
2586
96801
63353
15943
21483
79322
80362
64626
81149
1675
78828
76652
70268
87991
98793
73333
87772
37121
59084
65015
89384
91843
10864
18663
6385
59801
97444
30909
48314
86554
43196
66082
94570
47156
94940
95206
1016
57156
18042
94788
59196
39917
56512
32777
75516
58302
33471
34005
13576
1487
85442
64786
60954
52191
56212
47822
89614
31919
93476
47868
42125
12401
91521
3819
96866
12526
69094
80502
61594
87172
74491
49144
7824
27314
47207
18480
38390
74459
94476
66414
33899
76854
37999
38176
88832
25591
1465
21371
74556
64125
87609
41236
42357
99006
29263
75694
93979
78112
88258
91754
34427
50864
39861
73998
87209
38009
47866
60781
86627
24355
60304
58971
51219
3105
98575
25459
78350
61341
74433
30875
10793
4338
40249
61469
93492
46260
79764
72575
55405
83867
30229
51352
71010
69292
20579
96164
23354
97773
47099
29552
44171
9163
44115
14655
89912
55984
87239
44691
81489
58986
29689
47419
64164
50431
21986
63671
35704
89216
95016
33992
36096
39053
16617
12381
75579
82057
27113
34506
56573
72823
47773
39612
48070
74348
52790
656
9098
23309
71047
88227
58899
22844
19904
91299
67395
41228
47603
27863
33820
49351
12114
42494
59432
66534
65947
98655
97299
45707
40749
84371
29019
93177
86843
49203
96507
64504
38004
22813
90067
46308
12861
23160
82654
48787
9927
36547
37322
55383
20364
61608
3984
14184
47138
69611
61310
88469
22804
91527
53238
73224
77364
66537
16768
82778
37982
73920
4997
36046
38170
68014
383
79210
92076
84810
2671
96832
29561
88487
48536
53438
35870
15269
26050
79227
98830
90042
53435
16769
6433
65641
84708
43673
73757
77868
39491
186
73531
81730
24592
24957
33308
75837
89448
14695
44883
52355
91451
53455
78921
98710
62299
18761
51640
34373
17854
35991
72984
806
42938
70987
88769
83180
8463
79916
44780
81321
16846
9386
34500
34086
69130
34533
18087
97377
79962
69959
66059
82035
97925
98433
95335
27631
53522
25097
6196
85730
53758
67230
68011
72552
47435
1322
93941
31777
27181
67143
60769
81437
6190
96605
93391
10204
77217
39522
28498
13326
24368
97509
33527
68653
17408
15260
42519
2995
20785
40222
39389
5659
64010
94099
59131
36610
83233
80517
17662
86352
58576
27531
32174
20783
82190
28475
78006
15112
23352
46509
34819
516
89710
19243
11615
88181
8590
71445
56887
2854
93236
55914
59168
42369
12314
62469
58142
83973
62677
49997
69915
31556
24095
92023
78864
20343
53308
26992
40289
22763
26108
17747
14910
80526
41756
83545
93243
35202
96513
6337
16903
43094
56311
66500
45322
49922
47241
17389
48746
8691
7838
8245
88813
69058
51964
13228
86175
32371
82851
70656
83245
37987
18342
25452
4202
19916
75653
59731
20010
11417
52359
13139
36884
9114
62732
30089
23411
25342
66641
55976
14123
95241
32108
89498
9984
90928
45479
77718
37440
66901
31095
66190
67458
27486
36298
16397
82616
1293
3043
27792
59741
68561
19962
36810
34866
29343
23704
49497
55798
6114
1522
43885
71479
64372
52179
27757
90715
74485
48384
49363
62835
33750
72137
85863
15125
72256
13868
40472
34371
54726
66613
54052
20831
74852
88095
3430
771
86722
61850
28991
87952
99956
89091
33651
92235
93173
73016
25413
74385
48915
2777
78081
87511
33348
1796
5357
16024
38361
82988
8898
7544
95940
85936
76663
95025
1727
93650
19886
73423
27915
4940
89478
25090
7562
39853
2697
39592
95489
20928
76577
17390
11684
80323
16715
92055
24451
80694
88343
84759
3416
53131
771
83781
13385
71715
28311
47549
48987
3689
82256
32880
24348
83908
16472
15911
88698
73859
29409
85021
29192
36189
76177
74529
15944
46740
30
46753
89427
96949
10423
9668
32224
82010
9861
85394
74156
31250
6333
37848
66987
23494
26222
74332
48179
3270
64247
56816
88502
87008
7239
36702
79926
44221
54301
62898
67012
14875
67918
97955
82223
88526
98427
12219
45085
61887
10410
41640
51957
77526
66158
33081
89090
32446
14542
17974
43514
25890
98465
39886
91022
48155
45621
13109
36647
96520
51145
99056
53620
53352
16147
79291
94853
12866
28628
82541
93351
78303
68889
15398
36814
94395
49954
65535
3691
90346
8520
23870
3907
83131
35889
40441
30048
10380
67521
62895
67925
12495
44419
67686
37931
22777
14518
94168
54467
12653
29411
90209
89263
97580
36998
35128
74220
68540
61736
46131
86375
71566
5655
39224
92373
2608
7657
4929
68238
40757
13688
9949
23235
18912
74122
57274
56748
6263
94946
14044
65204
39102
88516
24072
22801
5127
8628
52864
97995
52227
2057
67813
65751
78458
76454
92907
89603
19575
93256
46656
17506
80321
16868
12152
11268
80078
14312
59173
79446
20910
29075
1436
72294
37188
41916
88029
96566
94465
9858
6655
34515
97695
14612
68512
3749
85822
57557
77371
87896
96803
89682
4282
17157
36174
30028
27529
58295
98372
66427
59251
54074
37329
62034
35237
41956
55479
53760
33627
78258
77264
96246
86945
53884
40944
57301
55368
66825
64085
37419
77622
16850
89107
48163
47854
41256
38633
59835
30547
27568
61891
56381
74528
35765
74109
42144
33289
80217
48253
80004
45298
21216
5054
8564
71914
36508
2012
1407
32482
37718
83853
83056
69766
98539
2878
3529
32631
51766
73512
23223
6659
38889
35017
19550
40668
29555
30366
46148
61041
50324
50159
61582
3068
27052
38942
78488
23132
48552
90643
34839
39865
83244
22853
38769
47544
30481
88363
42841
6160
87042
56919
71202
40540
29321
8441
25575
86521
33152
28186
69398
22976
32088
36736
97064
58181
26263
22370
90948
51347
44047
79696
73351
94721
18928
73032
98320
32547
55274
60528
29686
31190
20760
81513
92078
46137
46365
50495
98912
64517
90368
4726
15347
85100
12785
39330
20467
90966
7709
67891
70142
54333
63081
90154
44570
29874
34873
15505
45178
16447
46627
50784
55065
18838
343
99597
83041
43765
18423
55082
57365
3273
39699
14555
80161
98778
68667
26922
18343
30637
9777
26443
29858
80568
33987
71998
55776
17830
93275
66250
72457
34087
96515
86089
83399
94171
80854
10511
56198
21478
17977
41106
80936
44111
20543
73729
88337
38475
23873
1755
3970
77247
70740
24758
39848
20284
45155
11880
5979
85103
24085
45997
90078
36621
60575
50542
40524
15466
1591
64495
6711
29288
91697
42184
49044
74660
73911
81595
79921
49833
3379
82673
90808
39324
55030
75655
95056
48367
63284
37245
71447
18576
90968
627
31308
19890
73487
72926
65325
75795
75086
58387
41432
26773
83322
70202
40704
60355
37284
74414
94256
76194
11893
37899
71940
20891
22274
12415
39692
93365
23712
94271
51736
82767
6225
71384
27173
80322
990
79627
36941
74763
43111
78348
92745
34023
8656
81809
16538
7231
35368
64022
5942
73268
4344
39687
61338
72507
19978
49691
12966
77289
74327
90688
46903
35761
97436
20951
47689
67677
68580
64373
6776
53564
78133
15631
20689
62937
30083
41358
35447
32579
20917
70626
72331
80381
87228
74055
60979
56770
46576
79442
40945
22581
18143
43588
90518
42299
51755
62024
29046
41115
44282
43187
69099
82812
35723
76603
81626
11983
40638
35756
97627
36889
4539
58721
95311
49875
44635
46377
89239
68579
50762
51312
35743
20096
11044
4507
2137
33983
18128
83921
90397
44838
84474
42659
86629
44980
16469
50194
64261
29321
43715
57662
17540
44456
39359
8814
87930
83773
63126
45546
75323
95649
98420
64288
33829
99005
87316
33438
3366
20168
48035
32088
91304
82018
4181
43018
24647
46479
86464
9026
28549
22343
30331
67361
97672
59348
64524
80593
66840
80282
82806
39622
67422
6152
97757
39720
48265
61036
85827
55574
2008
38720
33535
25934
63155
63681
87589
12059
24660
15354
28985
18807
46695
62074
59012
58064
8623
40095
23122
60133
85089
87024
22638
66909
55011
62421
95775
62616
32722
27660
37952
16086
65116
92546
33831
15720
82222
60357
68388
21935
69929
88109
75002
3633
96633
93866
94869
22382
11391
17922
85791
70764
79957
58947
51809
81473
66722
32201
60093
41232
63444
69801
40637
52887
11218
93277
87607
44463
30481
373
26167
58903
7048
61196
75567
25911
60858
70135
12537
85144
8394
25817
39611
97371
53839
88871
86432
43522
15932
9576
60147
17116
28131
42080
66535
17542
73476
40619
34743
65005
59562
73829
40157
81295
70653
26605
3473
51907
38514
52725
7414
75651
46433
9319
70336
30185
90779
23969
78892
17549
8211
94962
37014
99059
69720
20811
11290
15711
99745
19617
80531
4952
49134
36190
92578
13961
13188
5897
43049
31611
53513
10907
92793
99187
6025
28896
7386
38212
94730
64282
12137
56235
75347
58612
18108
92616
60948
48010
82569
89782
76699
93068
56206
23218
96582
80059
80548
70070
52904
95212
11727
52263
377
18234
80112
24575
27514
55764
22534
61782
15148
46406
5563
59998
58562
15883
40713
37106
50718
7372
23883
80445
49700
35267
78206
3129
24323
89923
27596
47781
14591
35801
25416
40807
83658
46902
84442
49702
86686
81669
96660
10076
33677
72961
33462
8365
91819
26110
87127
1943
55229
78859
29875
54178
36665
65543
54028
20830
41577
43058
46543
16954
66744
52757
31903
47853
18845
75845
92925
27174
75229
78025
4624
44464
56192
76960
76182
75047
15325
43549
20229
7601
59101
23171
67446
50230
2224
51333
47934
3918
1664
91462
68454
26762
10295
13976
75223
13742
95555
73917
64923
71084
2582
98204
683
47085
66068
24887
18112
15528
62654
64435
86005
66479
47237
85520
3829
90032
29429
86510
31111
55644
1556
535
33080
71497
58028
56176
99407
89954
15170
49589
48734
69193
48717
94872
30915
46344
58622
23556
41750
76508
12549
22207
20746
40440
17510
65877
66184
81103
91249
71890
56192
77978
58239
83673
17376
15638
19751
11982
44114
90521
72557
5393
44543
91050
87135
36702
71375
5618
94288
12092
46511
51651
62123
75488
488
91286
14242
14764
43538
95384
65587
31188
4672
11231
47567
43661
81680
32324
193
65198
5230
63705
30452
46698
82744
75767
96864
42881
82839
29223
4717
11110
92934
52612
6256
83252
32279
13031
93962
39646
47704
87592
34573
31815
19894
24160
68386
94523
20408
85339
79370
23107
36624
37357
57593
99758
6804
66439
21942
93682
247
92097
6453
7806
54398
16064
51194
20359
51698
65532
44937
44059
32324
67366
55995
46435
4269
56956
85739
65156
36146
33990
16759
85971
55286
68137
40919
99725
17550
90075
92484
58761
48385
80517
24645
86731
2806
75357
45048
1695
13369
79298
30882
44284
38308
97341
11363
38913
84555
32519
78812
8686
66438
60251
91103
52940
72012
95692
60035
15997
60195
32900
62229
48421
46404
35235
90424
951
21980
25962
87181
32130
16179
97062
21035
44363
60583
83815
37062
76292
14524
34702
77366
41158
27378
1420
38486
56142
6208
75021
61454
26445
57836
96263
43997
14472
87757
93581
21763
96583
28578
52606
63572
73692
81955
51424
17529
42542
69944
50759
99461
41579
63865
7844
60652
58442
23627
54257
6781
91550
40728
27030
39662
78882
66210
42355
53936
11706
81089
78679
53591
3260
54635
95881
18450
60923
14231
12545
44294
25023
92420
22357
76963
39756
86585
8966
98558
8232
97781
2586
56572
1849
63274
53969
57665
56142
36068
23235
36222
99907
9152
14915
52974
11528
63724
68749
53540
93086
13663
78974
45023
4992
39269
81581
30552
4156
76416
876
