42665
53655
76774
93612
8545
84927
82693
75549
36344
95168
64577
82509
79261
74632
44063
61302
25764
19121
70762
56666
29550
32714
7516
73560
91028
26465
82225
7213
87576
61213
54287
65361
14314
21210
93063
44890
93046
87643
18339
44564
15199
60486
60239
81423
98558
24101
8624
57773
89385
55298
18352
12431
59554
18142
81793
98497
75644
4585
27003
63254
68105
51075
69602
50577
64269
61675
18616
75113
97129
57682
76675
14337
22370
35044
395
30667
20561
33189
12162
97655
20853
60001
35177
7476
75916
75894
46342
74057
63043
50483
78893
1578
34082
90894
31560
88033
65050
76301
8557
16565
34227
12865
71394
79206
10671
97379
83196
75860
45187
2394
60512
60271
82003
40481
3775
2379
22662
85885
87828
22858
25133
38812
2767
39133
51009
62334
16262
25491
73481
58270
97957
15913
71988
39780
2375
29752
45429
54164
16792
76416
37016
44571
94002
21937
22944
58811
53177
9440
32771
86137
28635
52834
82573
46970
65849
14512
78677
37023
42522
54640
85679
77202
30250
4494
37569
78091
63436
43939
92342
54488
24453
60979
7024
94895
3258
29481
94504
69150
10467
57413
25638
27904
9294
51413
4449
39640
27417
28902
89609
49324
86087
91395
81049
48070
91092
86900
93309
78341
91139
51592
89475
62448
62113
36014
16597
62676
92157
23924
99892
33471
68545
62454
52872
56255
9888
64298
92454
20847
11345
29043
1325
91220
38638
15438
38223
18704
41546
96713
1997
2765
83350
82254
25067
9991
2598
84334
5435
74277
57445
60580
61894
85685
69347
19949
81122
82428
27698
61263
23249
15282
19532
79785
66986
73247
63358
2597
41312
7844
79320
48946
71345
34002
54511
8498
63029
18146
25468
73267
96575
8727
79955
4360
68945
17593
45614
21300
57116
51936
89206
25446
95352
19653
86682
29505
20014
28593
15376
90383
40593
88558
10303
48868
97265
25666
5980
96338
38412
99278
75773
54347
71947
96225
47777
59433
11260
49941
44087
16392
93919
1290
20208
36946
89932
55763
45761
48611
59314
41329
51886
63007
35527
5834
51877
82183
78912
38510
55107
66384
59440
70726
13552
18821
58972
90705
18068
9358
72247
12045
29946
67609
16763
39572
33897
25012
63418
63737
20458
93848
54736
53553
39683
40602
88908
69183
59717
71133
80936
45154
52899
76020
80578
18069
42111
86604
11071
49410
73416
24728
11437
84664
68790
43814
63352
60467
22019
9248
94144
93510
50476
12498
19471
76595
8366
12741
50163
77424
72704
35464
10163
92933
87873
56825
24394
1158
85402
78216
86797
75439
68728
71742
72332
65621
41342
27222
56125
1692
9521
47236
89741
25421
1234
3232
38519
7611
45451
42076
32523
6628
35952
42933
44885
34614
21896
67180
11258
69733
51092
24191
12684
42337
99203
22597
82235
2283
12596
46101
19080
62278
93624
41203
57233
95881
64074
64259
89394
63223
19217
54544
70289
34329
57837
20493
95906
57157
40521
69462
60792
24412
3469
72512
21203
311
52626
24036
36944
10710
32648
23520
21379
67089
27062
26213
19257
81053
1975
58574
74052
37901
74743
59666
33332
49243
46780
34017
27579
79972
31187
60376
36989
73948
13301
79424
26978
10661
54342
51753
30426
39261
81583
93509
63135
77709
35665
5725
47828
16469
47061
99929
93293
262
95810
41792
9792
38109
76678
99431
44796
93785
46671
83635
92895
21411
34900
61109
35142
56656
79068
49801
66078
15927
90759
13252
23978
71185
443
18121
87279
55403
5109
16660
60355
14147
73215
26283
27772
78883
93095
1942
80531
14188
45773
67913
5494
58056
12358
18956
39846
52875
24471
40304
52156
46018
31966
20511
50971
45380
4183
11460
26537
45744
80931
69405
51981
6633
93421
74929
67374
38914
73887
93419
18604
84940
31635
12687
51285
93365
60635
98085
82742
60228
36433
68166
44595
719
46921
84387
61325
46744
44307
7813
8716
74011
26014
38346
5868
27613
31222
30086
51693
9092
4973
80699
2340
31695
46052
91004
81061
28008
40277
77122
21560
57688
85455
95136
52932
40347
8402
35079
29963
70508
57206
95690
7382
46875
90192
22830
77727
36573
67154
56767
39046
61210
79772
44113
67868
14436
99411
57061
52725
11008
17507
73554
90720
86852
64676
65570
71652
61808
41152
21179
69305
62710
75220
53618
38324
73306
68194
18668
11472
84363
62013
6864
59274
21693
65881
71350
88937
57435
24533
92968
67107
37741
67178
54579
70647
38181
14764
84200
26838
26130
78138
99831
50837
58310
36292
1361
76690
37964
953
59183
51621
2923
69071
92962
18271
39210
19215
53586
63904
62498
35595
48596
33116
84988
23323
99249
63667
63138
77532
19871
35104
20395
67601
36100
40185
34590
61257
4631
83197
59124
4772
94360
67818
75568
1717
19963
99580
31812
6148
5142
29570
38247
8881
76785
91904
50238
43644
60520
87005
57894
36267
99653
75440
73951
14401
56550
73985
83734
43992
25876
77649
11783
2611
95834
39709
83009
73366
42183
73505
25804
39912
69582
2730
58495
72246
82274
37979
50249
79511
52237
78138
49205
38287
92162
60834
93977
92229
89057
17090
92178
63901
13698
65926
90463
29047
2283
5738
74616
2409
39642
15805
61280
97173
38903
84424
98671
42682
19155
7167
20265
83226
66177
49187
67940
15302
17263
57469
80279
6510
76861
786
46533
17447
43450
15480
91200
69407
40277
66387
25546
50276
91628
14330
69103
49799
7618
72755
13496
6037
88304
95637
34808
60729
11068
97127
89680
49108
33871
54352
43529
17860
85844
10212
5539
95047
68899
34627
46196
96152
86519
54431
89589
76819
27912
40309
9782
5549
61455
93020
77263
28818
19085
22685
46443
39343
22403
9658
2134
58070
1580
35022
22239
38211
78906
86996
60888
97726
29310
52547
26393
83768
39749
66243
32051
64499
22615
55889
66714
70230
27602
815
19317
20078
87346
92868
7434
1107
68268
48761
67886
47897
27892
80545
64701
52927
78588
3713
79568
31319
20775
74069
76962
80831
75083
18057
47453
74297
1586
59130
46322
57403
95802
21030
9960
44206
77098
31887
54708
94074
36478
51641
31930
68873
58251
81022
96054
8222
12599
83191
8363
48177
87447
57692
94166
55066
69032
94146
21424
2090
7788
12226
33026
69169
61127
98166
68009
37672
13669
24634
15826
37225
69794
45296
99508
3349
35887
67637
43018
19372
54384
92247
68743
29949
16301
44941
43756
98596
66428
17489
92081
4927
28625
19103
97638
82196
93151
64813
60817
22757
90070
33887
79430
37492
49202
95588
25624
66045
85809
64786
14738
91695
14796
4000
89825
41982
78721
44175
62136
3938
9761
97642
34378
47263
29611
31996
3459
47229
76491
34994
66782
16868
85708
23909
1299
56483
61176
77373
78926
84240
11032
98295
45827
10416
50589
35054
636
89
65233
4755
74540
90986
33527
21981
42116
1841
2952
46329
16444
42095
4565
59571
92980
34965
19267
61039
5275
11584
84765
90183
16211
35287
73911
68161
77664
66142
45428
529
18689
50036
52938
81684
97052
3073
48261
32385
82179
88802
69868
75423
68758
80742
853
48880
6417
22338
22111
13024
67344
18024
98158
32076
69166
77101
131
70993
42345
27409
32605
48827
91758
62683
51422
92328
71375
81922
79140
79734
33842
40798
4971
31932
87899
59362
50061
61909
93357
37563
28245
56479
31627
30282
98237
19905
44184
38267
61329
60009
29452
60618
16532
6519
43001
36343
81861
45008
17731
50466
29943
1132
64979
40066
90026
38758
32694
49046
23342
76884
30380
37370
73465
49140
87166
84924
6851
91487
7742
55577
14492
3901
11627
60858
78053
33007
92209
21610
77282
12663
4421
3869
53440
94024
79734
486
15303
62765
69826
26204
11797
52666
86716
62471
17119
6774
17987
74948
30843
81151
81462
80340
15847
75074
90101
5669
27633
96846
30693
25123
86215
26336
67438
58682
91278
77071
21056
17808
81288
30210
49544
42737
39205
51623
79410
75657
98323
80641
20970
48097
95380
77823
97403
64759
61294
73685
61981
99966
68232
64650
46724
90655
794
74463
58805
97175
50699
54098
2174
45124
17358
52043
91454
35249
73009
38493
75941
77271
13934
98043
39315
39014
36257
25398
43777
50258
81670
82810
6742
6373
59430
48611
90425
37209
95412
18521
10473
93096
16920
56987
54613
3699
19039
99993
59439
83067
69397
56012
34731
65476
75745
64420
55869
54995
41442
10342
9230
1147
97960
97297
20054
46942
6411
23427
29475
14820
52330
91042
10292
88684
34917
99878
63272
57829
76152
78587
65734
80447
77043
7870
98034
1367
73526
78270
15728
65591
9219
45196
86280
13387
94966
26047
78594
62406
6492
29035
89386
24982
52938
9152
20294
44888
94660
38572
50485
38470
65464
36054
98567
64845
9124
34387
8413
96878
67148
75663
35043
44594
10488
48470
10149
7804
5598
68299
21206
3499
53717
6577
35049
23197
22281
23101
8374
16526
68558
99939
77870
17641
51657
47139
86655
87977
88626
90744
8836
83604
78641
90797
2228
59187
89215
52548
79730
97104
26646
14615
43388
4973
15785
83045
52761
19885
95188
75335
54085
66890
59492
77037
39447
5842
95722
13950
9178
50192
78648
12462
9424
1493
71750
3740
97263
65709
15014
59481
79686
70705
13344
14537
25603
6119
86201
97538
91691
96695
94282
38228
31236
15895
28278
47764
62645
56928
18372
91526
45939
15470
13112
10584
85628
41849
73540
10844
76115
95028
98293
52647
14891
78771
87121
41288
91187
14597
51763
98815
88241
21679
38465
61737
28644
41200
32532
53490
23246
47934
29669
96593
32253
19464
73464
9423
89107
19756
31598
57271
69121
57151
18022
92355
50634
92604
67099
79801
23621
70452
49507
46273
8343
13338
99956
52455
51225
558
14557
62364
62482
66340
82123
6467
8635
1070
59367
93850
3399
62589
21401
86945
14135
48058
84858
39992
57774
83822
10941
12448
46687
98655
48509
92296
61112
2260
55691
20001
84047
88530
78527
83296
36360
31494
50372
59794
80160
87584
96609
22656
8938
56067
7962
33797
35126
885
54943
71066
58044
69491
97247
36728
45286
85206
69259
58503
85040
91811
28603
92638
80704
47130
5989
52516
53943
72234
21442
82798
33409
66896
33258
91564
38018
36960
52676
10722
54516
87211
64388
6816
36439
37343
25238
62949
84678
78017
63106
45710
59861
38367
91974
73601
83820
20748
66111
13518
31680
15840
77256
24386
4355
57494
21414
18181
92192
23703
61185
37666
67195
30243
575
46416
55024
8927
42486
38450
22358
96616
8440
68831
4221
38072
64056
22180
33660
66924
57623
24805
86619
45421
57802
32501
41005
49713
78372
57847
40746
32930
75552
26504
48364
94151
57968
27771
41573
2322
51796
13365
61824
89757
21710
88327
18077
67382
93380
64935
70845
70471
15524
34162
31334
40948
15794
43222
12474
12551
61494
31269
53888
76395
73714
57439
13176
32758
26923
46881
66330
95829
83
61132
43065
8555
88348
64498
68316
53308
11507
62138
98555
62149
55574
79989
96415
74989
21534
98254
67970
70166
58556
94757
71607
79473
7120
79224
21088
97241
45643
21721
19322
67469
61829
79925
74178
45808
40038
42752
5801
54316
13255
35167
78227
90124
29873
3693
67526
21867
7121
93863
28240
864
53689
40932
43506
44099
98987
3267
85401
87666
42596
42278
14872
26449
8907
1373
27180
17570
72684
54006
66069
9772
92894
77382
50398
89022
94971
91751
58054
10030
68980
78731
86433
62886
30854
27290
73558
71471
91243
45272
50191
67194
86832
94733
71201
46967
63442
15139
95522
34604
78751
38526
50851
30321
39344
16461
38951
8649
84128
6402
68378
79422
8154
52564
80061
51313
79303
58839
69397
59623
34880
226
95026
53512
30968
71581
67753
72500
30515
63710
23687
38078
67859
64268
35756
49709
22217
74986
74929
96700
83299
44861
77480
77336
69417
2793
98096
92714
66152
36008
59693
26549
14960
63679
53480
52080
41161
36635
66358
73542
87572
76193
81691
19231
50451
39063
42831
10069
42858
43476
61730
32987
83966
6377
23990
27749
70570
93920
31211
29682
10406
80599
83959
89444
96106
21217
59063
92690
35322
71373
50355
43081
96719
6179
27044
53382
45350
93238
78900
53089
64058
15572
74414
29201
32323
86397
71737
14798
61864
69616
58771
94475
18431
60271
14479
36216
21850
36234
57475
96172
78863
55916
72468
89019
30839
14416
10760
58385
58208
55578
80136
77823
53526
62927
28359
89311
43617
74517
47019
50402
59411
26786
22158
4215
10496
75772
29837
61942
94984
67702
19885
94067
25153
37904
32181
9428
10275
24874
80209
80891
38590
96918
7818
93639
50019
89619
26497
24745
5983
47603
25868
69814
59820
34435
91063
60372
60539
42020
33620
97449
70291
23831
95005
17564
18169
38550
42761
97921
43711
92771
23350
99270
45443
43569
12104
29513
25468
7516
25367
68857
83664
13675
72969
23913
89462
28441
66693
96332
23634
66438
32831
16442
93328
53968
53634
48060
25009
94436
28187
772
42394
28336
45110
92057
11246
77367
63355
71188
91720
107
38860
8811
95939
81469
15457
67953
46398
79954
24544
29406
97969
36100
33540
14766
5252
6838
29067
66777
850
42532
92484
12886
95540
59263
61674
86745
38691
62332
84372
984
23563
8745
48204
16021
54027
86156
18682
41270
88844
4372
78215
9293
99012
82964
45583
24528
92474
43403
20647
92363
49399
85221
66953
72436
25698
98089
72332
62600
57069
62623
84214
4013
25975
73668
24743
26437
79967
39482
97698
66355
30693
47612
1062
51376
9269
28961
37057
72576
21718
133
63405
50455
5210
91293
57659
97793
37695
11174
15673
16905
45752
9098
56960
56250
60706
4043
88981
63698
48165
28487
89459
48341
74782
83306
9460
32844
52998
2627
63504
80739
22735
52669
64421
40689
20232
97530
65878
73814
67334
59496
45524
50794
39884
93464
99106
60549
12517
39677
68583
2630
27448
12914
69582
59593
42182
24252
80320
98642
6443
53051
85392
2887
18667
97152
71711
25287
48990
31261
840
61292
53253
84475
92221
98287
48933
35574
71532
99360
2969
75794
10428
21039
63176
24906
18251
53661
48002
96270
92433
50571
81985
57902
54631
62563
86277
46468
80172
89956
50013
84567
30399
58314
46727
4607
19155
79442
23139
46086
89131
87069
83324
60313
68714
1219
51629
42041
25410
68149
96644
65352
92988
94947
31736
89441
55006
20611
71001
16079
94571
25779
25261
28753
94669
86679
35457
72185
18312
69622
92950
9088
65793
54787
33034
8456
85728
86424
5028
75572
42556
18427
27440
53295
47407
32362
3832
2798
62858
81326
6141
43620
22296
53880
71713
1495
54100
13220
99943
41400
18495
59031
85228
13171
90379
6673
4366
42298
87492
40771
78973
71692
59014
69480
67781
37283
25736
9603
85120
23135
29573
29573
70875
42496
7047
29561
77126
24663
71793
75919
43814
20084
61801
2998
34742
23669
6083
48861
65704
48871
89638
14767
56375
93304
94005
99925
64858
81510
26825
51086
92424
48234
85431
64331
60964
87676
61536
59545
18923
8266
28425
28066
24952
45539
97779
12802
22094
84389
53924
85289
57608
41299
77504
39464
97686
98574
77304
8472
6156
56488
45145
71040
24767
61327
76724
58716
27354
64202
31537
16285
78232
2507
2242
77009
27607
43355
78601
34687
9044
46803
42679
5561
15277
84899
84145
77189
73323
18790
70410
78909
90188
86002
81294
43000
99712
20792
805
38631
96819
6305
95156
4861
54247
38684
40250
73976
77773
88240
40482
52894
93413
537
48300
68517
80091
99973
44938
28998
62655
25909
14170
83835
1583
72542
30057
94291
7887
51553
37138
54758
92172
21795
85644
73049
92618
14625
92057
47003
93822
6550
36775
6957
13208
18930
91717
17003
79156
44501
67795
36254
66414
55697
56867
97032
54208
26941
64881
12719
14542
65763
40818
11600
60845
21877
41574
8305
42998
60769
14548
2761
41485
50765
38055
41001
29925
50444
51878
90888
46810
53724
82608
69828
3394
59549
48997
82078
24674
56100
76031
69705
80205
999
82755
2135
70428
12607
97986
92614
45537
21899
43445
13934
63650
7454
72422
40804
33706
56524
68072
90392
15011
78067
26515
47060
16750
12358
87688
41304
75226
91475
96412
44925
45278
67573
53182
78235
70905
78613
25304
13187
32683
74243
89944
59511
38697
74658
30183
70931
44729
70781
95421
10707
2884
74112
10338
33772
87913
81589
69938
39584
61581
53377
97778
65811
82148
5542
56693
81801
43753
93635
35966
61999
8686
1185
85266
40114
20924
52675
14089
42961
75244
93185
97764
10744
68553
88741
68639
72871
51187
93239
40116
71726
43123
94190
28967
85134
90976
19297
43707
42660
72957
31645
59466
7247
87671
52268
13877
15922
46429
10155
47843
15488
80400
46490
99473
7641
19336
1909
47956
73669
23481
67047
92882
12214
45877
39531
61763
50475
50253
40387
26328
41786
14659
30712
39443
7278
61581
24410
61778
82797
7606
81519
6981
29549
90334
77299
72310
58337
30892
76167
26838
75655
17845
31272
69863
92746
92987
61588
32045
67301
12224
53037
32337
48115
46269
66997
62732
9197
32929
91935
70569
89950
17692
53621
33869
36774
1107
41524
44019
73138
29692
95387
89314
8723
96942
64746
47429
58892
80871
75918
21652
19606
66952
14949
83666
98519
9272
11697
29184
76532
73725
39827
95084
90920
94021
72077
87322
42561
20299
52106
67672
24502
25958
60958
80342
6885
49958
93122
40305
98150
4598
3394
44396
24556
92387
50092
8206
12927
80570
50410
95659
54858
34910
65142
18901
54246
46936
53692
84070
70474
11407
38930
49893
9303
87167
98724
61272
16335
76069
38011
832
82444
78588
4909
64402
20434
72683
3821
33288
34003
58539
13315
55013
68504
54257
27276
20033
99871
12179
6951
76322
86457
72917
25906
78466
3631
79733
36245
87957
93303
74185
43271
44475
29945
29021
96993
33318
28766
52699
64963
43619
36226
7708
91611
55340
82820
92371
7775
48184
77343
19411
91774
76193
83227
95237
96980
49072
53713
83510
99076
97807
9098
32659
34187
72363
21119
55748
31197
66917
63910
70235
89367
36330
65843
18930
43442
90850
10754
23090
98452
6415
15667
8068
50259
11121
70035
23339
73609
40214
90142
35506
75689
46349
74181
80377
17972
33333
71479
12399
31889
38826
90781
49331
56778
98681
44935
29652
90301
25909
99186
41721
47055
94542
37700
2550
81685
43819
8668
31355
51543
25620
46858
52039
2872
46689
960
81813
9059
84391
15261
39978
28266
2044
87814
99281
68718
97648
33663
62377
53177
22574
96026
69968
41389
53465
14620
1099
10623
6247
19705
20064
26624
33595
45114
91703
95282
38331
88925
44566
2431
40071
3694
19439
26503
20384
42784
66081
4037
26389
44095
19186
58781
42189
79321
19596
85793
43350
20263
21662
58877
3931
45388
16840
52076
40962
65367
34305
15130
1550
88710
9389
6235
25606
36626
50896
75099
18179
23142
18792
28265
81907
25080
1820
21754
21634
66735
24679
19761
50464
311
95078
23436
33040
68919
75980
7655
5504
2198
9137
92052
61824
89022
59967
4202
55746
56808
73416
50335
96412
89598
42202
37542
45415
99900
23120
63024
90988
12627
99109
48964
18857
88313
78115
52179
4342
54980
27541
1974
65374
6880
64759
14178
45449
55640
13424
3084
70247
45278
87560
68751
91014
94701
87008
32683
69522
99474
83667
77434
65506
36534
43844
1582
68115
45582
6804
28794
5351
34919
75016
60397
33995
16439
89785
51312
18488
26948
58203
49962
95080
73765
33559
60047
22393
33836
76957
9291
72802
94386
35821
95102
61993
30494
99623
89978
52018
26575
32318
83164
68191
93589
72831
50535
34395
32449
87364
5034
24314
74546
57426
15678
23054
20606
37742
99446
75945
62672
23096
42975
6406
88338
28406
76465
50542
28136
60861
98202
20037
69518
97841
81555
49
74134
44
7594
38629
12786
90806
78011
28693
35648
38382
15074
34467
37158
53106
97138
9585
23707
85109
76586
60605
21514
14126
58878
42986
30174
19488
45871
54664
18575
16546
6159
6611
80715
65231
45020
52647
6920
75595
26137
47203
28407
30316
23776
36000
10439
87183
48233
97875
52305
68521
59777
55535
93106
39706
68924
16856
76305
26522
15846
76619
12890
39283
42122
13552
34739
41759
26964
54561
72607
45796
45328
70761
75087
12034
51857
18947
43511
25048
79422
70523
95439
26233
14603
23842
67553
78902
2712
71307
86471
95137
60455
30451
6247
2091
46939
75655
12322
34311
43275
40817
78070
6662
6708
53711
81678
22472
42532
38893
31491
72420
24985
63710
33290
21657
57357
50579
54285
39621
11582
30978
24661
60688
69056
24695
25110
72099
85740
46344
98766
37028
64204
29888
2977
90378
23610
6690
92493
96816
59186
9073
5096
86060
47174
21283
41469
25969
88239
31560
85195
698
6933
55307
94985
55030
47786
76969
49314
90465
268
78035
91158
26947
40271
96830
70773
66304
57661
49631
24480
38203
2128
88726
57272
72011
16881
53768
85518
34136
6722
84170
35728
74301
66811
86129
28022
4122
95942
10417
26634
59633
62238
39979
95568
52481
45369
96702
86476
40390
73071
82198
41643
94086
17982
68697
29388
94715
87492
80824
83653
73854
30757
43985
61399
6120
24077
23909
53387
14047
10532
91618
40348
61346
75337
57173
38822
67399
7909
53940
60580
73435
15005
49185
57198
98352
73928
96433
9818
38785
36115
38118
33113
76258
24270
56988
47624
8116
7813
6827
40266
80842
18270
40453
3223
37615
39482
69366
77137
75308
84876
47749
23193
32510
51640
99027
89216
15863
28334
64809
45154
67498
16084
20776
35512
82341
51113
78842
45709
11970
24653
25816
56939
25529
16761
7943
24108
57661
66986
34957
60378
24805
53660
42023
86509
29610
67008
76579
19570
17201
50832
96082
95889
8394
88123
59301
32280
89167
93129
55828
28540
61362
79002
76307
90826
47941
67080
16826
91961
65853
84485
52058
81526
88702
11045
62116
35845
4717
17924
41847
17129
17917
28905
7041
29513
71416
58363
28395
13550
99044
24603
84710
73857
52035
93505
94119
50408
8420
19073
79913
66128
31533
76912
4557
3247
35316
67809
45448
27329
12417
75160
36172
71179
94121
16113
23707
3737
42317
72587
7902
58059
47176
54686
15831
44356
95118
30543
45731
8503
87738
86461
78470
39331
35754
68240
78064
74722
70265
98981
95889
88577
17280
22011
94512
77815
15107
83967
72587
60839
96033
71529
38306
9543
81492
48296
92285
77792
30146
60224
5002
336
60858
4128
93243
63777
70980
38214
54569
39600
79986
90618
94174
72980
82836
65620
27605
1908
50476
40854
26505
7868
95129
15717
89672
19740
83845
67080
60128
62208
81941
11885
67465
62927
16482
80906
20424
34194
2671
83978
84472
66389
66263
21637
6404
76461
69846
26202
92547
82478
12236
537
30261
88475
77807
27512
94847
89802
84517
22814
93210
7868
32723
32730
10222
20855
38098
4996
63221
17331
57948
55415
69551
50680
60835
76788
5236
87234
85427
76775
21271
60763
98693
32546
38330
1567
82665
48435
99178
89641
53853
62682
7757
43153
59484
16596
53315
96603
86594
91907
61706
3698
76411
25352
64343
18045
25175
97189
94622
40453
64835
42325
24991
5289
51224
60753
23288
48462
22340
54222
19090
65435
7221
90869
53279
35095
53314
83772
33893
29539
249
53264
26899
45523
37710
57830
75224
52875
3688
47590
90721
65365
54515
81562
86369
35948
91365
60400
56116
18977
69887
40985
43149
1852
23478
89911
34072
19253
31455
47262
17913
33971
76820
24285
12710
55124
6592
56650
77367
78331
49752
2904
60101
30051
10518
83960
77807
53585
22658
19863
56715
40177
96275
54488
32757
42634
33504
34936
12082
26709
75763
5194
19528
74603
57970
42500
35979
31870
92539
22742
6379
1400
8126
97742
53879
85326
56364
22984
45189
18005
43971
12549
11623
68675
9082
32868
82112
62588
40199
60548
65692
88352
95628
17686
11403
43630
49615
95523
97953
38410
65198
95145
42544
39528
60254
2152
12740
95487
89971
96187
72749
41818
19422
42207
21178
53319
54589
4036
98090
95567
40680
97400
16771
72870
10419
24974
62653
88235
35642
34147
73542
15478
12186
13180
42263
50211
51751
24538
34549
84129
23392
54501
24907
44890
20759
38696
37359
30697
20701
99641
43781
70813
66908
51379
39933
62632
33280
29481
59851
88099
62742
49943
53805
83283
46957
45171
51961
39511
73188
32084
39636
36476
51967
10758
36396
66282
88040
92988
34030
55531
11969
1981
69883
74466
74992
38024
79287
37088
41832
74539
88140
77491
96793
43462
78822
39501
46111
84148
17360
31468
32713
39804
354
22889
39362
98507
37035
24889
92621
61774
4939
12527
60968
6990
22515
73109
72536
38000
69772
60448
96633
43886
61379
79785
85447
70318
14810
42390
39955
77519
34223
39368
70984
11886
47147
72201
17007
18372
22862
33606
52298
93284
891
60369
89611
2142
80410
90020
54088
82031
99049
24715
80196
38643
86927
37345
56995
24377
59663
43886
853
66428
71892
61296
22001
15463
4937
11862
32777
18800
49441
38329
59128
52450
97565
3521
24961
32476
40340
82753
7521
28054
10884
51970
50119
32809
6964
17297
96420
82535
49872
30105
95892
20840
17351
35501
94430
30874
84997
93480
34038
5244
96109
91645
36940
29106
96459
91072
36269
80722
81710
18593
32524
26416
83637
27547
30996
33821
94141
70703
33029
52459
38320
93723
808
19624
42467
12732
93561
47441
11123
42712
48850
74528
72451
192
63561
9116
42647
46031
54847
46319
69308
30513
28734
77056
74229
57155
79783
82203
92384
5547
86849
20744
90440
90047
25972
33082
42052
72583
51132
47787
40893
22274
65552
95053
82382
8736
34802
60256
83388
46041
30815
56039
10912
86151
25460
16399
99683
41252
15089
25600
49367
53017
10110
80124
97416
46803
89378
54245
10426
14420
76134
14637
23087
66409
75154
13776
58976
17239
27462
32327
20872
31652
58603
7201
67574
83026
47290
23242
36585
45460
68343
97995
99313
47352
15426
35437
71358
35045
32342
87530
77767
40256
69586
37479
84620
36037
38791
52299
14391
49983
23501
80320
42725
13467
50294
84579
11469
64441
57406
61826
11790
81109
18625
20432
80654
4000
60358
61272
46878
57243
25931
16701
77598
51118
39502
39715
89314
61478
18351
89762
42532
42881
38867
49184
6575
49577
20314
57461
60204
58195
58649
92137
73161
62581
92540
80783
61537
41912
86227
33354
40845
65745
27317
32184
46059
40333
48864
13410
45977
93492
19253
5108
29577
99380
73676
64716
5371
29529
29871
21314
78589
80072
12193
62135
10585
94290
81626
22602
53060
79078
45031
70661
73556
59481
42968
34131
48796
1307
18645
84391
98799
17025
92445
9267
33208
54907
52316
64090
33221
27204
42479
38034
34698
95556
44811
89875
659
42405
43375
34125
55031
3547
58483
93816
3285
60678
56968
1271
18767
55981
88870
7783
94046
20624
34769
31148
42869
84187
29660
79034
58013
90882
68146
58174
926
36418
85250
64274
10478
34373
51446
49780
20470
90970
5647
50854
36861
97651
88569
72053
44298
57968
60427
76224
72375
98136
71290
35633
61555
21035
71396
39397
56263
25554
41598
99008
64764
66887
42646
52666
76085
79084
57192
31247
19544
34265
42978
90255
48603
2298
26755
41500
42356
33792
2725
39966
94578
8720
31481
66598
41903
45455
55561
68356
99696
49074
47330
39630
93571
70227
12255
75757
60014
57147
50526
72876
44811
98517
38324
22774
55204
18175
68044
84578
63735
89372
49855
6624
9237
42973
28773
91528
45035
19888
98754
97513
92005
50772
79447
60045
49473
10535
53442
69680
50416
1130
55959
10251
94862
1342
19170
41113
98876
37556
55446
59301
34808
66460
78530
92680
51473
22838
47710
41687
33176
5910
59479
40796
34213
80030
6414
43221
3844
5499
91221
91355
59198
47687
64979
20020
33811
85822
99182
99953
58207
26080
14401
43623
98387
66285
23477
33253
79857
23021
25793
57183
12480
33458
87202
24918
33381
41301
93046
77935
95561
16939
67940
34239
96142
28383
77938
84942
14690
2619
21038
54437
61555
72888
5491
5785
40389
82538
66818
23403
97745
47428
83367
90741
93010
31721
88798
22017
49569
97366
50814
78782
21807
41515
54257
36045
6985
5189
11664
45164
14640
82174
24571
80952
55651
13736
99496
62274
75602
61213
14098
64895
17504
10928
34615
96168
69096
47768
63891
80494
33772
49061
66051
86647
5016
66648
51109
38465
81234
81427
59688
96506
93622
8194
3533
71700
45321
75948
88483
14645
76792
86128
17586
69014
90062
73073
96664
13138
30560
56086
38054
87412
89451
91008
99326
99494
53338
89754
68471
57628
70480
65782
35389
62015
30501
63548
3097
50395
40221
2290
38213
44368
96875
30152
87939
79556
87846
16250
83805
65551
51717
76094
14267
21259
24030
9613
58812
13826
33557
88103
38623
28327
46182
9074
69857
55699
84917
76260
14135
88120
24984
5531
94093
10154
78216
52976
7309
70571
62730
50552
38136
21825
70792
34757
95972
78137
16651
4990
20366
1862
29318
31903
86386
11900
84894
32027
91202
41576
50582
74886
98321
57518
74463
67076
20332
37315
84541
44603
31672
54222
75760
90214
67156
55212
40160
6107
19547
95257
44936
73159
71362
17832
11623
19074
45645
39036
71897
15956
14988
85083
75367
52585
83196
97132
57799
86183
63182
78807
91527
17783
68209
42898
51446
50243
79336
6673
90906
77844
94521
54076
24464
7351
36635
3606
48544
2305
43604
92506
6002
99171
76523
41516
42541
70660
21874
48886
45514
44214
45221
30223
41420
49853
45743
1670
25873
38443
75819
5264
16588
85611
52968
77771
38186
35503
36652
90714
65026
56871
48398
12278
2531
44823
90983
14665
34770
26658
42603
52514
55181
32764
1551
54695
43879
22527
50412
94678
92205
21608
71451
65181
33416
59482
53970
74279
25564
35616
26523
5391
14825
59080
51832
22769
79811
32323
97431
60585
25362
46484
73199
78323
64229
1058
68033
1031
61029
56742
7279
11654
82765
50314
58855
82744
82314
88496
62365
67139
78040
95
49290
42861
41855
96772
12120
26980
30588
74745
42124
11263
85241
46663
18016
50925
16410
85728
68343
52383
62930
73637
73139
34289
28746
78097
12870
70149
48778
20600
47048
97758
50437
57003
53315
97100
96863
6219
23802
4262
13112
58661
11099
56846
83364
33579
29051
61771
75665
33774
29824
35236
85221
17792
58919
12765
60900
65703
28163
63009
94170
87462
94325
58604
1475
53951
73555
86774
94325
32215
46852
13287
75213
90602
18582
26601
93433
25471
49467
32416
44581
5633
19223
55545
84413
34192
50904
55999
93038
99845
17628
9751
90705
25033
62771
42962
78892
61089
14685
19765
41143
62475
9439
88105
87107
38725
41620
26320
88654
93823
96115
55241
72929
78147
1437
17930
63591
32706
76142
7616
92455
96885
77606
93686
51977
19306
73543
92900
50385
12995
38738
61573
2195
65579
92595
56435
56904
54824
89182
63136
10728
67894
93378
7194
93200
13678
65963
50691
961
82975
67382
79799
24041
10548
20964
38268
69382
19868
684
66065
42562
82441
84492
44528
66166
94218
86469
91446
8011
69770
95096
20759
72951
24627
46532
56460
22352
37936
10152
59053
42840
36313
18423
58838
330
35415
66770
1841
70605
81509
20641
15963
40645
53043
82448
94040
31010
95413
84868
60266
89439
24618
81073
25388
96747
95125
23154
55560
48051
65845
21224
64950
96875
84009
16478
55302
49739
92759
53159
38238
46749
65355
76260
72182
70248
24678
9275
18106
50917
78394
70909
67771
38177
60195
91044
96385
82743
75212
75223
9892
44819
60234
44664
61642
96668
79416
25266
78658
89395
95162
54946
55052
13244
42643
34472
20220
71228
34375
65641
33546
92577
5219
73345
43191
37069
16683
61362
91787
54489
99973
69467
65412
96750
55979
60042
85
50319
2793
37865
6796
33565
39235
4072
86287
40388
54886
94084
92569
29563
87822
55532
43295
14581
34643
66955
68887
17499
13692
79604
918
78300
41466
81858
40284
62538
91008
20298
79463
16959
48831
71384
53500
21074
92388
91137
75566
23279
4862
88033
15419
53784
1787
1979
71772
57364
20389
20409
24366
24948
23400
38125
67430
83416
29216
36823
61971
2989
7564
83066
46989
8160
14797
90836
24996
81110
5777
22432
55047
81564
66686
7292
72375
11508
20349
36952
23667
48494
90941
63629
82507
31797
89453
14193
75969
23517
80428
45431
84498
96941
28692
59189
64951
22406
89425
75259
92172
13337
42492
82882
43319
39701
93756
23675
19817
89249
38076
90048
83328
94991
21283
45379
44436
18284
36024
72897
86991
43613
44248
80044
82302
57328
91575
61130
88920
33410
74463
10005
4588
73813
71283
91106
12789
31103
56907
25141
82823
39168
42682
53789
90366
5509
29942
70603
51937
81082
61788
91925
84006
40499
60265
73235
34428
17306
85366
6701
92403
90373
14182
94782
59836
85309
92911
87616
99782
16934
93293
98393
80199
12590
96351
84967
9825
51503
86407
33526
29189
13418
52070
87721
16270
19881
51154
88723
9523
73485
77270
56587
51526
62352
61633
27094
32837
50383
46052
34035
24869
89953
832
93270
90764
6654
60955
70804
76591
21141
82003
84660
28047
99995
83369
15479
85436
95756
73656
53836
88253
91852
55002
66260
67904
9709
75101
63722
18155
33361
10501
77603
48044
79359
67396
95871
80746
24495
28536
38326
94443
94899
44508
52156
30533
56652
60870
82488
29309
61050
22156
25300
70619
14712
54127
11092
69458
82465
31024
24723
7141
2180
41321
40259
33474
71214
95249
7719
52945
65492
24550
96987
37381
93759
82374
20945
62977
18009
53627
56209
60808
31750
13360
35276
25798
52684
91440
71367
5147
96457
78936
29358
86676
74332
34940
12211
88916
87206
64075
92812
52531
82044
86479
52770
14117
9032
46215
36678
67343
22881
17038
72862
15243
11695
23505
13769
26315
85253
50744
2568
75301
23093
20634
71007
66999
62585
82058
2555
77090
79005
20012
81098
27457
73717
45636
65043
55531
38254
12920
83054
78230
71010
92034
38831
12623
11220
71719
64051
79709
81835
99186
45578
31881
63118
16407
99392
74603
99771
24244
86613
5317
89396
86703
34022
94249
90717
16931
71717
24807
83254
26586
85280
5245
35296
5456
67028
78127
69785
27260
7574
53138
85865
56488
33857
83887
46760
62682
67270
63042
81054
20724
65741
30366
70012
74085
98325
91639
73145
10691
87917
96247
66764
68137
14127
51148
43899
98484
15705
86629
37464
59874
76047
21190
21748
59523
51233
67907
41189
67067
95704
79306
47268
33305
60505
24513
80216
95865
68301
92996
76588
1398
70538
30204
60872
799
38979
4985
90601
46709
70815
34127
67115
23563
86687
38532
50416
4861
35354
72507
82950
77030
77881
13420
12611
19860
38751
85866
79814
2802
48389
94300
40905
36914
17958
92999
1459
11103
53744
5813
6577
42321
90684
36799
48046
85650
21474
99800
67934
88934
83363
57675
93727
10468
82016
59723
73321
3356
48004
97487
63958
24892
1069
85507
559
93430
61246
97952
10666
86268
34264
34707
69549
38419
88307
51768
40256
90174
64535
53950
4832
73353
92933
73961
16990
11849
53111
94168
73176
96853
84308
66161
48915
76460
598
97470
44846
31042
46615
15659
53837
57219
19912
73879
74975
85622
65016
11031
33470
1223
89778
38499
58583
61156
78476
39645
9904
55920
55087
91219
78711
79452
20797
86651
58399
30080
4351
96688
77981
16191
90612
81374
35333
17177
8216
17286
6763
38038
73790
64048
19405
92282
15990
13940
76122
93886
7371
79655
90790
10885
11433
98146
48948
40291
8529
18588
68958
3239
35902
58118
85245
70420
94121
27897
18358
43160
78242
52089
89784
78427
636
59967
92622
46469
79373
45982
69828
92987
91563
39574
66419
57536
48418
22546
59395
41949
23599
15102
64723
25503
35569
6830
20837
81472
47524
15290
962
99297
67893
34605
78949
63362
29059
63546
33023
64818
1142
95025
32210
39012
63808
57170
30754
80488
79858
11160
9216
5824
7740
85161
5834
48521
53488
98536
34744
55322
26005
78696
66936
87777
85121
48876
45313
56083
14895
93060
37872
55411
23926
28079
35800
2702
45316
11382
31804
58958
30060
89803
44242
81051
64015
37990
70010
97740
11021
97421
53967
47507
57848
40853
67723
1932
52294
13032
2309
73147
49483
90633
53379
50094
98011
10383
38645
60054
57422
39048
40121
17070
89738
96412
77139
61387
42728
65221
76167
62264
8627
29538
41920
79057
73182
66064
94367
25583
38158
91321
99063
23812
81831
48795
57075
17304
72152
27241
35175
36257
19185
45365
29099
57582
49095
63681
26402
70122
38436
90666
42231
70303
53938
40452
41344
17204
73342
30662
64688
26363
7462
69316
47521
29372
69075
11653
75489
25622
52957
1485
62940
30286
71864
18399
62597
6644
43355
52975
90973
75386
60313
63729
89302
82249
11298
39724
45366
90588
6231
62270
11227
3032
21790
89680
3028
98182
89699
56860
34370
75966
12062
41713
40863
35969
42551
47862
75450
20877
25110
67732
3845
75617
29603
13178
51881
20505
80132
49507
26919
1275
89517
42922
16354
13668
98924
48813
35224
29163
23516
52937
7400
37168
63066
74328
79419
46023
80126
11273
92437
8834
45593
80500
78045
82778
35529
59364
86846
57793
60924
2078
68106
37493
5950
28145
62212
32980
10997
46085
36039
33485
89188
29847
18764
1537
40051
29532
39396
2342
99081
46597
70702
84718
68468
51390
82562
63595
29672
40042
78451
18536
15400
18561
14863
24983
33430
3427
57253
20534
29923
41237
56714
31063
25427
77278
24976
91249
31676
21385
90149
3605
38408
49660
35307
43762
53149
4402
27015
68459
86563
40386
93319
76376
94450
34066
73058
50565
17332
16204
90371
63379
18954
92560
36583
39876
24485
76640
32218
86617
28496
56857
21588
23549
71607
86198
75675
72806
31707
21534
85322
95776
74763
38683
50590
25303
16001
48095
41827
53673
56920
21363
85369
34662
40240
54453
24369
12963
29445
73775
84405
82158
59365
45402
83814
49847
20014
58214
76259
94487
86767
33619
73290
71098
22021
68591
1248
90301
18627
21022
49845
90017
54347
23395
67812
49596
10154
85611
8524
1644
60398
89671
93338
55124
44998
84098
89126
75882
69402
27592
25243
29982
81492
87926
37912
90638
11544
53703
13787
90559
26013
79291
8662
85054
43399
89087
27587
71184
32366
93481
2254
55798
94272
8584
9414
860
76520
26151
10027
60295
8911
74710
61312
23996
84185
72938
14068
13233
98685
65974
45602
84190
58153
64982
96926
56646
16740
83174
59483
14554
22012
99443
33188
92916
62974
11929
95194
46558
60278
89594
33234
29953
27241
19279
80145
68228
21341
47094
7759
99373
26084
82770
96406
75196
79532
59489
57398
77461
34261
54130
23785
53689
13063
48307
99817
39446
20812
41128
46520
68678
11831
52014
79564
14675
55401
30788
17638
76025
21631
20661
81353
38604
1075
39865
67471
70382
298
99397
80509
15709
28084
15977
11578
31098
42805
63656
76422
57013
99098
99568
96369
49802
16559
45940
58031
59589
9056
80020
27069
79512
16769
67309
6397
88326
24068
31788
82464
19118
78223
38272
7552
68963
9689
94752
17667
59978
48792
53245
71356
65190
45350
76309
77362
38757
84774
99659
44094
27767
76932
30265
65105
26387
71530
78161
94789
61955
70101
99842
12098
31745
89195
97295
26339
16616
12219
59744
26815
97337
67083
85973
55638
56905
82298
745
21946
79941
90324
73303
7027
41697
64398
98930
91465
62845
62818
77154
2069
16323
91311
40584
87935
37691
73439
2689
14500
66108
19095
78338
90302
91713
49100
47482
9160
22171
83795
57025
17128
45264
22795
49077
10868
73682
63185
4182
42155
22073
6580
23597
39826
11650
80805
1604
22913
51243
93202
25281
7078
79507
66889
84390
12502
55645
97347
46193
81977
25742
74930
79893
43494
48367
84889
15605
57353
38539
50492
53606
50424
58107
500
46829
72116
48136
92119
89853
74802
52636
55809
39497
44539
67105
77431
63206
91037
50354
3118
41792
19015
4442
96746
76544
43649
81160
84716
59171
15640
4888
31560
12689
80237
76153
83434
70881
19726
91940
29321
26846
11784
33843
71619
17714
28355
29560
72940
17009
6537
1832
22339
64452
74901
31
76311
15923
7151
23109
93022
29609
19554
89699
43836
35784
7781
48873
80328
12235
15578
31406
89339
36729
29878
66459
39510
53468
81802
24500
40772
5812
75586
13373
73421
38381
41233
86050
67542
77571
19451
85289
16011
18738
24941
80235
11132
17194
69920
30892
68970
34357
8735
17173
29869
45510
62228
79343
28485
14880
20142
82011
26628
18987
44482
6113
80579
85069
11835
60168
40403
24927
33332
66022
6163
57596
13870
78965
60282
68937
16233
40389
62046
39290
71226
97059
2703
8251
19629
79859
16972
64525
65847
37425
58313
57613
44874
24444
20653
27267
65886
30937
70261
9885
34217
14303
114
49040
2998
68979
14499
34506
16361
97948
46734
2857
70347
86148
11087
90618
67156
33324
65570
7978
31364
8337
22348
76924
75550
59059
24626
84367
6596
48108
74623
29988
58099
89277
63642
32103
66914
60967
20305
56297
44325
67117
11083
39725
70601
49971
34426
76894
96320
19185
24161
8482
58882
99231
76843
71082
38984
26400
87038
13267
65946
32960
78821
15887
48425
31780
22872
91644
62187
68621
80383
6166
35595
80224
40572
38369
5729
82012
59126
30476
41506
73004
49417
90488
43534
54724
96272
23850
57964
29549
24244
74502
50001
64001
43794
15532
60305
67059
93482
92988
80719
40877
97701
73471
79523
66001
71726
4252
32162
58133
93340
77216
86609
26603
95703
76119
47089
37745
86115
60795
35835
21230
91019
1237
12063
25848
3714
67947
65568
79129
80755
263
90667
1782
26109
98892
37786
36066
25191
24590
52532
47329
36364
82207
67305
49287
21721
78066
12097
29864
41144
74824
46975
69545
34356
65005
7798
17311
81228
70709
2193
65604
73571
29848
23469
75232
9458
55670
58192
12715
29439
94213
88692
31947
1332
65506
5477
34390
75421
58239
33672
50682
32892
75067
52948
18888
98504
64370
34408
59038
72697
1094
64563
56858
63308
35850
23315
77988
65878
14028
32207
69320
56099
47713
51470
49850
98310
53330
28293
34405
71917
98830
73057
79877
93195
48821
10675
83605
51088
78084
27929
59206
94424
99637
12173
48346
78383
64688
4285
33738
28051
22256
22742
12725
31684
33153
59995
87300
13954
63797
65970
3893
1825
8178
55614
21076
46193
63
62677
44689
32946
36024
82312
4247
1423
91834
12533
84774
60080
62238
22439
71102
5881
75655
15205
76021
58299
48392
15996
91035
49838
18797
62516
70014
92318
32666
49298
77849
86762
80382
30980
20590
44210
15544
46401
15774
17968
94299
98389
83409
76469
73094
86980
77503
70974
74383
79756
90666
19018
19203
61950
71214
1084
49276
1808
94874
19789
53886
75247
6106
30386
20145
84543
95290
4779
94196
25803
2691
79965
54861
10892
49980
41984
58486
60320
24580
40426
78761
49106
96341
87158
34159
78608
26274
33748
99431
65925
33973
51385
59187
82845
24685
31483
33516
26082
12638
84249
69933
91236
9609
44747
81974
49611
76271
36049
37940
43334
86922
14096
35810
54732
47045
85701
90722
56389
24353
7991
68370
69746
86501
8020
6392
41712
87554
21352
73190
47865
98669
52718
43384
25966
87447
10195
63515
42369
38411
88224
11102
63129
65478
35657
9745
13589
36432
29073
73052
70837
15667
87251
96880
49223
6535
68773
76427
98766
38635
27275
23771
22179
18662
40943
83309
77298
31445
86007
11320
2157
18490
52496
39008
16531
62703
69880
50595
5602
7498
15978
47861
97299
77887
39462
7284
73032
97705
8395
62568
14356
34197
26110
85634
29745
13311
43565
19912
3225
2400
5266
7280
90741
78768
5977
47284
36965
16303
59064
69317
60922
6990
96026
51160
15357
47090
16607
82165
88893
46263
34040
88219
38722
62908
49045
45127
5737
44247
38585
702
35508
70736
32492
84201
19169
14555
79020
96852
23228
25618
69216
84841
97296
34755
73750
8268
67511
18356
35364
94266
91316
95189
42454
8360
6299
38043
94997
49935
67050
74085
26169
59877
33945
67778
1093
77415
55054
87708
79073
23529
5511
77405
65236
43755
18864
72905
53969
7384
43125
10350
69366
78990
62883
65661
38353
84515
14676
14857
35300
98435
85939
31624
49774
20137
51420
24767
94801
9999
65201
26443
68697
44077
46338
1256
4481
67514
77380
19646
11478
35471
68034
9669
40643
2692
40616
26304
41472
82780
96336
25218
68961
75877
36516
13507
48856
10862
58106
6741
8682
92190
23523
24587
10206
7694
17402
81129
78230
76300
3634
8350
20833
47616
16104
88196
41912
29265
66830
76712
67351
74640
71414
704
52591
74924
1975
11525
79972
84105
1976
28290
36757
78605
5398
77722
71953
29060
44767
56957
91104
90787
88811
45103
95004
25676
39918
53043
6049
60572
81844
3685
3682
88221
48758
34518
61978
81424
45024
94092
93570
96509
54593
35978
70729
80526
9722
96980
59135
95003
40510
72546
17111
35295
47964
59808
29741
39140
9468
86983
76033
86279
90413
94877
63035
45930
83662
4384
14447
83929
66644
50216
74137
83563
5414
65197
52260
40687
16614
26030
39347
75334
2633
78948
22753
81363
18011
8001
27487
49699
280
16515
21690
69668
57235
34141
74745
750
28423
60641
29053
51442
41875
1511
58256
29811
78047
88565
84162
91594
8949
55033
53321
7135
4817
76258
23640
6428
67858
10845
76628
63227
57933
65508
87400
27045
76155
96929
37416
20030
93487
56236
83971
46498
30606
75875
63529
52110
29252
24072
80064
40504
67120
64263
76812
31553
57451
91522
93126
65917
41144
92004
46781
31743
75604
80829
97959
28843
6359
73145
20720
22295
32466
64556
59518
30680
42770
49470
16037
25486
4479
64276
78989
21407
45137
21928
89029
8321
50719
92183
68597
26505
27821
1788
61241
53598
22429
53974
68215
9491
99683
52276
29475
67220
66633
96775
48659
41180
91477
5536
28570
71758
24926
32346
50084
63609
93898
3497
72818
30370
89178
35275
99251
45400
49451
26306
14141
96121
97167
45624
81160
78211
66301
9576
91595
79816
58137
147
68322
15268
1105
14456
33416
34302
26484
85151
28062
64976
58644
94142
67014
84363
9676
70976
62075
90636
12824
82598
90215
34932
18286
16643
68532
53560
50878
61834
68205
41899
62353
47459
79377
65477
96128
16828
45846
25142
45652
75833
94235
86691
49272
90585
76691
48200
77504
87914
20074
22429
15497
27684
10122
6010
39523
37263
23165
56530
98610
37880
93531
36815
23169
68136
1968
78172
27406
11634
74093
66158
91798
43068
60418
79042
39351
43929
99673
85360
36144
84655
40749
97302
70063
26492
77507
28743
9079
56882
60004
58969
36207
5531
73150
87403
28891
71264
20068
43749
37368
72585
5595
47924
41255
79910
29846
58425
40440
8989
43203
38411
54553
55949
31932
11620
28781
30603
37775
69005
85508
97836
85376
17280
19178
77949
60567
2934
29732
10859
21376
79416
18111
75329
19598
22427
22206
66206
64946
44917
88697
41499
81421
87884
41596
6670
19910
86774
65080
55111
26708
91293
42469
83590
253
70578
332
95858
22720
48787
91831
6794
35635
15046
89588
51684
69409
83539
41672
79156
41187
11397
39945
2085
36878
40389
38448
25286
34137
67123
17346
45015
9296
13357
69249
53716
27177
70027
77669
42646
64104
49713
79331
13561
93941
29751
70690
48476
75008
67831
70060
63291
61633
65461
37650
97107
15227
54544
14572
75873
27598
94323
24906
43501
62619
24167
70979
70963
60298
44649
26527
10881
60492
11081
87689
95401
65305
60869
37735
5900
2135
26339
73490
74641
79594
98586
14918
44160
88771
81036
30166
82242
41193
44654
40096
45821
18409
75838
85111
52724
30063
14175
90408
27013
44877
87109
62365
45549
5915
23115
99938
97542
61372
5602
39054
61630
52754
7501
56271
88298
93225
77644
56485
3462
70106
38374
80204
48909
66992
21474
39096
38763
21717
92448
60148
70550
58302
37306
29608
83253
91144
13586
27054
34960
48737
53724
46826
71584
25072
97956
9242
42128
11930
72982
91057
81960
59682
11414
52128
38516
73762
34612
26911
85305
41347
57388
62628
74195
59960
20647
14784
81234
84174
33986
89675
53756
22537
35518
99290
9360
61738
35920
57730
95826
27699
70794
50906
64105
15107
36220
23062
85956
2654
11068
44629
26018
89294
61920
75908
80973
62545
74452
80065
9730
80555
98764
5987
55230
45625
42757
9958
24380
26703
47109
87376
81603
87459
72422
69827
65357
8307
66333
7235
61879
85032
19097
53507
32538
28368
586
26745
27752
70308
60301
41264
89141
95408
53392
37414
22020
35349
7211
40972
58341
4257
24048
2848
93517
1290
81399
85480
56404
9468
54545
41463
20998
74114
40882
50247
4460
71431
6968
36780
9292
55637
55870
41360
93659
26955
95510
97309
54886
55998
42994
69991
23153
85086
8297
64258
48683
7001
14645
83792
34172
74533
37581
35662
23825
22207
49478
53085
47880
71903
55128
19305
23795
27472
71686
11732
3342
2446
87536
98948
63395
28572
90090
52602
97730
14504
83748
4737
80739
15152
31745
8431
79219
75351
56251
27594
97696
37360
8525
95045
20138
16174
45198
42966
33848
96816
28324
34898
79427
94609
53270
2297
76445
71523
91291
61411
3344
37487
13200
32131
35927
99089
53988
83175
1503
79910
1195
80239
64312
32705
90614
96992
30183
10436
49074
26867
47563
5630
86486
55693
12165
35424
58314
59959
55018
33733
89670
21278
97860
6481
99433
1791
48233
94998
241
83998
48594
52370
72348
53198
50586
61009
646
1182
46376
36339
13223
85391
91165
14588
87273
45968
29152
12882
46982
86927
60636
82844
90693
20627
13611
87500
9597
56559
73421
57571
33394
55499
69152
60895
55082
2739
37855
98511
47
65005
88557
74694
65842
82343
79422
18015
60380
26044
71638
89417
54848
30021
40418
27915
51914
30306
60114
8845
20766
16421
26177
85428
59951
85215
55647
85011
70483
25623
65332
80928
38867
22574
69341
52675
70169
35219
45538
76129
36788
55148
6494
98418
12202
62984
26761
5639
45195
46163
382
55627
40187
12406
94423
60861
79802
81669
41906
83974
82818
18241
55433
77336
43855
25817
30888
78071
55450
35180
49834
22256
3392
91154
50137
27398
43129
10212
89914
65182
27351
36988
47981
51896
79650
55858
67145
74226
31057
28887
8328
89617
37418
25455
4680
27344
89185
69524
71447
159
90836
68168
97410
25240
41202
56133
58638
82789
41115
84312
9158
65954
56294
29774
14934
40818
90527
48131
56661
8972
310
2754
44144
1992
18695
91993
53158
80532
17962
39290
8366
96200
23422
14705
27566
62170
94278
79439
6061
12212
61877
99842
26621
1304
64624
14528
99583
90200
80039
73500
71068
3711
3647
6890
2650
13917
99000
84251
37855
1265
49053
76196
72431
28181
10807
76763
8141
34755
50375
62554
73968
62561
33377
73334
18568
71511
85914
19208
99562
77458
2579
61889
7849
40322
73250
18881
45116
14710
54586
37598
33031
41773
94204
49746
5516
61818
18364
56811
98867
35976
3230
50254
56733
38525
8744
24293
76488
6390
90162
76349
23943
4048
31562
54781
84884
2924
72657
1965
26214
38166
41359
40779
45282
89325
90335
99756
90781
85818
50849
29942
74918
63613
81114
13701
24903
44135
58973
72830
90987
98140
90631
74181
81162
64381
65195
15753
60529
40937
79310
22440
88355
60370
29341
82240
73747
60961
41085
4791
16892
36925
18141
40300
70238
92367
50886
22762
25065
56687
25854
86575
74195
81946
44929
49641
38750
58384
77473
43681
44695
37135
44268
12732
13629
35602
45876
40946
20262
40417
40391
30471
31358
21301
37833
73874
79921
61396
29327
10777
16105
89183
85375
27077
4915
44248
53546
73905
87628
63081
53164
98980
49545
50277
25791
46337
55790
92346
74422
53479
555
96626
31224
35549
35522
69075
38759
37927
16777
28897
83923
29342
18860
14418
83004
77801
30259
58039
19468
59163
77696
32001
18664
14847
20319
34637
34568
32249
97459
3235
82329
91721
72381
95886
89375
32618
94728
63048
85410
81028
30967
88101
87802
58474
50272
10279
285
36950
6741
77526
5807
59117
45072
3316
43486
75651
68714
48812
97206
87724
34126
60085
40654
78470
63693
60735
33014
11426
91850
87157
14268
71160
72478
88893
23638
65868
46010
12067
6931
95793
73894
75270
12316
73147
35129
39780
65588
39798
94225
77698
44230
20509
75045
89439
11110
37103
59236
12444
53959
77577
96841
28034
79122
46195
11417
56464
73052
6487
37359
58330
44113
66342
20207
76138
90258
72607
51101
60953
75543
58214
4606
83596
80680
55503
21550
95090
57710
62861
98325
32307
57761
74939
5526
88596
90014
9736
94247
21726
43810
82908
81954
20462
85504
3128
48668
95034
89803
3782
55214
9864
68343
89476
74846
87044
67446
37081
66295
55188
98010
96885
3245
26696
27836
45054
11748
13647
14240
64810
69895
10392
98124
74469
80147
24986
60492
26441
8280
77444
52332
98588
54022
83760
8491
58667
81197
91262
85666
98862
79937
50432
1848
83056
99916
74922
52686
90334
28019
19082
85674
44338
17131
38207
17296
54642
88803
31611
19449
12667
53636
79525
12397
86411
84413
64042
93575
79415
32760
71602
33451
69096
3314
11368
11552
32881
15643
44357
9006
33666
22073
9382
52853
80594
51918
8783
41132
96083
49470
11003
53434
3983
9096
54451
27855
63453
50928
63836
85382
44327
82477
94384
57367
32916
78839
30136
97637
30979
18011
56076
32522
41230
52705
90780
82503
50208
15031
47725
48927
26909
27928
62717
96360
24377
14573
80032
91067
47365
55174
99212
8564
72631
11581
63865
39787
38382
65957
55282
28999
33325
42383
59156
13180
32573
99773
7982
96180
74067
5309
25551
3806
7469
36456
22333
40124
80086
20922
94885
48372
94377
55604
22365
93396
34946
91834
11338
85328
72117
54768
47744
52602
2718
51355
94146
40317
40911
32222
8784
7984
96089
37569
74128
84257
72589
26046
62038
32665
16308
12267
7717
55144
17333
28250
14638
29586
42423
22936
67209
57133
5080
30933
76133
99212
2609
51605
75197
49161
65828
99002
12604
59834
4990
19392
75643
73884
35883
18507
70559
42652
37059
94169
77887
93606
32365
17470
90978
5251
93232
36898
90665
97533
59137
7198
32789
66791
79150
63219
96203
10
58105
78311
5697
84878
38890
81438
8469
4980
89307
14350
33048
15597
32264
31903
55404
83025
52612
42752
25439
18103
44178
6492
51870
3217
97007
26167
99181
50404
10561
17382
57674
79011
82847
42509
41844
89080
49737
38053
96676
74280
60929
45828
62345
74759
80072
60218
36888
78619
41702
23331
29385
63194
3869
5779
24978
76755
6580
42721
39010
66062
97585
79574
57462
73280
37757
47562
35961
33791
15406
68165
5674
47653
84076
95236
36447
57762
20903
64986
67583
65702
26398
32676
5212
10630
1210
84784
82131
88928
98544
68307
31160
65546
6232
1835
79372
46913
74304
30510
22322
84092
4084
12882
24640
83012
40955
50092
6229
89151
27059
15172
2506
79379
16297
74401
89103
43117
78926
13446
96742
62767
20216
68538
2012
60874
77454
84098
96502
74579
4557
84341
3645
10402
27519
84552
49499
2340
48854
29758
37721
64692
86695
22302
68101
80106
56710
49815
1157
67277
97886
86474
50132
16367
32592
80414
81885
22386
46854
8559
44331
3790
21041
38172
40674
26013
43122
82441
20074
15559
36096
8317
9037
14948
78298
21053
9033
32929
24336
36876
51423
14803
46818
9410
8807
98316
49233
85450
85468
15143
99644
26440
23375
41517
1433
62710
36490
69577
74016
34650
83699
65695
67074
48919
7125
42968
22827
20712
99010
62584
69503
96174
2279
28049
93967
80393
80504
84413
81841
45507
28629
45238
59850
12962
62251
28737
75618
13090
57077
73114
64452
77707
876
96684
21455
71838
24550
59009
63194
76256
68847
24960
79641
49115
55891
6400
80945
2101
9120
69094
34427
77608
90212
7232
43629
53319
89285
14881
36642
68563
8998
97384
61328
96762
79611
31038
10710
44165
56753
72213
56544
46802
60633
46203
87035
13750
80127
82679
98976
97628
59008
75147
13748
17822
10864
58410
62139
44978
25608
52069
37678
85529
58133
58620
3344
736
77625
8469
56426
67664
77328
67840
60402
77473
82005
70212
56079
94575
478
61556
64385
31636
20595
3994
53570
12699
89838
63288
73702
7757
69670
14883
35318
15324
58627
38911
84096
96105
30011
28512
15194
94953
94064
83024
89664
34010
67794
76548
47528
63215
76675
76490
6042
14593
24059
49326
2307
3989
88287
30549
63635
77839
84598
60735
8091
36993
23407
924
95056
56508
16179
13370
58862
71273
39860
89525
14113
70486
98473
6869
23210
82338
98883
30744
60479
57036
28961
72652
41107
31592
17185
99367
22106
90473
19184
87461
73541
22884
69808
71279
26308
47190
14832
51590
6871
70666
62866
13146
90591
31566
58912
60967
33956
52670
30513
49438
70531
33768
30326
38793
74187
93493
51721
88809
43459
81659
42013
97736
37519
82057
75030
42629
84461
16596
23957
68118
61186
12616
94812
39781
19710
87320
37682
87748
36163
66084
2309
31404
31016
39721
48329
60854
81568
21781
76256
44847
61311
50803
9623
41602
81203
42242
59305
30767
92286
48987
12390
98379
79276
2605
86634
53658
86990
1961
13140
63212
11892
2622
80992
41870
32293
52038
52171
55126
53759
77749
36533
48704
39444
51583
51468
73710
19803
30462
86649
17334
5263
20532
2390
8749
68281
76593
82003
61423
23550
21065
62556
27540
37803
58369
46562
75918
11109
16935
93479
32906
94906
66697
88539
87562
12200
25854
37047
99806
17256
99491
70130
33985
12320
42931
89496
70172
17226
77886
8925
81847
62723
77066
51148
12393
53843
57065
58826
37918
88036
93990
10040
88737
46931
42940
11929
28625
69380
78991
2686
28632
53485
55086
18839
37962
98014
34641
29449
20075
5717
89788
64239
59340
14725
44783
40278
53358
93468
73685
90887
71091
3493
54184
3008
61034
7076
49651
779
28991
36257
30657
47707
55743
51827
45733
15221
43096
13962
4030
67380
47568
8821
27473
76638
43078
20717
39745
71881
72024
38476
70392
76241
42565
64514
25700
30255
96023
47935
50374
60547
78052
38576
34395
59487
50710
76836
2627
17851
21954
69046
67213
65072
1527
40646
69976
70615
95698
4814
39941
81971
24743
25053
67360
19833
85236
67211
45179
54301
58384
75267
86947
54524
19709
55416
53565
64325
16589
92078
53317
72655
72931
18954
81678
4899
46698
54656
54505
49392
71348
61931
7612
26402
29240
13637
54696
47757
47695
31260
94618
40825
26951
5660
73427
65675
8099
36476
93235
21296
55737
58152
39848
74711
95178
13173
62061
32668
72310
42599
64212
1493
69597
89697
94472
32085
15030
77977
5069
3322
14853
49967
23038
32452
95958
50721
38426
58700
87156
97437
47796
80310
95444
44766
62330
97426
73900
61983
93888
9489
90058
87102
36931
25069
73766
52208
47178
42342
74075
41670
52759
88207
66620
65802
47592
87352
45334
7625
29244
15634
16344
68231
13287
40073
54367
5003
46198
38563
39205
90613
75217
49801
40752
39541
66533
67627
2155
4090
68708
35738
52350
42966
3142
56481
55083
49423
4748
33614
74501
15697
48331
61685
45353
45212
8875
72082
14540
72944
6705
91589
84054
45180
13871
98657
60206
84702
85599
39941
20100
36875
63998
31496
5518
74473
59760
57987
49381
94216
14302
82213
51574
10279
93667
54347
65804
60768
91638
57534
18410
96398
4754
62647
71971
8000
28006
28927
85281
53879
5860
42694
16220
19250
52656
33278
23530
12710
40409
76650
39338
55134
77464
79388
313
62479
19069
68332
52388
57016
81306
59413
33992
49509
9895
4894
39827
72775
96812
11679
38155
88523
47480
14830
27478
89885
83948
72015
25776
80221
39096
60542
96275
36081
82235
89443
48906
95084
53911
23569
98736
74285
70534
79389
59163
93767
41083
84440
43938
56150
17057
19665
16021
85661
17284
96785
83910
6866
21632
35257
60410
11445
58971
25570
31911
54938
7118
49339
85078
91089
95212
72569
17589
47177
12368
72594
91144
24656
37934
96837
49336
19875
88750
63216
20209
44877
45093
6204
59615
35219
46502
40728
17414
51091
36638
27448
6953
51407
68435
57912
79803
77468
85831
27632
68782
29042
13920
71156
1368
76124
30869
95641
12985
10433
49681
7213
15071
58973
81156
94124
69287
39749
28196
50399
11603
20192
48274
83470
69067
55427
31234
75584
19002
22620
61914
26441
27203
3775
65769
59240
74866
48099
98981
25220
41344
53983
45579
61571
61662
57726
74270
96727
82631
3675
32834
40153
42882
79282
64280
48902
16754
56799
72771
37294
45118
4549
14850
10698
36985
47689
51564
21093
82967
84559
28203
8282
74550
47261
98185
53697
33338
73914
46316
29347
66373
93596
19853
87513
61583
37431
30790
55981
94238
45671
34313
63309
33186
52970
38453
37694
20389
82166
17572
41575
22040
44666
51207
87581
95631
59713
54858
50590
41988
12333
33099
43606
78830
64998
42784
82664
75461
50063
98338
57582
51701
41085
2502
57025
40686
30464
8282
55183
13312
9575
29435
20539
75555
62859
40889
51157
51613
78336
18230
84348
10239
45109
25173
5920
44342
67008
62225
71269
81440
68159
19302
86477
59343
99822
93736
36863
28588
30454
78178
76154
63207
80199
74316
539
80815
82815
48349
79550
95211
6310
69428
51746
86009
92009
52102
75541
28985
54683
32827
97179
30198
61771
70832
48181
82218
30965
16239
60911
19114
7638
79838
65520
94730
61858
26825
44931
47522
50117
76252
27884
47786
34975
45158
60265
94398
69607
27170
41474
7323
90485
91892
8935
87459
85427
36069
44501
25278
55171
16470
86950
80233
28649
30163
85294
52131
93611
55127
93560
38023
22266
41986
65078
34602
2668
97699
46911
37427
75494
86582
9189
968
45318
89619
75170
69497
15441
63557
51126
25624
88703
31755
39886
94864
26757
73674
44229
42099
88226
6527
87390
2276
53418
17558
79488
5119
15495
53686
66990
83130
75311
3623
46680
52827
28625
4831
8933
1499
77626
64416
97621
81508
51694
37132
55736
25650
24256
10895
93622
28244
77170
91545
99755
9810
14291
71055
25858
95349
76224
463
57043
38486
78721
18343
30683
72453
65623
30235
91879
10485
3444
26842
61623
37831
23834
15097
6851
44950
5485
23361
56721
25902
89855
50634
52730
68518
12845
30695
74112
29081
52595
99129
47350
29533
87594
95045
73979
67799
84332
84275
66692
12824
57182
17098
18045
9355
78424
80790
10757
69169
14943
28228
70713
31447
32245
38448
18990
33711
16869
69539
46330
82976
71941
45110
31627
48256
38474
70003
57203
55481
69436
11649
32814
37218
77276
50326
70478
63460
89020
61687
48416
18197
81464
4346
31522
78720
21985
44062
94241
13766
28239
4659
59948
20919
80655
6470
77336
79130
9709
56831
97163
10392
24157
59801
65768
22298
88475
76596
40666
55656
68577
74286
66849
44660
20294
68606
29413
9798
48389
16293
8890
10863
630
4004
49372
7833
61619
74661
72749
55830
43391
2937
81344
67805
90149
67598
78307
95652
13088
82496
96797
62085
23093
37761
82830
63760
70040
38882
24380
96320
52034
97770
53065
19130
65416
33485
77536
537
82297
2669
21957
63634
58699
3035
46801
19246
35814
17608
78971
7487
23887
64641
93602
49729
14131
4481
89158
55758
35517
71968
55520
11695
99314
70540
64606
792
92363
54425
8475
1179
22257
78123
76462
41675
26430
73509
84063
16963
79952
45843
4717
59312
36821
90728
75642
51040
97985
34940
36982
51940
62285
46774
5801
55868
73230
45603
79398
73223
3430
74209
94076
66500
47656
78462
10709
55862
17146
71411
17540
58006
69255
95880
69698
36908
40535
24139
95084
46216
26489
69696
49958
27335
22984
69055
72991
68555
96129
37926
33063
8839
55288
13486
39407
92206
2464
90313
4949
11868
4285
73808
10774
92010
94326
10885
73461
82503
98449
2931
3
32693
76776
72472
80354
47711
96326
4663
83749
62505
52006
39875
77950
89299
49589
13370
33956
86086
42258
69012
73872
8043
71224
16351
19585
49250
54355
40339
90802
83873
30669
84083
8258
66306
687
957
38485
79986
53842
16157
94351
84420
7999
79321
67109
1538
90891
73325
30860
53450
98942
57038
98594
66595
30760
35860
46732
1735
12821
90280
40313
50154
86835
82346
55083
23219
95197
51692
768
32784
91
52989
32040
90692
58902
72659
87854
78809
81611
80599
75664
57874
44598
24392
19503
80585
22618
27008
58725
16718
37361
32298
25781
17052
43764
30109
79374
30984
81391
76427
95577
42233
39664
35164
56808
