26203
26169
45597
50154
3336
34377
29638
57650
11924
11360
2781
91229
62337
33901
10905
65174
46676
5631
92734
17367
18921
143
57030
82023
41194
15311
63002
79469
29927
37982
91735
5301
36166
51363
59317
89985
65669
18861
40992
37726
47503
9524
69619
32658
78012
15399
83916
40876
89890
38079
25319
38014
96344
69615
6423
69228
66428
17459
89642
95322
78203
88894
64644
80675
44264
39090
55921
3420
50622
37204
58648
25784
62540
44109
42302
59033
93133
5567
40554
7889
10775
75389
96413
11454
2853
17220
39344
49047
79574
67007
7613
4759
10921
94003
60457
52835
3382
38778
6244
16514
79870
49821
92361
80993
73764
24517
58191
31685
351
586
70710
1764
57965
99197
53753
76939
54350
66665
82567
76602
97977
59861
69106
44517
5319
89174
50511
51251
4676
71401
10211
64897
68893
70361
40299
8107
74856
48858
32893
70944
30780
89511
32240
56567
66562
78946
89403
40081
88912
5773
12059
7221
96019
61417
67480
92006
47974
76250
56365
82896
22709
94817
35616
92340
62941
60368
77742
51684
3519
29256
42829
21153
37202
54070
54487
95390
26111
82417
10107
22894
95944
63164
66451
81634
76034
95848
54250
144
26679
8017
26793
6293
67507
46940
86884
39432
35959
90132
4166
64016
74456
31082
33813
5342
66434
13424
33309
1179
36100
48538
5770
93328
42503
82117
81482
35019
13884
13112
84093
69085
31499
2118
22584
45239
95165
75856
60935
49453
21651
72558
19805
42848
64280
87067
80356
5598
39483
2490
1833
61732
30367
18258
59869
87544
30828
99774
7242
93644
40451
95689
86302
34269
36712
60399
37480
1630
76082
55488
87963
37287
58900
56074
5895
87757
45363
13567
36801
2697
57361
9162
11068
89619
72847
62575
9718
361
98735
44830
60028
97101
20020
58960
93539
29124
56331
54561
41350
30314
51679
50235
19232
29577
46402
38153
14948
20772
45030
53533
46594
97369
41484
21656
95224
43197
35664
39523
24463
49054
20344
59839
1236
38415
47421
86946
21302
55074
15418
22839
92916
62039
68689
16547
79602
98577
23174
32069
49220
51621
95546
4531
49296
55473
23223
84237
88112
96021
82779
55223
50851
26164
58826
76842
92516
56685
91765
58618
46900
39005
18742
68908
18867
43717
19302
19101
38560
32072
7874
6544
5218
89901
32801
78763
83852
3087
90184
24239
99029
98930
91343
38194
90052
26130
77809
6421
12730
88102
21144
62178
59678
94054
97924
74299
13819
37430
58375
40796
7612
64061
34187
38566
80658
42414
26530
29086
72479
46587
3782
54210
47190
83611
17251
26266
2644
65066
99767
85262
76965
17417
64162
24846
87211
7711
69577
44832
32492
63183
25531
82000
67634
86008
30052
1517
46939
80646
91367
66584
82032
66681
11178
43412
79376
28379
44576
67794
15339
3383
69075
88897
79059
55575
6270
21671
71184
36508
85585
52458
61086
213
9388
42636
10923
66535
45397
64299
1377
74852
36441
42655
29576
66077
93240
2723
70166
35157
93570
76209
66517
8581
18683
55771
50502
4792
67490
32898
41604
34760
8803
87301
43629
52143
19575
38439
39353
50889
43540
16508
87357
63369
15354
54117
60728
58360
29557
22885
34883
29247
17461
43148
16528
48443
70589
65861
34131
32013
87389
22052
56610
62455
96888
84351
95342
81251
88308
6297
70619
10711
12688
26234
56061
69690
32720
62877
85986
64451
33829
61153
56046
1533
85249
52296
47988
28458
22228
44624
48039
38975
56491
14138
4062
57429
20143
74218
22967
19441
67546
82219
70184
88930
21711
35895
14658
28201
70904
72776
91071
29257
7288
21850
2036
87368
18920
63284
57199
20058
61814
99512
69395
92084
58723
30235
39022
10809
66692
50167
8505
68171
51722
53731
21562
90305
35015
67715
81808
99305
18853
19470
52728
35731
72999
63522
97521
41388
25270
14836
56018
23856
57268
94374
98341
33331
63544
19530
75090
17145
38389
60215
5370
45194
54002
72142
96766
98442
67750
43455
26065
44347
40460
34087
56737
14100
56757
40308
90660
58869
46443
93126
12169
92259
25070
44932
30328
77290
21467
51695
77555
59531
3702
50894
30515
20966
64889
15850
43969
49576
59147
55235
50164
41887
12629
96914
44980
51775
91379
55161
8520
4743
72747
87394
32766
48930
55096
27525
73455
9083
12636
64916
48670
81942
25233
43412
88747
32176
4926
61682
28369
61481
79124
77925
92279
27350
87213
66243
92038
5180
85939
95443
44026
75430
43967
70516
97377
2194
92867
76200
118
26593
30175
28540
92281
93211
18281
65999
71709
91331
10435
39609
72435
75425
73319
64530
82630
36513
22634
88980
76834
35890
83614
39465
78797
97235
73979
41858
95688
40530
33149
90335
51743
58615
68892
40331
47077
86473
54891
16647
72682
96164
32144
43165
75323
15333
65509
69361
96511
21168
81456
48300
84287
74208
9043
4354
63652
8387
5114
66852
20549
53927
85108
14658
27339
60182
19706
41394
63439
774
53295
8305
30717
23281
66106
30487
50737
95897
74312
98952
77640
16105
71737
27383
77278
98722
69123
42511
22892
4423
80943
26798
91067
86039
83806
75386
17175
38565
93696
87934
61894
34921
23953
95512
67528
46901
59803
45807
21575
7325
335
86551
97837
25149
86749
1952
82255
58201
96634
17153
66136
75984
66305
74634
15332
47007
89252
36126
91083
23409
93876
783
80395
54375
66300
52769
16354
34593
42842
29808
91781
31278
50371
94375
64942
25403
86536
87220
49961
94223
13883
723
54974
22077
94957
15975
9467
92168
78175
84672
6773
55755
75729
93211
1115
36619
20128
37162
92039
35199
6722
83661
36160
13679
37512
98015
76463
47129
17150
40013
58219
2112
24952
47920
40568
75928
25578
64820
21526
40132
82786
75109
89923
6931
65795
35241
2846
44117
91053
15603
17003
23038
11582
33834
75591
3561
86711
56414
33241
28446
52647
66109
10415
5657
38918
47559
90554
97155
23356
40783
23369
57475
86068
94598
57582
19120
18034
87627
3133
97679
32253
80115
31318
2180
53281
98935
32904
37015
93082
20091
82940
66307
78760
25139
75548
84513
95813
56823
62954
27944
13390
12124
26184
56910
66838
59888
28040
75886
16731
62522
52188
32292
61110
20117
85297
1752
40760
41238
13666
77079
28056
23249
49822
72438
75251
81817
20270
16790
18523
55019
50142
47836
82857
37158
83306
42760
71236
83000
56564
10420
22837
82964
9217
31782
99141
69029
17350
28110
16560
86532
16279
75231
58916
48259
14003
94579
31679
47640
43976
91305
88102
83779
94880
59245
38474
79734
86097
23489
12207
33517
61429
8649
82039
16214
52949
9688
13696
23223
31032
18598
42985
41046
94711
87102
98093
32257
22608
26691
78440
90711
46865
90119
54330
66206
30280
26788
72274
40016
33472
37384
79848
79241
42818
70275
65033
33280
38422
91252
33717
11891
46599
89693
65796
10242
50338
31523
17879
2789
85779
16962
16306
10339
48031
69275
94745
37260
10865
40849
52406
66457
98791
50608
92312
5867
96026
19000
64167
74209
26744
233
94259
99911
25209
30994
89839
96668
49018
9308
39187
88066
61060
44942
78742
94845
76438
79059
66158
73128
29954
26410
83551
74911
5288
58764
50993
91472
7654
56911
41384
474
68296
92710
32097
12712
9155
98736
38395
35093
98044
71573
76705
56477
24059
64300
33648
6781
39025
11852
87603
89374
63716
12795
30712
30630
23473
1751
58480
327
83235
64415
65037
95579
32576
46839
62999
91273
16860
29197
30806
12570
50862
50636
88841
57470
49678
10443
47790
31520
25494
50020
14652
13624
84880
14456
29544
31681
2092
77977
81209
85661
13815
84260
68065
68754
1890
25320
19384
68933
85967
36609
76686
67895
9749
75536
93145
9101
86622
3529
60291
84607
41168
43267
4031
19630
31856
53213
30414
61211
30924
36887
63062
89718
66005
57306
41391
32125
65746
93460
737
10569
67693
56113
70182
81090
46440
81762
26368
94558
88648
10003
31440
26252
76486
27281
64443
21818
98675
64857
31101
91032
74338
41725
70403
65833
61594
52911
12384
67686
81679
90310
19126
47563
81624
1790
61200
34670
7664
43537
26514
4526
50987
28532
58507
7808
33967
22067
13039
21842
74912
3153
2532
93640
98225
37814
24992
51104
2344
99097
44565
20863
20388
11458
65107
17687
15149
55359
79238
25574
59736
47992
14168
85782
30706
14170
92767
972
38380
78539
73171
9320
11202
9001
36075
3552
45187
68349
71104
40433
11519
80599
13907
672
91293
73720
61738
55629
8373
49465
7228
64553
78607
96005
9502
86063
47036
39572
31718
85603
75274
93298
72720
27897
73066
56029
86515
2288
46402
45504
33542
51057
2705
3502
13003
10075
38490
4441
9333
13497
42494
23122
45572
46885
66655
22718
45226
67512
68801
90674
24462
64983
37944
90861
39865
29564
47026
78890
95561
59524
55015
96212
39171
1229
67359
46782
53940
98022
64477
39608
23563
11172
17865
86510
48238
66684
76041
4680
17141
18868
34025
64069
22350
19215
47071
30448
10163
79487
57779
34571
96927
91302
22095
42239
42731
12473
95394
95399
36674
76266
12167
75534
69231
23698
9397
66045
31172
32346
28278
47225
16283
67918
40429
86512
26966
95550
80843
83141
19556
14123
73270
8492
15550
18123
55926
72497
45347
33391
52145
90317
21646
27311
14218
15175
54698
25685
16039
73940
12289
7020
68400
42253
83910
37246
51050
14368
24673
76371
25781
16702
70065
72426
33266
97697
71361
56570
95459
80143
259
97017
20997
79310
91225
53977
54272
167
68712
24074
97213
54508
26584
46827
19230
42564
38140
49287
59529
37957
47172
62596
38266
55442
91832
79016
76593
47229
95856
86040
53560
77331
41113
41492
36636
1670
58774
17773
62726
48299
22265
39827
8889
40446
89106
89742
92321
54674
90124
97627
31960
37901
92175
30731
11981
51733
28318
31394
94325
51951
42266
58545
53623
4256
80560
97251
78839
69421
87764
36052
93729
16899
96801
60401
65651
14022
72477
76657
88360
11973
41390
49213
43545
86987
14535
43477
63140
28833
39949
34605
87207
26011
11047
9913
80864
34936
86223
48540
82008
255
67074
28281
48368
84573
37180
70297
58265
13897
44378
38557
28931
5538
17642
58510
73237
75519
55904
73806
6037
96059
44769
3637
31310
88851
545
61988
50496
34422
41807
34297
36744
93560
31238
35218
70624
81372
87972
78434
41713
28202
33518
76875
47845
46840
97768
48358
57034
48489
78925
76842
71375
82119
96649
50898
31815
89124
78956
26555
76136
14470
62907
28587
51496
81904
27475
10588
24400
46420
2376
49459
33028
28515
93554
59629
89785
2929
37443
70081
51452
91501
72425
3560
63413
81200
46862
13641
68648
15618
92876
19568
38336
76024
51894
4592
96336
56581
49807
78591
24357
55386
7520
30552
59472
90747
44147
34846
1645
34464
97007
80634
66638
83817
80495
4156
13880
31169
50962
79626
63476
57442
2639
19254
3567
33764
72283
80793
10575
75356
38287
83408
83065
96896
42825
5592
88628
14959
47177
453
57618
53616
24515
83470
73781
20469
42128
32323
49728
21439
63680
92408
21274
79144
27574
1177
22097
37776
33885
92238
70883
84691
29111
7154
19661
40686
12890
75549
68532
63036
15843
10579
39511
47288
72424
7823
1340
4942
55678
453
4774
76492
24786
21069
24383
77068
18268
44589
30695
99181
79131
54319
83382
44182
78921
83153
77098
3647
32659
59576
4903
46782
3458
27639
79335
5858
511
48595
32959
40085
1747
43635
6136
82930
79332
95644
77224
4901
38905
25529
83466
88604
56329
5075
77472
41412
90065
92420
42815
51493
72466
55125
34908
99699
97676
89427
48629
96507
59729
76559
64183
43398
70593
57745
45818
79246
78490
66165
54361
18381
28065
22839
13941
1916
38291
38737
3170
27746
18800
50629
84609
39496
21437
74848
27399
8056
58185
43264
64114
16178
95474
22214
93581
44679
96625
30906
28010
69851
97545
64536
51385
90227
54269
59891
13062
48072
45912
86037
27952
13416
24077
31614
3088
69102
60794
72235
70672
65819
64212
97329
86685
63880
63217
14978
86265
61452
70975
89852
12009
15832
99670
32314
98593
79003
51922
87385
35037
37330
70015
23343
59317
34520
76116
28481
33726
89990
50368
24934
89662
55934
68625
85609
1591
42322
55200
72276
34368
75001
54640
67973
61611
94192
6029
15674
80910
14253
6714
78947
37679
13268
46072
86701
73273
70581
70254
23292
93265
4593
82591
36775
82090
41796
5495
26571
21996
49544
14544
48767
22195
39695
1412
42604
39442
10246
2300
1257
61214
85943
24835
54065
33314
93151
67781
91300
13967
12383
748
35730
91685
66001
34405
54696
87029
39174
6031
93846
83360
19168
89356
198
50339
53755
7465
42456
73419
61858
61608
19594
72507
18137
52431
13173
84511
41840
6412
92009
31980
95145
62729
24963
21095
62924
11049
73506
63734
92909
29459
80526
79046
34526
51534
20431
9601
93579
69591
56923
57363
14701
10775
3513
68672
31509
15881
18936
39614
20034
358
63098
8618
8538
20168
92547
31751
21227
38898
13944
60967
71121
70810
17113
64858
48332
20181
76799
39491
87237
90820
79996
7671
40072
21375
91396
15800
50293
19638
55875
60492
18011
63651
72810
96866
44213
9485
19308
48601
32743
57010
53806
89544
70026
14132
56720
41687
95043
69910
84796
39406
39411
37693
98979
23922
31200
16688
90551
12610
54076
67051
67802
50730
22614
91561
97893
37926
80176
6507
54676
76789
93939
22129
70797
10999
91296
83235
5582
9846
67522
72050
65837
30588
57884
63773
59423
23869
74583
7471
76918
90344
19673
76341
23376
47620
90516
86122
75853
34781
58110
34788
15891
7631
77656
52163
96464
92584
4688
23350
50994
12576
63942
1365
56726
68085
8011
40580
52780
79447
75720
24959
31929
31698
86007
2927
72552
69246
1316
58058
54618
14571
23607
29929
58656
11533
32213
5507
71828
97332
72571
69103
61839
29527
27811
11737
63448
61902
16659
95967
18626
8815
69220
22027
87374
59792
28987
13404
62982
47147
79329
5069
22182
72585
65371
60732
57966
6842
18832
72847
96796
45283
49873
40157
67906
23923
3151
76319
34338
13674
89463
5078
23746
92862
45744
41545
8661
55689
55200
72720
79104
51864
21772
20155
96962
54438
44136
34222
87058
62505
55940
29143
21813
16308
56256
45410
29597
11054
49956
65094
516
57498
27801
61356
73718
87713
60704
26278
28421
12721
69135
42163
89429
87899
64602
83635
85163
73481
55248
28363
41998
43824
60265
99139
6959
24737
68527
12696
39860
36928
9090
37273
33016
34869
95915
86161
72398
80450
42735
73593
36822
89683
56854
38691
85365
83885
53481
14791
29713
8919
3222
18699
27633
34610
59281
40622
76240
25410
64751
26532
69624
84965
34933
88258
48176
68224
75210
38449
81089
73028
82551
60999
45456
59126
68409
48695
37886
19138
40211
56868
12963
53301
91821
29558
10049
72162
12810
34750
7195
49878
93522
22395
51540
10777
93442
41927
31786
70145
70318
9701
94256
24030
20473
16734
99081
51189
68061
44124
76650
60583
33020
89428
85693
32388
39259
47470
29451
58942
42795
3315
13044
63678
27975
83206
31471
73582
94766
73673
89074
66779
68493
18366
76557
24932
54338
18583
22821
60781
25997
10889
2478
76871
64242
73645
16995
96712
62984
47040
74470
97405
40529
1048
80350
12659
19341
56511
23880
967
89476
49698
47432
96448
52021
89929
25600
25289
35946
94627
75756
88875
50342
93806
37168
52663
33781
25972
51399
87462
98524
77077
24033
57138
5258
76947
28597
88230
14715
84939
37680
2312
61911
35704
25630
27729
89094
52211
99614
72782
82914
40420
42633
95437
62730
1443
28995
80174
39143
49478
5657
96567
22983
55112
80128
36100
39241
18550
79817
3433
75040
47461
7901
90447
97646
98567
32212
63580
5600
5209
91461
6267
14274
99410
3313
77952
55344
46800
66169
58448
92196
30531
57926
85561
57361
47806
64747
90513
94729
35439
87692
99826
58869
3578
30251
30559
39424
86745
7029
81730
20061
61704
6812
20913
30486
20508
48412
73571
41664
22567
77922
71116
17903
56306
86112
16485
97806
12298
13371
85521
11258
86388
84261
33636
90767
72492
49267
677
32562
85916
20337
73280
32333
48202
14167
1653
57142
25570
96940
11481
50050
56001
69029
73458
73106
67241
38915
17408
18894
88814
90137
27058
3732
34746
36836
47445
60975
6883
14132
4550
95455
87548
76462
14173
374
25146
59268
31716
19585
9286
32566
19713
34455
72566
31389
18717
54135
51697
35962
92436
5567
69478
31515
74888
8281
1728
27394
44862
11264
69429
99070
18096
62553
70400
64594
80930
22384
42077
44518
64761
337
74036
80870
77843
72016
74098
37558
94882
78921
99908
81717
103
21743
26420
63717
93446
18414
41472
55284
73661
81467
37374
17152
68772
96472
28194
82891
72100
48604
68651
5576
39751
54477
98447
29921
15671
7135
23560
48562
59924
69176
35651
73177
65058
44222
36851
14852
69336
83185
92598
53720
72605
12433
26550
81283
4669
70906
39073
61797
34839
31475
55104
95318
69960
26674
66871
45765
51763
76912
49609
21416
1008
88902
74369
47044
31206
74299
44500
66330
9305
78471
30971
38655
61978
50980
37764
44073
3297
49484
81864
93829
47032
55764
88451
77473
97617
81797
89710
17708
28487
86794
76487
92913
82871
43894
21125
63551
81748
31382
6576
33822
36049
9997
72469
14595
43197
93173
65508
8868
916
88401
25731
94342
69872
10903
91681
36167
48171
49281
96409
51311
64921
41384
68409
21269
3499
68463
1629
79504
73955
20587
66012
35369
66398
27762
61155
37487
80730
16642
79775
21242
66165
55705
48920
15071
52414
3724
32497
79341
23207
97052
3908
76961
20297
62621
95272
63216
48380
49393
22580
80123
32872
33381
70796
66207
66998
23316
81736
96724
91574
42146
53845
25984
55176
79836
41145
49234
60240
54893
89523
54128
24987
9093
33707
32510
57040
83774
22560
78890
2304
11996
88081
68655
46876
61315
10813
12437
7030
96734
76405
1535
27750
11264
37040
13175
78231
57174
24293
94083
47773
44587
32678
15349
35477
58547
26997
47338
13110
32906
72199
27075
57886
33530
84651
76712
43101
92075
34476
94723
54618
94894
88817
27772
62691
16525
81525
37469
86104
20692
60720
91161
54248
14184
37276
77267
76786
47051
897
8934
44839
13228
34965
58121
58070
75330
37427
30555
95425
97173
46202
86289
36419
99944
63321
46491
75881
59017
60412
84272
6497
20956
67264
65626
78906
26811
620
93905
78747
68503
98144
96110
41143
31564
67096
92364
80569
34687
91680
25710
72461
8014
39883
8924
82
83826
14605
51973
7706
54071
15285
80430
10542
83318
67044
72276
76155
81600
80724
61037
61824
88101
25286
90805
1854
95954
81841
75653
99025
71332
87041
21748
98334
41306
14803
20497
62697
48716
51732
46467
47737
51726
9959
53013
47729
43616
90033
18932
68526
97737
6975
99772
5709
38444
31356
594
2899
98451
42022
39640
83532
53285
54882
34992
76705
86581
40569
5110
31791
4137
22097
20920
54227
45531
12126
35663
41996
40789
84884
11459
3928
64427
4424
78580
7181
65199
91417
42164
76012
59607
29879
70685
23950
72052
55185
22713
9770
16320
45744
98093
37666
96895
10488
40208
27306
49332
831
82350
50285
25220
19875
294
84957
85631
53246
46006
34888
86533
72916
20867
6399
4121
91818
55794
68777
64752
52181
40295
65739
51370
99075
81298
60210
85104
9338
63230
84686
32858
27927
24761
64909
77830
64540
11909
42974
90164
17026
36549
62837
27797
52212
32089
54289
33143
84992
96900
32076
12390
55735
75020
30054
51758
93417
88686
8383
94362
82082
59731
44845
76092
13642
41737
92334
96484
18493
23399
71950
43184
27972
65336
41212
50242
48475
89827
45149
65623
77844
75515
56758
27470
37894
654
29526
72266
99010
7391
1634
21005
5510
52334
42011
19435
26189
73975
45643
45706
27377
92600
54301
96970
92555
56702
95934
50327
97341
27946
10889
63459
44469
85111
67151
12130
77494
2324
98286
59981
5861
58059
67928
9119
11000
52531
56926
30385
79185
38184
14959
91965
53799
31050
14377
78408
92296
86075
5507
2192
49714
86837
52814
84491
88293
19001
31380
1825
43343
44898
29808
27459
73788
87648
59523
33266
55444
38328
80312
25222
30413
83380
5199
18547
92802
3872
53995
40294
41098
57728
30927
43763
46096
11761
80023
63074
83229
23796
50365
13091
17790
77333
57692
57059
7227
89396
49903
16710
26594
71275
70383
92656
57612
78313
96502
64618
78697
50413
58372
17303
27873
92706
25660
29519
28568
67857
48741
50851
43903
48520
90078
285
45740
1825
88390
14461
2146
98167
17597
64167
54664
4180
88861
12010
95872
82514
75637
13233
84972
37121
60716
25493
73673
52685
26610
56950
68947
82973
39431
76532
49564
57281
97838
3567
96401
37540
20679
34207
26029
22931
9541
71746
71455
95096
6083
94301
8437
32924
53354
58698
40068
68718
87825
55140
10354
22357
92364
46299
53159
21495
82515
59490
24528
98602
73247
78479
96539
55433
54922
47676
50557
90119
62115
58446
80607
66561
21789
97570
43474
22968
55789
38478
84273
15237
50386
67909
29945
53935
76913
88936
75636
26072
92168
73859
22029
85771
21439
21384
71588
35995
7966
88984
61041
89769
73856
30700
99851
35104
48996
30758
85529
8187
42193
63563
45059
18807
95752
59172
14081
19869
53990
24626
62025
31697
50322
52747
39575
25418
29866
86219
15046
55062
77744
10416
22017
29441
96662
96695
83954
54050
91819
68767
38961
6569
16053
28938
60695
89892
7509
46186
70962
61398
54654
34032
49367
69249
92365
33383
1850
8631
98834
85545
83194
32449
17875
77141
86714
65936
58141
82629
18600
80279
51929
38528
60595
99298
66929
52397
92811
38823
93762
31524
254
42602
1471
3532
25149
39608
46274
37974
43856
14720
89132
45090
9242
27766
26361
60752
45305
30059
83978
88976
71804
34070
75725
38719
24495
58649
38230
3349
70347
76871
91949
21553
51277
60171
68690
58922
70345
93852
1457
77011
38737
90229
12838
64663
19646
85605
10455
29238
22468
12554
93964
79323
66797
27583
66683
31853
10193
93661
95950
91529
34638
46268
35944
69225
32898
48068
69447
23595
37067
82594
93966
95053
39837
57687
36465
120
68101
21522
64216
22411
72246
25144
82827
96923
3928
51861
32675
84388
45043
19797
99096
28135
20421
4398
7707
73638
84696
10931
68545
43622
68759
3090
18764
8255
80932
16432
25444
78058
78558
57217
19360
59914
95176
35865
16495
65305
23650
78658
65015
15774
52661
24399
74217
52294
8847
72870
7297
26976
76574
52834
10629
92158
38202
19173
29962
48222
75465
31347
23100
91096
58833
60630
82188
8498
16528
33459
54069
35869
67371
47968
59441
89179
61962
58944
72548
89141
28179
33748
55430
1135
52985
77120
43391
30645
38416
30093
14944
98539
41649
51679
90372
6092
18315
78121
99639
40413
92324
91032
66688
15925
40474
93221
21889
51995
71558
27358
42400
37327
61228
96874
71102
5548
25854
28433
95027
48683
18993
50862
36725
77182
78145
67831
87267
14966
90315
90756
69635
71026
79767
17065
75837
23619
77155
87853
1046
41040
96582
79801
13149
5941
1113
59051
59354
21773
7756
94274
73075
23131
76333
66264
65761
429
53062
98425
61031
94902
24679
91512
72211
25745
52251
12529
26278
60314
97795
40401
98179
85966
24679
90690
49631
70669
4891
16840
20968
90999
96018
78214
56443
24180
99319
16254
20338
64653
75914
43642
80243
91682
57895
83096
86922
19815
87604
40532
30852
48476
93420
78058
73722
94357
19266
92548
53092
39420
99743
36465
7884
29244
12464
10211
681
38085
99574
95281
89485
47152
81328
30848
66650
6072
10325
5340
43189
45017
8050
42039
42712
94811
37211
16805
92471
2138
62245
1938
56685
35968
22335
50111
63534
44328
67552
6803
9758
77728
2669
7251
55792
32559
5024
59869
897
19118
44835
83258
34144
34798
57746
57065
47209
63038
35144
28050
7602
61128
31702
23080
97199
85886
73838
6817
65144
35826
1215
7436
65848
45425
37461
58290
79662
53038
88040
11837
27775
86009
78126
34391
73696
7016
55367
67883
66099
85786
80312
89857
75326
60791
8963
4817
60163
93896
38572
74989
24210
19783
61598
27778
44848
21431
87103
69765
85783
43927
55950
62408
51551
41485
97606
46311
59648
76691
63652
38225
73362
82757
31341
79462
91928
34359
56538
67619
63771
40779
39275
8715
55701
14820
51931
93320
50686
70728
60935
86166
85110
28557
95932
76048
25164
46478
15421
74093
83982
91681
6552
32844
3663
9598
2239
45606
31258
61542
72043
53016
49544
67007
23428
32805
16906
75545
86480
86699
8941
82966
84359
97568
86698
46250
64017
16115
36054
6173
66160
59495
35896
34467
59767
71729
40463
89753
1545
61163
62965
90474
29170
56759
16860
17812
69540
10828
60025
93091
9499
64135
19932
75666
24725
25088
65518
73890
35773
32150
51027
77209
75314
31091
92882
15860
7741
75324
71628
76449
77203
81779
4442
14725
78029
55448
4996
75939
85485
79148
21341
9689
48602
13725
71807
26176
36443
53090
62709
50915
38908
14349
47298
16333
72467
54885
53799
32345
71970
29324
39067
51836
4614
79570
32959
263
95826
35036
38038
52311
47366
28486
98973
8529
36041
64102
7716
32584
97899
7770
17229
66825
66162
83619
99383
63011
71222
6898
85933
59865
97356
87843
23840
22901
42258
13707
8136
49457
81117
4573
44439
6162
82955
84394
64244
2458
63956
46400
13082
15670
30029
67071
70759
76552
19235
71585
29180
91645
35901
33916
52379
62758
43470
2983
74276
98278
26798
44810
90347
22325
6541
47563
16069
54015
28068
6691
15416
82007
84314
99657
22685
27093
93811
45276
83035
12120
44304
5373
21974
52972
19615
37583
11795
3859
49326
36632
98765
41860
2957
82755
93001
84507
63422
81482
29939
17563
1473
75270
91521
44762
29425
85772
22496
91928
25581
32786
61080
65894
60940
7708
16317
54274
98443
3048
36542
42534
77375
38497
6898
42513
64282
4812
78617
52013
78096
41142
99759
84144
11377
7837
5669
94493
84863
19973
43616
81252
46418
50084
64347
2660
56834
31656
53548
4352
97539
6074
28794
52252
19969
74544
88125
67991
38631
75637
45476
19589
24603
51
56010
15157
11334
42726
27224
85919
11683
65764
4554
30235
91197
357
82027
74228
94220
52669
76616
39729
51283
8396
55741
76859
64266
4787
73732
15034
40392
95042
53037
26550
57158
10744
18569
22243
53563
48201
96527
35809
91246
84437
80869
37404
37425
53977
7880
22153
51758
41884
40866
15088
11352
17753
79349
49725
88018
86261
14605
58860
83598
24523
79976
19811
14454
37547
26008
66477
39918
57313
69653
609
12058
14952
70608
91196
65580
6721
7588
97641
54105
97021
18339
42583
56924
42875
752
48949
13515
21209
61152
8187
87268
94385
73396
87305
87232
79801
91175
36859
12150
85061
8546
54061
51408
47849
23589
43197
28973
14623
35244
58317
33341
30042
92412
59102
8141
76512
11778
44365
59421
24460
15092
48487
15100
28487
71299
35597
43823
37464
15912
4862
20368
44071
27311
19575
62855
44215
60080
5761
14714
24352
95261
99853
53227
73363
19127
19253
4831
3640
87103
74082
63818
59994
54981
79425
87180
91633
43941
39289
24242
30547
56461
14296
90058
32025
10780
7988
96826
91488
60425
56186
44819
26123
3694
44179
23768
47357
71766
77690
28512
1535
24119
90843
65924
27617
41887
37661
69615
40261
17245
66348
49698
87462
10974
89055
13351
7614
99255
24230
63234
52560
80250
71379
10497
64317
63812
37417
65883
8134
17483
5529
40141
720
97674
10007
47862
3899
66400
42047
18642
46789
82168
448
7864
57573
75629
26576
82589
51818
86514
2009
48821
36011
15202
20836
15446
82104
75505
39766
34430
84733
46745
20112
41367
48108
62291
53742
96057
74000
79046
45729
61409
54269
36302
21806
39478
12872
42203
15533
58176
94844
36984
43158
9580
92084
2779
45415
37808
26173
8898
57007
65696
97459
41280
71312
34685
39850
98344
41059
64264
9010
75566
85624
47761
69917
10253
55608
57095
25534
82510
20832
70467
18689
91663
75891
85629
35051
80637
55662
80918
89336
87045
89027
17482
61174
94057
44015
85028
74689
16933
93935
5197
49040
28968
7511
87652
80218
45836
69656
9949
33585
59390
26827
18124
46568
83666
1059
84678
35663
75502
55562
58746
88105
1576
95901
64942
20977
6653
29676
79922
53666
93976
47632
56266
82900
2663
33467
44610
53778
64775
28912
62718
94044
51863
92120
16724
88078
10695
95799
74652
3652
49360
81535
55702
553
96815
15331
81826
17365
13310
67777
30835
56479
23330
32336
16621
88283
85094
67402
60367
99119
31495
61159
35694
87163
43720
98829
65440
41119
99742
93721
56577
1194
33607
45340
87352
10827
51190
10626
96659
25702
92149
28097
38683
76262
39128
39585
87925
30816
8712
26908
41566
17760
15749
15776
66014
29688
62083
59418
90303
12730
32144
57098
59715
52986
3191
15778
61449
97957
53248
20705
5295
63891
2762
69453
50501
65953
58551
33232
90282
15477
10941
21128
41552
65102
64132
6969
84843
56692
23446
91044
6069
57098
218
66402
39654
74546
46803
13270
55670
2112
84310
33886
99549
68275
64036
86531
11424
9919
58197
6035
1817
91329
15869
76404
35714
40825
43851
85030
87197
29935
97529
42704
27751
66807
36406
51845
28851
71026
41686
95595
15169
34242
32653
90703
53961
23405
91943
5823
66074
41800
31574
93323
9378
52720
3510
13363
16719
94096
13398
43546
66158
47001
86463
86212
73012
97306
7561
93819
61350
99966
17095
13429
14696
44409
51037
72012
16625
40675
50056
60278
79244
88084
54118
60736
80661
54035
67380
16269
23140
28689
81302
48911
74216
74643
46347
19351
13382
59273
73920
95772
51693
92805
73577
72028
72613
88729
67866
87913
36057
40513
81538
91152
50953
4146
70976
80276
36273
97702
58103
18615
2663
59024
61480
18136
38623
6527
1514
74153
56206
36471
13934
52571
27349
74075
53828
76499
70000
4664
3860
39730
49303
94737
86065
39420
78005
50034
85096
52806
7822
98124
18202
85327
17568
5396
19379
69748
13845
56070
66906
8317
92072
3991
13567
60022
18410
86986
47367
34063
65856
59547
90296
37976
94703
72645
43278
71469
88475
55977
20440
91672
55905
62783
87950
74589
47924
19069
51906
55388
64099
20543
43606
21290
13487
54182
84652
73803
91683
253
51774
65304
44236
69746
38810
74378
82027
74575
90668
98835
4149
91512
77469
93690
1999
10284
84319
7265
43873
39359
113
80301
22640
36141
90182
3207
55405
79913
31916
84337
73046
34172
26614
45756
30957
9229
80437
50762
30268
40608
70387
83149
30679
20793
91314
51491
99787
62538
12539
98092
20184
97014
52687
73241
96568
77106
61599
38745
27372
77671
3167
69229
39554
9291
53083
19171
88588
86995
15090
72056
85923
96110
13629
13078
61693
16652
96362
12904
19684
11001
65173
14472
25697
94411
60173
92821
83692
78134
43139
32508
81942
69428
40098
28947
87390
5366
79120
16641
46277
76580
96327
19291
90072
43997
37383
85074
67139
75247
35388
25643
79846
68239
51560
40704
8395
49099
91866
70209
68415
85079
43753
41996
36148
56274
12858
58576
84412
49785
30405
25551
84984
84337
91660
10637
47145
42206
58579
15037
76708
2799
77543
82612
1325
61291
92412
76280
21578
4739
72550
10877
17052
69737
53718
64946
70530
88320
7632
81360
28698
43416
60354
75749
10190
85347
42059
5729
58164
81757
57203
97873
36961
42504
10591
71986
82689
36106
83863
75048
79951
70216
90815
18289
14694
49333
22711
76384
93989
3606
71920
9135
64420
90399
7143
49722
83903
66375
54831
86152
97520
69407
50626
32818
92885
69863
23002
19640
73282
58908
88276
71640
79535
92511
36907
88994
86277
26246
18621
2361
70178
75161
94067
11812
69591
38905
68745
64876
13840
61410
45183
23037
9335
68486
51970
62708
4388
37927
65738
96348
30099
4495
23729
88083
61105
8148
11980
72282
37079
47075
3938
90152
51390
41139
61362
42103
89529
49037
28926
38673
13153
99863
73629
81024
39396
22126
11433
7273
21660
40970
88425
79506
51149
15048
32930
64223
31015
84304
40666
86029
59275
13847
69613
94536
19248
25445
89318
77840
65812
59660
17998
27511
63020
9659
37954
21684
25213
94746
64512
82997
7697
39606
65418
1345
41725
91212
65410
64384
62562
56166
54157
72673
86919
83845
94542
42483
62332
41512
77042
94078
73535
25358
91439
9980
10288
27622
93884
97720
81402
42108
69820
70166
35455
22390
36417
37399
19957
7420
80121
68481
68576
83359
19552
49423
53958
42158
10904
87421
91783
71851
21374
71687
16732
52852
91783
99432
64846
80605
23265
69974
1270
41931
6427
82822
15685
79286
48672
97915
68360
31984
74317
275
40930
35842
28045
69264
56492
47665
53376
69627
82738
25330
11516
81556
6838
72397
23013
9643
6694
63552
69721
79935
69010
95002
88292
95418
18825
11861
78864
73903
33782
18596
9281
71836
23460
33556
5468
58414
40718
13488
95196
90052
30490
72530
2661
34945
98697
10033
21455
28464
55858
9892
98689
30720
16925
77979
94079
29524
88492
93441
76110
93281
60924
83490
90026
10539
29853
57635
51610
18920
28219
7624
80263
32545
72960
60044
72424
18246
39300
3604
819
88044
42097
95932
91353
41901
80074
47835
78953
2582
25084
4503
85749
81309
41775
30616
1070
94647
68905
32706
77062
7845
16048
99082
8559
80000
26909
35316
85190
36791
21065
53576
31898
40809
41996
84145
88688
24112
31820
26203
64646
44279
92992
58431
91092
42404
9458
86866
28148
72827
54763
85255
85276
96504
70181
74357
53756
37133
29532
24655
75884
37128
30045
5778
26457
22836
54704
13325
64577
59754
25047
38926
37240
44851
89286
60692
50179
79167
97020
74878
62262
2431
63350
80642
27381
17204
10471
22087
68397
305
39881
76279
22438
66501
76753
56922
63637
55982
18466
85470
48250
2015
8826
76287
98515
13740
28923
91496
88641
13720
35500
45457
83737
14098
36256
48544
26518
94563
51007
18574
5080
85786
68488
91273
84799
32745
71540
49804
12560
74149
35694
49450
78309
97695
25913
1020
11688
80821
85193
35172
51175
13062
41822
81769
44234
33268
9368
73985
43325
73263
73719
97493
85843
82857
52154
18386
79526
27313
21295
25958
5614
59723
69598
2480
21089
54734
34430
50893
37167
69885
32680
49839
21765
3800
76849
71601
52317
80165
44613
20106
94888
57548
5485
15369
32280
39096
57304
4037
49918
22968
9808
95434
43466
79888
77637
87071
25653
76361
2036
92533
34634
87022
80297
96900
12202
29799
35952
54682
99198
92188
87634
84489
96205
9766
13073
8197
41906
83141
99985
92218
89164
82002
14361
88702
80432
81151
13961
32042
15602
60417
72586
73349
91059
185
284
52498
67535
14629
33369
77943
81175
80166
91583
16359
70309
88854
38453
37139
78712
84048
46599
14775
53113
37614
5821
25065
23214
45982
64929
34842
22093
42828
6991
87029
63676
96066
47594
35405
52627
74186
93509
25323
61598
70430
28562
50686
23584
74294
93295
34069
47583
29099
42252
14521
98981
92173
58314
39631
30279
58906
74199
76943
18300
78870
8909
27444
71077
48295
73000
61969
27397
36567
90174
11162
25367
40864
39134
87708
4026
36678
75570
64570
15425
70389
23629
79518
33474
59195
48798
36591
22621
63977
19024
52114
41219
50099
81643
21573
45227
72844
68041
82999
25632
84665
18384
78380
14516
54264
25245
85933
40729
43819
11830
87570
90726
8159
64603
49954
28177
26196
52251
39409
88061
50809
81298
44059
71478
10205
20970
87252
69462
57176
65121
43435
570
76914
85903
55390
32094
10280
76478
959
43446
57307
72565
66752
15095
14971
42411
52478
21627
63014
42175
16587
90221
25493
18287
57667
45314
82021
77719
67073
74770
14825
30184
74047
27943
40115
5345
93522
67632
47190
25573
48353
99523
29908
92818
9772
8129
70329
18968
32511
35161
79993
76264
94104
49968
91579
15615
44400
98171
63387
82672
42195
88769
45491
78331
51069
15589
58843
39124
92826
98260
73239
64916
19556
85664
55121
49731
31654
81231
96831
65672
57786
87501
29237
37635
3431
62163
4817
93159
60006
10882
52505
36321
87051
38208
62030
92087
46988
67818
3517
31701
87918
23503
47560
54120
89260
60124
74824
66704
60275
8048
80636
56111
29347
35824
79724
21735
22612
37795
30846
96614
70720
79716
21807
51409
12769
42485
78328
92095
42806
54347
80670
45673
52216
89630
36198
39543
95074
63601
25689
83100
83430
2903
40550
1415
50402
65379
96457
4217
84487
36080
52050
736
30173
17818
70000
52335
1951
81487
24555
2466
63277
13319
51188
97414
68632
29151
73365
11218
71394
5795
24266
53339
61813
4650
90485
4072
25342
77738
69858
56653
11853
50003
66759
69177
10856
57570
42156
31639
79319
57334
24081
20745
6640
40995
27146
96082
77640
47909
56491
28594
41452
43548
89885
40711
41656
67164
96475
21433
21535
2399
23600
75160
75372
5655
46803
33869
5109
85483
69426
12004
2526
81918
5434
38854
43957
52858
83660
13692
42271
12351
77191
96668
39650
98282
15986
19025
92305
57190
9470
58741
2490
23111
89265
53787
12944
96407
78263
6330
84405
77574
39083
52871
39859
42908
73580
36964
25036
1579
5065
97493
55430
58253
71583
28121
31764
67621
91127
3074
95118
48416
98542
39610
25025
94074
43265
81187
58429
33280
63199
23899
42918
76007
90724
68873
58609
45183
21766
27638
28831
90037
68547
84753
14463
61295
94181
52234
45653
88281
99825
18588
17038
49681
80242
63171
66485
98727
28098
27613
41569
20813
31814
12209
60277
38521
33936
32949
29587
87980
48808
22270
96776
35108
68510
7579
83187
97609
92627
92828
69853
52
97339
82775
30570
25692
27289
27158
35677
10339
87038
29521
62190
98958
56979
81600
99115
14332
75541
33842
56576
82504
72645
47125
9223
60584
75156
55588
18711
67780
72054
69352
50361
89061
3511
69954
45041
37548
3585
35834
65573
23701
13848
96769
18272
63946
68280
28998
64090
21564
23249
28050
57333
92911
76187
57201
55421
66763
37704
74449
67522
21891
40639
79077
86070
9566
91095
58172
58589
47659
27824
47357
8981
76721
27529
94183
67497
16111
31391
10361
66873
17630
62538
46250
63421
75811
19552
18990
55798
87721
73772
23053
96139
42778
81389
80619
41264
24260
62734
58537
98646
95917
37029
17788
47336
48437
49561
65967
29218
51952
27742
1213
70452
23494
4830
68607
63071
92582
8048
83472
58975
14405
30529
56849
89118
48419
71321
48569
93736
28038
83566
59307
38531
17315
76243
28752
74990
16849
80471
44115
65289
44377
22853
24912
26368
35093
91821
13781
65842
36304
22540
19555
37542
91037
44984
16410
93807
15785
75059
96284
53269
13821
59385
56739
24844
45970
50470
80717
28218
61741
69762
5110
19706
18834
6117
95959
4359
96055
21685
62030
96339
77985
6959
71699
81865
6607
82395
35014
79421
68347
85179
60690
23541
66121
59684
92918
32342
27208
95716
88100
10468
85260
99302
76364
67654
56808
79627
59809
29679
73162
79470
83475
72600
94575
88206
3779
99716
93143
78924
69270
16712
97642
18619
5366
61895
47384
6099
24080
5321
57376
37934
88111
10498
14479
89318
17299
31321
57000
86013
85843
81611
67962
91866
10821
75182
79328
24960
11067
56820
13915
51361
27627
5047
84991
73627
87316
50245
95861
44416
71493
81354
32586
69238
20926
11935
37976
24422
11320
44484
94480
33447
58586
13219
53535
11035
34124
87166
25234
28216
96659
81115
78273
20356
60996
66293
30540
82106
60727
65892
57577
83385
59073
69888
37947
20200
81275
86485
66470
57369
97329
87922
84808
29859
67131
99422
64973
35034
70924
28545
81243
12285
55258
38921
33950
36256
57768
92148
67597
42487
61137
22876
31718
25942
67642
59320
38065
10054
75358
17796
28724
5128
83610
15042
42799
4025
95131
48047
56055
12363
86545
29828
4612
91371
70747
48895
96680
25742
84242
5633
97944
65162
40273
70054
95411
87009
40178
88756
68133
93331
81464
89275
20859
925
34491
65025
44435
9662
87996
59312
75139
2953
68702
17688
56984
87401
40383
96540
87687
9625
23520
64779
36756
73034
60075
70030
49680
13293
30776
33047
32404
5706
9145
61872
55592
43443
57984
52289
20671
23098
75353
51747
35423
47240
74178
30226
74953
16927
8019
13791
77049
35836
6881
89239
78371
69170
53497
31051
97026
61254
17177
59722
29732
69082
11363
57994
77153
66832
67527
83107
1822
6701
39569
835
3624
30230
77504
5592
76738
47913
18867
82857
71711
83060
90901
670
59871
66575
72332
83095
62842
93532
74436
10559
11346
78211
35128
72944
29127
36739
54949
72123
19559
4572
47726
85113
81047
29931
33795
14777
22379
27252
16470
65506
8986
11567
79281
58763
37698
76636
8979
94417
87716
35553
97977
95466
62683
45828
98984
6014
67205
1153
14835
88184
69557
55678
77539
82560
76931
98133
22563
72218
90895
23986
51506
3870
76929
67653
65470
71117
83233
72841
92118
49934
30414
74915
81508
55850
45049
20669
371
66769
79974
52501
90368
22344
17811
87971
54153
21850
78316
76896
14581
27992
95715
78797
86614
88899
85795
7252
80835
52091
86193
84361
94027
45262
18264
10210
14587
86092
99383
96416
3313
58769
79809
69223
9510
47656
84430
59929
85909
7717
38247
11374
17623
55851
45923
65657
51476
87031
58590
69346
63221
17026
92583
38768
21234
30232
20775
2354
2939
22984
78258
40951
50567
49996
80112
52203
99047
54217
43980
422
22085
73565
90083
50419
23708
74762
65985
13958
32896
37979
28243
44785
32900
81535
68193
15520
50979
67057
97028
91216
47350
72399
67889
8082
41098
1474
62256
48753
86376
30821
28858
5521
32788
86982
16569
63688
50096
14270
96825
4440
93770
71478
31468
24463
56652
89105
8650
19958
65127
10959
68263
78115
32842
52134
72336
38313
87585
19016
76626
38463
74447
416
12638
54107
15065
59061
15168
87250
8081
95211
29340
65912
56097
25515
95193
1909
53771
49326
21260
16861
89574
46656
18117
3261
97784
54139
33989
93472
33541
47532
27179
98625
93750
67297
94535
38872
46255
76656
17323
5122
47876
55999
34131
61855
67792
66686
64199
40327
17689
67945
89078
36275
94755
51608
96011
4900
80458
10347
62062
94323
27599
78947
96246
61483
97363
27015
80188
69183
29751
85336
93299
53346
90622
75615
45322
97675
10956
15424
14532
2280
5512
61206
94169
64584
68628
77119
83356
6133
87656
40308
56343
14914
45793
84713
63033
35509
67155
60418
29038
42578
26129
73594
38372
19748
29916
2896
75509
42185
35585
60818
63875
3184
14077
54035
86946
5168
44039
84275
32883
53131
11588
37752
14790
36344
89157
57346
90274
74389
41477
43588
18669
39663
63312
45189
51574
89180
18252
96352
21068
64670
8477
53634
14607
50266
16046
40530
67033
30990
44371
21693
50146
95850
92769
59717
84398
24563
2393
85745
2161
56429
9007
90385
45699
43580
35723
56238
34910
4757
1683
29125
18351
92034
67205
62764
91232
32104
33450
54509
80405
90079
71246
16987
15958
2212
38981
97418
14462
10944
90
12539
11834
73858
13606
49481
63281
69547
68452
88690
15103
91756
21599
39296
31017
20866
86096
44400
20408
45303
49304
24819
43828
48348
5357
83681
15615
37022
99463
26339
36932
14383
17623
91750
34962
37275
5938
47117
9787
98102
93613
99184
31391
65679
32331
18103
73431
18080
21608
38340
25459
97507
92157
48684
83939
93797
94058
48134
15329
12934
27689
74611
88155
84066
70760
42281
72132
33044
85206
70292
22894
84427
66540
41773
62115
27974
26472
94473
12434
67068
4422
48465
42853
31531
33661
62760
47607
92419
82981
64332
82770
93642
31866
31128
90795
30417
30259
44817
21669
17339
30566
47603
42608
56949
16042
347
6515
19130
69221
66062
84491
18365
21861
24116
11922
10536
37109
9231
11608
33714
71505
45682
16765
68663
45070
7899
8397
92545
71105
71277
93806
79674
80367
72977
41871
97230
37103
56949
65101
52128
20839
69511
1796
1479
62451
75152
12905
57517
88314
78526
4615
81915
54147
76609
42033
69511
37941
77639
23216
29292
85470
56609
51652
18151
42538
1226
88615
63270
82011
95463
37314
44126
75702
51241
41633
24591
70600
8034
91621
1549
14684
96772
57316
62684
68094
30501
18632
21181
72012
49449
50929
16992
57548
5023
72052
26920
35404
30516
89884
75222
61330
76389
1651
78628
73312
59857
85611
82909
11524
68934
98729
54376
48227
54028
89679
27680
55211
83913
33675
4971
22927
27429
2038
86627
68476
10806
45588
55642
19300
31655
37355
44317
39720
39851
90477
9158
32124
88449
77411
27995
49212
5144
21702
7983
59648
69715
64394
62215
83369
74217
29440
60645
97994
3387
33562
8943
84860
87687
497
72520
75822
51262
84108
46707
2983
22376
25888
48681
63896
661
70318
65313
55764
74517
28863
33631
50036
98568
24110
49789
77282
47166
57886
49516
83448
47621
11996
14837
48417
41975
48255
38681
68515
36522
70524
11395
64893
53724
54009
56269
42112
55590
11741
62878
65417
25452
99232
79943
81
89841
87395
88141
64169
96092
70199
47767
79646
92361
10151
21606
66522
68621
25342
3588
73467
8371
33967
41711
80088
10215
63202
8341
95000
3192
62023
96938
74731
23359
36773
26218
72375
22045
97581
34798
66083
85507
92380
40444
21635
61424
19361
87759
33632
53945
44979
24387
98406
19739
99051
1976
98070
16215
72667
11206
59743
70434
64313
27712
79043
19984
73548
24343
51201
82138
46722
69784
62515
32038
50351
36521
42527
94180
67784
10977
69596
30748
49382
21727
35774
85608
60942
84760
13514
39837
94677
59249
54335
29925
96209
82276
74587
31129
17257
85420
29415
94142
44599
22424
76823
17878
85149
16377
79767
85007
51389
22280
10788
70581
66130
89940
11355
15121
68268
10053
80671
44881
91696
1924
52071
58728
21354
77462
60920
33236
91850
96143
84680
8085
64069
70371
11175
46833
72719
30878
98423
67018
4346
46891
38468
54614
88247
13259
92503
5665
82345
76450
99938
1986
89924
46819
96712
78921
30492
91856
32763
29417
65464
84425
10532
94520
29125
18147
28371
28455
61892
45975
80761
78490
56349
15058
85470
64221
50837
89039
67850
31412
87279
26022
90621
89882
86186
24753
76002
44572
38718
43965
66470
21581
33506
5847
95
65107
67108
38117
34653
77105
28829
49020
33979
27168
33423
36876
84326
7220
63307
60494
58356
31780
9164
41292
44275
36898
18582
82339
72820
71608
33080
51807
62198
92767
5138
93656
67279
10357
45426
77184
80651
84279
7876
38421
18385
45174
62972
90605
5581
38591
76231
48529
17675
31424
37277
14995
69047
10990
5955
66820
93210
54193
477
80020
53986
29629
73394
42343
94842
92924
77920
75130
72521
98167
32614
94198
29613
91516
58844
5933
83569
93633
51989
43167
3119
81606
67254
22441
51434
1045
60065
41704
11202
38543
27848
52102
25262
55175
40979
27162
58389
59636
89719
71447
60918
17792
94052
75594
59157
92208
58426
91722
88552
60908
48534
74933
54406
42446
2456
47744
62091
50266
78169
98703
12788
29684
77302
49490
86650
85872
63640
18866
63109
39046
49905
98272
38363
94539
78272
35181
27134
84793
98835
40291
95457
78293
48326
37684
11522
2039
50855
62567
38066
9522
5430
7406
44496
48086
90196
15048
39383
57187
48155
18282
23876
68607
78137
6995
94847
17380
29173
52126
92904
21035
21803
52911
65771
76515
50027
6162
17450
58284
14130
30374
71301
61816
79445
38628
28536
3756
36117
73141
18300
45200
85482
49080
71668
85658
88142
12175
48337
79738
51975
3204
75537
76509
17907
41930
28206
71993
13684
43472
76094
83454
4717
20238
1288
87212
3987
5910
94658
36474
39554
20574
58727
74113
70340
80840
25331
37743
32670
74804
92407
14560
99230
81917
80707
31839
66673
65515
24196
48604
71389
24471
22760
66047
46398
29937
96394
451
82941
96324
79868
18220
72963
72204
98857
66311
67848
41809
57877
51072
84708
97374
41085
62338
64310
44749
31625
60823
23452
67337
52741
68710
78281
32691
99886
68628
79530
26270
57582
34577
48422
89992
34728
48332
9329
81212
82620
89844
13405
83443
17430
71253
48919
67368
61688
18481
51050
7363
53236
70922
36497
74942
57463
94002
23083
68777
24863
67288
93614
79412
74800
52364
63469
91623
96651
19946
83255
79522
83130
70955
35477
70468
32770
4179
59323
4961
85814
14720
71870
6935
44946
37616
94342
45357
2443
65560
50023
64861
57009
10006
75301
29625
17206
91794
3621
53392
39560
59510
25447
93135
68856
84072
71706
21466
57003
35942
60793
55032
25266
54939
12583
38741
3777
7486
50860
44801
13613
54126
82643
76229
35179
12974
59622
8318
35229
13208
9686
21981
29321
52990
41694
6082
44886
30962
43633
38631
53995
89518
30748
17958
31648
38519
82628
4989
35939
31091
77901
71580
54382
98813
87940
13099
84620
98916
20527
64257
70386
67311
46246
91933
17800
1601
18273
86467
42714
11265
66759
56009
97374
37720
15028
38680
86106
78363
65405
24475
12704
14140
73888
11843
60373
47132
36062
40603
16050
33674
8299
26807
15234
89327
75675
60003
55089
65188
64840
40119
81966
75993
35891
99103
49318
66114
68307
49427
66519
88466
9210
52376
65677
60617
58998
26614
31896
48460
83251
42551
96441
93288
94921
49898
68039
98089
93059
7888
83537
36933
40764
8919
69271
59601
54861
40648
67972
6823
60671
84274
76439
92281
48791
37239
42036
88484
62419
57789
58426
55713
10989
64645
37228
28160
51944
63615
85832
2821
42953
41260
39705
14713
34120
12020
44946
3993
54495
65416
74246
67623
27018
5027
94417
99884
11301
9075
96955
39412
84796
24048
26316
82377
31706
94780
44944
57667
96443
65888
6549
16273
23850
45823
81999
14220
91700
90989
50099
77124
14927
31053
71975
81847
7303
96915
56945
11489
92033
33650
67051
81795
64231
31707
60955
28438
51713
30258
39699
51138
88029
98636
90035
84752
21110
81994
68443
4742
86515
29211
15750
50192
83372
33437
36416
22822
46449
94499
11368
13328
26499
26140
11706
54768
21556
49395
28149
19922
64071
76582
120
31155
28171
393
93588
85967
40008
13582
6620
64096
47224
39647
65603
97771
14511
73383
8298
82438
55436
36054
25067
62633
74485
65982
51378
96022
63969
6574
80016
51345
11026
7893
95937
49589
49187
32105
46166
83359
31756
34434
97170
60051
74260
77775
51287
24850
72968
8187
81774
91656
7396
34525
2444
5606
3577
60523
19535
49765
64727
20886
78866
90631
42151
53180
76457
7453
43737
40460
39760
15491
81400
51797
65291
62576
15361
28558
75896
39938
52989
63011
16294
21257
35014
51452
66151
29460
94217
92548
98622
842
35569
24111
18030
49039
76525
95054
15488
22403
13902
85746
4692
49080
90890
70959
29439
17820
30714
5264
61248
31473
67958
19889
22932
54467
63472
59207
85172
5785
97161
33069
10022
46506
20909
12399
93672
49931
69786
67521
72084
2964
43947
38018
75613
43905
37366
13118
88687
70113
6049
24268
86778
7055
60444
26507
46465
77556
51387
63500
77568
79136
37125
9184
11879
42557
33246
34981
3631
30142
60915
97851
15872
11662
87878
70567
92679
46374
66683
62754
79793
10477
44586
67115
41169
49622
10655
34332
55174
45366
48905
76747
33717
91537
54860
71406
80579
6855
48335
15143
11144
18129
96999
25201
92218
1407
76203
87412
16368
3795
36453
89808
7801
82243
53004
16077
87146
13866
21401
73933
97921
79680
89998
35412
62538
52765
29467
3560
27642
19643
69290
2474
37201
42596
56457
12507
43981
58440
12821
77239
159
1026
39329
80815
33513
95795
27310
39651
30472
61430
77486
25252
92901
73379
86788
11270
47764
69562
5394
89217
11095
10691
42868
16140
12457
77259
43193
75377
69233
29301
5025
64008
74781
3293
84240
5066
84812
31677
68680
41449
97400
39270
58927
74981
33916
80644
76000
92105
46257
78972
53974
92047
25654
47647
45285
71449
30093
33165
79251
8542
54575
67980
92598
36404
79353
62126
52245
36637
53811
14354
55069
82203
17264
86544
85172
15003
60977
69660
52002
17101
79690
61286
60276
80881
58886
45734
39210
64351
15213
80602
60894
82280
98455
85206
9842
67567
30777
60751
42880
17450
41250
5639
73476
40952
13912
98428
18651
10000
63856
21311
4665
16749
14349
52419
32913
79215
79761
84029
26868
17477
78130
65678
87206
6944
4142
57408
83433
61566
16086
57534
14094
51944
46664
35368
53322
84222
90642
65696
1030
79455
32866
51818
95912
51407
30400
27799
8767
41883
50979
90583
50093
89298
6520
2199
96378
53008
54691
14794
20104
61971
30084
35314
46583
74739
3746
80683
48436
45841
58899
80004
47825
47102
37175
19442
27052
52362
52891
22185
56168
5039
45280
31057
79508
14017
59433
76907
61614
81678
11787
83650
25313
50665
14298
82467
86044
36169
72607
33520
41661
64679
96751
48758
16483
99474
93710
12695
80261
14820
98622
26516
53769
72788
74245
53062
70437
27998
22503
16085
23962
78618
34856
28473
69218
75557
45291
48275
70721
6255
65813
31612
49469
37520
22108
79345
18442
34825
89203
57308
62212
68430
90213
15739
8258
69544
19269
75361
43851
93420
91718
49150
74030
50249
28780
58301
11461
8192
48935
46006
71495
95798
44252
54603
25328
31824
48387
97314
24294
44478
51769
57397
33854
22487
85812
60907
101
34453
29640
63680
75121
86973
68751
68225
17335
33011
32299
71675
30775
82212
10524
46813
47486
24610
59178
53837
76618
68081
2218
67672
40556
70111
46876
8158
80746
48136
48768
67455
9874
56915
48819
94641
68933
7055
48782
49511
2734
12201
75959
79658
37594
18405
68263
10483
61229
32629
17726
55523
60411
3600
88885
64921
28186
76731
38746
49404
94870
39173
71061
4393
64881
22745
84904
33715
16881
83022
34500
76336
69422
88643
70557
99561
6142
13605
41610
29091
92099
59969
20293
66879
70151
43059
64421
87637
99863
86160
27050
21600
57898
37193
63455
51936
95648
88201
78347
33922
3487
2005
72790
10615
22371
76554
55084
36466
76975
76166
57264
59048
81219
91546
34726
10602
50411
5980
24911
61147
89835
52892
55761
45683
52647
7588
2998
57243
22284
18027
18165
50229
20089
99993
29519
18901
96629
94202
62824
89473
7302
53785
63498
33383
49348
46029
74122
58807
6243
88447
15418
77499
70504
52036
41267
99627
50708
29812
66854
5362
31489
13372
20352
26921
54724
6258
51591
50185
75284
35069
11428
58852
12687
61230
90242
88545
35267
43109
57197
98192
44048
67691
26639
9012
70907
59395
65508
69585
9333
56687
34196
57728
19931
56085
19293
82486
32772
17975
42835
88209
93115
95128
97949
34596
27868
6869
99746
75240
68635
13389
46644
12129
34024
46146
34133
13826
49481
15856
68465
20644
46431
81499
72415
25302
65962
8759
92008
18464
36166
88947
63820
59405
96965
57665
69880
91107
81623
92814
74921
52184
66231
72825
24314
65409
32610
53668
81840
91812
55574
31582
62870
13740
96158
70035
59492
30453
36769
77379
49587
51019
85812
23807
93911
98228
61592
4775
23368
77778
7662
99682
90956
72494
14732
29980
21675
49786
56336
51048
60835
98522
82992
57214
81335
18525
44323
80476
94646
23014
82908
22000
62620
34231
68944
21180
17319
3066
71186
1813
70163
14521
75191
15963
51261
45077
49488
43527
44662
72457
14800
55003
22596
12345
25616
36263
30122
80751
53837
50515
68297
84773
35101
39986
61788
61790
59959
48677
25205
16892
92249
28786
66039
79306
2208
82332
18370
32056
29469
47677
74063
18602
64841
20547
87200
39160
6447
74819
78463
69402
39540
98518
59166
26572
65648
67212
72568
7695
45692
60573
10001
18698
61284
50359
70992
58856
258
55331
99779
95254
84220
1952
98908
58096
89833
43219
28058
81448
97473
89046
10565
73580
75934
36143
44676
11989
96229
67800
73484
12361
89597
79931
85093
34891
49007
10583
15458
28740
26296
69571
47733
98218
91791
49478
68770
37239
60541
5796
92406
52896
76082
75322
13071
82631
22520
29370
45606
74015
7906
91909
78599
54188
62098
2400
15190
42842
45483
31902
47755
63514
49222
93190
65596
3435
71375
3385
35836
35180
60329
77219
73851
87816
65415
59221
95063
10616
8780
69448
53123
46287
8362
37634
14344
59234
33974
1912
36675
12775
55994
71012
65829
67885
64868
21037
81349
73402
27382
26641
54653
53181
48402
28508
67975
953
46695
64949
51623
76435
10838
80143
77988
68724
35112
98866
90674
81421
48246
89928
61
54571
28271
65346
87288
31212
20146
55214
53171
48224
81671
46228
58603
1051
57955
22970
86716
7536
69279
32246
37627
20582
80022
38165
14235
17950
81008
884
89684
24846
51152
93236
80030
97877
47997
5325
51585
76283
12139
28271
18774
73996
85234
70308
47172
51706
88197
53802
45711
49348
79227
83571
56875
33617
43517
111
27424
96127
92550
76031
85996
51899
51791
49232
89862
5044
17691
37751
66589
33405
13467
17665
79482
48117
66744
24810
4583
53729
54132
6611
79728
34155
43646
36864
29005
32864
86346
18706
20584
18757
13055
86597
64442
75661
69877
65594
65029
23958
98948
4667
28041
13315
28566
66828
38726
1262
96089
77506
51669
65528
82634
72880
37823
89904
95741
4029
22886
22238
57275
44817
12464
47510
83108
83251
89009
77370
66839
52499
43419
22356
53729
99274
93520
75499
81642
83160
39164
16384
41110
73147
89977
23382
50493
53638
13263
62930
15609
8946
78282
38842
7735
83719
70941
33314
63905
3940
61076
25060
42512
72774
49229
18202
97234
73835
76857
15677
17382
10074
88578
27469
91115
31901
21349
91941
61934
47749
24348
25150
30999
38777
20828
23817
55430
75962
43743
70226
88245
50233
94638
19511
94123
85949
28965
59032
87844
67748
69265
22503
94124
43955
95582
96513
71113
1826
55876
36526
93726
41782
12484
79619
69230
17586
33177
67503
28111
71393
26510
31710
24881
92476
16481
78360
58767
45761
54280
28071
39311
19911
90840
97475
18228
79459
87457
89908
99163
74815
21071
74635
23623
93902
49703
92061
89182
51381
52617
34283
91485
59543
79482
59677
88109
98222
86109
75539
97483
75801
76419
94168
86951
46707
35430
2987
83713
66481
78094
88057
70325
64095
15026
11752
44670
46184
37087
59930
29111
58580
44043
53112
79622
63750
2617
58922
78714
28933
2963
54960
21970
39918
82664
71865
61523
86647
46880
96391
43225
5105
90136
61026
27916
64800
11922
27440
70250
88424
65758
31727
96438
42602
8146
46395
58535
33819
87465
53221
93372
63984
20978
23513
71830
86719
14009
87722
12173
72517
42777
22838
48864
1625
88238
19207
58058
61040
8797
59650
52980
92716
47937
85015
35235
98080
18730
11788
11472
35227
63383
78815
41232
63186
8458
89822
88282
12426
8727
68882
74556
83002
27059
53024
73251
20960
92562
4297
30890
21622
84575
76109
17931
66360
95273
6951
11586
25429
64584
79618
65947
55880
58707
33014
44412
42607
83525
87009
17082
95410
19269
10669
27572
81962
26859
54711
98191
93853
30880
60344
22694
21938
53345
56422
20395
6110
44201
96754
32608
77942
78185
39674
13223
64363
38305
23608
66278
77288
24738
13300
28139
52657
47377
7179
29867
31337
3768
65401
3839
14947
67937
60572
16340
79307
58771
14976
55033
92649
39201
49455
86014
78687
74542
23083
25153
51659
52789
97684
22231
62147
59910
50585
43779
83928
63363
52021
92463
40481
41786
14669
48823
2625
81562
98632
63974
7162
8047
4407
11924
35977
40123
94608
89955
2132
63025
70803
68164
36481
33613
61486
89131
31713
61446
11082
65703
43049
94929
58258
71502
11255
32166
93054
37680
56874
95748
14175
76040
31199
91093
10020
4711
36921
99282
52526
13894
39238
75810
39336
31304
79160
77546
48625
64913
45143
16765
73972
60364
92421
30836
63766
999
85462
23858
91334
25497
1807
13134
71815
37253
83665
6741
88417
49499
4901
25374
85878
94395
95598
78160
96678
61380
62041
52700
36220
68161
48811
44070
56960
14137
15636
36659
44472
28774
151
43862
75318
72657
15987
38964
80245
17197
37390
41532
28461
83894
62984
38238
32826
44980
56874
46570
1429
62139
49288
57187
47339
38892
28819
87173
13379
55681
41962
64694
75474
21470
14870
78256
56251
86810
36850
73086
31402
80907
32303
97415
51698
54534
20757
87832
61954
7573
72888
49957
6022
33402
78028
32516
34383
92372
83716
21622
18025
30658
72470
499
91276
1993
36927
61411
75680
21108
70685
62334
37698
20215
53394
40333
88146
48711
44786
90823
96599
27844
83405
48235
28893
37771
19739
82382
93983
64824
30509
71594
6737
27839
97242
57605
36564
4782
64062
79389
378
34329
30726
19912
63667
54384
20100
82355
76992
80243
59457
52208
41244
90841
61474
31691
55338
63074
1505
27581
6269
57852
62725
80112
54143
60
82623
22295
80397
20568
32072
44007
15133
40802
86359
28526
69882
44280
8446
77892
47525
18297
43313
15796
44745
80160
97065
93534
41195
52213
47206
55164
83497
63793
81100
58530
23276
4631
49929
31483
98057
61791
63444
70832
57660
55223
98981
78475
70839
6874
1798
67043
90852
79756
80946
66667
377
61555
43737
92132
43612
42175
17455
37097
98605
54442
17554
74995
46904
84965
83767
13608
78411
93607
67992
67447
52221
11258
27293
78444
14114
59392
94289
37401
20249
42616
16083
35803
37672
54533
9012
36154
76211
92074
93641
95706
65000
89732
44252
53552
83044
83901
30344
58431
82043
49677
23244
40440
46219
60493
48198
91241
47746
80922
61473
70767
45613
82090
63248
96655
4275
74288
13399
48623
22805
15500
5615
36980
52657
48720
29560
85167
95776
10962
20770
44294
3230
56320
55664
5633
47866
9167
17242
40522
74475
67504
16574
25879
37256
63428
77329
89817
76591
82965
75407
69606
16529
2626
3223
34100
48279
69843
95102
31260
76151
22321
9412
65320
91484
82291
43721
9574
18507
78908
67741
48815
32876
9468
72067
70601
45147
5636
57309
91312
23566
1673
11176
32880
58945
32947
85472
74147
78402
15473
9634
83418
80523
51828
24654
67973
75967
37858
26258
63477
63990
46320
20091
29699
70812
17110
25945
51843
79171
24346
66267
9918
60252
48153
77770
21455
32576
83626
53813
2081
75672
59888
94297
29424
92064
61263
31998
55131
61979
14988
92941
7735
43606
91137
56516
23068
12287
3793
13166
12887
67196
52633
85182
95291
89147
43397
45700
31941
92078
87967
61922
83999
55170
99814
38875
46693
52664
52578
68496
25077
79553
94654
12383
66450
7231
55757
78279
2821
55063
22253
47363
43922
89749
16600
47636
21341
19554
84489
75436
38941
34215
18901
87530
99085
11226
506
76194
77657
12439
86406
92781
13626
83137
487
30081
52709
60752
3782
37836
15670
32610
24103
11143
94514
84296
35951
6141
15130
74350
21131
79348
31531
9854
40738
57814
7504
67888
14275
26087
31148
4548
17972
99222
32121
90747
8336
17425
54832
70493
69296
22329
95080
44902
966
16390
76430
97953
46213
64659
16842
8571
82474
47977
49975
23299
69268
38563
37163
96393
30725
25873
59855
7527
90951
86285
66865
45669
12214
72239
52152
35362
8851
35499
45198
71856
51908
10160
98407
83254
40972
49517
73811
90074
80979
34676
77711
87387
40236
38917
55409
36940
83885
30801
21323
83667
51312
53354
50884
33599
22925
79506
13506
77196
13489
74360
81059
68439
96849
61129
92817
12476
14500
4680
3159
41357
76381
53636
21741
55692
81270
72369
72124
53314
28775
13278
41000
90235
46937
62809
90473
50830
9400
1987
74248
52308
25259
96732
90598
57742
8273
42029
99940
62923
39872
84182
79336
12859
51787
25472
45422
65280
22741
27284
65168
22517
90002
46390
58503
71920
52807
47107
80832
94674
64553
28883
27588
75338
54575
78943
21196
55658
10302
71910
66709
86196
23885
87609
28158
21785
92296
64285
97215
50382
11235
88798
25006
89681
98367
44388
58998
84055
26592
41275
99439
69118
83547
54011
48479
15342
91376
24043
14224
82608
36077
36744
57774
56946
45806
9352
81044
12041
661
81670
489
45569
8775
10542
33919
5178
26967
57423
32601
53411
90621
50362
38185
49160
57650
22862
350
95578
87314
23478
93149
79481
51614
38063
65385
58318
56377
44575
15628
24769
21278
34962
66886
32351
48006
11832
46170
18492
78920
91392
3126
25607
82785
70455
29050
38570
86989
59154
21166
59378
11678
20454
37181
54395
8022
35903
