62693
62032
37009
67035
47928
34999
47881
62316
76072
75580
39212
76235
28159
57949
30324
69417
5170
21625
53038
61660
95209
18296
73798
3833
7737
30096
76743
37031
55600
77180
3230
14909
27926
46640
52436
32277
40237
41145
86507
24956
81427
70142
26108
9939
73767
12240
88121
77117
504
66844
904
61003
74867
77200
66790
19595
23258
5614
33283
30214
28560
29268
81423
57730
16602
57675
21825
77536
71292
9222
65320
36404
34100
21397
73986
20958
92169
97808
69827
91492
81890
15808
44037
56031
1915
91624
24079
5090
55062
10451
35532
94102
59996
95991
36942
23408
96322
84781
50327
88681
31662
85990
65053
30655
5116
13482
54656
19854
64426
80308
50026
97540
96962
53228
70967
63548
64879
57977
73276
82666
47657
32000
80509
66868
9755
15795
81604
66411
99775
50864
59053
48625
89204
11782
65606
42992
64213
55172
40885
43841
62566
74549
94092
67852
63962
13610
63460
68223
25038
44690
82675
47276
81420
92550
4668
56032
90706
63822
20314
36587
28129
99148
60089
27377
84726
15230
56577
48499
85212
15208
53375
95414
34546
78762
33858
29064
48513
71309
3958
69743
80154
61175
65382
61226
6065
4021
62930
94285
79180
78886
70116
36764
52044
66519
51483
87966
21605
56043
6027
92906
47423
67107
99590
3224
94482
6805
4513
56752
27982
78230
99920
15287
60792
24824
40844
40661
8032
36387
59376
67088
31481
1941
99426
44043
69243
24854
94592
91572
7954
31064
7139
68024
66364
19086
85088
65256
70285
36662
40264
39463
74265
80953
54854
61147
97115
65178
85209
95143
41881
61004
76409
92688
44977
8860
77677
86276
22933
44276
84932
93517
65125
22764
48905
36918
64083
91380
88186
86701
33642
86770
92977
46760
56112
42033
71394
16136
19126
77434
32020
78574
89346
8375
84679
22163
158
45759
10536
79339
38266
9490
17740
29591
92154
73725
19139
65701
37495
22319
66520
64411
75875
96610
9299
29002
48459
63237
6954
36697
74646
64076
65672
49354
56638
12422
10946
46598
15442
80413
71362
24826
2828
44301
56150
60025
29127
56850
82769
59768
17293
72894
51313
42558
45315
30841
18289
48610
69155
2080
89102
36779
62087
73095
42656
60479
45816
34451
56239
58426
9636
83644
54803
9012
10776
64328
56450
68907
73421
6491
31244
47771
3681
95464
79689
72391
49120
1356
4308
24506
7536
7459
47817
10290
93990
4645
1606
67319
47586
64307
52134
11612
77722
48919
95
53866
9099
42365
94991
64000
50199
10657
88085
86106
30813
59776
82891
3024
66673
92408
49747
14080
77562
82126
33332
75974
7444
68179
93207
92217
47616
51398
24265
18054
58379
72201
49904
17505
18440
90588
86486
8377
24146
54034
23925
70693
92016
62994
79122
43816
12456
57967
55439
12777
8979
74136
40687
14597
17456
92500
67906
69158
46620
2099
64644
80705
43338
69257
53876
40618
35488
25746
2531
70060
79168
19999
86103
49073
20054
30365
92808
56521
65339
45334
76607
57008
79237
8559
31788
37846
78476
73101
61239
76261
48794
24142
50286
83813
61044
68918
19126
4208
1312
37217
46458
30049
8728
64237
59948
74240
56739
64332
78394
34944
32879
86796
95330
39533
3130
75815
39710
53153
60735
64892
60296
82971
6446
94471
77889
46173
32706
8425
24468
80184
11382
58001
37757
85982
29715
60327
3702
54044
38506
8633
19542
96024
84847
63328
77617
13847
45304
10785
36942
86193
46696
11346
18506
28862
60855
14343
11574
2807
18570
25328
44782
43252
98045
96528
55353
65407
21360
92511
84340
5869
47977
62694
91160
29074
64368
80207
21724
33405
45801
22405
20646
64325
54696
71655
29360
62362
13565
51729
86691
10090
68185
95233
83491
54166
98222
85410
45579
32456
57352
31892
17864
91737
25514
98573
29939
3847
53986
25446
35951
9880
20842
39855
79016
64626
91288
66826
93119
91485
876
93697
32377
4723
46872
48659
95730
8860
70094
44155
71632
38823
83103
55178
7679
91980
26535
36754
3379
62172
6065
21132
79823
66992
15266
51668
34765
30326
89013
83134
89500
97764
48542
31358
17024
67837
84031
17912
54918
2419
55384
39811
62625
17282
13018
32900
68488
79463
42956
2635
76864
47919
38067
62761
63171
91790
59340
44747
58190
45935
47184
8208
59473
59148
46560
68625
73039
14981
84440
19264
22715
25361
72936
99258
85128
65177
81226
93914
68102
94735
9995
2368
92189
37720
76951
6022
3710
6316
16280
72426
14040
23285
86487
85453
69588
71094
12360
11532
48939
81669
21807
276
41758
86763
33194
18176
89318
23084
30759
25956
93480
13724
37087
19579
30358
88197
39490
11799
62670
10837
81288
7195
85685
50584
19884
91392
42504
78996
70757
35844
43912
7782
18050
43497
16120
38975
58874
29025
89796
44733
83401
8257
89028
83490
51119
89899
11424
30995
97113
69715
8156
1727
26735
90248
33958
22970
67358
56821
57601
92007
26615
46192
82514
38725
31764
78726
84255
84463
23171
49927
36036
27872
92720
18269
65311
5203
86270
16038
8317
16786
85289
50128
95903
11090
97749
88652
28951
54005
84573
66125
22907
40449
95936
46338
7701
48378
69210
82259
3547
58923
14467
59995
35465
19777
52265
87933
46273
3423
5030
29743
64159
52099
63304
41002
47763
92656
77480
54215
10928
10074
14717
69746
74813
23416
91109
47077
43296
12960
90075
73740
55508
73951
37832
59600
55162
21763
15695
58384
96748
35544
25480
79374
89411
34067
6871
48140
11128
63935
44936
9324
93008
87828
14636
42538
37134
7336
18470
78660
86771
98020
97053
19098
33558
88235
4253
76619
15956
10332
47950
85245
1730
73851
2267
98120
74386
38124
48589
83097
83560
12066
79604
96464
85250
52115
68761
77597
19270
41446
2743
40965
76064
78307
53356
15416
55647
447
92122
85113
53452
60529
75456
15362
68996
93691
65187
9476
19623
42398
94691
44675
42066
99621
84300
66927
58182
98113
68844
9189
21042
19982
84547
49696
90758
54958
19964
1196
79847
44240
38330
14536
33235
93020
48909
9460
6163
70804
98025
34420
67164
72457
23455
91659
26878
88532
63687
76901
88795
56586
59039
46074
23487
7179
9788
38795
78492
82635
84343
31578
44612
78690
11477
86870
86706
93310
39112
57056
76545
24998
43659
59931
90554
11605
94393
84207
17502
43536
70883
14326
87380
97058
65574
3544
55159
80004
19112
46736
57842
37429
25066
16735
27689
9507
69846
47251
73969
11863
24728
38763
16671
46719
77915
88382
72009
65659
57107
35359
63647
32463
53425
14033
7826
67588
80144
45659
84126
3623
4842
89642
37241
8470
78438
87009
57743
49507
35768
17767
90267
12123
3498
93365
942
64485
72344
57116
64962
18548
9650
88092
3594
62740
76255
81528
20004
15951
48881
41406
77193
94064
35720
15273
58015
91046
79995
80893
84533
26328
75482
55146
82333
21073
71527
30095
22249
27288
67712
48152
67451
23870
55616
74704
3988
83738
73907
82814
20704
55752
47024
3219
90717
35095
25745
56466
11336
51580
62913
6182
56144
59681
54241
67734
50734
30002
38875
20024
24865
34385
52687
92001
93004
73812
14611
48358
16122
96918
61843
17180
60995
45728
51491
41802
28616
61460
92862
38390
47687
18453
10299
44470
39439
68435
74274
62847
93603
10152
99867
22812
45376
19767
1192
88853
71980
78492
47557
35281
3014
31447
94488
33875
90478
11218
89977
37571
76513
39866
31939
38877
47798
89211
77932
77918
93473
55664
24229
55578
11831
24359
27984
57161
13171
80867
63670
78523
50926
59519
92620
20549
97335
36825
72317
89265
49934
41329
2161
96171
93333
5185
35548
20861
94100
88553
77241
41086
79448
19098
87400
68558
54732
15995
96380
4637
42697
49132
80363
80998
14848
21877
27401
92468
96378
3920
81151
84565
27678
90758
27093
17340
46466
64654
82128
41272
72842
28601
94427
54176
66707
87214
32309
50284
67242
96186
80293
75741
27075
98752
62031
96510
100000
91039
67859
86264
48164
6250
15420
70507
53521
57861
74391
86161
24084
57651
41006
93731
78262
29467
83054
13587
28660
48503
25993
85326
79650
12918
49201
41436
5583
57466
54552
22066
29583
32610
43990
24251
49690
98119
92601
16324
86940
88777
6142
18361
53581
42137
1816
91355
5051
45892
61970
47762
71950
64457
25312
16000
94784
92658
86586
98850
53565
5891
30274
16238
76349
49307
76193
59414
97391
81044
69122
39786
26281
35359
55611
28584
73846
14377
15900
68737
48204
71204
12405
28591
77930
6036
12015
12307
39031
93196
85181
34050
63891
7847
95824
13113
1335
80258
19376
75342
1230
2172
3208
35009
76664
24130
24770
28064
85050
65585
69604
57535
59671
47337
80212
16927
21116
90848
86440
61451
93009
34343
49974
3162
98897
11067
67663
95647
2236
12042
79069
65819
35684
3647
83490
80146
3028
51280
83900
26757
2872
82003
90146
93493
34789
42931
45588
94654
50713
36072
8962
7290
8909
4176
68134
32068
27347
68297
57476
15935
48603
90489
31370
83953
31338
71571
48272
69917
67744
75515
12272
24925
82608
49212
97017
92082
96568
95122
80196
61531
50984
42008
70223
55467
38922
80219
90279
89182
36077
75192
60458
1264
86420
82508
86319
70325
44336
25578
11618
39695
90995
44084
5461
81370
36705
25594
36403
42231
50496
40445
2651
23388
54175
2620
91300
4746
12420
88566
53753
81656
14754
32989
30127
89674
20931
30169
9536
4221
32543
58970
98479
86101
8500
16888
51163
45806
94673
81835
20335
87345
93753
86132
323
48980
12362
18
17680
12489
80424
85042
28854
90726
54248
78163
41597
29060
79979
26749
2471
2133
45937
55537
2937
88187
34742
18582
96676
32968
53224
71300
76510
2698
30875
78056
37988
22178
64108
96653
31445
44765
70916
36864
27809
80721
4477
36489
46757
41577
4904
43829
86760
13587
69520
41759
50630
92913
31880
30904
54517
84849
85590
50282
33344
19169
46267
97126
35568
9497
75355
42805
78797
20227
3036
14041
95402
14201
77217
21535
18715
18831
28137
49163
45866
34539
30216
60000
52843
72594
81377
21513
10155
14516
94629
51102
61220
93435
73323
74853
70805
80253
56185
18428
8646
99053
75637
71083
96529
52437
72151
42933
7502
18208
98149
12443
48051
6791
29697
45416
57046
8875
48212
18430
39683
43622
33956
52142
57616
28720
87031
34345
76601
22850
89467
57645
2747
67237
16152
90498
71164
5848
78451
34636
19614
38054
89384
94758
19406
67970
69135
92251
17854
58312
3503
97182
59888
24259
68766
90680
72967
84490
52794
96247
58970
2926
13498
9059
96197
36707
46703
8999
38191
51844
40177
42509
45298
48808
39377
70292
35109
6665
93965
9627
93906
45860
42645
84802
33464
16674
22173
49816
70797
84278
18455
80156
86131
23323
49582
46608
70835
71284
13074
35254
74516
30746
30365
8811
68055
6548
98416
74631
56315
38125
46032
41528
78879
87583
51974
53028
70648
91162
9713
5654
14122
72375
67939
99148
18942
41046
36335
71675
27612
48664
32439
92067
71759
48977
16253
80980
75381
1991
75420
11744
35891
90437
76125
77551
78663
14483
11262
10541
62095
46893
10200
19102
21627
87216
98340
380
43744
92580
40557
67794
37931
19022
87262
6907
44647
9406
58468
38428
27197
63491
27801
39086
85877
56675
20527
32510
84358
9168
97684
7973
95169
94225
99650
64280
66128
7215
76087
72424
11032
99532
7951
79337
252
66794
55560
58055
57510
21681
28144
92936
17669
28527
21958
711
17251
1497
69898
86522
10060
74419
27954
76274
17637
2049
61570
2872
32495
76047
44854
61375
69340
39568
1663
91684
68384
51063
15658
18383
48988
85992
38811
6041
19179
45628
69279
16485
18185
50116
53583
11375
39908
42808
42945
25973
71458
61766
59338
14917
28383
25513
36972
3522
5816
78024
83915
66653
17654
76510
67042
87781
30730
22652
22285
6894
90700
97396
78429
55543
92354
44957
46292
89877
9643
96056
9240
61428
42849
77801
62169
67188
9786
32595
2444
6377
62808
62952
65227
8283
87618
87408
16035
91518
31446
34514
64979
31431
75532
86895
59245
65326
17323
34372
76046
85168
64664
29827
26559
56364
29356
87155
31795
98508
1693
10845
25598
99626
35223
52855
46938
60384
79091
58293
20746
20130
15743
4371
95694
29964
51489
1662
10005
72169
1314
78351
13426
20887
35367
33249
13777
93387
60943
43683
53274
72861
76736
40690
1869
64070
85951
649
63536
58825
85715
13619
5813
24461
29653
83907
31602
28439
53315
6758
82099
14303
90932
35357
84900
97726
60604
72679
97010
48965
66923
10611
93683
23705
81057
59320
372
38090
31774
50977
78838
59423
50503
70353
30548
55422
3044
24923
72382
48492
86447
50517
12627
86135
24229
32805
78467
40068
4073
11484
59914
15539
26071
87259
14953
76863
3929
73824
82661
38929
71818
77332
84788
76630
47197
19064
40261
13569
63414
90510
96151
33833
23203
71126
85367
33904
51378
7957
82427
92135
32016
52335
6446
78663
7991
73513
55885
93326
83564
51922
95450
10731
26050
23657
81947
77438
64717
79622
33793
13481
13134
42890
72826
86661
17897
85428
25525
35329
21010
32932
41031
65606
17587
59682
70547
35085
44115
31151
27881
94820
7073
3660
64667
918
51710
55815
97313
13497
57879
25176
81613
55376
53236
78724
62458
43189
67015
92104
34157
10210
45176
2379
71354
93980
61127
9673
79443
4181
47099
54972
60740
81771
49343
24526
89801
6500
40898
85158
19130
90765
39446
7530
97498
188
7229
52998
94745
19186
70722
70587
70699
8484
54514
93257
68024
93924
95491
23030
72575
60657
56564
79768
9087
28066
60870
33972
47987
74841
75748
21188
88721
35237
21264
44968
71552
53880
44904
39998
48111
13261
24958
82042
51378
66713
78864
79705
74184
79439
9517
24933
25995
98619
84618
76813
96744
25866
4970
56719
3931
2205
69201
65350
93067
60171
39216
74924
46378
45263
14155
12031
16316
85677
45619
74274
1121
82714
30065
74031
3064
71501
15022
94893
49289
89533
22077
41573
23477
90593
48362
1781
10211
26927
53799
5859
81361
77162
96574
49146
2616
67425
62951
52821
81460
94477
55559
40492
98057
83275
41898
67186
33580
21030
62824
75348
65527
5718
74807
22101
69152
71517
75316
82350
21227
10191
69739
82786
44650
12000
36484
36032
70998
96533
45194
11621
15981
93043
37250
95720
73888
63904
80364
44703
86244
63452
57582
74715
83188
65237
49768
71603
59821
32542
50760
32525
96031
35098
14759
84205
42417
22429
82694
91936
6449
6636
91817
45439
5397
23110
27229
57126
49489
77877
32165
72379
20843
18453
79060
83920
42782
18721
23870
12851
4607
73762
38273
86667
50647
55416
38781
27390
76409
32022
88888
23528
96273
55890
14510
71470
66837
60104
85673
7042
77519
53755
11109
16186
70468
27308
19233
28771
90037
76593
92012
50478
141
90008
73518
39696
99221
66309
12771
2709
94590
79896
79907
34824
49159
98289
613
78764
15924
24498
42497
65073
18059
16769
49160
58196
38273
46631
3718
18623
2051
29644
68495
7124
7136
26093
39927
12362
11146
36278
91764
50517
75508
32211
60691
10286
25248
74334
89637
36398
28092
2141
49164
78407
50675
38040
13487
44903
37721
38025
72799
81533
33309
73347
40206
23237
49766
23923
66988
1811
27943
97466
59657
33219
7924
8372
72101
7586
76843
37678
24235
34873
91354
21201
2406
1801
39891
41205
30020
53951
67098
34045
22463
32883
44103
55852
90890
8136
42868
7067
95105
80035
41579
92660
55818
37976
4444
62408
41221
80629
74044
97548
36420
56050
52363
94451
86046
71581
89624
27881
10108
14538
81463
70542
82967
10125
97248
2733
55529
29455
73059
10675
73911
72504
55346
50688
44150
99938
84324
73788
306
84867
30081
71691
8146
60682
54745
49417
36207
17959
95586
73795
59376
88612
64527
90972
90159
41285
45044
89270
47981
47320
58344
62685
33753
19371
86949
12694
13665
74726
11042
17275
6360
31178
56505
70297
12796
12370
38909
73056
70190
56766
20355
57453
37480
75450
68739
99159
37435
29133
88922
28430
34814
63277
14622
75256
55396
17020
32022
32184
38019
90774
835
91203
57172
33725
34298
93614
94211
10167
6438
3068
10563
2619
66083
97303
37449
16636
48996
56651
42486
80753
54470
34779
38178
13447
50766
26717
86607
93701
46646
36375
73854
44973
19556
61981
39288
75403
866
95515
85521
34163
81212
91491
20556
43431
10446
1389
46421
92166
51284
43677
72209
11797
86383
92841
86055
39923
58260
7119
65632
99224
79855
31727
12105
32586
42318
91554
59157
53238
46999
2126
31106
37763
77588
525
82411
52308
83677
26219
90894
53869
7159
92813
84568
23237
76110
18798
75435
38930
38756
61713
44169
74818
96856
47445
79442
30080
19851
79504
3481
32177
47514
77064
65726
77813
69054
81589
81000
97291
24396
53950
52237
52765
72174
79805
93658
36685
41839
72009
27284
76969
95801
38583
50077
38900
15746
57810
78102
77261
98036
83392
76642
4273
26583
42977
11089
896
61555
23965
95907
27236
67208
56861
33699
5318
91427
35608
18031
58320
32401
60033
3588
54725
11163
2340
66529
79529
28198
60147
22410
6320
92378
1046
50590
70596
25037
11209
62771
50940
11853
90449
62136
8497
5409
94577
19796
57033
73706
42183
12125
28418
16562
13749
56763
52240
80249
84442
43302
95113
13062
42092
62595
10675
67950
52986
94946
84477
98727
31325
91824
78663
13889
9003
83344
46548
40207
58465
33948
73032
96832
63778
15895
54630
52761
59713
12865
19456
4117
4109
2890
87501
16476
82708
60009
51943
44436
75811
37203
37536
37594
36472
14022
41754
97415
31760
24854
91116
26096
1193
27746
243
17059
17987
27866
93001
77906
13708
82587
97282
21809
18038
45701
32660
12507
41029
35990
49226
71172
87524
89925
2104
27397
29007
98263
84251
17741
66882
33555
78157
92418
84129
57430
46329
71419
73210
35048
16328
87671
73563
30930
36985
16992
34851
65152
90315
95694
64883
93524
83199
2915
4525
60456
29606
97230
51303
95973
59319
64205
42348
42618
78391
50004
86282
13338
92362
44490
29787
99122
72911
62116
23552
49837
96303
60108
68523
25674
35307
49044
95143
39402
12284
48471
39251
87239
42735
38781
93711
44294
18558
88190
78165
31453
53880
1805
13006
60809
4698
31397
43531
86264
12119
46346
94019
58839
81104
69753
64169
56098
7791
54
35637
38036
76397
16131
48173
47619
9500
82819
31476
15051
85008
3421
98026
6732
80093
76415
24582
85531
92347
98848
62312
28244
89358
44088
34863
74716
14107
31195
26779
70900
27425
52819
57709
91021
20682
22422
40514
59620
61580
91020
30887
42473
31759
56061
57952
39505
83847
744
87578
39946
99804
78115
10327
26383
69664
79551
89552
35020
5963
85275
85848
36645
33612
26020
97033
57963
30601
35264
54057
87736
56146
80506
6579
81947
63894
84022
89189
59108
39080
13767
7414
65366
73059
36028
99771
83543
37375
45771
10721
2423
26744
14699
45923
68289
89143
52502
28139
55792
89767
99278
85912
56740
63964
27069
42616
5009
55777
29928
37450
45453
96804
59684
67448
61975
69844
14052
38259
18059
33958
25825
24877
73974
30553
32464
49119
21738
77
42304
29955
58960
70910
65683
28854
23777
26435
14686
97304
53751
42986
36177
37100
15473
80395
93295
98810
54720
91711
85259
7065
33631
89906
78936
75282
6979
61024
16207
41946
71756
29597
66510
57581
39609
94735
48813
22270
79183
41382
54054
28333
66255
43916
24819
41932
47189
61374
27847
76202
51144
7505
58122
22428
18975
43343
8230
17476
87860
95310
31886
85719
11784
75381
19416
8438
87670
68910
30962
40777
21657
26207
43293
62697
57184
28854
39264
58916
86362
49882
27459
4356
14073
68692
11199
84271
92820
57315
89789
3937
11858
5647
74576
96749
15206
66071
23475
7430
93537
35148
34703
86360
49046
15372
91333
56856
71197
58342
14743
42125
34660
19904
42499
58716
94502
52333
43171
55161
84543
55370
52391
74370
17887
76796
16895
37928
86125
90660
85559
29119
95895
74181
73893
85317
21249
50926
61148
86563
40062
46646
48764
24114
16439
87566
87302
2207
51661
26361
52871
77776
32843
54878
52851
44639
82955
88767
75412
88144
211
87229
93669
59084
78083
73412
68559
22254
76170
76572
8780
89887
79648
53891
52143
30357
36483
96639
30732
73551
58342
53828
71317
11788
44567
37211
17744
59969
25942
67965
39166
48553
1676
22218
57907
65435
81828
2782
57440
84443
46688
1613
41069
86116
52346
25567
58152
13986
53929
17177
18038
13473
33661
33422
72270
58923
23463
64356
90089
74336
25124
86060
30502
10332
10093
59717
94881
97754
28725
40531
26523
26015
45779
51156
56339
85047
17299
15413
64160
34541
71530
99365
91152
24254
3343
91140
55083
47226
86290
45665
55002
29381
66504
69186
49789
75302
92435
56312
56707
50360
44964
23395
86099
12117
6971
28538
89170
12684
11473
47413
93147
98940
52404
67588
5995
94736
55672
16440
17870
92386
36118
84621
69266
80639
62965
96555
97267
57966
39899
49983
91118
62900
8672
57912
6210
64485
17283
36121
80409
13458
42320
28331
69231
67461
95558
93790
81623
21544
73532
21426
62481
48081
99559
27066
59998
5528
58789
8892
12062
74507
58557
76510
14933
75074
71215
6893
50136
12975
7268
54374
35581
15804
78183
78881
34327
13261
19123
26778
25987
69415
2203
69226
22963
71878
18946
7536
66425
42586
97165
57959
54053
91737
64930
11645
6764
22745
76213
19018
77652
73618
25978
89199
46365
24752
76423
5836
33380
77489
62948
82323
26376
15832
62312
81516
32946
10202
67514
85389
61967
73857
41240
25568
61283
89874
50276
42275
15354
94074
97486
4251
89383
52370
32967
37678
90354
69864
59585
69509
43425
34979
55940
91847
8114
19276
81105
40664
17980
56553
54900
13837
95555
68144
49045
3802
54085
33248
86236
39938
25943
63025
13436
63370
51530
92256
25719
60543
25127
45445
87819
18575
8064
75323
88115
81945
78022
94557
76116
43269
10011
34596
65296
39757
99266
8854
83583
50469
75718
12122
15795
77179
6659
11117
7671
55500
14167
80658
72401
74277
51623
22531
7511
75180
65625
99984
84026
31206
85695
46356
4501
32105
51949
95608
84813
88550
35316
90075
63497
51386
62266
75181
40324
31843
14723
12894
63398
52580
67329
72858
28106
38163
5984
42532
72268
88569
16541
80468
49534
53097
71539
13206
17392
95941
95716
39671
3184
8237
19039
11364
97289
5641
73110
47911
74830
390
25338
77100
78335
65609
90947
30681
7282
42540
88747
96846
25238
67917
87209
64032
95317
90823
71077
35843
46577
6402
21352
55921
96593
37245
18431
21430
11466
87024
36817
4789
26768
88300
47617
92132
91802
29103
28408
38521
38246
68440
86914
56322
91687
61152
83645
80318
6664
11745
63853
27048
25727
85415
91074
60593
16407
33787
26257
14941
26109
22835
7047
55414
43968
16503
85401
3650
80641
21098
97023
21557
29259
21198
24860
92043
60859
9250
49298
62611
88341
31413
60818
99820
11464
2139
46848
86302
19388
83217
29069
87317
13906
36265
69764
94279
49896
78409
48342
50349
53852
19880
95171
45671
34890
32139
34742
30093
83776
77599
647
67180
36976
75973
16044
69328
75344
6855
50442
9073
35570
67667
53797
1805
14609
92856
87427
89929
88167
53694
15885
79063
29720
97414
24839
50901
71460
92537
97026
61209
86267
60565
97543
7251
95852
83566
58686
39073
55306
57115
78765
11863
33566
90736
70845
71787
57210
31651
96801
29918
9517
7437
54464
35721
71207
33791
98815
22715
66768
97165
99393
86953
40753
92516
69487
74096
53561
18799
30109
94571
25192
6055
3513
59244
77142
91495
48531
53623
53443
98578
97695
54604
29656
61158
56882
33218
58833
23685
33898
31416
96317
88182
90354
92284
52539
92159
74833
39051
36802
95376
10705
64525
43361
84827
50971
43975
93305
10015
20891
48242
8247
3445
54817
40005
66473
30694
66274
92002
39992
70643
45411
85026
27547
43255
8158
16210
78280
52821
5485
36921
2937
21484
23902
44841
20260
87408
76622
72650
76902
24243
97320
68321
93232
54371
30282
38727
69959
62304
44553
7862
4034
86840
74613
85841
45409
49631
71955
68079
6534
8650
33787
19273
30820
70884
74282
65604
52718
36172
15036
94206
1189
72252
62221
75748
49538
42766
24947
10595
36951
80271
16743
43888
96071
81509
44808
95807
11348
4548
28233
97055
58354
20161
34592
23117
46018
9234
58437
15170
59646
53025
82221
65060
56679
38520
21572
68207
92165
30004
1344
67598
75626
65957
25047
13156
72655
84647
11257
77037
43272
67110
27139
67987
14003
47351
90003
17433
97396
58419
64304
75216
81791
73196
92577
90523
89617
87006
63529
86770
31032
74992
51657
38942
69058
53355
50513
65981
36979
77029
13759
77916
90864
88911
60523
18155
35188
34326
11521
39270
94931
48357
66385
33151
10866
20449
86289
9258
15796
57891
23012
33058
74190
5312
13298
52484
92646
78342
65291
22077
55809
91478
67424
11170
31915
32657
29593
29923
59999
43761
48938
64266
31373
39821
23616
12995
31064
50949
82365
82595
41429
33574
26930
73335
45645
59013
49751
7161
94593
6941
53174
52950
64718
35203
82433
57492
42808
79454
13668
82164
90205
89743
508
4563
76824
73347
39223
81584
74302
30746
39534
2302
97241
58119
34819
81306
78429
76471
66832
88123
91521
6303
98518
66265
98615
50116
29591
14803
59659
13342
14952
62650
20974
93646
36032
73936
78761
50740
72062
57850
83906
53484
54454
76316
76891
76394
73665
76065
33705
88232
16504
58857
95650
61788
98379
57376
70127
45261
20984
14923
63044
91577
50042
70373
94127
76814
82823
13276
65116
76220
96753
41815
95413
49281
57258
85075
53004
47361
259
78002
33136
42048
65175
7303
82686
64839
11152
39596
63815
77144
75316
29465
27054
9040
8290
93779
47891
82401
73085
92583
49585
30649
97817
62248
92265
70862
29358
102
48211
65718
45917
56595
79832
59523
539
65432
31678
22173
77068
55057
23198
26240
21355
45054
49007
83444
26755
42319
81652
15581
82671
34845
78248
23073
6050
44016
91209
16281
48438
68628
15063
37909
33556
10654
51085
94716
2203
36668
73026
4753
79987
2656
86726
63078
44468
81765
50680
88804
95770
67558
85481
21890
2533
2607
84543
86425
46173
39664
92903
44345
40491
70376
25117
72663
57472
21672
37255
77881
48456
23875
16787
65658
27434
71681
85505
83886
17415
23968
63064
41446
60072
71424
36974
5533
77927
41189
2759
62890
65200
51666
5514
65395
92924
75094
10192
90234
69983
37322
82244
43479
19899
67492
47946
1593
89381
46390
62432
36124
29797
17826
62543
46350
528
75302
40304
63175
93542
28341
64374
8512
61350
15825
63733
62876
69584
60858
18306
6986
21702
22578
29911
26897
76239
66257
84525
19209
90415
13389
77450
20519
32658
16973
64098
16898
60424
87428
79670
17881
74569
99271
1537
47813
76246
40220
84625
78767
67003
48628
8370
46460
7701
62027
28664
47002
57637
4297
25610
63384
22048
41974
40915
41079
263
40806
43530
27027
37128
37198
7614
46138
94696
14559
44607
94108
54973
44356
28110
94504
42501
64752
86372
9984
52626
64353
66794
27156
76157
26241
64768
24762
62086
29827
32439
29885
11901
99880
90044
71738
99508
75177
32627
9422
16894
3642
28523
86249
21937
35280
46084
57298
25086
40084
18476
12970
46281
11755
9642
58405
30001
32762
61978
39164
95671
25841
79067
31380
77302
64179
89942
65464
84216
34760
50505
41537
60540
16210
55157
41682
19080
17687
10533
93197
98012
88578
50954
3362
58735
41337
78496
15690
75960
30825
37411
97026
77294
54015
61897
40565
78411
6219
7272
11515
33673
76708
55219
32446
91224
37608
64610
76695
3060
33934
6709
59721
3494
7313
69900
77736
21775
62896
50598
20077
895
84704
13899
81170
25601
66930
48152
42694
32612
68626
78383
32488
57179
95210
42398
6452
74760
37774
35050
84543
97385
4274
23492
44304
78219
29711
95333
31514
94769
37052
87160
28220
14053
23389
29028
18295
8475
61942
62830
22547
87522
76836
53439
63351
1348
8962
73222
55608
86152
35887
48671
29102
92273
64143
45994
12979
3718
6490
15965
49904
98192
96763
2908
50469
89711
50539
43609
4305
19658
24819
16314
84396
54895
71130
56126
99365
50569
61558
56866
23392
5653
94613
30772
81421
29174
72972
11968
11360
54253
82532
43386
47820
92413
59499
63869
1786
40808
38660
57134
71569
26223
95008
79815
15883
44058
13244
49580
48910
98337
44620
95877
91001
41418
25092
27450
93632
12508
51507
17587
87642
11250
96114
85490
21780
93742
89689
45978
13568
48635
35824
68204
92338
57655
54207
51898
68294
53716
93261
28862
88618
10229
99226
25637
72750
2440
53052
47813
64826
30357
87790
72906
55077
12500
70341
10820
63037
61605
4611
82448
14590
92949
8196
74458
47593
76556
19797
99866
62447
94097
23195
181
41804
96749
30047
14079
88651
28687
7334
99410
25405
87290
54084
18353
45928
3825
88768
39590
2420
33479
85954
85866
37057
63131
38370
28979
55240
75812
1955
99088
68330
22507
85241
43069
19725
66943
20046
55353
693
62210
71856
26637
31089
58571
8269
1623
21844
65458
20906
96546
1192
78690
48850
28401
1655
65775
83710
63203
5725
33521
56597
74405
62712
32432
20176
37348
10126
10792
99424
19914
35564
99797
38116
43928
86701
74903
26059
97278
8131
12860
88764
78579
47706
22821
63526
75455
77794
11300
99021
24044
18527
97364
31128
81183
90640
47534
45853
93489
94579
91961
485
25120
70401
88725
43888
23896
90412
46079
39517
58638
12843
71696
7
29369
30406
20896
69882
1419
53399
28542
34101
968
6775
71176
44010
56582
8709
81541
96105
94518
82178
85721
92849
8353
14521
5686
93304
86102
74272
67653
30895
55060
83703
3228
32433
33773
72934
92812
76568
980
82584
7315
86126
27629
39106
45751
63862
27880
5786
50524
6315
63457
50191
31966
76640
1617
43764
30348
74037
17860
9427
88935
56416
44075
38854
68202
84601
62257
74459
80411
42325
84508
86059
25062
82912
33286
24592
92575
81898
48102
75058
89458
9687
33278
54001
17938
13964
20392
67968
87869
20185
12060
37583
54679
4602
55996
9874
88895
51316
64591
26858
38967
17463
31967
49775
93638
67350
11642
98404
34742
81602
91178
19473
82866
58743
97803
57468
66517
1472
69940
86147
23127
87755
74245
9336
13056
17320
58865
86885
16669
99942
44562
8829
14631
44886
3709
36224
61562
87772
11465
14053
87366
20967
72603
40848
33273
56808
53633
234
25876
88921
53034
72694
8227
16485
5391
84302
9856
40903
51028
12086
63458
76646
44736
16112
96052
6742
17067
52026
70890
67951
5386
30384
62066
33409
2389
69757
33484
68047
91200
12879
57650
80652
99002
51110
27818
92787
27062
35430
95945
36500
5756
64268
42182
35003
4826
21880
17503
22873
86608
73869
34012
23186
4244
23167
60663
7055
97465
46250
79020
86908
93219
89524
81164
4702
85158
68724
99893
4860
69750
97043
58730
56642
9518
68056
91656
96759
68104
94888
31194
34550
2789
8927
5345
11402
61774
30014
20333
71966
56636
43552
31641
15599
49775
97200
30219
91858
36469
84651
50449
83064
91126
84451
26023
67808
85685
69911
50311
82715
59495
85065
74077
82809
13411
81087
24943
10196
13267
83598
40059
18527
9091
24741
50005
27258
69526
16271
41910
58662
12436
86328
88841
86477
80820
47276
66504
84345
77050
69320
38868
25672
2791
60193
95293
40495
13486
47940
78127
71325
75292
99509
4295
94983
11876
8774
17160
92042
60001
78229
52004
78511
78569
43578
55407
26443
26316
65263
50822
6764
12554
22472
84333
24542
98518
41322
3491
24625
143
25853
91339
48277
99044
14631
24947
10708
95641
20235
5303
92238
35950
41414
99731
25532
61828
55858
89496
7588
24454
51674
58509
98432
65399
93585
62003
13093
27305
21285
28726
45237
40654
54598
68597
95056
20235
27418
53476
25499
98719
89255
29361
56453
79881
58053
78274
33460
71314
31609
69253
39094
61216
92906
36360
4573
65151
3884
79206
71203
33802
59971
26287
70742
37896
69027
98085
4727
15598
1368
70922
76871
93564
37889
96621
83827
33013
58071
9737
19424
5976
68276
48021
36009
42827
6111
36514
84290
74696
9381
66892
43052
24952
12452
31904
52154
75534
68393
22063
14914
94737
76415
2765
7135
15242
60885
99186
47730
44388
72013
36248
51588
42187
51100
18004
28916
6315
60383
67066
98055
51883
46240
73377
98304
18180
60337
85951
83969
23162
18904
89862
9326
32
75289
33973
14139
30344
86268
25444
11390
53811
43143
13046
54652
37058
22365
67546
61583
174
10817
61428
52387
89264
19442
45446
87760
41234
16533
91841
57706
63711
39930
50854
45281
27134
21265
96103
70346
69741
95820
91429
15511
48175
18164
54236
58878
81006
39748
50825
61757
75265
30229
15365
23518
58319
69152
18087
50734
12798
52395
68714
53234
71512
59399
42670
45333
31788
26452
3811
28619
40272
72945
18055
44480
23684
80082
4399
80554
57479
59712
35594
48174
4392
21672
28984
32476
35586
55008
2380
60152
37457
35890
96788
8256
64286
70758
30381
63806
31715
81229
4840
12906
875
51910
84788
27368
86251
68141
14291
6303
26548
6960
82656
59722
70112
64611
71855
75767
9945
79025
21084
9014
86332
9197
18889
71295
32446
43680
68250
65477
47679
10482
91323
46493
86931
63784
70975
40998
4854
34066
40915
75631
70251
31241
85806
27339
1937
66630
13724
96268
23568
9658
21860
91234
71663
57465
60173
6438
58764
40318
85702
43496
3186
31002
28435
5095
89571
11794
92750
9538
29242
58090
32842
50650
6669
11515
12306
67891
7321
39846
69965
26123
26937
75697
60650
31543
91405
37884
17841
75991
46230
28930
52338
93591
52180
32538
26818
18196
44176
32561
80266
7924
67067
75306
3371
92476
89288
63224
63503
58112
35172
20932
10960
24191
66100
96348
64776
19143
53364
7599
90986
51337
60360
25696
76874
59760
44763
97696
48108
73221
93672
42029
64414
31395
32696
99534
38021
82707
85217
18632
90653
66869
76647
29883
29311
95326
39761
14665
39724
1165
96754
64468
65555
950
21336
92900
4248
77170
83841
65271
7171
68716
98306
95651
67790
85939
13690
59332
41001
81633
49933
42930
5638
39767
60120
17414
79232
36619
69655
32000
54076
68976
46740
21393
61806
19420
79989
4556
46592
33305
53451
2370
64705
2505
76828
26834
83124
74308
46388
3176
37562
62475
72348
1680
34004
93688
46407
6511
59520
77801
58529
22756
89339
2704
1935
93807
12995
20661
26902
63408
40227
10701
76332
12616
96471
12595
60868
24663
35496
87049
84675
99806
93849
38758
62989
25462
17453
69493
30977
175
45678
65829
33502
52910
28357
61863
27020
47909
2891
84405
3403
15132
90859
45233
33263
72495
40313
85558
70728
61041
58321
74795
7879
12119
39765
76863
48418
40560
58868
34246
71071
99072
76094
12021
41720
87437
47008
37386
12416
56073
19719
52016
9416
54666
5633
96305
64803
6879
10033
20588
22213
52278
2488
78940
22889
62240
3653
92459
56930
29545
88730
75716
19074
16314
95893
13250
86898
90465
54959
26963
25940
56914
75919
32493
24808
7891
92466
77228
22242
70943
54147
79629
28376
10288
72639
87811
57020
35833
65998
23947
44697
13546
91073
92312
41577
53011
48192
80720
43476
25435
55180
80298
95249
60678
83528
10306
88034
70549
58615
25525
94089
34532
57281
61577
13658
37160
71614
50615
53321
5833
28470
751
84745
46689
44183
37472
2644
28280
90398
45685
18018
60933
31133
40656
78179
23972
50691
90170
80398
91312
96482
33504
40722
4099
68660
62257
78796
32464
81431
8969
55316
69431
73903
39729
97650
53448
57993
85259
90812
59167
81360
12259
75043
73513
52945
16860
40319
16757
49458
98472
92843
89733
9392
37452
79573
14193
34080
1380
15516
28181
13784
13413
21285
47370
41101
18160
1460
24025
18892
59002
24879
9950
86913
48051
54754
90652
30370
5501
5518
21223
22568
24400
27010
90472
79840
24614
47010
56149
68418
4511
81576
43846
9800
99230
51559
63426
64179
59060
16984
75522
47346
11367
68760
56251
98796
58085
54826
62225
75926
21753
69364
26326
28102
5383
84496
59395
21930
1760
92033
65839
11172
93762
27948
17024
48384
88125
29245
81452
42920
2207
60679
99604
18889
27610
57898
26031
83814
73692
70372
80404
90073
58464
7897
40239
53774
74932
15569
39282
30246
52060
30721
32390
63410
44442
13471
81879
99671
97517
18399
83793
58063
9676
11538
16996
94659
80082
67887
75256
92944
13301
15083
64171
27628
63260
60568
24522
95257
44430
44585
84596
14069
73964
49373
49782
9169
97226
90552
83136
85709
51197
7032
66198
86416
95649
79982
25821
58008
77056
39151
81952
6434
92030
49818
37563
96373
92394
8798
26
88527
8281
46181
44598
43535
78998
68885
61405
31891
19353
73859
5156
55492
26927
7710
57313
61002
98194
5046
15449
61058
49256
69159
39722
40772
32444
6051
22611
55100
95875
43580
25093
39702
49682
43439
12331
45891
39782
16019
78747
67075
76365
17739
26753
52601
94041
66407
88427
79003
70316
83307
34350
40145
76715
81391
30853
3461
68355
39275
15000
10547
80454
15315
69549
33752
32041
14493
2796
15488
35722
33978
90078
61118
12753
9178
40468
5062
65445
72489
63564
74729
76537
91632
38504
82252
2376
97180
96701
35844
52137
66422
58958
54338
5059
71401
63855
76988
29065
93874
46865
10517
58896
58480
37432
50790
4635
64998
42960
27182
29031
73272
1272
81842
12896
98096
24086
67302
20479
24795
87454
51954
4225
83630
90758
79212
86045
80267
49806
32674
1802
70778
80619
21011
26648
12046
3188
97665
82029
63681
50221
16046
40645
47188
20142
45269
78525
32512
23403
53165
55475
83907
84220
81518
31499
64206
975
6854
75821
93900
62887
3920
65386
7023
43487
63078
23925
28079
21074
66748
59316
61822
58963
59637
23063
51488
21234
24268
71459
9453
17941
50564
75006
20607
9216
75567
63492
6054
70140
95489
31521
93432
29462
93728
81690
19627
86877
29400
60089
97504
69710
25845
68777
19143
30555
9981
37703
89156
60693
48316
81934
63752
62745
17082
59419
1296
82762
90287
42811
95753
37406
97944
11324
90685
55170
77310
87002
37604
34866
27885
23622
92699
93450
76134
49891
14183
23867
55934
30565
572
39261
63080
63978
93378
30123
78501
33254
95197
30641
99344
31910
97377
44166
44295
33676
55868
54169
15988
34425
34886
40772
30504
35203
63667
82138
58318
74357
5999
33576
47157
47599
93432
61307
49668
56043
9379
23318
31725
42588
2915
80389
49583
94658
22785
52600
94661
75280
76744
84094
46721
62532
70206
65892
49023
60016
50120
63750
51676
35117
48930
14754
4566
53299
19068
79697
30851
71040
96907
3825
12913
90577
98758
10257
43351
20990
37195
91111
95561
80770
73761
47173
47595
24457
80187
96127
74972
49868
58082
43938
17354
93357
87801
80669
90685
29544
2183
56777
85076
41832
66950
19476
94157
6288
32386
45487
76076
46420
73646
23246
3701
8655
16239
94193
59734
33817
12661
87011
86835
81153
57870
9344
25176
36810
30285
44221
64667
19217
62212
30889
41003
71300
67344
80912
20160
27254
83987
12965
45847
11253
99102
95398
54780
32916
61174
55203
61143
31325
75058
4392
21454
49263
9093
42277
19925
85386
87543
8838
33828
72399
70820
41907
90849
64186
30734
97810
70035
46249
5880
24127
46245
75292
28947
62863
77788
81789
89403
97363
17692
28068
52203
64089
55412
85304
39258
31366
74430
42872
8790
73216
25546
4751
72749
47113
82844
18054
70449
92437
73332
88672
79102
81597
50179
86454
45226
14454
69183
40894
65350
33285
93658
82031
64501
92545
5173
3212
78698
48554
54096
6996
76651
86930
72149
53720
60231
85923
78863
53189
58181
74478
97137
20643
17808
31180
21274
31908
64562
89246
98413
34064
81926
62961
7448
59068
29945
48857
56349
45885
3786
86604
92969
14112
14086
76964
78215
79564
54267
14217
21223
70349
28721
34448
84387
43756
88031
87517
53507
17969
59282
20616
70772
55197
49866
16313
6228
53145
27894
48423
61160
62400
15430
34707
63294
172
69340
44631
88416
36008
72073
78094
23803
86444
78733
80070
39016
57223
68244
96804
93938
54110
98007
80573
79169
29394
65102
76126
42439
98861
82062
74502
26149
95913
52247
81183
89186
82047
66380
75714
40089
98599
41945
78963
14684
57033
86014
37512
61392
93318
43216
13843
96196
49255
89026
89979
63129
50941
12167
91649
79960
78298
70249
39992
11041
35043
66020
10437
86654
93929
85725
23794
39264
73636
18452
2870
80992
98551
19563
16675
49519
20448
51721
56326
80788
4962
56562
12835
1781
91218
49261
70072
96764
17597
30621
51873
28676
32791
50653
39997
76796
13645
55785
47314
58706
23245
55296
32383
2951
29536
86741
62091
59653
86112
74603
99053
93947
74652
42371
83744
63655
14142
2151
20237
72864
82977
93842
80740
68357
80400
87474
99237
8134
6505
80615
94970
26015
42883
767
12585
86578
79141
44389
59367
64733
68920
79690
5723
40444
80882
23387
66069
9142
357
85982
36197
61531
33950
11444
93511
26424
95745
33461
907
44933
18160
62393
84102
10693
69695
37548
14900
36941
34192
29809
14301
32828
63109
7798
67931
85910
27411
99159
70814
45088
93079
72608
25135
72764
20589
69013
81286
55968
25639
75730
96041
92361
86472
26460
97558
54525
32777
58647
31713
55452
99538
39317
12959
47066
32080
79941
64076
68355
79112
68100
95970
77751
99861
96015
46941
54798
3927
38290
67983
35475
41528
79988
52672
53001
79816
87475
48855
69931
93030
16097
67752
65353
24442
98768
56516
52871
88488
6945
20821
82372
91627
72274
10781
62431
5410
65392
22622
48915
45777
22333
7940
60726
96935
83635
68656
97377
62844
58628
83463
93079
82081
89100
97869
20518
28168
84000
51444
61004
26494
69072
1628
71106
82444
45842
52119
91284
74780
89460
44244
55410
4290
69634
62618
846
12304
3181
6813
61184
9372
49162
91792
37935
67825
19098
15763
29130
62411
57515
75174
25602
74760
83208
70403
91484
98143
45781
30173
46927
30614
55320
26096
62620
96151
49311
46890
29354
40281
38956
46196
43979
10612
73074
55511
20827
80713
91110
98382
72663
50009
10216
30299
56120
1205
34019
9134
66424
34932
34331
51569
16813
88485
68798
56302
50418
16212
31896
81310
50403
55322
14927
6332
84771
64166
15930
25063
79625
52329
68316
93564
42788
2817
50583
72156
49514
94506
49257
52895
64650
63282
43897
2140
40609
36653
90957
88141
38161
66194
89931
29271
83346
11042
54042
86028
84262
93410
52003
28187
61814
89484
8689
54475
15560
15946
3349
55268
28948
54935
6836
78326
21146
78349
33842
37874
65859
34774
47228
84016
11956
93605
62426
83645
67538
73546
95004
3192
4177
92681
8148
74610
31737
24160
68590
48053
6124
58715
16881
98760
94814
10358
48986
61453
56318
22665
36348
29137
15574
27964
11446
6422
42646
75718
84612
50944
91069
43824
62295
12974
64322
76157
22786
65141
8705
6603
59361
7264
83171
85240
7646
60611
52435
30193
33116
49159
73690
39708
12844
14777
62128
39416
78765
9242
60460
56168
75063
46799
74911
21459
57777
50695
82713
7801
44312
2070
15616
42461
90030
96308
34043
21160
63262
33587
40103
22314
42184
25585
29978
64379
59854
93329
34312
79505
83934
14681
38778
60770
48250
49408
5781
61915
48311
64761
66456
91239
47521
42683
80659
92865
34901
3288
7998
92081
56430
79162
72873
1869
76006
30372
43672
23029
43154
96149
50733
63060
87316
99874
85384
6723
95204
40828
81798
37
4105
82815
19736
99860
95845
78955
55600
73592
4093
15908
8130
39283
75894
50087
9290
38592
46509
57505
64537
55048
85862
30260
2235
15756
27350
52709
54691
58064
52646
59124
12699
66330
70830
80490
94318
84126
44826
59058
90851
78010
80484
64577
90060
94090
49829
86673
85394
21264
85904
33019
94689
10932
3856
17719
27482
53038
48646
58841
65433
14439
17877
45385
65701
57756
98581
71322
22704
18802
60569
94460
31750
83927
97525
32527
88833
43608
60680
63312
43539
91367
57387
32958
96091
16468
40049
76237
54961
18164
66400
90311
34796
38589
36536
63941
33686
14536
40668
40013
21003
42720
7595
76711
22981
4611
8218
38958
19791
31474
80366
7201
60778
75083
91872
64323
28249
52090
25144
1696
94048
89578
52048
14788
91284
19951
90353
46979
19835
94049
4071
7656
61467
58647
51112
56523
56133
92560
14740
96810
44514
21848
9422
30481
28396
73302
42017
69284
5142
51619
66926
76535
47578
2792
58096
89000
34337
49845
59206
30973
90501
52596
70972
60421
44617
3507
16000
28259
84049
158
48686
75260
92998
53027
33397
52407
15863
97008
10982
99490
17318
53792
25367
31806
94644
41848
1659
79568
25300
98675
86923
19809
90565
12560
45781
66693
72789
44413
27124
52028
59494
94773
3094
10297
96931
90576
26862
20083
16693
6243
18124
54772
79054
28445
34311
64622
14845
93859
54571
2542
84865
19765
24347
39243
67178
42058
46449
29611
25933
67435
37630
4653
97119
1121
24555
133
63101
40193
11568
5406
42724
97303
51137
54164
55853
22904
97651
566
30323
9306
44253
10972
16472
77753
93360
10026
32625
23367
38621
38840
3146
3828
96377
2820
88337
31457
73938
98573
49486
35298
221
1329
52953
68640
47375
77762
47371
64438
34239
75629
31595
16547
10007
94421
43364
26934
25506
1474
47004
60708
58225
59031
82497
82061
28394
29556
57642
27808
63763
88453
70194
35210
8277
53011
73333
93203
41174
43072
29647
12874
44106
86891
26474
44403
40746
8103
57448
64749
85330
77448
91617
91128
82265
69799
80896
11465
78040
75675
90364
42527
98344
16873
4200
67679
38672
76826
93334
16233
71668
82366
79381
69430
19637
67364
95542
1567
90514
73154
51722
97355
77422
31596
2602
88733
53022
47248
65141
59998
73838
85016
18954
2680
61202
89023
9317
97929
37681
18451
40839
72634
66653
16060
29420
39931
56940
1101
46905
74473
7957
7469
91380
56518
18886
84720
99540
98337
45868
94348
52261
24359
23191
15437
60357
69553
28320
92759
51382
31477
21800
82250
80053
79020
54106
91366
3938
65047
3843
87712
1415
37617
304
37736
59419
43481
45433
59100
94794
23633
23722
88405
48287
93827
82291
91222
14792
15749
58603
84917
26437
36199
69780
73293
92042
71604
75440
40905
5277
96623
59636
33927
8243
91235
78415
46222
36383
14303
36047
94775
18989
24658
10096
9816
30178
66579
19827
38221
14918
52964
60659
16710
98434
6118
92773
96840
10069
97286
89029
9476
63566
88791
19507
85627
28200
79214
42002
26999
79935
88322
43691
62610
22352
87499
59487
24810
29421
57570
38795
79859
65749
26768
37430
37397
47026
62104
1941
85915
2418
36183
81990
51750
97792
7865
92999
24962
36508
11400
49808
43843
81589
46418
46025
50086
47670
32801
14871
61702
8656
32495
57536
2745
62524
64625
74519
10762
29019
27015
57095
44488
5213
11395
86222
83574
91243
2594
80581
20725
53716
76147
4988
41561
59053
41786
88438
79652
92297
86517
84625
20662
86827
15566
78786
61328
16876
64774
47967
97287
97076
34410
68441
57197
87958
43960
8890
40664
28927
46118
89184
91128
63805
90891
41815
18413
53307
38329
14711
59811
14487
66446
50981
49486
92424
69016
84979
54037
75361
77022
77072
17642
93500
21171
78066
38641
15778
87883
26615
20067
92535
93915
20184
31551
62270
38580
70971
63831
6581
2313
63085
94656
10312
78973
58944
56351
2586
77117
23577
59924
14905
16550
45525
94134
20195
15782
81422
32293
44511
72229
39206
10701
66750
30499
20214
70987
62690
36646
30827
67195
51360
98106
32670
56838
23767
69355
22535
28172
79215
61145
85293
18044
12338
94817
75138
54156
90468
37247
32423
56722
4340
38654
23824
77431
76059
1508
7507
32767
62026
77301
34801
59009
4433
73741
67762
44479
88623
689
45448
5876
53393
16988
59457
8495
47679
76284
627
89835
83746
46605
54957
69555
60600
37275
74994
3859
10295
32106
82773
19758
20776
92857
22387
16669
91166
26556
36838
39286
90146
43366
36340
47690
69376
69952
91830
31562
39031
31220
49360
37446
72965
89557
64134
44102
38771
48626
72490
72516
5828
22929
78855
21709
93937
52100
92284
53491
12850
30706
92635
61545
63841
91692
74592
16212
91534
77498
40560
5246
2361
59791
36972
22919
37751
93385
48902
79392
5739
66155
91447
38420
97659
43015
72729
84602
62084
75486
72586
77725
9613
96637
9620
19539
49226
74906
64629
27422
62902
33520
88183
24439
18869
47421
92374
22510
42225
85216
52502
41254
65956
35131
68418
89515
40554
10228
66136
6224
38681
86606
98185
55591
91747
85548
77379
69393
70882
4348
1942
29126
29843
53702
82140
10796
85199
66200
29379
82221
52722
81485
25403
56911
98208
48995
8682
3986
69510
4557
41227
17095
20683
21548
62364
53417
87781
24983
95098
38190
52769
13731
48117
23354
20333
24032
63522
16308
26495
70520
20131
31716
10564
90252
52486
81911
33450
43990
97165
79629
59849
84910
80513
96112
73364
72441
48624
14187
99244
52216
76865
62258
86541
92972
49979
50643
11938
34904
32724
53026
88050
73529
21423
12026
88363
91060
48213
5158
23983
23458
49875
27487
96335
22953
40060
89234
39299
17152
5526
51956
13284
68840
92166
23278
96961
24363
84650
63086
89559
35664
55184
58128
38008
57485
10909
52565
75449
20664
48449
87630
59665
28150
41687
96946
54161
38234
41011
36813
81525
88925
71554
90806
35072
23919
47129
13633
26288
59375
77149
1521
19985
69622
50399
21160
97112
87185
59734
18240
35616
59233
94770
87984
60487
53330
77772
14972
73324
35268
33824
75773
35348
88584
77222
57523
87249
51744
48008
56390
51417
45160
79146
83412
74994
74233
85261
63257
98499
47083
98974
39226
5706
46848
57630
82029
13795
91340
5041
47846
92117
84579
44249
6168
5345
86703
17402
74722
87931
22673
52522
41672
34022
98451
14897
16252
60477
69575
5258
86198
64322
76488
27519
71784
83740
60474
7045
48111
23710
88075
71833
68053
11755
57403
96520
57216
42876
53043
33683
46784
32998
50091
51906
93703
70449
9370
43524
1235
44874
76588
91488
67971
32224
21807
24771
72616
26157
48045
59468
72913
32283
76107
57934
81848
67579
60267
32125
98102
24274
68457
25094
46446
32502
40022
25898
76547
70988
89609
5936
55442
59884
54413
76090
54475
969
97100
41406
24293
81779
88465
98248
33497
80699
85755
44965
54863
19266
7632
52602
21083
23855
36612
32391
27065
19164
96220
200
66650
91505
48283
56224
31620
87007
1032
74584
61144
21566
19518
69293
84056
58571
61727
67583
59978
51272
88784
73009
21330
2899
50492
49709
97764
77419
17080
10352
13720
15290
2485
22897
30957
21111
89632
59853
52659
83334
97698
66931
47120
5296
2166
34674
76390
67915
11718
61828
94244
58443
62224
20101
59940
62995
91125
29645
40044
96630
9484
96833
57682
38093
45480
80273
85227
29209
6008
51970
72901
4845
85059
87868
17649
70588
36724
7954
30795
9918
88967
45066
44119
63620
22750
17088
97028
37271
5651
28298
62073
31208
19709
20430
7720
29461
83794
68628
13352
54903
38625
49300
62449
225
2708
73050
14320
32725
196
36167
62083
74139
1337
98277
78163
54365
93550
44295
45416
7238
77954
88711
97295
49911
11121
89374
53472
28419
11475
93536
92932
32923
44891
57892
98436
86151
94566
37924
74826
12064
27164
85413
50133
82961
93673
29163
31167
94413
20165
61586
12898
58487
18480
60487
47982
13871
21842
3132
85839
8559
58468
73764
38044
43929
64625
32067
52236
19313
95508
54928
84228
28237
17452
9087
63395
28289
5065
29899
6363
70325
2051
48962
2712
74768
20327
27698
64055
92107
24550
57292
81749
63168
44518
58270
67104
26430
3607
12282
67485
78083
79160
58298
93746
47361
27134
85718
80112
48242
66180
79918
46272
74858
11207
20483
71068
21069
73753
13078
50525
52383
67911
92338
22698
21703
70005
80349
14391
11111
56760
31521
13735
4181
69982
81424
62722
46557
25551
21129
55007
76639
23147
75384
39569
93416
87726
45067
44614
45325
55780
11844
92946
75671
26407
15759
97660
76586
85352
68980
42663
26586
14638
63236
94838
79676
94799
79346
22787
72343
48518
16767
83650
45492
13263
10370
6210
76196
77153
6873
59906
51454
57896
88280
94638
28655
122
15054
89284
14440
97152
65744
57479
66495
24287
83917
14369
24396
54640
2498
43943
40839
89460
23095
31615
85401
33899
34815
67889
76481
62371
53856
55663
6109
47223
14226
49797
94223
73059
65400
52160
51195
78644
36948
84018
33724
93161
22007
20315
78443
76986
61444
10928
40722
46167
63771
27909
41940
83283
21537
30435
82574
52134
92943
42322
69947
87787
61085
34424
49055
87648
28086
78042
49315
80016
65279
81991
79787
59202
21202
44593
17937
59984
57222
84206
56205
81256
49765
89986
92555
21627
5763
41515
88833
53334
48388
27636
85561
78412
99758
12836
52523
14745
95411
17313
81768
5839
50141
17331
16958
60569
23935
6044
19791
22539
1027
59765
26299
44218
25286
8705
58596
10798
32472
59372
43092
28829
37565
56169
11060
47415
22578
29404
12080
12406
84323
29134
87621
46269
5114
1257
33848
88755
89680
96167
26760
27048
91668
16188
86295
23055
17515
2114
15509
69382
73721
31076
28824
73963
86805
40244
43413
91817
41047
47064
23776
8471
79728
82888
25544
39719
35525
79502
68744
38615
93326
11952
6780
36234
72290
31154
55068
58332
69011
23990
11787
74206
10252
3642
86595
9592
45623
47235
1950
48891
70177
26185
41909
15414
1782
90884
81059
53593
77002
6680
72507
19998
5784
23201
26956
87037
7641
86909
30508
52985
87722
26960
74846
51167
19269
97112
38407
52176
65952
49272
69435
93327
72690
91469
15448
71805
8337
51581
21431
98133
16876
51324
8653
62689
4411
82022
97130
34049
28696
15918
53116
48281
85511
71829
11223
96236
71334
55419
13128
77450
76841
14112
96030
88993
5803
83922
36581
11934
60010
68707
9177
41483
87017
60457
65921
90064
44819
61239
12613
13080
93066
91812
37272
26903
2720
39708
21855
41941
95100
7244
28840
24649
85714
46646
73683
98926
64529
22128
57816
76119
57597
14687
93266
46005
4912
64133
32942
18030
45070
22579
98156
2829
7936
42515
87770
6417
94352
18762
87977
90164
4018
83965
644
87173
49637
97374
27119
85243
55590
81327
57827
91005
2794
76838
31385
51011
66216
80730
97649
59808
49916
23711
38965
61356
85412
21687
90867
61641
81472
63123
24889
75146
52045
61036
40163
51113
71305
2551
96150
7638
87924
51221
67588
74446
2960
37751
28443
9629
1211
69031
55322
43229
58455
45204
90703
28533
85275
32799
83546
62317
13801
88529
93283
82303
29429
26698
9972
49790
39000
53546
903
28472
45008
19697
61885
85584
46877
62980
79593
32840
82836
42119
29018
34913
14657
77124
44773
48934
80181
20200
9538
14658
95103
39257
60896
49214
81780
77137
88099
44397
60200
77384
51168
17865
71758
95810
28761
20322
39458
42934
20884
52120
1348
7333
23449
14518
98065
2669
4833
12795
69667
71799
28308
20542
67262
23534
56931
29300
74608
99354
10493
84210
65945
52254
74705
86686
76765
2949
46020
20729
75502
77507
24054
67486
89091
35575
20871
73783
14759
55233
27863
61996
61414
60953
13385
37661
84881
2558
25018
89505
79055
59569
46112
81120
79188
64788
91588
80224
89010
62801
44092
56096
71358
96900
59886
62629
19276
42003
92739
59753
43255
46934
46711
47757
60281
33699
21287
24515
6189
72897
79550
98971
69493
34069
98302
13637
25076
23586
79688
51799
98392
41285
45475
9814
32599
86942
37788
66623
47572
31233
69772
68125
58236
58278
57923
90528
92482
48482
27151
69356
84017
50425
85136
6443
89907
18957
4699
45357
19368
2022
58275
35010
17878
94651
92198
48393
33664
27068
40153
2040
93778
17148
87887
29741
35971
50165
26877
22970
88658
28328
54743
46469
81903
54662
1924
33728
9602
491
78445
13675
75294
88502
55338
60232
10946
91637
26440
24739
16914
70116
55633
43111
28595
67882
85267
47099
67230
23662
91747
33502
39836
35691
27381
60459
46266
77174
96362
45497
75825
56822
96783
4499
63772
1415
96779
95875
20394
92937
2593
93546
58304
65038
69742
5053
50028
54685
16718
31791
79918
35228
40779
40657
4206
49704
81929
54849
48567
79579
2339
48220
44688
3390
45081
24384
31076
14943
21708
44348
58170
82744
21634
9995
71012
38668
68549
60092
58774
56215
5493
39699
80428
42552
75436
53154
24349
17062
63400
59210
36709
12240
84654
32469
89018
2477
9893
13426
34895
47406
86630
69918
71470
8357
7017
66559
17669
54906
37057
9720
85059
37473
65810
20823
91848
14200
21624
73712
98800
27544
70196
39055
60355
59937
73347
42659
94125
52063
26115
67372
4053
26231
37111
92301
88304
73092
71047
51848
60674
87613
82084
77890
55410
12952
14769
76218
46710
83228
91679
37888
27107
5954
32361
36024
38846
90391
91252
90520
88088
14198
56561
12947
54922
2840
75007
11065
34259
66888
24297
29248
88110
12011
336
69859
48778
85290
98676
67344
52652
8603
63704
74054
95206
79985
11840
58243
32862
89175
13717
1400
13870
72141
19281
67273
49425
49078
61569
3583
14062
46554
76888
69514
39346
19957
62892
8334
32932
94333
70588
79041
49273
92160
11611
67620
96342
54935
36815
70141
49466
19138
17158
57140
84841
90445
20833
79301
12613
28531
59710
3698
87128
39886
6302
14292
41079
56457
79030
56313
95872
75847
92293
39661
34517
47525
25126
23343
96324
77431
15438
84716
89984
5255
29931
14060
74678
46515
29690
47082
59212
32646
74820
82736
63731
40109
67331
777
81786
47381
3799
68609
16978
77043
28115
58456
43508
38764
45304
93851
59811
17093
93817
4346
82861
47290
36859
83896
60530
99467
39331
22071
20267
15570
7753
41187
64342
33692
92695
28413
39145
2041
56562
30959
49759
31359
89859
22414
52064
9504
47960
53552
13188
82563
38936
42270
56181
22666
64975
1926
98797
62534
10217
5415
16580
26974
14134
58820
42672
78715
81048
96691
92105
21591
83826
50013
97294
79958
86610
46307
35807
41746
10480
44725
94510
96518
43288
73825
25106
53864
66748
49790
45877
57339
52601
63505
88077
89776
35099
83044
53079
24999
52116
85049
34057
35666
68105
79664
29518
21303
95997
53643
63468
96242
56878
68051
83451
30292
44139
65458
97299
93925
78114
6574
6360
98479
89971
34523
41047
57788
62116
81481
32832
21119
91083
99183
12672
2824
8964
67119
14585
23490
83525
94887
15212
69037
39214
10676
80520
35027
14742
79177
31886
58343
4592
65958
50530
4045
37522
49954
86138
84231
31934
96634
27935
53893
29609
85752
53139
74656
31272
81799
9149
4178
51030
15941
14508
75003
9318
3889
56337
34848
81907
84354
93478
93129
506
83998
79551
39533
85838
9451
95607
12697
45474
68768
18516
3152
3973
54869
98366
34597
27558
14740
98448
41065
52895
80692
2262
61541
9488
51850
31593
32628
75857
26277
7112
68907
12312
25164
19115
56017
54121
32313
72797
31040
40388
84214
71543
7088
73386
57080
50950
74184
40724
36498
96172
76841
3444
75910
47704
37876
7503
46880
98427
79076
80801
91279
75077
39865
58843
68247
45
14322
11556
54328
44866
4080
26031
75319
44327
30468
4919
67729
9467
80694
15989
2918
53547
84258
66298
7008
35064
82556
23534
97970
16414
98170
67008
54639
34475
10209
36377
54309
472
90135
69892
18657
6634
18216
58140
52368
12178
43601
41521
88111
70570
89040
41100
47737
99676
33242
51299
30511
17766
44386
14919
23086
71859
35305
53672
72203
25865
8942
71033
84774
57589
64780
61651
86317
7888
51682
15240
96668
65431
55787
19767
11666
89568
47119
66788
7313
86094
17446
27980
27678
85071
59159
91349
37435
54188
97810
78992
70702
88889
79923
38991
75630
76378
38626
18847
82941
9712
97667
46093
37024
77184
3661
23586
27948
10551
75253
58727
21032
5295
20326
1307
69521
42110
8189
97505
67547
33226
10522
52749
83484
4152
13531
15493
43962
53467
96132
74071
78719
81940
54743
67636
34680
1914
61856
50571
39743
93821
14224
63678
91425
26179
35172
5634
66187
57071
34158
8493
51849
97740
38235
59485
55373
63228
75733
94938
18524
68903
36336
82337
79735
79532
18568
67051
3936
77977
91335
57254
54181
82839
63676
43733
88193
32185
40297
84948
55189
4879
11612
28244
51625
93177
17219
90219
84546
49769
58678
60888
93071
61784
53893
42903
31899
28167
75422
11863
92077
50384
56191
58798
3522
4418
31637
92468
45639
74109
97878
61598
53971
28941
98562
95204
56084
74151
81613
35274
14286
25788
2058
62509
50191
48987
97347
77481
34005
6723
61883
69042
91497
32967
71519
28611
68517
53468
78589
18618
51068
90801
14786
31684
16012
256
81809
12630
82906
34574
50334
9644
4735
32373
62507
27733
74719
88284
3777
57533
59796
98728
39723
95201
17525
40522
12457
60612
19569
15529
12276
21972
96471
79290
50455
69195
8858
34711
34133
58434
16237
62044
21320
28620
9336
17725
2849
45174
56601
38540
89239
28019
79331
7968
80679
84421
10735
25377
8364
63322
29745
48849
13907
94640
76989
66508
98968
51359
96185
40468
18318
93673
42636
45399
15212
88506
94593
25835
37435
38817
96483
47247
84155
85714
82249
56905
54085
65695
21463
47663
49679
31551
53106
15155
75488
78680
44380
22763
63578
34321
6334
19472
3266
58328
59889
38164
42146
66491
30372
23802
89847
39057
41901
4468
31089
83008
57918
40357
86018
10756
78936
13394
88938
49457
39411
26960
62224
26326
33095
87255
70513
47819
62193
35029
84957
68104
62925
15356
72412
10981
29221
23619
56622
53103
95577
74753
74735
10898
84882
98902
16341
76122
50978
26624
62971
27118
47421
6092
24145
65362
656
62176
80545
99032
69318
49327
84582
14870
50761
77065
46337
58956
71726
13224
3690
67267
26655
71281
76773
53634
14014
43900
10735
11008
91002
39101
73503
23084
6858
37899
21652
11427
88490
33735
68730
78382
14900
91409
81058
2671
77633
43723
6112
41448
12930
85197
99107
78797
2991
78615
67924
55344
86678
77091
16017
75853
55194
63844
54685
44439
61726
52062
80828
50528
28916
39308
95095
53057
44056
13551
21762
83367
30088
67275
23529
78758
65569
49570
8359
19404
47303
16662
88645
97317
84997
56197
51297
41837
42322
23047
29777
60678
92585
7850
39766
88302
84444
61812
12372
1690
99225
2356
71620
3399
69707
63224
27492
84968
94808
94963
84628
12504
50824
42709
65338
16353
36805
73547
60493
6722
84288
73255
92916
67381
6085
52932
83019
47793
83604
87458
48325
69682
6541
54434
67452
37200
15281
60350
5552
54767
682
28236
87681
12029
81517
50519
86801
9390
1622
93178
34939
20772
70385
47827
24363
66481
16928
68807
85964
5218
17367
70859
20909
98210
2001
69369
70575
76094
12242
86696
44267
20934
7946
49898
14473
33767
60657
82574
81638
74970
99352
99899
1036
79947
15211
17736
7909
58255
15187
57931
7500
77346
28822
54355
75687
36992
41536
7667
48381
3488
74648
4758
7497
38779
92975
77103
65966
56341
95097
38637
67195
70611
3720
88584
48586
39391
13678
51863
49658
45627
38862
2492
49530
20201
96669
16612
12666
83786
48713
53954
59191
36060
65934
13973
73218
91682
17087
36370
72573
82930
43572
96846
39139
76851
30112
49809
60578
89476
25312
44952
93428
94227
32872
51079
21622
67825
39362
1082
91803
64419
10752
32641
57657
40134
24013
81492
358
23314
50649
80834
68364
141
54693
38856
6196
6973
11701
96112
55613
88015
11999
16338
23022
2724
68017
80238
72934
58070
98719
73019
61197
34925
82950
11183
14556
57056
57260
7497
75715
85766
3267
5109
50379
66571
96618
85434
2535
68906
49076
23889
66206
52647
39448
48677
64888
71076
94876
68740
77871
57218
60911
28569
84094
6832
82931
69988
72264
57596
29589
23733
87241
26807
7671
68000
22468
36843
68504
75841
79662
25925
41029
13498
8091
12431
5305
38038
72148
74747
43646
15229
90870
67799
5392
67078
24362
91365
96030
93255
58161
27296
6824
17880
8659
73998
22909
16351
2503
1731
67450
55168
10881
27221
204
50073
97343
69439
72421
63944
30607
60484
82159
