70392
2461
99214
28004
40935
43559
94706
60135
52466
76277
49818
37905
67139
12697
37669
62727
11176
57663
85056
62128
17913
68162
40093
64445
2559
86003
28660
68873
49302
17708
23294
96555
4836
8582
67325
80923
86273
4290
61318
44655
1800
35704
63394
80798
33346
61494
34150
21887
56085
17088
30245
47665
6581
3732
59746
31881
88306
31992
17295
58389
89919
27799
23753
76713
48297
53522
69943
72851
18551
13386
17400
60391
24751
63413
18374
47053
64258
43485
32726
65326
43544
83636
67509
64000
71352
38568
83727
57281
97867
842
82500
43183
64884
80619
57803
93152
20477
24349
87266
46587
18751
89385
2487
93173
25129
71728
1115
98417
74447
69340
10416
88594
3372
33960
98248
61097
17400
2282
86956
77650
90449
16190
61660
20591
60411
97615
92026
94559
20439
79511
98304
53901
67467
86801
5203
14097
32580
95360
25202
52450
72944
90833
53461
98140
80933
60816
86915
14847
17797
80241
37043
75669
38546
3665
21454
26967
93977
45741
91474
1487
33764
69763
88685
75379
24152
57941
67635
92941
10713
6336
29117
76674
28435
30402
69552
34009
63938
8757
84074
62068
8897
29887
43621
68971
49706
44440
37606
8427
13150
95287
68878
51722
89074
71825
74042
87248
24830
79865
93949
81589
55159
27914
30674
75963
28734
670
97513
53892
81165
11542
50804
49281
80925
82576
11813
86746
55998
35129
21218
22501
66266
8957
47954
23858
44957
14930
97071
77101
78722
69454
77847
87782
54850
22192
79353
77671
74273
25479
46603
26414
2217
90507
58909
12236
4882
3033
34932
12989
63308
22019
41727
64612
75949
93392
79853
19689
54016
32272
82437
73744
93705
77231
97014
39818
67415
10287
67511
55788
12619
11512
7529
32321
15141
71992
65431
79685
35343
59952
47756
54356
88938
93390
12080
55955
79548
43734
54498
5537
30635
46498
89003
82694
63994
53928
8268
62249
22433
20785
92460
616
39930
73819
2667
49071
39384
82107
98878
31202
50758
47834
64461
43648
5381
84472
6752
72375
43325
16796
90380
64365
52203
49740
59083
8292
92564
17254
36846
96969
3725
34579
569
34561
75026
67953
24792
77565
33807
15112
78668
86154
54443
39348
8095
54252
25262
83388
79755
14086
66851
59422
88868
9156
34919
1521
21792
14784
23895
67746
96946
21941
67523
16692
31822
46008
5066
64216
37420
63712
21408
31692
42909
93895
62416
30021
21826
76588
18677
81538
77137
2060
48750
13792
45110
74388
82825
2321
65414
56554
31056
18109
81859
56894
70472
36831
67297
93151
61325
17042
86764
82541
31655
48869
29366
13304
74690
37525
29216
51037
42418
75816
65066
87640
98729
95422
70972
5559
20067
57164
64198
5557
18763
50941
45483
1211
36111
85133
70405
20099
45219
89550
90667
8358
26240
49548
10931
93854
97832
10702
53567
47119
98970
62407
43408
6913
55938
98529
93994
75684
52764
17338
313
20040
79501
37646
97058
51029
36931
33492
55060
55703
76056
83090
99989
35936
49885
48111
21246
39970
64921
39887
89012
75479
17282
18081
23359
4192
24825
35306
78500
30553
25628
84882
86519
28257
88243
8617
43796
18382
10908
33812
60021
55686
85919
86333
14881
32564
78764
382
84228
92168
17701
33984
16949
23219
50583
51868
57054
93858
94536
4716
64841
79825
26217
76748
34901
14735
73230
22264
51965
45184
54528
28611
59295
92158
74425
51564
2594
34270
33881
17421
6107
10274
73554
30154
74736
15030
36979
55872
99129
5600
70027
85082
58763
52444
59025
26142
41273
49180
12602
32624
56758
82229
15410
25389
46431
32340
16711
10623
22885
58324
44376
54303
35646
55872
83454
60508
41320
83397
39528
50339
23285
96111
42508
91642
31298
16754
53513
29395
41544
9659
18950
46657
11318
59235
81925
77940
78894
63308
22068
31117
7356
88371
53945
90834
46959
80249
84749
66841
63173
14125
11261
47460
61492
28236
44227
51153
58050
49079
92988
52084
95341
11936
81943
5963
79390
1924
71661
24013
14825
4644
38189
44005
54798
1439
66286
38773
34376
34233
82986
79715
35933
31328
51387
68440
48227
77863
51468
16886
66050
30207
71194
73967
43744
95509
94999
1506
36221
31355
58585
43318
96888
68013
3774
70913
88021
58622
20812
41683
56280
44405
4875
72630
54352
36556
67624
55840
5121
75921
50647
84175
39522
76944
4053
72438
57810
75585
5528
93007
33103
47106
64892
80636
88392
87224
55225
7761
63827
35810
46124
88660
99555
83072
58657
80236
76936
71707
5003
73191
43770
12645
27510
14384
98936
79053
90397
24757
50315
58555
17431
49947
10284
87372
71216
14552
75914
96122
99482
59676
28050
94470
82196
2502
35157
63019
8691
18715
48220
14459
27587
5883
49703
59876
76955
25964
27588
51480
60039
90702
53656
75403
58042
82591
99726
34131
66048
78663
26839
21313
67949
42801
50590
85334
14475
43377
904
73495
71082
88386
79838
84740
60892
16971
32811
65685
34641
36733
54447
15541
8530
15081
28560
3399
81074
3195
84699
99797
96069
42504
34459
14380
3760
30119
48337
68174
40150
29505
6711
69237
24606
75716
49118
70720
87206
48525
88485
69629
97085
25169
661
77022
26565
59105
24987
55328
81653
88161
4485
22662
40991
98840
72743
49324
23727
91171
94280
27137
11064
88714
16483
57129
54291
69312
2205
8755
10809
35080
92910
47265
87528
81874
98735
51166
76221
13824
69005
17739
85634
47649
41893
60218
88669
19974
37095
78616
94558
33687
53031
36151
82905
16441
45265
91436
47701
38140
13884
40863
95448
10179
3272
78274
76938
92441
35519
69915
20325
61726
60267
8846
49608
25117
7043
38326
26944
53743
40923
51624
36852
24082
13443
75410
99856
4172
29523
42913
20163
14290
79811
18215
58521
3470
14850
93060
46577
72524
44192
72607
43827
84515
42185
61576
64154
34010
52132
28026
20072
63040
36175
52326
69047
32816
85972
29081
87396
51797
41739
63168
18764
53831
79628
25981
61384
75761
42838
75892
31748
14463
37894
4357
21780
38461
39106
21128
3024
94138
8618
63774
76132
36338
36061
3313
42092
57676
83429
43895
48208
82707
5975
19339
86642
87972
22590
19859
73572
58378
81417
70379
23610
75668
43740
75271
37993
36311
13433
49429
73977
36472
30899
85809
14865
74017
2162
8373
36258
9176
87061
20624
1494
59193
21954
97540
47066
6526
17908
85022
40984
31491
40297
36497
34891
56136
43916
43882
19797
74935
83793
61262
24742
59611
40455
97946
51542
18717
63808
15324
8974
96188
84483
80642
29853
71157
97850
95984
86668
533
54941
69291
25600
17820
7162
86618
5495
71827
86439
8235
47775
30803
89589
5567
9010
60803
49108
8372
42812
53527
52100
96619
81256
47266
83961
94779
40159
75614
17146
6096
65860
27201
71276
55485
83080
91297
58245
19368
10856
97325
60825
96589
58371
4958
62259
77194
29481
31306
99706
77676
61028
21764
92171
21251
97075
85281
29391
21465
66787
99485
66575
7061
84977
55038
37010
73049
95415
98674
90533
67888
26354
89618
55782
22265
43805
41400
58329
99570
49433
18747
46500
7573
54154
34420
25971
21912
95881
18619
24322
47747
68353
61844
91808
71951
3292
79106
94367
5955
74934
93157
98246
97872
6403
65954
65254
20398
42537
53818
69343
791
46951
15967
71740
90888
29500
20377
16484
50056
42661
78670
6943
53830
51882
57427
1996
37161
53093
96924
64730
96071
13169
38382
21441
54150
92826
92216
84520
2647
15383
47230
56186
78811
88821
24016
23206
48173
79653
25013
37656
5165
92398
3756
11948
28157
14714
60388
70778
49024
12966
8244
98105
66227
20836
25505
57113
16511
22146
63928
63560
23697
99104
73453
40883
51154
3323
51078
80128
89176
49962
51266
78773
99892
91928
52449
67193
37993
35354
54869
95542
33966
55985
14603
16860
71610
69662
55349
19838
70934
97119
73452
17396
16841
37920
30036
81598
34678
99395
75117
81377
94810
95075
62800
93903
47376
17545
79776
77992
37426
46594
68544
1805
71547
89966
27231
25051
33882
94365
34575
21465
16296
54081
9004
78867
26117
81373
26809
87587
42257
83222
52042
95032
49693
60931
6519
73256
43942
41382
79138
72574
74759
65758
98011
73639
94748
8880
90007
97871
37150
11442
78241
3242
89014
92536
83238
26958
37963
57026
37337
84336
50101
94516
12061
18920
72720
38023
98492
32425
12530
62166
1029
71595
58547
30906
54310
65242
37412
71077
75537
84420
4637
73351
24703
58247
32054
86246
30572
35268
14641
7610
32389
3875
95002
50701
11876
94305
11015
13293
87485
69
9204
10151
94075
16338
96546
42111
22756
63176
94351
79273
69997
80081
72746
46163
45729
75577
43853
79894
79733
38279
32285
41019
74167
80943
3347
30762
80120
13180
24511
8022
61198
75602
50459
13394
98054
80613
75398
65061
76502
24179
34477
80565
17853
20601
48533
37288
42386
30922
33687
24923
46660
41409
40657
4548
67381
36438
94765
50753
67109
15114
10893
26983
6765
20940
5935
26995
84423
11650
93784
96967
9405
82869
88337
86143
16164
10710
6578
89328
38810
52505
51480
57864
18811
93816
24617
96518
93559
33007
65815
58853
28911
29109
44480
99292
15759
12121
77155
16504
35672
99220
36610
88713
53564
58923
88900
47227
46162
6653
7026
83348
64811
5074
19355
62692
11018
65715
79566
66278
48888
54181
64868
97619
55383
12795
52087
89532
51134
34422
37304
22327
67869
27318
2833
91870
29405
46986
98018
7291
18687
9985
12025
25608
11820
20688
54660
63223
82153
76105
85314
32100
91530
3122
33805
11910
68011
99384
95937
84955
86234
52626
32044
71867
80238
89986
88037
42632
49048
97828
63480
45986
77573
1558
6524
25703
604
5761
15363
70557
50881
49771
42697
63973
16666
77349
18929
25091
37262
28417
47925
20454
23837
52769
74674
2986
45312
83091
97484
16566
56818
7697
69156
75516
24946
43443
95099
33393
84665
8876
99619
17530
69514
58965
5849
79648
19460
11590
11891
42431
98562
88490
18824
50070
97223
76392
19581
50391
53044
70763
78774
36930
46445
30178
62880
54136
28295
95144
41571
49807
82046
86145
67754
99062
48458
71054
57060
9521
41492
99608
96777
11208
41567
63350
27504
6593
577
70218
44372
1672
89133
98293
51209
28425
75911
44691
17477
10854
18123
21986
82414
20285
3961
59112
49325
99796
89971
72177
71140
63980
81376
78337
87026
60526
47915
29017
11807
41927
67518
54864
93840
25837
70996
63969
68619
4962
64571
82856
65225
42547
35837
4317
16910
62481
42199
63219
28965
59199
17385
96591
14446
29282
20122
41986
12553
60656
46082
90224
21555
61514
23772
11962
3730
21699
43162
27180
8430
45418
35141
90268
84356
1155
75684
60406
13026
9925
48861
12072
40424
22202
82349
25297
78043
71656
88799
46219
91559
29114
9952
21329
78958
23087
59910
26529
76887
89889
35940
78840
61692
28806
288
41642
27747
53689
92556
84314
70184
22355
34919
66499
65606
77940
14454
41050
1222
87000
92443
56116
11253
48998
16518
8563
43521
56559
42991
43082
83982
63136
42015
59858
84114
56506
9742
51175
61620
3416
23382
45656
47487
61622
52792
89912
71555
99069
77002
76161
68669
30784
2917
21058
77698
67332
35018
34985
97619
23862
54461
46651
83129
47963
52674
96666
7212
27762
75433
21909
4709
34030
48860
42458
12438
85229
97490
57238
44999
54040
2390
38623
75240
58628
29785
7648
99275
42668
12502
38156
40382
6660
65481
50264
561
45178
52706
63967
28458
7904
24996
92137
42135
15140
33427
47296
26654
89188
75732
65638
5560
67408
55891
27863
22831
71971
92134
73655
66227
39864
85595
60493
95502
30290
64122
90230
83593
86269
84755
94746
98392
6098
18613
99695
31032
78460
48187
94860
53421
74363
98809
70836
33194
47167
53819
40081
34063
28
73097
47069
2975
53267
88015
9488
65569
99590
22247
75323
60908
71133
25264
2012
30807
44218
39378
26198
82320
61369
7517
41259
79657
94078
20433
83534
51539
51568
12855
34505
2529
83591
76084
55899
48566
7523
99320
73600
97318
90152
43805
19826
50090
4098
1222
81270
87923
72456
80625
44218
8394
70493
50274
49183
29326
38486
90873
28393
93893
11904
29719
51027
54132
6944
44883
17310
53306
25870
86116
48462
73427
81642
66177
27958
90360
49961
85402
62837
34097
49145
62844
87140
24775
92625
16647
94671
30047
77584
77830
74400
31557
68197
42630
53987
79034
32580
59382
79250
4487
34561
77606
21630
89685
1126
88561
37967
65823
74497
72703
41384
54976
55384
53425
74724
26132
44260
69287
64420
3714
99015
71314
26346
93709
2434
17620
32308
83363
39967
70561
82571
33855
37626
81143
32982
70059
65042
27288
44912
5973
99799
77648
10188
52190
98465
47259
29200
21746
76261
95445
37964
17952
1632
254
79149
50677
1537
87194
64163
35732
24957
86143
19414
47559
49830
41917
82357
60854
82120
46498
49762
75484
36722
2892
6698
17119
26769
76330
78104
54632
75268
65541
73640
54125
22482
47195
91110
6819
23143
66065
81303
24508
41402
15591
25476
41938
20599
33134
28620
27737
50977
45129
7059
33074
87103
56631
21977
44753
65098
67505
2078
22251
55675
14833
87844
33645
46541
22653
89716
78715
68443
94369
14705
37202
93609
62172
53496
57600
10216
52645
77549
21059
45373
76504
30099
67357
592
50817
47781
21329
51731
63209
25818
74794
72077
9959
96678
22250
41233
93661
5082
77706
59224
78970
94977
8382
21867
39199
51097
35186
66274
91202
98876
31079
29043
23488
60889
77037
24316
18977
9702
8665
85039
70920
63893
59577
85284
25883
7764
19543
91062
14518
30952
78287
37436
86291
35477
42397
19187
18049
79656
6638
5824
72994
36860
32196
83363
26613
50853
76013
16911
94936
99455
32055
34281
1377
13517
2488
76874
45491
78936
95271
97760
15583
76183
74903
41321
51048
53946
86437
72262
57838
20624
80157
57988
30368
93888
7182
34991
18612
69548
57698
94917
98311
15251
89257
27367
9298
21847
89830
5580
10704
71738
89316
33192
51714
13990
35181
47229
46552
36923
54281
44277
95630
44263
554
49016
30243
34652
83697
54327
66754
86600
12731
64995
75619
98194
32747
98269
26287
17919
50384
82510
30125
12633
60749
75384
14306
1017
90424
1976
37827
80260
56807
80841
70732
4845
32986
46596
67781
56493
8401
56539
56165
57956
22970
5379
79822
89740
71912
57346
41517
81397
64179
80917
89512
31087
10757
94284
95256
98292
12970
6708
86941
94839
25230
59827
18914
78569
41652
89800
90814
31171
26890
22133
95859
70236
17924
42797
10198
42012
73369
80358
99124
70614
25766
45172
49210
25586
78971
8233
25645
70213
77016
8504
13185
71732
53392
94248
62892
17619
54296
87256
18346
51407
36135
24379
96179
47143
60190
136
96933
11283
56950
20949
42003
3652
49120
70265
63007
68735
90583
95582
80839
57473
21108
82050
80884
69570
87311
37606
2531
37884
4284
18982
33260
16206
20653
89726
75005
58966
80637
60657
30846
55948
21010
96269
56718
37481
11545
54126
66985
98763
50806
61835
43763
91877
13221
7003
3868
55304
68938
87834
20719
41234
75778
75960
95322
33582
47080
48431
88892
73983
11471
53646
90567
27284
60782
4474
17883
46486
58091
14477
7671
99313
319
49619
85990
62092
24638
55316
68575
17449
73489
86513
89576
92607
49447
86606
8352
77695
30699
62720
98341
82788
6190
93539
49589
77278
71979
75197
78895
16300
4774
14853
83837
38972
65974
54646
44267
22436
86012
40703
28636
17263
96311
4582
87154
83289
62256
77410
43323
1636
45630
66989
72921
67688
69045
96284
38847
35228
73447
41297
17084
97938
13092
70119
11222
75900
30803
49766
49348
29777
10703
64594
84145
46265
86316
17517
77156
42638
9284
84520
72624
79414
36872
47256
71852
51559
4963
94730
77059
75907
4462
83585
11936
78921
79526
50793
2987
15960
11336
47376
64617
78523
25483
79304
59291
11235
51219
53111
86053
81969
32486
26673
47143
16627
46451
33767
28827
64925
32524
5986
20674
74741
14139
50626
50283
99413
28311
17937
88494
43665
41520
82423
47905
68985
15777
79102
19173
28007
82717
37173
2366
30872
49920
48888
99227
78385
99442
13911
22853
3606
40094
33269
8460
25162
79476
26585
40014
41254
55017
86725
28290
18651
32354
36757
56701
694
92896
37746
6818
74998
90294
80025
91003
84630
99444
19938
81969
70205
81453
42175
85887
55377
9874
30158
80851
24578
13210
91626
72145
43613
5120
84341
83048
12704
768
70976
70795
27869
65770
71387
20463
23604
66580
6946
25745
44940
31001
48039
18048
54316
47759
2550
26572
34269
63556
90458
24385
91008
65233
16455
29963
19310
2757
86875
25424
77215
83964
95266
10360
2277
39681
65481
62427
32487
26144
39682
89283
95007
65797
27690
51487
52458
55372
71754
17168
25053
85700
1740
99385
6812
77262
29804
88837
37201
17524
35767
34362
50633
34205
98585
69477
66513
60301
4987
11351
68683
92689
20824
99148
22011
28352
11481
67061
71199
10449
61108
82126
44917
19816
86337
6628
30986
51913
53839
7004
61934
9608
13281
49951
29319
90759
37831
28981
52210
55971
70570
39285
78762
19380
91573
75518
50362
67572
72212
97839
39511
12851
31769
48397
21997
37175
75002
66748
66388
27659
72147
42425
42280
39787
81243
44533
94769
33821
94626
2627
87111
63194
56638
79999
29659
83139
10431
57587
49345
8082
38909
64672
48898
58261
22301
54992
73778
32973
28661
21897
36793
6792
44665
83696
15192
78713
86124
96081
40147
55652
20545
93418
3673
81170
80369
50350
49658
60550
2908
23971
84421
6681
26915
44475
69826
93492
75185
63907
95420
21438
35066
7208
68713
89879
20701
71954
34153
75984
78556
56690
32075
52991
20605
40205
33376
73858
28013
16573
25472
94986
73895
70828
84859
37697
80588
10607
20429
81823
2940
21639
50767
69121
7088
43455
24713
42282
2087
52797
5374
66417
99741
37905
45858
11588
72513
11716
20738
5224
56677
56315
17446
25601
82258
44621
51970
2920
58136
76061
25617
8520
43579
6618
39195
87674
38650
9733
39432
55744
980
63146
96503
56999
31348
16436
63489
38409
52308
19645
38128
26052
86262
9023
84582
15715
98484
24867
71557
67434
55621
64315
14668
26394
91677
68747
20971
30434
17833
95966
49793
43430
32901
79331
22765
53560
499
26376
9517
74505
39727
67083
15893
56920
41812
67716
58184
86050
97184
66313
69075
32504
55951
11858
61768
75104
56334
65353
81548
49637
45276
86415
10659
75129
93756
93534
77814
13652
97565
24901
81691
27415
10356
95290
39469
73901
87673
45573
59896
7874
51686
7167
99407
19069
51104
76869
44606
36563
88065
1720
28887
95893
72119
1099
41102
1982
20882
15077
23070
22584
67694
13859
88604
52299
1850
87991
47410
45282
89995
12710
76661
1495
44914
52308
68387
84200
21174
30561
29322
51553
42009
81411
81170
2707
14022
31283
49288
31576
74278
5489
34532
31784
27702
14923
46262
13675
49244
59070
83708
39087
10323
54022
20921
5531
44377
86387
1287
16323
47995
56540
14512
47236
80664
29660
79007
34320
14090
4428
64273
89870
42396
39959
916
92311
24600
82839
3187
72011
63474
36115
32413
78953
13896
72917
17813
16994
44240
78116
83912
27521
73609
52749
28249
50999
31914
60006
92208
8891
70680
41645
17501
91413
85817
99498
51802
7006
69679
27742
9313
15939
58127
55929
64910
52613
33341
72200
49118
12273
80262
29640
62772
40517
13306
10172
16943
8849
99759
25791
49782
73041
16041
67272
50453
54707
5144
99845
29390
85812
33038
18996
7588
87985
11214
93647
89825
31997
33368
86087
16003
1736
64895
39448
25333
78807
95906
59041
91408
96092
15411
25637
23656
21767
61604
87972
92488
84142
98383
21062
47194
39131
29569
79049
7538
29851
3593
3330
83343
69025
45995
80656
45556
92393
16781
98185
93195
75617
49304
17147
91943
86353
64280
85964
61033
30863
45501
63369
44513
74104
69626
84806
22709
4661
128
27012
35539
57548
15643
77055
59282
26288
71843
66689
92061
75031
84556
23089
4808
76236
93966
90381
22095
33538
52107
60270
78818
10366
95260
78743
25677
85027
92722
3610
14498
60775
66793
33973
46971
89283
33375
72575
96748
22483
10770
99241
94424
14795
60965
80564
54532
65233
14500
85123
83890
45396
73192
72659
74829
58395
18118
59119
91387
51912
22739
90484
45430
47505
13644
99434
2796
4200
80407
22602
65337
34294
49668
65529
10634
11703
34373
59096
5610
36881
51905
82739
45478
75579
73308
2917
75557
93490
99166
56272
74256
59895
40123
40858
9631
11578
77483
93870
88170
4268
65423
1439
99252
1837
84645
15692
78129
97299
67009
49661
26661
25597
17763
79885
84863
72218
5563
17401
57329
86462
29056
32900
80730
58706
10931
74246
39767
34721
39346
71940
3437
40606
74945
54677
79104
28180
71926
49029
63267
43508
10461
78489
37327
49347
21226
53030
27443
62016
70079
33583
68849
45935
73732
33555
70737
19932
88385
19581
43891
68887
27324
14645
6229
13646
75062
35641
47277
8062
56394
83787
70458
42650
58050
98792
8416
18374
29390
75421
32905
95251
17348
15810
46085
5156
42885
14593
70447
11532
94609
65526
67984
33024
80831
74632
13941
64097
77129
42765
87842
69657
99951
21026
18181
57919
7573
30834
81882
18967
36752
7082
5599
46925
85899
61663
80641
60358
59458
13098
94836
99431
58768
18572
97805
96026
82832
47533
6276
7155
57575
78815
93451
20469
90404
63369
28954
21438
13652
13926
96449
94664
54551
34112
60977
98489
70549
51515
70981
72466
58692
57492
75114
6261
20255
60756
69242
72965
38924
68988
85756
46465
32486
68702
90983
4142
7536
47877
52312
97406
76460
79627
8773
77406
22825
72098
44985
3
75582
98511
7789
14516
76541
54726
92412
47550
98895
61538
98143
72223
23523
98507
36759
85718
24542
70739
36660
86374
29576
90787
90079
93587
75390
18935
91853
65260
7529
95733
70167
19694
5472
67481
15508
36504
48912
45068
64257
68207
12546
41375
77681
31342
44402
74752
51713
17268
52352
78517
45195
90954
33137
34143
26305
79118
54813
92263
31971
8653
35254
22165
30067
14181
76040
97397
4537
50327
59748
95836
56378
22472
33885
92031
92718
43804
99032
21252
95160
21695
38533
38309
70434
83834
97292
33248
36285
53654
35604
27325
35443
58799
1513
26847
59752
12684
3555
33504
26504
32440
67109
38871
20127
11949
9436
74119
65304
70243
6412
79616
6596
245
14462
86651
57712
66442
94239
9422
61941
29791
79285
4085
94242
50077
42261
8560
90722
76287
12216
43639
87460
60253
28864
77182
60996
55279
31611
18733
13607
85632
82036
96826
59821
8624
18099
721
57108
28087
1857
54327
53202
72743
33806
11193
88418
61479
17656
54606
56566
13044
78541
21253
51180
28908
33007
11365
43913
79603
48827
30541
81456
87977
64745
98861
10450
55448
10332
96836
41369
83376
68340
93155
67683
94632
53077
61297
67648
53419
8715
88994
831
95544
99361
89801
91030
23242
88554
7954
79561
16262
84716
16860
11461
71290
61120
40837
9577
64686
52343
14421
16920
14408
66782
8333
46126
14240
42684
23681
23776
21297
97880
54102
9192
94230
2623
24302
97142
13061
64894
31488
53575
70540
79158
37553
55150
77789
2895
20386
94420
16369
56689
57435
2183
8706
57482
30688
28874
50595
78525
87632
76930
89873
23321
67499
97319
51958
88359
30608
74204
40436
57808
4784
12587
45620
71188
77155
90992
48227
85533
5492
28379
72998
11212
77624
64157
89389
85352
44345
64216
43891
78343
27658
71571
3889
38898
40923
33893
85834
41300
48344
94193
55920
38641
93522
59446
38952
44924
91713
13106
82663
57601
4829
30480
10885
12233
98486
35841
30209
50004
85120
11605
40126
99606
14865
30340
50171
72106
7423
87037
54583
37877
23948
97325
55848
44953
25598
7693
32287
67066
45021
49930
36021
60422
50617
21548
88923
8457
22595
18742
60666
48313
88493
45665
45999
59921
82512
31140
5149
20313
16274
62994
15968
17913
24141
42591
73705
2485
6323
31295
90640
37440
73812
36925
81204
70801
87905
73456
1547
9615
52397
45936
2081
79842
94696
66903
84692
32929
45445
75580
65289
85675
10693
547
88030
13495
38906
9941
88803
91034
26697
19293
20230
17151
93715
245
64481
69105
88709
74416
13118
21978
91229
89021
75076
85451
53558
92973
89926
26123
70015
31747
30278
2702
45029
45790
9789
77596
90825
60893
7865
25447
98630
13846
87525
68310
72024
81991
79157
96724
58994
10105
35767
56727
10792
47150
13722
86194
82717
48468
98243
40977
4977
68394
11149
99004
18101
37272
56756
28912
61802
9656
59743
71711
30596
42373
69033
24111
39073
70666
96802
27671
82571
20644
26049
81239
29704
21254
50892
57296
20743
67304
3859
99711
73922
60792
87101
7428
47953
28745
29857
11651
42315
17482
39959
96671
86186
85233
65289
6099
96312
21000
65836
17793
97769
39992
4243
73533
88887
60795
78946
45904
14433
44543
74291
49303
19061
1688
61685
6229
89951
74558
98393
70380
91925
8772
30640
47234
67837
62318
77806
74330
35335
43553
16027
69910
61973
14504
7350
67895
84006
96738
20263
14765
75344
90529
17221
57626
87992
89339
35560
22692
52350
93907
10420
91998
79444
36737
90097
45066
82112
74702
86897
93733
80844
868
28883
86771
91680
35474
48768
93761
53872
2188
47626
45964
10287
28540
41528
14710
99835
42491
7889
97392
95323
70233
47710
53043
77827
125
63043
24376
14659
9709
85582
16369
10999
8594
48715
53285
18668
82511
19037
91638
88725
59916
96824
21718
55105
14468
94412
84352
16861
1826
81519
41012
69228
4906
94760
54541
20939
17260
47193
89182
7293
93387
36874
33732
45880
41344
95428
83808
23990
4553
46905
90985
67764
74452
5251
80957
10670
87083
31714
87817
74888
20951
95126
13037
49828
86719
99391
59121
34205
74587
33488
34089
95433
35693
47571
4347
22428
39173
24788
34089
62439
92302
41984
27052
96202
75845
56992
35279
20507
55763
59126
543
99040
41883
80913
83940
34017
48230
11682
40596
17773
69420
3780
30525
48183
93023
34338
97440
3571
89400
40285
34183
70510
73830
54232
14764
11448
48788
21886
92023
80695
34697
57793
1822
65396
81283
41981
20358
6865
45038
54015
72785
83500
5036
37769
46298
69057
91006
27199
13449
17420
50085
62794
98889
43569
73900
18871
32657
1740
35422
94642
71450
42088
43403
64479
51644
47198
37307
73085
48959
96050
98121
95010
94621
69025
57621
59154
66955
74515
87390
19295
27471
82347
21043
95250
65562
65371
23596
80847
94366
37209
68315
28218
88673
86660
7298
31305
41691
3959
30789
8732
73609
1662
37338
54779
3986
4171
98524
30802
49459
59352
24643
33718
77274
69261
48952
35466
57920
78642
74564
6658
25851
87307
66537
10454
78810
99552
93159
3616
63751
77401
99861
85889
30247
76200
86867
96794
77795
53994
49307
51109
88948
99669
34780
79658
99009
20116
71330
38606
21875
40360
45763
69113
14604
27211
37031
25616
2310
40393
26164
29770
90495
5640
37155
63101
2575
23559
4029
6023
84613
95555
56383
92300
43780
80816
68304
22962
75643
51401
36012
69633
30342
32106
99035
70447
34909
97963
55830
77061
1634
37673
36764
38991
6830
6116
53205
25133
65179
17959
57904
59267
80766
37778
90235
50446
13244
66141
62091
30122
80280
28858
31135
54882
55962
5821
88747
24444
17387
30684
62938
76332
37994
87900
4823
97268
87259
24872
51822
33371
94737
27747
74415
85517
5955
3715
31012
80363
65370
20788
73573
64225
1155
69425
56417
45572
44567
48006
15985
35735
66922
16679
18513
40720
62699
57445
75550
78751
83953
18476
18738
93484
57890
22601
24980
80276
61398
1484
26809
37992
54812
73195
20116
39315
4175
1787
99784
77239
96625
72298
63509
36338
2871
31217
13483
21699
63029
80342
81090
80225
96766
62680
82273
34509
32543
72334
97059
11641
75014
98364
21507
52832
10508
27136
2390
69014
74180
34056
63587
54588
16086
6815
77361
48034
18847
6140
83235
65894
93709
77040
96130
33711
9142
92417
44806
85046
97633
69233
17851
18300
75876
51683
68892
1792
20886
8921
46018
96578
65503
92880
36310
79040
10210
38330
90117
38546
19739
83794
16413
34998
54329
21243
7969
34268
89010
24524
10861
54868
26120
64938
64420
78773
56236
76359
66177
87800
94770
55499
56836
59079
29420
38727
36193
29956
78630
49614
87050
53250
31879
52609
38052
43943
88145
8755
40283
65537
41170
65732
44272
27599
13484
80037
76757
13794
43334
56559
83829
33051
4422
33888
96122
14747
1416
20933
30959
18958
65662
53493
71738
31424
51795
73877
76585
95379
41560
16636
21653
32355
71040
58045
16547
75177
34022
40926
35306
85277
61840
59276
53910
29422
12162
60753
53297
17457
37311
75874
87303
20229
64464
89061
23886
60611
37493
62666
52957
36867
16683
26372
70549
99980
53783
46062
55289
93536
51027
19903
39688
53899
86821
50755
80468
93234
72126
34378
31852
80176
35003
27279
66632
73529
11573
77185
97190
7717
24121
44821
96779
42994
87631
83917
77793
64016
79574
87791
58982
79885
42468
28092
16597
7724
46907
1145
35417
72729
69830
71654
17131
70689
7936
51500
76992
59927
42300
47499
14725
49986
98357
74944
22780
86520
21704
80035
35294
34856
10700
13572
81546
94892
77766
56480
7769
41437
69825
63822
56872
47756
5915
48540
13429
95236
15336
69641
43752
60107
17998
69812
63611
34239
70560
53376
39262
97226
9602
6951
17051
32576
25874
93417
30174
12376
89072
90342
19488
37454
90068
69140
53096
61017
66841
8143
74862
62835
99764
24318
15391
26843
49864
8382
7543
44090
85792
71358
45574
12843
75010
83433
96740
10025
79445
52027
92071
66051
56760
67095
11962
60918
77435
50364
61918
59971
95627
82413
56431
68626
57619
76037
72497
3340
40286
24147
42059
93766
30390
72770
40291
8100
11795
59492
43976
33656
97122
51883
77348
14719
39745
69639
90404
65667
95055
90759
47992
81163
75341
24501
98426
78336
60748
58321
97832
33452
18003
8887
52008
25947
59662
28825
4642
10769
15152
79719
98698
98398
36027
4935
19303
57816
16889
58036
33581
13352
85444
59816
10683
80786
83317
25927
91013
25429
83504
5120
51754
44070
68350
57668
30687
68267
28336
34263
49019
26142
84614
58393
33797
87419
25391
91577
62011
83789
1391
5862
67954
59999
93532
80898
95114
51332
45165
81435
85829
71649
89050
68997
95082
73364
21525
25038
91088
85611
79234
86590
55658
64664
30531
75744
67403
95194
79602
43351
39981
53802
49031
87996
22189
13096
9429
25042
33728
91561
28730
24116
49835
21495
12976
21933
27484
84085
8986
95919
80663
8117
4616
96110
77782
49358
59905
84100
19265
4041
39660
80891
47489
57574
33995
93087
84519
48141
78444
42982
97103
48108
12679
35534
82539
71269
85008
3207
2380
11214
28374
8825
60666
90748
74124
85627
36535
71312
64123
28713
77426
79899
5456
88154
94304
39640
61712
17434
30316
8571
15699
30426
36014
60886
69040
2810
80478
64011
41351
27728
42379
98807
8001
34465
32151
677
78339
34326
86614
10356
34465
82039
37380
68469
45512
48412
89068
54886
1096
45472
24924
47362
129
61693
355
10060
26864
36384
97421
75849
60349
70542
90491
49080
60286
40663
24287
29101
30891
21241
23220
1619
58801
72777
61460
29100
12778
62913
36130
64163
96492
37574
69783
219
56095
8848
68590
71066
96461
69182
53667
11336
86732
32981
95655
58552
92385
8244
15329
96401
38442
45101
32181
46393
78672
9931
93661
90409
26730
7194
55535
95104
74422
35458
70718
78026
60033
10885
53039
96129
75648
85331
22143
26919
500
17271
13476
47004
76545
27437
2586
54881
64483
38247
56401
29963
38370
52629
64102
8142
10951
82765
63882
9626
39573
68017
73693
12691
75891
60688
10283
59024
12579
59198
54406
81624
52639
70279
84389
1755
96854
764
76726
48484
90267
38808
56234
27592
91502
78532
93309
37143
17417
90339
69551
51054
8530
30797
15924
45128
91405
60905
3256
58936
46413
21065
78924
19964
51612
49987
739
65703
52583
4265
96262
680
34961
12084
33095
82485
37634
20173
27542
6648
19756
23887
75005
71403
55096
64591
46708
95176
55260
56506
31097
61417
71088
77250
27423
16965
79790
68088
89327
61547
28663
41556
47362
46874
46742
75488
11316
529
77250
75592
36715
27904
35970
28848
32456
12859
62580
58496
30406
37037
12993
12476
89009
17007
8155
53072
28132
21665
36566
73859
11242
40924
94826
70089
41687
59542
80576
89401
21959
45381
64985
62677
15169
76020
7460
29075
89287
96515
51779
51215
60687
95480
83369
35648
69011
58309
13622
75000
4570
37212
96045
81842
6316
19957
66770
43430
95289
64247
43931
24357
44907
75092
99545
40696
13237
67893
47476
86065
91470
64430
28416
9170
11003
95136
26300
8801
14745
33785
53014
63125
49225
72951
82831
40816
67490
22069
75542
55848
20238
78901
72640
49114
6801
63016
75164
53688
86832
63394
7061
26753
54228
16128
91592
25720
86528
12883
22472
13950
3291
88804
70148
8110
32030
51196
99591
5967
38003
24835
7131
87872
59863
93554
20299
33298
34416
67237
93834
43889
3424
83698
81559
46963
40413
11325
9207
36059
45946
35976
70547
39219
1222
82337
92351
42408
50029
36170
54126
83164
49844
95561
7827
83073
8538
13153
72167
58008
68426
35665
91187
35318
31107
61215
42125
19690
3537
7445
91249
76314
75560
43672
94601
75268
62132
84617
82880
84970
44546
31264
2953
57011
45182
81671
62120
60297
45513
26071
14539
84820
34864
83881
31023
12809
78935
912
20057
54568
8730
48847
7894
77728
16559
65856
64771
56419
90045
27626
23992
17538
18408
80592
90034
22727
83595
95168
16814
95757
23336
77317
62738
83015
87706
5544
73868
62242
95340
15886
69522
55486
53847
38554
58590
90195
84548
91696
73160
42960
88682
81539
35797
84134
44491
93661
96925
7063
59207
80576
28116
38493
78425
63706
40950
12936
54565
97765
88053
50410
32945
48985
73346
19644
79600
24312
98601
58486
68327
87121
87275
82637
15782
9386
57512
33636
73871
50741
73463
66937
24215
71823
20951
69867
8214
96017
83662
59017
24088
29243
34919
79763
84789
47060
60117
97446
98797
29622
26969
77092
78486
85749
5887
88579
98343
79973
56099
45989
32664
5872
62099
16291
91747
4152
14351
96292
46122
41066
16742
96414
69943
24287
37707
73455
2427
28588
27032
77652
1195
48190
69922
13239
67715
45028
71541
20152
59051
79262
66898
454
36030
13233
68755
78101
1190
15541
72393
62633
1358
34803
92263
73865
1850
56437
33511
35065
12541
89631
32392
91911
30351
41231
62866
73744
7875
35146
8597
1891
40448
71119
47652
7767
82549
63305
84483
9532
63010
70574
44647
78270
49269
18268
90394
37918
24222
92044
18927
29536
79389
69135
13706
11367
90323
65755
5539
9548
77254
25144
15885
81793
27179
96238
43359
15266
64462
81526
90880
90955
48399
81749
60721
27554
53254
48228
45370
62143
39531
24460
97490
80749
43331
46405
39230
61224
75986
61073
53611
66189
37153
23778
9612
87150
30358
71712
70918
64357
66529
88344
45407
82044
12635
3069
72730
48844
2546
62014
43115
43507
98111
86578
56128
31965
32855
49077
36513
1882
82589
33231
65984
18349
37258
1564
5451
81764
44107
52094
18865
55270
2843
89453
81571
62080
90706
30219
5628
5566
98867
76970
14933
82740
36592
77723
17563
97672
80453
90411
73668
96414
94441
69949
60166
93015
24644
88076
93620
47716
39257
89533
92045
78457
82524
89578
6402
5275
54036
51380
85759
10360
81346
19802
70181
40110
77731
5501
55431
56836
40949
12305
57297
59553
37695
51012
17250
80559
10042
89589
11717
1483
75725
31873
14037
48695
51206
68716
76458
4326
45550
62703
55918
42126
51100
94275
41486
5307
54215
69064
34060
38000
50796
84670
32155
16877
61473
95789
41999
71400
30955
20951
15114
29721
62799
13556
40064
48678
2998
85895
42547
98723
25024
36460
21073
86723
9163
75066
75944
3065
1500
3376
16529
22309
5243
395
76799
88663
37840
60123
23123
68540
73529
13425
88431
48339
80508
43323
87158
76663
97921
27149
34694
13588
26109
35401
90475
51666
8791
47106
26360
37353
15756
6179
87127
72350
84688
34095
72340
45739
41478
95438
50410
32650
83459
11542
66177
43084
1318
64873
94072
36503
80883
61683
21705
30544
63302
91945
33562
17052
38222
73682
22999
94291
90013
14135
41802
99613
23104
50807
96787
24116
39524
69484
15590
3679
39823
43121
8454
53216
92932
27204
29895
97435
80195
85654
51716
27529
96845
21015
12716
37325
51911
91131
88054
88048
44953
80262
76543
8846
62825
41912
64586
16632
73358
77075
55575
49990
20474
67883
62976
86997
66632
67117
44176
70254
90623
8524
29915
47400
87270
76041
47295
74051
79891
44257
7589
99525
91387
97294
25239
37583
62176
28620
24326
79652
4893
34986
94810
50661
16556
39887
66420
5579
79566
39184
74582
24339
56624
48563
11002
36923
99616
93328
72328
98357
87599
12429
66651
56434
32579
94636
24515
89422
20540
33089
57049
90040
40604
81896
12855
19457
53944
58155
78897
70691
79968
9572
95941
43730
879
68704
82269
24369
15340
26054
78481
67241
90560
12639
72793
61279
69750
49751
75570
92473
37634
86320
15220
53986
34991
99720
48119
9746
39369
58192
90128
70823
52397
27791
80348
61680
5785
68602
7045
70834
92752
48872
56123
1747
6772
89689
48855
40057
23152
79709
41867
59966
82038
50553
48176
93959
4778
44121
25435
4625
51432
70894
50266
80990
30857
39883
29168
99393
26550
11412
38353
20238
39686
87985
89157
67611
82433
22911
91683
40812
94742
16551
73329
37387
26687
3639
68175
29364
43400
70359
80468
82305
60799
23797
77832
93419
38595
8329
81651
16508
77650
3964
35354
79496
26896
8885
57861
79109
11441
6712
8098
62307
46674
57269
5549
75423
46047
7278
55609
74757
92996
95419
93217
3636
72270
15359
35403
32177
16864
28415
46327
63000
56898
97937
96022
14546
86973
90343
90723
98683
17830
59810
82710
46813
20492
70641
79057
20631
21087
84923
20203
69544
72205
80171
25751
86088
36558
11917
80734
92727
56868
57981
25305
99170
93047
64859
51058
79403
49950
98407
71935
48727
60278
60975
93420
28168
48313
64399
13720
84621
65935
75043
53195
68172
35459
92009
61366
99550
51242
70619
74270
82675
686
94699
9887
65306
22196
18399
18704
99056
66589
11000
46832
42543
4867
92614
50191
2180
16415
68088
79965
52365
54883
80047
18375
2582
27463
30498
23859
40082
24160
34163
61065
47235
98316
98763
76251
16978
16002
94075
30306
90017
90591
74058
12158
10830
96457
71782
68362
11156
88545
67731
85565
70475
61466
74830
45541
29299
41293
72257
60245
15976
82760
56285
98532
55424
76011
46547
3458
77175
97078
14032
32324
36218
50443
81533
1391
63402
35857
85160
18140
40279
99669
75728
57506
65792
26295
21590
96636
61167
13307
32638
71467
70794
80368
67241
43443
30558
60881
69044
55712
48085
73910
17524
81366
19833
3816
67459
50939
32492
47338
86450
67890
49687
9194
43145
89753
32864
38711
40733
56698
51878
92392
77431
7685
77775
31926
43244
54521
54661
16408
13104
87125
46708
61566
1376
35812
27309
18282
21676
23219
64583
84808
19254
93751
55307
29477
90794
93586
43698
75670
565
8124
86346
31468
29160
34678
7910
55624
74255
46312
30609
21768
81796
49354
83271
83511
94312
91585
56973
89818
49336
8192
50052
60753
12560
31616
29223
75191
78256
58079
78029
59779
99852
59151
90424
73440
32290
72811
99393
74045
93391
53990
37599
83634
68113
61232
22518
68083
44728
59235
80181
58595
7597
17585
52794
67183
19914
67598
34067
72759
69810
38286
96791
56969
33103
28383
18210
86729
97192
57981
36625
82465
11694
49832
30106
27801
51162
63710
14453
35803
31694
62271
58365
2553
7733
94203
17910
5268
27498
19062
84541
60949
87433
27478
44098
47346
46631
93724
78459
74012
7710
21854
80059
26351
37954
16468
81395
28274
54737
74191
30058
47880
70000
33891
23555
63850
50066
26620
9462
20351
83357
60886
48630
10856
21094
14895
78229
95265
34505
62663
30431
81410
66418
66609
7298
81151
23444
27175
55905
74926
50560
52135
27114
35550
28037
26931
49917
29694
94818
4108
60832
12580
21448
85480
83688
43124
98217
38668
16342
72501
6975
73951
54297
26573
84799
27206
46630
42699
26679
94755
26849
34149
41556
6111
18758
78124
38388
71383
48127
69076
5468
10897
61875
76802
80481
60872
43469
44446
44855
4080
81180
87507
32931
57369
49317
8807
85901
19081
85222
90384
2781
49920
59049
23946
23608
36392
39963
20081
23620
3439
13688
47593
23023
35195
39568
44464
32243
37427
48517
96574
4814
10977
51273
82732
82288
4158
24528
30663
11528
70205
60684
52552
55619
85420
34396
54540
37979
90081
76546
51362
80085
86623
55929
76456
80365
63300
51708
3887
1385
77092
39053
76463
62870
78373
80612
8160
88306
76760
94161
74559
7706
86043
28260
38469
81441
89084
56371
58340
89842
91114
60558
55732
50089
35259
35969
87193
40250
51177
17609
8567
37332
92883
42702
82638
14835
84865
29887
87260
69093
27838
38227
89566
13881
95754
85978
46351
37220
12342
15805
8994
88903
48069
15513
47976
25910
3820
48949
66397
87874
88747
65717
84727
75753
12467
12601
1027
90724
90421
24715
11925
43569
81873
5515
40095
38024
8389
11223
15723
57971
98326
88929
43818
63517
11033
11330
79746
15620
23732
54083
55982
34625
14782
15756
20833
6079
94346
96386
65470
4795
74088
38164
70482
59281
92413
27871
89406
58849
43805
24461
88528
91943
29314
83446
74288
34482
72644
76361
17389
46356
3175
35843
66395
31625
31205
48131
91821
8483
74019
13965
90326
65301
51315
46887
55708
55640
31910
83093
48655
7802
19980
81872
8249
97014
33683
62184
7704
20946
60447
89288
1423
29367
19725
44446
95261
4734
26166
16433
97491
47712
86881
66805
3518
69535
78820
39163
32608
93652
63082
94515
65538
78822
25542
86131
63673
19609
57556
54135
81083
97300
7332
24234
28238
47899
88436
92328
68186
53391
93119
16256
88385
97367
82415
48199
53292
86127
80485
83713
39077
54279
17931
13942
64012
92361
39863
54065
60012
18925
13458
40010
82019
67938
82924
52899
15743
29502
45627
67195
40662
53638
83740
31621
12522
54712
97313
75032
17304
13261
43456
95425
62003
84440
94741
50325
74027
58203
98599
22664
3274
87247
60664
21414
45482
25585
145
5426
97049
3728
7412
43568
91899
51792
83640
33844
47366
23891
64989
69794
2061
71946
12354
30010
22628
98262
67149
34525
80195
87145
32854
95312
26727
9867
27027
18899
38574
83304
74053
11294
88158
20576
5614
53509
81376
76900
57511
10769
4448
88426
58857
91793
92215
58999
59434
98551
40205
57499
99586
37419
32428
51367
19208
9268
97115
99146
13992
76373
54388
40287
98564
80181
76030
42196
78456
54426
68620
16686
29234
89163
51208
37193
9009
2546
38872
52961
41301
34993
16248
75228
93577
93179
28020
88849
26018
81118
5117
7918
4334
78169
4375
58989
71393
53290
35360
92661
2450
99299
44184
76198
41222
52170
58564
87631
40653
40147
35462
43274
37837
26598
4206
40694
96118
64622
80420
56028
64468
78407
61526
56990
54590
61479
20769
83949
90910
69633
41659
73092
7628
49494
69092
46589
9965
79534
40436
57194
62131
34705
27263
29634
82534
36430
37233
72779
53711
95111
24577
35140
18483
14301
85892
91346
20178
15062
99684
4449
77782
59294
79890
458
41869
55490
42960
59004
45644
4228
23988
97472
91615
96412
22005
74645
6871
96899
96917
55239
11564
75457
3670
2193
74094
62435
29278
58736
84163
15766
18801
35112
91117
78123
91212
51783
19327
52041
75433
72913
18623
26153
1785
96071
34420
86170
70976
60274
36251
81679
85553
70172
15587
85343
78169
54186
19821
27001
17102
83482
94307
2391
29289
62068
57375
56022
21209
64327
82568
61778
396
52641
31368
33672
7079
2212
81983
89441
25394
47673
45901
11376
98778
6704
29434
19338
94071
87415
51157
63786
76100
44497
33965
56634
82812
94686
17556
89850
89368
36792
69654
45224
30576
65838
41999
29121
33175
74687
76625
3044
73489
65819
98215
31515
59640
75940
30987
94846
65513
53242
18710
73036
17293
17269
2922
93961
18341
97992
9036
38998
62749
84317
43456
55169
72559
63363
44799
48972
13801
20042
5226
211
22761
65336
94264
70670
96094
87268
59714
83128
2384
10714
62812
22580
87963
14457
51609
24195
54606
59095
68794
57220
24850
92126
45460
3391
17196
17524
12075
87229
20198
47410
1001
97947
82342
3757
65028
16184
95829
56415
28326
86240
85381
88103
78513
68520
52342
90680
86113
7161
3253
50108
1642
66641
75128
80436
52574
65121
8450
37779
91264
73761
84609
38495
59148
55344
91929
76683
9947
48762
1733
99041
7853
78532
97591
51351
23185
90644
34598
91069
90357
80513
7616
4324
33307
80933
45559
61891
41722
20115
54531
34986
31264
46429
88733
22262
98705
82671
68150
21431
26984
4757
25297
48271
92961
88740
15335
88974
37722
72679
95737
6117
98870
90936
68270
11191
14600
69983
59344
43582
26595
85936
12532
9674
86569
42861
55506
77644
9774
30965
63134
25408
46109
35518
34019
31855
2091
81678
53609
43136
21991
36001
30336
91649
38353
38492
4135
30726
6857
67273
35771
30564
22172
80799
48217
45997
69302
68852
85089
76519
71220
60167
93171
63023
82867
21208
49268
93522
30917
75557
31190
80899
16838
42171
49481
28097
5129
55111
89739
1842
26864
4346
49169
36635
96683
49419
42720
86602
35401
35765
68568
18319
33558
71906
65859
77656
85222
24664
52394
92031
30744
79598
61573
54734
76786
78535
97815
66462
31426
64447
13103
48397
15444
76163
87930
71162
4422
64109
88258
577
87095
31218
22176
39905
12535
55991
86411
81019
11663
38531
24308
5005
85565
73319
36772
39455
96386
4271
49432
32366
63793
82750
79928
59406
32198
43586
49644
60903
45649
63605
81340
35484
14542
83026
13492
34691
58472
57315
25026
71671
93115
18766
733
41183
789
58078
96641
77555
15429
31376
23582
8285
22377
19241
54745
26474
67340
69890
7933
50487
18058
33024
5454
15330
48216
36744
44914
88588
44558
88540
9348
98201
8778
27870
15266
65862
91911
28331
13931
51036
81187
15581
88276
52883
68175
64908
56381
44458
70281
20655
45628
73661
90822
25718
79950
41402
42455
69757
85787
30372
58097
20774
52544
96640
48912
1871
51833
71501
63913
7570
81043
70998
50826
9636
35693
49560
85343
47198
65168
26300
16270
55161
58925
95329
45400
61688
98218
7520
24339
56826
69320
69294
51137
45267
43231
17154
16006
6714
93257
2563
28308
1495
86917
36137
36050
88956
34598
61599
86754
26324
24159
55029
86929
28463
4224
61624
20410
38012
74415
92101
46912
28608
87602
10119
16198
80177
86555
41449
31139
16507
65326
64599
2359
49313
78088
87400
77318
94626
58133
90514
3397
70102
30532
52705
33886
39798
59356
99674
89695
6166
56029
3331
88717
71416
41715
2560
48975
21755
74103
31171
13840
27679
67676
32284
93543
40776
44812
4757
18758
190
55130
63635
15908
1400
3760
51406
35660
64624
23455
51285
63605
63023
78999
44941
30472
22397
81292
32952
73642
84578
90551
74976
29108
54380
62187
56374
57209
73997
93397
82353
79111
47421
6978
30556
98040
41956
95818
195
31855
80657
95835
6409
60637
33389
50065
15097
96184
50458
24322
86670
14342
83983
1924
55520
14795
2211
26028
40115
29634
64620
44987
83606
20493
12931
90444
27757
73175
44088
92693
69097
57128
47241
14958
63267
68155
68652
18186
72180
38292
49991
90655
86470
93190
76557
4072
91517
92362
44242
56073
47519
83941
49011
51276
5577
85717
42975
79705
35515
3649
59470
95569
12109
46837
42230
40182
35996
66482
64778
80876
46970
62244
55473
22592
23831
766
39182
46981
26327
23676
38666
62596
22773
46143
38505
31538
11320
75726
8715
62446
33564
12345
70010
58431
42160
2400
7364
57161
39382
60066
12815
66954
34448
67350
32953
80702
47211
25129
14701
76221
27890
97117
46376
4532
45794
47870
17314
83910
79628
47476
25586
19845
81393
17000
92487
80543
43333
39341
28269
4574
27180
39415
79866
55859
7193
5551
54879
44443
79427
48211
27718
77108
80314
21262
56712
14287
41090
67147
32185
63867
74492
56205
59601
21894
54092
29098
44705
34716
81977
99961
27576
7918
10414
76604
54819
19010
6075
83082
54261
3292
58090
69921
29026
51927
40777
46335
3139
74202
79838
39647
10130
10570
41918
42549
71830
85425
27397
48066
16394
11620
55756
26016
25933
98646
46841
20104
44464
85936
22193
95972
46683
78098
71538
16939
60528
2887
91839
49718
15810
7047
1006
4861
9993
92290
73872
40519
43038
43586
37845
69072
6988
91492
84125
94007
65077
56885
29335
90464
10838
53343
36393
36001
86824
51596
77110
32870
20320
88725
97864
42312
66151
83562
49540
4747
22007
2238
4848
80159
6751
69604
12903
29211
6243
92729
16704
49799
67211
57958
53846
69701
14538
16415
40505
81829
69756
63291
2861
92579
27771
68138
50930
21146
26867
30422
54720
49433
2280
51919
25129
77102
26514
73206
38116
25356
45212
28131
55764
47152
92801
65649
18728
3394
52825
65334
4004
7188
73843
20074
3825
27736
7191
64522
68815
29455
8789
68359
99142
16695
21888
94382
41091
54211
31328
31996
92737
13182
98277
8915
67508
73027
36721
40439
18677
4996
32589
19534
91934
39355
13237
98927
29183
20996
54257
33018
20265
8559
17239
69005
76626
32748
95766
35930
32640
77706
82409
97519
40673
24096
47165
21744
29724
57375
69509
82071
91661
62841
62797
88118
7746
9655
35129
10161
14009
29193
85726
28399
98490
87133
81371
60380
36342
23795
96370
91138
79279
11998
79497
13409
81518
59084
83268
97258
40519
80970
86934
94025
37511
49404
17350
66068
35614
61429
6477
53565
2403
14110
3833
72234
72719
29516
32640
10911
83171
66324
59909
53313
77787
76319
40833
63717
62022
48586
54359
13602
68294
46781
24433
85821
15280
28684
51137
60882
36400
8793
56213
8549
15172
92392
74082
34220
79200
85815
37416
50943
51178
59700
90562
69572
87858
52734
19156
18862
48663
70418
29227
26146
5161
82662
91852
86656
75588
98559
65342
31411
35793
90626
43056
93383
76086
12101
15179
1413
36537
75731
38624
23838
26694
70584
90103
6761
4245
83702
53074
60922
41014
88054
12938
14471
73978
58826
37372
90900
57602
54699
31092
18616
38577
97481
65652
77342
87349
30351
30731
76455
15058
12628
79428
49962
68344
99656
18423
72137
22390
42884
42721
94763
49
96468
2489
18672
53062
74981
83762
89008
70123
88950
10181
81506
35616
22504
69181
25371
88962
85948
33675
77893
93316
10795
18562
66471
53650
77549
69277
90215
22725
29538
51626
74192
68987
80936
20699
27586
93155
22084
93036
19026
73912
83635
54779
70080
57791
42624
95442
73274
19770
57972
81928
1749
99591
18550
74176
7336
60477
97997
23121
15352
31154
82061
73234
46292
9476
74119
42701
46631
2525
72321
50041
42446
80851
56267
40781
12265
88505
19356
82930
27063
48208
97019
35549
57000
97284
23284
13628
84867
24525
36400
16744
9118
36538
76944
53650
86812
21127
47383
62315
87669
584
98657
67824
25390
87560
20564
54768
24972
99913
13224
73282
18518
51101
96553
85886
6834
84709
83072
29902
95476
87784
68129
84403
13668
89163
95901
26293
22602
28741
5309
70935
51383
56935
52272
9294
27194
6831
61660
83654
14100
2028
23535
54126
47234
1757
35475
13801
16424
76541
63789
1452
63374
20446
69017
61743
4987
17515
87081
45884
67629
35174
55645
67700
14972
97716
87969
6974
28340
90776
24470
66208
44824
72740
45
94771
35172
97370
37674
79953
67837
1427
89416
24464
203
46852
4504
2948
54553
26409
84062
28238
87810
52043
10417
23655
58186
57209
48403
26896
19086
8914
21785
40775
51850
81446
43027
84714
94533
83442
17600
78887
17031
85151
39061
25749
76188
76579
10661
85961
88712
98753
81683
37464
11024
92636
83541
83169
66034
70491
64493
6176
43307
95782
5382
53907
55418
72226
74850
71357
56390
22850
12603
47927
77631
4544
20144
78966
84781
14316
72578
28526
74621
89369
47982
66478
60032
50792
72005
97935
79304
1927
16556
64740
61641
77524
82317
50761
30241
97513
43548
21771
10486
27121
43747
99462
88572
17270
11866
3195
17562
88633
130
28744
63316
99178
19777
98888
44137
45938
88695
23208
68428
43919
98131
29119
52519
30645
70304
18426
26680
48551
48471
26868
46443
27109
88239
75060
86439
35836
58895
14647
17878
40838
7847
76971
49788
44042
41328
33589
82775
41905
22121
37805
77507
80510
41164
59891
84246
37211
20726
65451
8432
91932
30542
98047
4968
10367
5565
44365
58167
37890
57145
84312
96942
83200
24264
57435
66816
1430
28647
59920
15100
54877
68581
80462
63519
98235
28099
57227
10044
51935
84000
40856
89523
51507
51433
90871
67220
4177
37572
61448
97698
81985
12928
7941
7412
5526
71627
76304
53301
53328
9168
96904
86436
50587
68251
43
66315
10181
1097
31590
58778
75954
37547
37941
47310
28921
61225
41074
85888
93395
35267
60696
37207
42603
99091
9291
41953
28489
87028
92421
92321
42585
29349
93354
46074
45475
32210
19193
15485
73092
86724
90642
92239
53717
20526
71317
4979
89360
58351
84714
9458
94843
18168
64681
47930
3528
71835
52441
73950
75803
78410
86515
18035
90129
50363
83551
80808
510
19066
68322
516
17391
89755
49658
40432
13526
78795
69097
16484
28106
14221
53356
46619
91201
26212
10895
17395
73404
70944
34890
48241
46722
88252
44127
33364
36398
40226
82819
70233
36038
51303
82688
72911
132
65639
76286
61031
73687
63087
35770
37106
52816
399
26820
93784
23037
73017
9300
96494
39243
15006
86125
84024
95953
9985
30635
18587
60867
63193
43267
73722
10238
927
24780
16032
25919
42565
94028
90765
21590
27388
42191
76102
69355
87551
9582
12309
29880
82961
51489
52061
92776
31541
10216
35390
57025
67138
93263
1152
86966
47767
31874
71626
16104
79258
99314
4319
67511
24322
2058
74352
70917
8780
46177
76631
27980
82418
45970
21594
29555
63231
95822
69640
25848
68648
39721
47790
13183
90603
98019
67045
3955
86156
38588
63419
94052
16200
97199
92864
76414
88904
83478
48022
9184
50995
5614
91925
2289
39498
56988
62844
45426
64973
5410
57184
79090
59059
54655
10399
37585
69346
79585
49285
92533
1509
46553
66877
37626
9785
82059
12893
74469
50885
42172
48018
37229
43295
34171
33975
43276
51278
45002
53205
68300
72412
4875
60085
25314
71834
40892
28126
54613
26549
34509
96849
54960
65951
41464
84701
60605
38804
92141
21981
36934
14138
14611
28401
39350
94054
3097
16026
38673
41384
75340
11015
12766
90638
29736
30920
57361
44092
93718
28581
38925
15680
78837
39588
76759
23140
31220
18841
55458
64299
55177
60320
17694
74625
25911
15270
19279
67203
32112
87317
72140
37779
78186
56391
20637
50664
82834
32812
74316
23895
17009
22212
19183
8659
40389
15005
76372
92109
32614
34973
27272
39518
42693
1333
5835
32181
22940
80723
65120
62756
56193
22598
1336
9901
76582
71354
40703
4054
40194
89255
7991
84674
62945
97799
22703
24785
49559
49549
67808
93237
51859
33344
84503
51269
54029
13452
35365
38091
4526
5318
19290
44734
21419
74797
60909
22771
84462
11482
32259
26528
2994
30611
44087
95236
33790
45177
37976
59801
15647
96856
97191
23916
40264
78579
39860
16706
86065
3108
27472
22343
77248
30724
58357
44610
304
32292
43379
66574
93018
86412
85451
60059
37057
94278
10648
91074
12012
17316
31805
98697
50342
50343
82012
4558
37844
74822
28412
48620
79693
65415
51077
12129
69779
12873
93021
65657
43130
71316
78052
44694
77640
62425
34218
3908
41537
32551
8968
80712
64881
52475
65190
33873
74506
33087
28352
42245
94131
42281
1039
54592
97661
95367
89546
23594
3402
11744
85004
65674
45319
96985
24259
80324
19338
81946
59338
83859
62915
56983
81319
48976
80187
73289
77958
23882
64735
48171
94006
44344
20256
88446
23234
13747
32897
65549
56730
57289
2567
56715
98235
92370
28402
36399
27740
95998
88674
10028
665
11748
71570
6405
13107
48670
70571
1652
47690
1114
42125
31436
97919
87395
25760
21110
4552
83902
15571
61507
21574
3718
84845
8223
14854
69189
39375
98400
8466
1962
26160
6925
66090
50589
22522
759
97132
14159
23991
54902
89638
65052
8722
48856
50517
11852
71966
63857
47785
74425
73088
1264
37162
81997
1231
93390
28055
87254
55799
48378
72803
47307
26156
78791
61505
48981
42062
88521
89183
90933
18887
66370
9622
48064
21626
98102
31575
61846
23309
14470
32591
72628
47442
37655
55408
90577
29808
40785
84620
69551
10288
17461
69852
72992
23411
26295
83543
3547
36512
56619
65282
63196
89503
14827
9997
89067
10641
93999
97438
15404
95992
58402
76562
92588
96741
49146
48349
11076
69581
98434
17324
6806
95756
913
65463
10618
79836
51769
41300
83563
26904
57559
73679
42749
35944
70612
13068
65160
96509
15496
292
77875
74454
37010
60263
94000
32382
90786
53236
51295
96609
16371
93580
42094
23986
58579
45311
95822
34281
93314
91259
28783
71694
92481
22490
73198
18917
71171
12074
2878
71659
62008
5745
18384
68641
74776
61414
79084
58953
74799
37612
79654
32059
69001
64350
97528
92988
59192
81467
55478
28928
94458
96179
39042
17343
34974
8997
78278
35777
72409
25995
81507
81972
15365
16553
40739
36059
77370
29422
86029
81137
54255
80305
99083
71794
77271
84883
4805
59472
46845
33557
49689
25353
13921
34067
39947
77041
36121
98107
3271
52705
45951
34149
46643
92466
7779
30036
69063
89508
15347
35058
76304
75610
95651
68082
64218
25987
79861
48694
19709
87820
96018
55336
52297
57655
99454
31118
91965
85881
17469
16961
66088
44168
3354
74870
71971
97745
24141
77772
7169
30135
88699
46621
21620
83603
134
45482
17147
27304
86720
68111
276
74985
99192
14316
54375
52157
20163
43322
13101
34913
23918
15769
22846
41692
35822
83608
4094
91359
45968
98064
60146
30213
79456
84071
46552
56119
35906
55104
94446
82543
32233
59622
53563
55547
71928
501
62567
82267
74992
76792
92751
58319
45009
18972
79737
53804
71168
15851
48504
8437
75680
78662
85246
9851
53872
76605
28387
53099
5411
14052
65118
97626
45250
68101
35410
35150
61453
13101
80273
91960
62052
81186
52804
49075
44614
82661
97406
14904
48863
73768
42576
20832
57067
66300
73858
68103
74998
66092
94735
45528
89584
53198
21705
38071
83732
36188
79552
70400
41694
89502
3847
53030
62659
72261
9272
20712
33772
11081
39021
50726
89558
5736
22588
46683
97430
11634
13382
6770
82259
25882
58635
71987
85164
41302
2775
75113
22327
41407
88023
58625
803
13744
84574
33390
93638
36348
20740
52221
21411
93283
46066
16654
64722
67814
97514
48724
86827
68641
65900
92870
70324
27288
25465
95370
37410
52156
17151
95757
10357
87556
61541
30798
52681
71349
48756
37314
24785
87156
25999
88847
49144
75152
71449
16026
86374
12003
36568
53771
30091
43342
37396
43271
65505
2038
85848
78943
86700
3951
60850
63792
38380
2752
55526
47302
69852
18677
4359
21614
69504
28006
11958
44337
45575
7502
84275
30638
90893
46773
24016
24256
1103
98158
82101
88809
93711
9847
45783
64373
4762
10409
88941
4706
11567
72189
16364
70615
69164
40464
43048
41287
46244
78815
93403
50110
93426
26879
36263
50175
5996
14391
63101
63336
68078
92009
54046
62696
38723
26230
90440
71958
90628
83473
51279
93091
76132
95363
35907
15770
92227
58597
1447
84541
10631
50904
41345
31221
32585
90593
5509
74552
52402
58017
81559
44045
27598
48463
79808
34677
59876
40447
32220
54638
89397
84602
75661
19300
14598
50898
91641
66858
78963
62440
29903
45586
11706
75173
9209
41452
35561
58368
54273
64442
38063
92736
56653
74705
45193
99103
60667
60159
22116
2782
17694
5615
55724
1978
78364
96896
79136
65621
19769
84601
29183
48403
31709
48366
84168
30986
53634
84826
50975
96035
91379
77612
57902
77661
96514
7624
57139
6362
31736
93814
97107
28199
79641
22488
94712
90129
38536
62650
61592
20603
2268
161
31605
98419
70179
97422
90675
83489
42866
12459
24044
89618
42141
13771
99984
27375
20778
15594
87258
34697
76282
9341
27348
97729
39966
86319
95346
13970
89425
59140
43402
51039
74957
66236
24733
11329
91772
78494
35453
91722
77461
84347
793
46558
34337
90058
37753
83843
21750
1497
28283
19521
86222
12024
17796
87070
27624
72094
54745
66128
12898
90144
1543
33592
71671
3193
70100
11908
98390
58215
36221
12778
54962
26440
3273
15972
14966
35786
43149
73555
20250
25788
67562
48197
47408
11979
11688
80720
86342
1627
74175
77116
5857
85296
91571
85242
52901
20390
18951
53127
73656
98557
80859
76517
59701
35584
77183
22308
90603
80127
99614
53392
91802
63281
45775
74422
9441
56330
71537
65814
78621
51823
96609
10698
71410
97052
58915
92186
53046
89467
53518
98133
36146
56575
74398
25091
65798
32267
11465
86615
77709
91577
4780
5845
33690
23659
24572
16324
28535
25426
79411
86920
28204
53608
55619
11178
33909
97116
2173
77222
44212
74101
66466
79000
83296
96239
21741
88293
75093
75783
60907
74770
64402
3283
87620
93084
64765
44482
8841
8554
18696
13155
89397
2703
59127
73479
31536
6384
16232
7470
86078
34591
46973
95501
30176
44003
81441
35876
76971
63394
76101
78811
53741
81105
69727
19388
11606
20462
94378
75606
60078
79837
67676
68464
72845
718
63535
72417
11432
38721
57204
71825
82708
3337
17544
11704
92856
4570
1194
97052
50104
21497
93521
66452
32205
36400
87739
4933
86986
649
37282
62047
20663
94553
45174
23665
32616
22691
14752
76760
99360
99501
24770
56400
88222
73395
47499
44425
34914
72657
11934
66212
16172
25835
74898
96202
82044
31082
29968
75735
75638
76339
44821
70805
62438
17303
12371
56955
90959
46201
30994
62657
92259
93803
14828
68257
30511
44360
62897
28816
27855
65870
10016
2151
51832
84572
62948
92248
58725
93136
74360
771
99942
1429
73937
26561
9582
27790
95367
75026
25080
72245
34746
65137
46389
43307
29851
75360
68970
35735
6
26911
2454
31721
25741
82800
74290
61998
11993
85147
73035
44373
48867
14497
24677
69689
53955
35776
75908
29167
60822
86153
31320
31836
65224
42088
54093
21789
54380
77960
30539
87701
35169
3124
5501
86541
17603
53970
81582
85863
76324
21511
61309
83795
42708
82802
40706
2473
87594
26057
8718
73689
89124
15369
41528
72600
42747
54557
95769
62092
57765
34973
32017
42724
60320
24219
85254
39659
32223
26970
55733
80248
10600
36486
8697
8248
10461
60668
94301
60031
31230
80790
85477
12939
94645
19234
60266
66116
8054
49814
19606
65146
93177
30226
54639
67891
15041
28784
80421
82531
38256
12724
73533
1816
79369
96527
90678
69554
72149
11147
73028
34112
13112
3582
42863
31193
49641
97645
29295
50961
55600
54117
74749
64831
30514
87290
30912
90778
52688
60108
428
4748
92805
23672
61466
82641
34896
56471
33160
38884
79398
54337
9255
89791
84121
81856
40837
10679
67123
64982
99007
24943
83007
47526
52654
90682
153
37151
7312
47603
43318
11464
45233
77064
38014
44185
71002
91756
37006
95687
22758
73500
93744
4494
35365
52841
95928
70837
33149
36580
77151
92834
15816
10725
17975
2092
95194
75116
47283
56991
81781
17209
14574
66920
71923
85739
89069
78328
87537
99361
18963
86599
99535
46891
53030
38499
10501
30729
85450
89519
13594
40961
98680
6643
86057
94013
32069
92281
43106
52684
89847
55921
68914
20475
42528
14228
42145
22341
4268
41877
52397
56277
13395
14834
30537
14307
93417
8674
7043
15684
11943
90844
7866
47010
85966
80632
53696
79252
39925
28582
32205
31337
10981
24853
55298
3824
21550
15408
39283
92324
62644
18764
42657
63465
82770
99941
56811
19837
79357
62595
579
54112
82007
73490
36318
15334
92668
73354
87874
38703
6077
46512
52065
14703
30757
39814
6028
7110
