9174
80622
62826
55831
53670
56962
22182
77306
37200
11940
64970
34427
83650
16773
21688
70268
89822
24827
2426
20067
35754
45937
56963
26985
20705
60119
24881
84286
25451
53749
22841
51582
77909
12643
46793
70947
48188
39073
34740
1760
83940
74786
59989
63320
74696
83045
35189
80956
12953
98841
85300
10572
55263
88505
23818
4759
34909
83863
56161
84470
24842
40476
88775
78563
62616
42973
6166
6616
60536
11429
14210
22891
43191
46404
13092
19310
7475
34211
76903
83627
78764
48373
55868
40523
84224
6698
7454
47776
5841
61643
87796
7509
16778
4161
22207
18733
98009
40988
19129
38944
27876
27137
71756
21602
63471
21901
3309
62076
20797
35159
13253
73042
51456
32706
32467
79064
9082
21380
27258
71930
79652
36035
71102
77901
86877
16315
48925
3644
16691
14056
74033
13740
47402
72359
3325
43930
80319
52171
99552
3620
87936
94782
8886
85177
45730
77159
89529
29912
43193
63067
49543
79019
37067
32123
71930
46545
56730
90445
16065
97966
71164
4006
56572
14346
87691
84790
57850
24782
31945
5875
60771
96774
20048
8077
53594
63614
1595
75649
59434
46242
37952
8203
20170
92315
23290
25767
1938
24653
77881
37981
56459
98301
6683
57485
49655
25656
34520
82349
46305
79158
46460
42792
72008
58628
19928
243
8764
13150
26090
4245
43499
16549
82901
39844
37570
8068
59808
89751
53183
37171
56550
72837
75060
16601
49706
90388
20413
71164
5285
87113
8602
82264
41830
43929
52239
32909
52753
11309
33084
85856
64517
42042
41295
68046
34455
43478
78718
92156
71504
30186
82537
77315
62852
66824
20096
79587
82539
85683
6446
67855
84323
50694
37994
79686
70845
44177
7161
2656
80812
31988
49322
91210
60727
15781
91198
28635
7089
52162
15120
49554
88809
14184
41216
17857
32503
89003
56151
53428
33355
29099
56603
18095
67979
74276
37058
73348
39840
7001
85624
82331
18852
99090
24932
33691
1117
32162
31960
88103
30583
97595
20033
33190
23190
65078
43431
36767
94662
50697
11819
82901
18500
47473
92364
62010
81120
87134
99192
46167
98114
27954
95413
82074
31268
44493
13768
65471
1079
72893
52281
48542
34722
38541
44253
25984
4114
33698
22518
94399
18530
9414
41929
51597
52984
80983
58001
80931
65346
47065
4715
13470
19954
13446
13255
26548
81083
10613
49020
77426
70694
57545
27113
12310
46465
84088
5549
8170
92523
81126
4321
40236
34703
17343
48026
48962
58951
19933
99088
41809
84170
14831
47751
71719
75164
20568
62320
11486
24335
46533
80600
64655
18310
82221
85930
56673
68421
2725
40726
90968
11390
2780
6704
11500
59554
47229
92358
20608
14749
51774
5553
48891
1181
92294
48633
45442
15194
55897
98539
3836
994
30970
46449
23095
82459
17370
68895
16588
47521
72082
56445
23484
65702
78199
87
94173
96857
92112
6196
54229
82969
61459
16675
8451
48182
55715
49393
23737
67577
59248
10466
65020
6243
85647
87708
24539
85708
74660
80937
95711
31335
83220
87261
75276
60541
76278
8273
26529
81320
39573
33217
67881
43605
62287
66281
15254
48570
57787
58575
35625
64123
22272
85951
26279
77329
77736
16637
87811
50856
80519
56797
8732
13034
56325
61280
77020
4467
12664
72559
74356
90850
21130
88260
78089
21854
53408
53376
60487
27199
77056
29994
77516
21220
53029
33930
79223
73208
49075
77266
613
23764
31891
51566
60425
86262
79365
86221
33485
94240
68706
42188
13751
32904
26918
28727
48538
82405
47461
16387
24997
25027
3033
4747
12049
31021
90735
49320
15928
79651
5204
54148
43211
63576
31021
30373
60180
3775
98425
31438
64702
44584
43363
4922
22358
70582
30769
71993
76776
28828
60454
72291
21223
41893
11361
69364
34577
84348
14618
39806
1919
51383
34709
99970
66086
82683
32372
70040
23683
82419
56812
73509
13193
57327
3907
83667
92108
54874
50555
53855
22064
44798
80451
67332
29487
74665
21299
42368
66793
16489
85070
34332
91889
14706
33457
69950
31348
8782
7309
29961
11932
22180
99690
92090
76963
88385
46500
31721
11950
33139
74370
51866
36587
48280
41095
29758
76910
64571
28541
73349
40911
49681
1386
47832
75798
62025
8711
51130
63315
44703
29258
84384
81902
35242
83169
63433
38719
64245
94811
78691
38599
42385
77331
97829
77952
28697
40425
23589
31309
37016
92497
44694
75574
87476
32474
13594
35671
10441
98530
28691
84246
77572
55192
18227
75077
15948
90567
49845
54968
10206
73707
9674
27654
70475
78611
64561
17527
26695
16194
73851
51548
94811
2029
9082
70431
66835
12172
80688
82880
27648
81088
88833
58086
40686
5750
15797
8302
34163
1849
81585
26552
5157
28427
7764
50324
405
52702
51743
85954
97706
3614
30840
20752
82709
63444
63908
78218
1545
40899
71271
81334
81473
70087
79713
41187
14690
93221
27300
2556
30520
63295
57142
63001
62599
57904
81157
20762
1009
13819
57870
44556
732
27265
72095
46054
23722
72518
77242
31763
12691
93950
89434
52564
47466
1724
56941
45871
28516
57381
46871
73478
60568
4355
96433
68139
34779
41510
15504
81275
57229
11721
29644
9502
24681
60127
23818
45250
78850
5666
22575
49342
43667
25628
45618
93309
71374
97888
73686
8900
91155
72289
46387
84081
49305
10337
4868
57547
90332
81924
68678
77815
43973
28842
8285
72962
47252
98811
48720
81808
65655
89822
86184
88219
86491
36726
65947
18704
79995
37413
55547
24993
59721
85540
47041
87173
34579
83398
81508
41074
48111
62114
42541
84189
9179
97523
61026
43790
89417
60462
33644
89035
10347
45173
76145
7633
95236
79264
8601
9691
79210
77146
80653
91084
83785
18419
9929
52067
23158
75345
72616
1442
54842
15030
36587
90911
72917
79422
67815
89367
98595
98913
465
95344
11135
24143
68339
86535
42023
25944
1359
27104
38747
83941
15650
58709
90216
28729
59938
2942
77183
87703
87746
15738
21974
95408
89949
31077
51700
83078
28251
47469
67309
32512
58746
83052
26805
40490
88962
87665
46206
82082
46838
50879
93369
40724
51104
61987
87800
65439
85568
95283
38805
79257
20956
23294
26269
13442
29228
80819
81962
8725
94195
47057
15188
3043
27395
90805
61863
85263
89840
73798
27410
96054
69852
83521
33080
77343
18384
16308
26208
61118
31419
94631
32503
20663
70486
24778
10300
65493
69547
47851
55858
80135
78364
68116
76632
19132
87444
48028
69828
62540
7615
82984
15913
47069
40476
48623
85822
66568
36655
10519
18026
60900
32315
57264
94107
44710
38470
81923
61259
36973
91499
93036
74087
87170
51813
45002
62343
72196
15228
50964
71152
21018
7314
86701
43861
99669
35909
28091
55666
20036
1432
47979
68946
71753
82457
4339
13692
79899
95097
99710
312
87687
15178
85513
24653
69201
54178
29659
1885
1645
53388
41012
9720
96932
98978
22413
37763
64589
82095
72404
98469
45644
31996
87461
63495
21794
35740
76091
17730
69486
45801
8373
15898
13439
64527
98095
9616
4181
84076
75631
14122
23672
30088
51473
83126
16310
53791
28820
35376
641
57243
51474
98641
13162
58470
55384
15069
94357
73061
22746
15147
34661
90136
44988
86540
79674
78163
6884
35087
81257
95933
66346
28517
81032
98901
48071
36283
48551
36977
11249
51516
31594
17244
28634
24191
34008
63667
49347
37374
71059
84280
79759
95656
34627
43634
43828
67518
12040
59668
89158
71965
79393
56173
26678
80399
65436
50666
31201
19588
68683
58783
45476
17819
28342
72526
4060
10211
79392
83777
55895
43810
55277
92643
13105
8490
46355
48585
57500
2790
16701
8797
37853
10319
52882
92712
52982
16786
96325
45861
89859
73643
44322
28149
79186
71007
93059
58032
80532
37462
43296
49255
69147
58163
89524
92292
68750
91176
744
97257
58331
60736
48084
30288
27842
18490
9635
13083
44526
60267
12135
40761
36300
93342
6901
25612
27421
5184
70932
27486
80071
18287
14743
25351
42762
75349
17112
66048
65227
11602
99551
47013
51145
54403
31664
9057
84578
13277
50408
3367
72699
74969
65124
82511
4977
81088
42951
59840
13429
81158
23718
79609
40962
62444
33481
62032
95514
5066
67940
3880
1818
96143
43434
10736
40042
52335
33944
16652
33018
1716
53158
1099
7056
45858
71814
4300
9332
1417
6726
83076
2750
8225
43243
32318
13252
39116
97172
73062
87315
93850
30562
34073
12283
5142
28323
74104
18453
67186
19550
75426
20829
79492
13016
56995
91165
74716
29708
85407
47396
89909
63619
95669
45438
89574
95369
62396
98975
53086
3281
95261
23881
35496
24164
67341
23351
30104
4306
28144
17989
38651
89557
86207
63273
50882
38963
99651
17163
21294
49493
27275
32152
73973
30509
13545
22694
6747
73228
78003
62679
27967
28380
58443
60955
96922
71259
7278
83889
41986
11170
60207
16904
44661
90036
93705
52365
93914
93267
734
41445
12649
76101
48009
57636
49377
85192
10256
91267
11023
18991
78546
25353
18980
79689
48075
44189
84385
75378
63803
21472
73956
9535
62718
4790
28853
83086
47324
27907
81178
65630
14677
93637
41663
92068
10376
91415
51149
72231
74096
92641
77368
63439
55524
52016
90430
69888
95277
17981
40180
88737
77653
65990
41845
332
32246
26651
61567
13818
39973
35259
60605
96406
12786
28048
13260
52796
72384
60608
46805
20868
67190
51400
99233
84456
86028
56122
41843
90987
16615
36718
30220
35822
82896
92900
21948
30622
16437
67355
70400
10344
47447
58276
88952
24448
17726
22637
52795
32569
99823
39185
10238
84919
58592
95071
66417
62452
72082
34397
91144
68120
88532
52337
96571
7957
81864
42179
39155
36353
40466
77426
60958
48286
48509
44599
27194
3635
58159
41105
77237
21921
60965
58171
86878
43095
72877
1131
80384
10079
69038
87770
8557
74804
13800
48808
72999
16575
82298
15797
33313
36500
91501
89123
48584
15894
11563
33908
94177
2426
93266
39188
67687
32374
99491
45201
63916
29601
73621
92224
24253
62464
90851
42622
58350
15856
50852
18562
73009
36037
51107
89415
70361
78011
12862
44725
89712
44055
48867
96710
68898
16557
24246
75566
21743
47992
4219
2183
43539
47886
17629
61547
56305
60628
7755
13561
57851
53039
74137
26074
76313
93065
91157
98699
11586
43785
94872
4573
39910
92490
73247
89440
81051
91844
72937
44205
79011
24012
29442
81816
84486
33358
74579
75141
49606
88964
46657
64755
85664
44049
56312
93109
44799
60821
3541
55847
34318
82460
18250
96638
92906
99064
81356
21854
95909
23916
4910
8516
23140
22976
28554
32166
98009
65432
32553
56917
54287
49429
4938
99529
39620
68128
80596
36726
96438
75879
6302
50429
65652
94194
6267
98950
35394
98700
67277
86047
7156
46413
10090
1713
54754
55413
29422
32063
6397
74447
83643
87695
95619
91319
5046
9709
78423
90645
84846
31241
24578
88495
30908
71515
13208
93515
70623
5339
42827
94025
89246
70970
17090
45738
50318
85362
70047
12097
31204
15844
48766
3506
68015
30245
54581
83621
87537
26166
26556
36559
63106
81673
43285
98443
73835
53940
60676
20737
40785
7235
85082
10544
87804
53993
50853
41054
53084
34502
25813
28064
63919
54558
6248
84718
57687
35576
61777
30346
34048
33624
70992
6104
37768
80971
95122
97502
71885
61355
59776
22945
85581
80265
47053
85746
47396
19823
48829
37067
72391
60030
68740
2724
19311
12480
86141
83007
55761
37746
36715
99964
4408
7445
60028
87103
69451
6559
78613
40517
37971
60810
48209
4521
19527
25252
27955
7419
84676
76227
3624
68081
43413
62555
50717
6463
32007
73984
51566
71615
66244
36076
13485
79521
58164
31805
50301
94789
34781
62107
54693
64127
17177
19270
80177
87720
64561
59056
31417
22857
6674
46850
65648
15453
41503
59631
5236
66578
47053
5722
26244
63763
9680
56924
29051
24017
34514
33248
79793
18292
86125
33238
40487
91962
24595
70932
18739
40596
90991
81069
73968
27087
63859
560
35773
23595
49727
72416
91554
74937
31463
29510
58332
69657
80086
12696
90403
26550
34685
44380
4320
14543
19176
65238
17176
413
81589
32753
85545
63230
5470
12413
55835
32795
67538
32575
82884
3464
10447
2998
79955
19585
61479
38608
12863
59500
74299
20236
47699
10588
29109
4712
52373
80680
43811
58947
46230
88479
7650
80521
35448
71248
90990
54830
51558
90941
79653
94430
610
3810
21670
13757
28103
91565
11085
18867
63729
8349
13251
91826
68219
30710
69274
69477
47628
19518
13069
83877
47458
71973
59666
99361
22832
35625
92763
48597
61959
32442
3640
25532
43435
12077
62022
40483
96160
40852
33576
5613
83353
12940
51663
94642
44933
91240
34085
74827
2327
95163
74082
97821
21677
31163
80692
8968
17535
7347
4658
86921
6115
83331
48206
20509
49321
52053
33498
87228
60907
53768
23004
76878
63579
98925
5759
43679
798
39657
45209
88945
72708
95713
43723
54910
74160
87086
20879
96725
8167
98142
31219
659
68072
71130
83907
23876
37846
76243
89734
3325
36559
71995
85688
65216
18613
42925
68816
64691
66280
23384
49978
54835
99992
65402
41225
22826
30013
16872
83003
45023
99091
93739
46737
34493
61247
33243
60507
33473
76787
2041
80291
59520
75982
35252
4179
46092
73733
9839
34472
62361
69939
18257
44960
16355
77339
77508
89908
77248
9527
95260
31029
96528
66208
99989
51988
64185
34799
59755
94980
84306
14119
55388
47418
30368
99069
69772
427
66395
43909
79100
6206
97164
36847
8504
77806
43477
47542
98691
57718
28504
53508
75386
64988
10030
68405
6228
11423
90092
92893
69750
50954
222
89185
87980
64384
13261
28004
87505
69172
44260
92592
16649
2236
37689
59048
87406
60795
22161
21348
75640
61548
45405
90517
97279
60570
81461
51728
20680
24532
39166
41204
86839
87336
91056
48273
92147
72018
31144
79223
77266
71537
43055
56551
37356
11989
76233
9769
27113
30674
75974
19396
49845
33863
22486
51726
69684
57226
1997
34632
17572
30039
95176
81061
67931
89169
84968
80282
76867
15347
36345
32349
37828
69015
666
74887
44187
33980
43688
91955
15866
43107
54257
43168
90949
67942
39957
29678
67131
72728
93590
37121
9270
821
47194
42856
40646
85970
5068
72066
60766
95285
55556
64113
36324
93302
46880
74926
80726
76964
3589
21102
60726
6638
17691
37504
83816
45493
51604
18435
20396
91530
44213
76944
85234
20246
55009
95284
94518
98007
31882
39554
81541
64275
11271
42399
43204
90881
9662
26080
35337
99440
42273
12227
66812
465
63626
54496
10520
64876
64457
78237
54611
66347
85921
4969
7817
2550
18247
44794
19886
16414
18975
56738
53531
34357
77801
64183
81894
66767
54296
94613
40355
74435
19697
39687
55793
42044
81866
90003
54975
37503
44536
54473
6161
529
9132
41908
46948
71237
14007
48292
41689
55144
3410
5302
62523
77400
2028
57228
52949
81620
74451
92777
87970
49800
91595
78402
46876
58208
85075
66039
21113
75753
47043
14288
24987
28772
33963
77633
11143
54249
91057
70460
42196
25857
71115
70762
19100
65669
5596
67452
22629
12675
32964
15647
56877
67766
65710
84265
47593
70508
69900
29541
58854
57066
28450
98387
53413
59669
21412
90610
31451
41541
27768
12315
63640
20469
9810
94680
82953
30952
9559
8955
1041
58889
58452
6731
10509
31204
79638
10947
8146
8910
32225
33199
89223
18852
94528
32835
69267
91102
33291
57246
7760
24258
91658
82781
26244
65937
20099
33438
41594
21408
93991
17660
29871
54148
73707
99954
56588
81271
1342
87453
84404
87149
7163
43862
93895
46467
43496
48899
92580
26140
83100
62756
82749
81739
88909
40510
65847
87251
81243
57307
78353
75595
29975
576
41879
55662
69372
66939
20148
12256
56909
67724
1798
70116
12856
87123
37725
49194
93428
42538
73312
9330
522
8453
53662
98045
61031
71721
22159
96791
20657
19404
76123
62484
24805
61282
27590
56962
63769
38127
30658
84315
53263
50677
42381
14325
24456
17174
48498
5105
52926
54861
70169
93207
37556
33602
48279
59371
32620
87001
33710
39664
89153
88515
37434
21755
12320
26516
94011
52084
63110
16246
62843
3414
14009
65719
82541
32682
50011
52130
98192
49646
50510
83931
4999
89724
77731
55448
65793
31432
94617
77433
6504
12480
33570
86900
64736
1374
54035
92830
70132
66997
31647
79408
6066
28653
17521
5400
95171
24861
58904
33413
89576
26075
44191
26665
81556
36751
67331
18092
89402
33288
52216
99336
52537
59376
73702
64915
17005
83986
17008
76090
60366
65156
35645
15629
73244
26620
96033
45558
24558
47286
82074
35438
27559
79356
41495
67501
60723
571
75968
97469
78523
71835
12506
3808
94565
79892
16984
80101
61380
14683
16537
68506
91072
99767
85888
255
80718
95796
36742
45400
46637
10867
65480
23794
32397
47163
29464
90056
63630
90307
2276
80847
32971
40522
41298
21458
45718
26027
83774
92770
22250
68687
38159
89353
72775
64550
97588
89884
91722
83386
85002
32723
96216
77201
70346
89958
91301
36842
94433
64977
36186
26018
70070
19934
99964
37555
46714
22367
45063
8162
97249
63570
3091
42369
77013
63363
79710
23164
73457
70943
13899
94429
22146
94638
24179
13515
48413
41106
18344
86611
60242
30907
54631
13743
9778
75360
43100
54656
78459
9826
44404
93737
94873
75163
42845
73784
16200
72191
35457
87340
1551
66356
45988
21214
87838
59259
4215
37942
45788
95783
65796
33604
77360
16812
71002
54242
29863
50927
3604
40311
28060
5637
38161
59557
43757
67270
31922
66556
85954
77856
75704
4575
39130
92605
83523
73391
52065
55477
94944
17409
63489
8908
61429
62934
84632
73319
51817
6327
31491
69942
9810
64171
53331
45709
92754
87008
37563
16973
31290
85487
63898
59438
57702
73831
26966
58710
55904
14639
33191
84837
55980
66802
96542
20090
98328
28540
27337
42381
3002
36708
17424
36358
90778
21336
83389
35100
86371
71145
29815
90144
45592
9138
70268
15649
42064
80624
77747
40877
33891
36552
75915
44214
24435
78869
30230
39998
78820
64450
53663
47215
66599
41328
5377
8759
36176
99729
9879
26548
33579
2029
7547
84335
83754
57138
14865
71790
22415
53992
55701
46875
86891
53700
71954
94256
5130
59217
48240
91008
13994
7504
56528
22493
67757
43593
60371
37676
59742
47996
80625
42106
82690
6601
35950
27498
20252
45548
16855
55906
7817
16709
25468
98608
25751
41349
18417
29050
55207
22384
25879
85528
6445
49883
63295
48691
29006
93248
46890
82554
33442
49255
22837
1596
27332
31218
16285
89252
77452
1329
12531
51092
52295
56435
77578
49172
75281
48743
58128
87537
53475
34058
75297
64417
75998
11647
85000
2167
94610
20066
46212
16216
86880
43
48583
49535
30326
17413
46418
37454
95212
86863
20209
76759
32168
24330
44499
76527
36283
47983
46537
10007
98929
25426
10588
858
94684
89292
70643
37600
48373
63935
27509
17937
75653
54238
16403
41969
10088
87532
5362
86264
72742
83617
96497
56906
49432
15334
16563
9745
17163
83925
84569
85650
6580
74351
52208
60889
54782
28169
20117
28208
95854
2581
94363
35536
97240
75803
74846
38831
5939
85002
71212
74243
59719
80983
64780
59071
34903
60270
89893
64285
88501
1379
81289
54316
14955
29659
97630
15731
53359
66274
9360
71778
87034
32289
20826
99802
57054
50879
74095
81375
46280
84648
45749
50648
81967
40108
78223
82384
75115
58651
4353
17453
24730
88723
70788
56487
90385
45777
31638
60787
17297
87416
18961
8506
72817
38105
42179
99700
71101
49447
25724
74135
37101
41110
38481
24512
74600
68996
89284
49229
45945
68219
52333
55892
59475
49751
66114
58459
81809
63858
38857
74369
53218
43843
47702
93262
59932
56908
87101
46989
43579
90796
68979
13947
43087
10032
75699
96105
56815
16218
27902
20525
39462
83557
96047
31364
93325
72357
48683
31949
46598
5084
4659
88565
41973
37471
36131
77970
51761
98753
83250
96182
29329
37985
15852
64029
36907
56071
5875
78928
90250
57347
51980
92318
51355
25270
5922
23486
45281
5032
25174
46541
97661
70218
51570
83250
54405
16175
75555
33260
10291
7159
88068
10610
39245
99566
61803
72970
28246
19652
92935
23332
70153
92389
91073
91331
69060
15494
12498
92876
66854
16791
55677
94473
31021
35801
26040
56886
25491
81355
31728
54101
42514
70219
77181
68719
6166
33548
30032
57649
29494
49456
57968
75986
11534
67811
92956
91706
13931
13245
4528
3777
15413
96084
43921
94124
84563
66743
35262
91824
67819
68183
39884
63947
60052
76793
53974
24397
99443
78742
51996
75528
2346
50337
71992
44321
69098
60151
84419
72668
52059
10105
69789
88422
89270
93592
11069
44962
99819
38319
49929
30017
92489
18673
99274
78990
26600
22539
99321
99127
44604
67986
87752
68791
34306
62144
51745
4248
64035
74684
82723
81601
70479
93878
94058
86862
83885
87080
26689
58326
38826
48498
74149
61623
89523
38887
50318
66308
31831
32225
31369
99237
50205
70526
88401
20632
66007
45569
1163
11239
2733
7532
42753
91023
23757
36323
61763
37699
9647
34749
14784
69444
73908
9782
11185
62170
71325
89111
22936
27323
72858
38201
6622
55101
20904
12181
89682
78785
28531
28913
43518
75150
57293
15994
64077
9252
46409
24952
53616
27018
95152
84885
78258
67124
35638
74008
20415
47230
18558
20349
14297
1129
39202
98113
2563
59317
69717
82672
34522
26675
22096
2452
87770
52848
59633
5231
91316
4145
38048
7776
2369
47838
16890
86029
75270
57662
4378
85693
62032
57846
69088
99379
48289
73285
59485
41520
25492
29738
35198
50829
89657
59844
88078
63964
90532
4360
40193
94641
58637
73907
96133
66149
934
80668
87298
68909
28722
86916
54557
97290
72334
87602
73759
17535
1467
86283
89826
79077
57604
32503
2514
38977
61746
50496
33590
60076
38452
48856
70602
1233
83915
26497
31977
41417
46729
93991
58079
29921
59851
28278
24178
59324
98658
34327
59272
35916
57070
15850
23588
5146
6765
27418
21035
7467
78876
32858
40387
53864
60922
69576
80192
45646
7382
6240
22749
69471
67530
4845
28084
25269
33529
42806
38755
81373
14678
56865
37751
20668
99528
42154
56099
86947
61347
24654
56651
812
10854
24853
49005
67967
30611
50831
91408
28106
7227
53644
86037
2018
34169
9317
47513
7078
6408
19150
38989
9997
31075
48469
4038
44404
51941
89265
80298
16093
10124
77052
12252
31571
50576
601
66465
8959
86144
20257
50285
19379
62255
28998
82714
89430
2634
11544
52465
54100
87300
99437
61008
32652
67781
86309
21223
16796
48044
97008
81933
27243
3949
48562
47112
42186
19038
72757
39599
6557
43615
82861
71858
37333
6892
37288
64799
24741
62244
32148
9868
60510
84971
57204
2908
32204
83093
56671
39500
68414
14580
15817
14258
71565
94076
1642
31422
5119
44794
67920
2499
20020
28616
77355
82471
91414
82637
23194
27394
47400
94174
50122
2165
25468
41765
54013
65804
20800
48197
43815
75012
15837
93271
67316
74027
71355
44675
29124
78158
81752
23959
98923
30052
28546
98180
60801
62924
98758
14669
53207
33892
26786
87591
61253
43448
9847
29420
61235
16524
10381
4973
13327
32077
81379
42239
32736
95192
85245
69342
88668
88664
36012
66379
49489
39197
91252
22500
2978
22258
90169
81744
3724
70829
34313
23332
79635
8403
27613
33582
89443
68536
19573
97660
47530
2571
38601
4160
94473
57115
97506
47176
95383
67566
32782
40110
31626
52895
2969
5508
72038
18724
30895
87249
63246
32724
25763
91020
28983
15485
2817
7959
99313
22840
98581
47433
65443
96693
65951
11387
63546
97594
95349
40220
19112
37935
76635
55993
27736
23133
25382
95450
26317
50443
25074
39077
77100
44583
18197
21238
26802
35315
80781
79261
29230
53155
62047
82682
23800
71952
83040
85345
95112
47093
69296
50045
76803
93828
90144
86148
47645
61463
82299
21702
45474
22547
83915
81211
82954
38759
97979
22853
94719
50152
50888
81665
19953
35431
68217
12108
68578
19917
16131
10492
143
85959
28161
13331
82207
46167
79814
82681
57750
83
66556
70314
23882
5251
29303
61903
69119
21883
3440
70431
11418
90427
95613
54895
31964
11227
18872
48822
75877
2587
68378
19981
69328
13879
4463
66591
48977
54228
32460
97899
55124
54207
30881
764
1490
91173
97536
94674
61348
69509
22968
61366
29732
38041
80252
20355
88821
10289
15379
11893
21126
1134
19481
63846
13273
43507
7003
58886
38666
27165
16939
68218
13719
25745
1143
73093
67284
3521
93371
59109
24016
58485
17020
96498
33673
59633
26105
75262
42531
21001
32243
13911
56340
94793
57575
56508
13421
22489
99796
55008
77021
10658
59298
86152
71027
52887
87753
84168
94893
54041
24885
32180
60978
43336
84066
23176
8637
17756
34831
26052
18294
93048
33231
77985
92764
16171
80990
31141
95210
36578
80332
64174
67940
39397
74257
61299
72695
5802
71417
82388
53115
22028
26862
72722
87664
64157
73228
40984
7826
39523
59084
66137
6209
64651
68219
32513
5447
74361
54136
22957
92890
50546
31561
74352
61717
70562
40662
10082
56546
83402
84338
53125
463
82870
75297
88707
2435
72889
66864
31221
79747
34516
97724
10065
9571
77449
69645
12202
51258
93035
20020
42758
94927
97412
5848
30174
35526
65929
31279
75679
15059
34122
81543
9523
39650
26859
57884
2732
36824
3007
87690
73377
39788
17191
49246
64329
90610
69778
5705
37800
88235
98925
7474
35777
85372
12931
5807
18966
95182
16771
81589
85023
52572
9395
83085
80962
26478
75784
61362
27665
8779
92035
38053
34588
62381
28541
56242
271
77053
51831
41589
24464
61836
70412
23433
99404
80853
66231
42115
12008
84862
6492
72964
4136
64966
52850
91224
88314
48739
30783
52299
39899
33612
68229
10007
52363
28159
77749
28265
45950
76655
88744
27629
11964
89069
82474
94003
68702
44810
45368
13348
20834
91450
11286
97874
11853
37023
58739
74273
80187
98441
61752
24375
82109
25477
24802
57733
46178
58979
42475
95710
33777
18862
20824
70879
8925
45416
21834
66761
85172
82424
90984
67648
83088
70699
49745
68405
27400
13755
77422
70710
24947
32414
93344
28505
43596
75322
17036
75521
79704
62816
80262
28744
29077
63349
99581
37854
30493
88213
25618
85819
60439
57183
76713
99196
87974
188
29026
96419
70033
89541
55713
49703
5129
37728
77532
44174
36282
19790
67234
91019
52134
36637
7032
33502
28637
9130
61251
66989
6281
87459
18060
4358
73874
31390
71983
36037
72828
80442
66500
62700
94282
74607
37554
99386
50573
7997
81340
45276
53105
93504
62659
28559
58512
22537
91307
57809
82630
43171
26443
47968
97907
15576
89314
17503
49103
35723
94066
88784
98019
31686
602
84108
73661
96225
28441
9717
52282
35955
588
80712
40682
2921
65991
60453
89338
89347
40344
67138
86646
89125
12579
36576
78840
9698
31538
41915
77242
27508
82881
38634
45346
50552
39899
16165
83555
48303
10218
98971
9203
37792
28904
62603
80436
33900
46741
57458
27734
84789
28408
22767
7285
86101
15919
98388
15923
31162
36580
24876
61119
63150
44633
62331
8892
52531
47979
62531
86756
72347
58183
17667
25112
28683
83476
48638
91995
76345
66961
86679
94382
64210
55633
34434
28528
2493
61817
4403
54514
10056
9404
87970
61170
1107
23701
60613
27693
9717
94880
35502
53649
47721
57720
47850
40674
78125
92861
23530
10874
68910
23068
57254
44771
47613
93276
98175
95589
29564
78928
96428
59674
74958
95611
38050
51791
12176
76801
91372
23864
11295
27522
10107
60659
82606
44970
26452
81943
5754
14842
57271
14163
18534
28756
91584
48197
14908
2506
63640
41908
1070
72409
51177
7332
32988
46251
99021
72758
83975
70374
66867
90216
50764
90203
9836
22422
69208
98803
26068
76587
72017
78995
14230
70328
42422
71922
91317
99535
10110
16741
33640
71840
30712
34779
67272
70134
37015
74481
1200
25946
4149
48716
91014
97378
4578
99113
31532
92702
42153
79648
79179
53317
91869
46565
439
84322
70903
41662
8175
43932
73701
33565
36982
86431
78320
42791
73367
47327
40770
72664
78443
52384
67810
88246
10749
9491
59982
66652
81966
1982
64581
34968
62865
11172
52879
35399
97182
84688
94366
54549
84660
51502
54423
92589
57112
82398
29144
83347
7159
87456
11577
1023
50724
68159
25638
73213
96795
21488
9193
20643
46216
33110
45700
52669
74463
25202
72272
88172
69277
41771
39231
43265
57566
6986
82139
12854
37265
20471
88978
45603
84108
98273
84295
41594
35784
81581
16833
87338
31645
84746
7162
11296
28953
43744
48434
44384
48411
87398
81766
65365
84502
96671
87328
41046
64202
98020
68253
68146
53512
70824
38939
33599
59611
19637
3603
62810
79885
40250
74048
65256
2079
51904
51416
19741
90079
14615
43036
54313
74539
16982
23430
15025
46857
38726
84656
49116
58093
95905
65636
37712
67792
50902
4132
17150
46043
38109
1032
82474
18735
75192
91301
482
91782
9116
51865
69463
43978
88587
16459
76923
78795
87519
10654
79381
38293
24380
24367
64786
85262
72031
64992
83445
71453
20149
27905
7032
12934
62058
26934
89893
64425
44258
31015
10918
32894
88997
52162
91201
86868
14584
93839
95296
69398
9664
7569
87532
63969
59473
58311
60309
66727
24621
82518
37576
21472
55849
95739
1760
82206
27818
52251
45241
39110
55359
8643
91015
73133
30822
96312
56376
32743
60912
55361
54063
99062
62914
24947
48107
49966
27083
79921
47649
14662
53800
56630
18187
55714
93155
50142
17341
31606
90316
42252
92101
16108
45096
3470
91956
56810
91276
38438
85940
49993
95694
1565
25252
87785
95421
26458
25937
87472
72087
63247
9645
85399
91646
44394
35297
48964
85454
88241
15604
89389
52692
47645
4377
59091
60184
61922
67621
88324
13021
54913
89089
18977
31270
25392
64335
40752
64628
42674
22353
45575
99460
87845
98159
55587
17087
67351
48835
74708
87170
52749
30318
32839
24996
71941
22792
6955
62942
20330
60823
43328
52406
45774
23863
82199
19163
59159
18367
16939
45402
52795
91009
81634
93933
76318
86117
94372
17751
24684
66485
80911
38670
17161
68279
60545
63645
66443
86486
92462
44210
74950
7953
1663
8975
19110
43466
17063
90677
50473
7924
61352
78689
23029
49328
23495
252
51531
95975
64453
61397
14531
5034
16833
95509
7276
85092
15464
12604
94791
79470
26307
40157
83951
76053
8303
52936
92361
90075
2668
82450
54307
99587
91973
98072
76779
16824
75860
66288
43701
10245
64948
45922
18265
54341
25742
72728
64220
51018
4363
92546
58465
26951
58928
3220
97600
54245
69511
43250
17366
67706
55868
44281
58608
58372
66245
8236
28985
70637
56390
96684
8600
17273
79043
77050
79429
8901
95033
4882
72916
91648
66771
2559
94773
52538
98027
98247
77592
68415
50132
34885
2363
20280
17237
89866
28439
41097
12168
29112
38309
5066
11341
4402
65509
27368
2841
11229
76727
77016
71957
77486
55624
10605
96115
87966
8748
20105
82140
47386
51838
86151
41794
67402
54711
46312
39006
65530
13436
99178
9259
63203
28921
80716
85449
42998
23364
54597
52084
66291
280
45206
5112
50580
95014
44960
90387
96015
59271
7103
61724
10535
19066
56346
15333
21740
22484
70177
9443
47231
92832
87320
3803
41457
46862
62856
62715
80811
43314
1187
93171
15697
95768
58217
24373
32644
77263
5194
63601
47
16992
59085
92825
88811
38688
59336
32915
36260
94350
15647
85859
73196
11771
53761
33119
18806
93464
38219
15567
53582
24059
14897
81630
18643
67883
47884
73869
93919
41359
89573
15811
32840
51950
80915
73010
639
31640
4360
24883
19320
13463
14801
25226
70350
93259
29881
7047
27760
99679
22118
18870
99536
36979
56360
93852
64125
89943
61222
96741
69529
66334
15795
47514
16156
77490
12097
13035
58267
73155
2693
53333
74477
35249
42845
45471
79151
53840
66463
73691
9931
17771
82053
40782
65675
30264
91245
35325
57229
13498
3815
86382
36450
29859
34310
33682
12847
91217
81492
83706
93378
50403
63382
90530
73453
32010
30007
16551
57219
84696
11113
65555
85442
50624
85682
77731
94362
98772
72374
57279
44147
20397
46744
15324
2433
34190
5265
30668
84437
2160
55365
68784
22623
66337
10663
98325
20890
55578
68404
18135
71482
74752
39276
37084
83528
14760
60786
10410
72936
44574
33152
52091
36622
99591
29053
78979
33677
32519
73151
45537
92451
22442
20352
97211
1218
61646
95010
84238
26829
14634
10525
81253
49413
40828
72110
72193
7004
13075
55707
45434
74955
66062
33847
30481
62465
61349
1650
56323
23480
18247
30433
4797
87394
27175
14278
25931
92655
31280
27211
6366
70209
73532
12480
98013
85828
10246
9424
86097
16766
66268
73708
63578
32429
39496
96032
60677
8425
4597
90472
54089
38790
47940
75924
26350
34223
98289
324
6814
6739
74651
28814
55954
7443
75839
52663
44245
31615
51886
32572
31990
38702
19730
18619
69390
28639
7319
93485
11234
72660
83287
33158
79604
90233
46587
3357
62938
63803
71884
53952
7717
24184
93886
40491
65914
95616
80052
52687
75552
10625
37286
71864
35340
34503
46371
36877
1648
23297
58857
99018
38154
3506
58743
81720
69452
9583
2934
12341
81239
96627
21281
83815
36572
81487
17395
9059
7287
31809
75741
61494
8645
1976
86183
95530
94837
99022
61351
47153
49099
83191
53350
25302
26516
31399
88214
72401
64137
12119
71685
6210
13262
48875
70350
18096
8393
15657
75566
63762
93486
33530
68485
97018
23472
95512
3414
19319
90987
2611
67804
32457
3386
62427
84142
63923
93286
96313
37229
92386
28518
96567
11495
73158
9261
63411
47769
59793
44872
28096
5065
71607
77783
71094
26842
80220
78830
12169
61204
93281
81985
46890
30618
61434
65470
50951
25725
9046
90122
36067
21135
69858
91949
60147
45939
69224
49757
48185
70912
28992
2278
74187
20713
23715
54714
9086
87982
20368
15077
30481
24945
95461
94544
38770
12268
3919
19737
32868
73839
92113
86197
41721
49145
51018
96143
44153
9399
49899
5264
64580
85620
30508
23466
52980
11858
22671
12714
24530
82739
64307
51791
56430
57685
57889
34901
16764
25522
75751
4669
38341
89374
37899
14771
17118
90856
25085
86519
97793
2844
87568
58541
70326
86249
99941
44974
24850
10065
96232
69992
42625
28422
69507
82553
46039
44204
54346
89681
4039
76535
78526
92651
50131
92201
36048
55527
93766
95790
44860
39229
79828
50893
22702
63048
28139
11574
66649
61298
22911
12610
21494
26437
94741
25164
65109
3167
81792
59750
40234
33415
56865
54781
91697
23434
49514
94639
74415
46434
15646
97733
46130
35968
87595
48001
69997
10792
31524
59326
86344
27435
33762
33309
73250
45090
55357
28549
72230
86164
47462
52035
21355
16255
48276
3602
88832
91766
44385
62094
32091
27416
69953
3550
63229
15020
48635
84781
48967
72141
98315
31831
57138
59629
63852
72649
36909
33048
29991
84966
11644
48879
75898
74241
44097
83596
73468
79455
97582
44958
86271
60893
35425
94980
68333
7167
92852
16152
2114
25099
54670
22384
13033
4114
24831
53867
43352
3438
98655
60206
5094
46829
93076
98003
66351
29870
45711
99584
61306
53989
84766
40367
75422
26173
9339
12797
6530
92678
33993
18163
91520
14303
40393
42854
89611
58875
81901
23659
68169
40425
90943
90517
40089
75773
80045
27434
91357
96709
80667
99542
60121
14684
18615
87123
95943
92713
56808
60937
70969
67734
11316
49595
48470
22873
40227
58167
25355
49054
68295
25538
88954
31435
17100
60827
92478
91222
35843
39407
68700
60732
62323
14904
6732
19836
20306
66358
10877
66337
26920
39234
23831
88885
16031
30698
25972
91771
93675
89959
31512
64424
41462
13842
71843
57433
84434
76343
88046
31391
99468
21901
28719
1815
63190
16978
4354
20981
13029
68682
9352
98144
95978
474
58203
16040
67252
96566
76633
66465
33199
21071
37466
86131
81287
60425
25577
12032
99442
72563
19830
82804
15609
83556
18417
15152
40691
20661
92359
95052
62289
67323
73154
10302
63098
28576
18349
93791
85490
57702
32154
41294
70016
55014
14262
72498
10932
78895
50402
87779
94574
50536
86316
58084
79549
80213
66492
2485
89250
90172
22571
79288
39284
30130
92328
20692
67513
29931
81035
93683
96547
42534
6996
53747
30417
47902
94851
7192
23902
50763
37800
44249
58841
77965
37821
72959
69485
25503
94266
22881
48028
5356
41739
22440
86661
5126
68094
30782
68146
48476
21205
44870
47969
41000
32494
39217
89964
38824
77270
3749
17236
69263
36244
7635
79631
99656
55128
34628
87482
23278
32324
76594
16611
92316
63041
58032
70029
27321
89086
17929
84633
2005
28417
37450
21940
57829
12048
91263
42252
55301
67963
44615
19678
25518
87030
3544
12460
55130
49472
69977
140
982
99768
96480
30246
50203
43283
13363
55329
69849
82840
17724
48373
57091
84975
30604
16027
38845
37765
87624
90340
86878
73837
98372
57676
29031
36137
9516
86168
97409
55663
9743
28037
67039
21468
92895
61552
73083
58425
8563
96651
67216
98651
58729
98882
32351
16065
82455
3626
65762
91604
69673
86739
30151
77208
53971
65824
17145
73011
57092
80156
73589
85304
94085
53269
61923
85635
79906
20455
96880
856
90732
52190
86507
63302
96955
528
76305
59772
36726
73964
44927
24253
13572
90087
4654
9471
2064
75328
51232
61244
20755
76569
93717
12614
34574
22582
70268
54853
31377
53823
38677
23559
83982
29151
68834
60323
8460
58597
51852
34454
60145
18813
44889
5127
23064
23749
58901
17712
27351
260
69466
36629
7357
41790
16003
1154
71036
2225
69832
93152
62013
20846
24423
89559
42790
95128
79625
96291
27172
93978
41603
43330
47677
38928
33662
87258
50499
39704
52283
51354
87148
35259
44560
63975
6368
3701
87093
84264
1335
48178
93396
94973
19248
5090
47561
65076
62735
21319
67117
39416
61767
90319
64524
63327
26944
94679
55191
90195
82981
58105
73531
22095
70426
74355
91391
36804
5101
53599
3042
40133
16286
41314
40379
74462
11056
7373
31962
87972
43212
96272
80027
57159
22484
8264
95794
45225
46965
1855
25081
84165
75661
74350
45818
18276
39615
12552
67888
96077
27522
76291
33952
34602
20587
63608
5461
68178
3420
16777
13430
35846
60567
8627
69534
42107
93387
74466
78924
1904
96580
81448
43165
30253
73388
39430
11340
78174
55470
58011
12606
49996
46598
15894
513
67542
164
28696
51556
83288
67849
84554
84368
23146
11257
43584
45666
27754
26558
60961
50465
59795
97841
22767
58027
94085
76014
67110
76150
10523
49372
80648
44353
1775
1336
685
32153
82992
77674
89397
32687
6246
86888
27107
20371
31311
18034
39771
27985
42636
76364
33022
19236
76186
46235
57474
23273
21837
88147
81365
84135
39023
6690
45227
62357
39109
65861
70953
77203
53611
54239
32020
27297
30023
27439
55942
36203
73073
43868
68893
3256
98616
26260
67190
75599
95402
91206
39992
2342
66084
46013
75185
30440
1956
87821
80323
19062
53566
39530
90875
20967
44115
94706
52423
8159
78124
13909
39287
84927
42088
72816
61984
29632
33065
79324
46686
14491
37093
57519
51994
91725
9543
70080
93833
7123
37515
15073
67518
62994
69984
38488
90596
3187
85411
76375
83359
95953
4710
94182
98641
99296
92151
95767
22579
86430
82212
84947
20092
69170
75872
41875
14314
99534
35279
15634
5893
33303
666
89400
37401
69173
50145
17282
3908
18464
14386
291
54535
25547
64515
86203
13453
64192
53057
81003
19102
90433
96082
56901
64937
91664
95178
23391
9661
87471
27514
49337
31525
70959
55903
18298
51650
74905
81332
10417
89836
90999
74621
46795
63318
69382
3611
15661
70783
25336
34261
61229
53229
51727
57845
34745
6835
60504
58896
65626
9376
11969
16142
4031
60937
21660
54346
25023
20868
95270
24057
45322
33678
78873
35664
91964
45640
5449
25899
48867
20652
74858
18217
23989
48263
66847
65215
31980
44101
23058
4251
70574
97162
79829
4553
29912
60455
86253
36603
68843
12454
52077
69892
43925
33184
28766
4960
69591
95279
46723
61196
50548
50637
33499
84281
76404
28968
79002
86773
14747
93745
63551
74090
20600
80690
64909
83781
49671
25935
94144
59721
37947
41382
28750
58404
78149
27425
19804
61770
81922
15911
75843
50621
63974
16769
55627
21464
79894
64869
58861
61982
46681
1781
36089
50239
56431
56550
81214
76474
81280
73793
38320
43831
8256
61497
89684
42799
48539
1257
77816
28828
85238
43706
51183
7298
3119
25446
27304
7530
67284
80727
61053
20965
76610
4166
84397
77335
26289
64610
19747
95478
65985
61656
94989
53807
41236
98414
99588
6516
83256
29349
97942
66337
70223
28149
9461
47577
44971
16833
86991
91274
26605
21164
71656
28538
69303
83219
34403
95616
96681
76474
24811
87066
44001
18261
42833
34168
2750
35656
2489
20002
29783
51781
64697
19138
14362
49809
50625
61377
31854
45557
15975
1425
37514
97874
12473
18071
90979
42798
7835
45228
39121
86024
88443
27563
46061
51724
99310
63345
92251
65326
84751
20620
90000
80851
77684
65848
82384
41177
37758
85153
59082
23975
27654
33288
30808
2465
93947
23902
85343
15080
93515
38002
7673
90291
30974
18009
6818
76583
43440
59173
54890
97950
54975
8458
7717
78461
2756
51338
81158
94501
51392
64040
9038
8644
84880
32556
50912
34286
99277
8803
84850
77460
47998
42513
51506
19034
70894
34093
10808
92861
50613
57986
22490
82896
9699
82241
60755
55220
16723
60635
36672
61671
83041
66173
23338
97262
14191
77965
40180
61906
46628
16501
2856
21605
76418
10805
2379
2762
15671
67393
8220
13414
77572
52917
61682
69514
18755
59354
17210
31340
66679
71259
23096
78601
88733
82073
11403
15104
31528
34548
83036
53245
75779
26679
49040
15869
86914
56566
68844
48495
21979
4316
1812
41549
54046
37722
48942
29212
49386
22152
71214
16229
23217
86993
18332
54887
32016
9545
14091
47736
34006
88909
78295
61858
29448
7507
29304
80768
48633
91965
46118
19683
74637
53563
34978
13748
88329
60720
14548
26755
40707
11420
64759
52642
90818
6275
67691
25325
19303
44843
82656
30301
10932
25957
29768
70423
90849
12388
23070
31079
36225
26177
11936
99540
97004
46612
16404
11470
30592
81476
39807
94947
4228
70982
81477
16344
90000
21476
87258
84777
93362
52449
17740
49083
8753
87331
33702
82819
5506
27919
30444
6440
15540
14399
73936
12056
98981
62531
10398
71549
21961
59932
1935
20805
12740
16566
43452
70230
34365
7047
37
90322
10136
6142
77461
21879
43166
67124
77282
29817
75555
75484
48695
6357
86553
41477
7814
3941
29526
73519
94660
24062
60491
66490
85026
82003
62164
38629
18114
56273
6976
65133
63718
99587
47944
38645
69733
33088
70661
61994
19817
67362
8732
33304
90684
48799
93395
26159
66031
42084
72572
25710
7026
77303
9477
67275
21069
15446
67225
75180
82829
95602
58700
20483
20235
72404
59755
30987
51931
80279
21526
12208
17842
23907
75599
21925
97549
73338
74763
95586
99149
23712
97667
84505
37447
6713
64080
8232
1926
92035
9006
50704
56125
32156
77231
23697
75883
78470
46830
36892
72795
17241
29553
23301
237
28421
20900
36904
75074
67419
20368
51778
86118
24886
69431
44313
46990
96274
25863
66782
13752
77740
11107
8488
60729
53554
64242
46423
20206
47066
39270
50050
58835
91749
44932
40669
93320
55658
36855
23425
45481
37518
69237
49992
40101
97324
60633
63801
47417
78888
93253
41325
13812
3601
18710
83680
58509
57519
52854
78768
81711
18673
71562
3251
61612
77260
5054
57833
9517
23588
87189
7094
19256
11456
41005
3219
78349
27159
5965
37769
71050
829
1877
8496
23394
56069
55274
92272
50030
8492
60491
75364
90292
22927
64951
81219
92113
58051
56891
4299
65798
9993
62791
9863
23441
9334
94399
14923
36952
75911
16655
61895
86933
97968
53121
56588
39158
70279
60780
68092
56152
37729
50402
79726
36500
24649
23019
51744
13058
70515
96971
12178
6780
22769
94990
19261
80691
95522
90840
31244
85673
77262
71392
38135
61379
82664
26627
24148
96256
53882
13520
49020
84149
52385
70703
28756
71032
9622
4132
93112
89364
50362
54834
84602
58155
72470
41908
37318
92861
89830
51581
57021
11057
92651
41226
48407
85311
61630
16051
45172
98176
71307
37398
67307
74183
24899
27891
36797
77043
74539
59139
50206
33545
79789
10722
33736
45828
35223
49997
37024
40997
52772
29795
78378
21052
66289
44877
33425
17564
10851
17132
64295
585
99478
73212
89280
63837
70597
65559
53194
87205
75342
38161
94312
50691
44070
70137
56681
19948
21574
37212
9206
71929
84825
81004
80663
5773
66115
70868
60025
93025
42999
99452
49347
61665
40078
52694
30823
76963
91518
13659
97302
46472
91852
76377
79046
5487
96158
15179
52599
50473
92130
37497
21697
27695
32933
26143
92430
17239
351
74718
81986
49966
64940
83237
87171
84101
68853
47494
81437
69159
20022
39912
68850
65706
94966
78144
11941
88448
8773
35096
73576
6842
31858
7861
15802
52444
38875
44287
39321
24650
51296
63120
31660
11048
85108
53826
12305
83237
90313
34989
20290
98092
40310
13314
60754
8012
6759
90457
13959
31269
65247
28742
22899
33327
23203
27815
31006
70321
4460
43706
35375
55283
72382
29908
85192
57284
57544
99901
34475
82343
73471
36340
49296
46071
7075
70262
42623
16594
84362
69468
47092
41258
68571
51594
37295
24663
67390
21633
55921
39361
39245
57674
92167
64070
64605
61769
56578
6674
27293
94391
45413
53522
38596
15621
93424
53199
55972
47891
60006
8292
18351
55251
92305
32224
70553
53264
4380
38385
44894
73044
42071
75804
59617
55295
6279
62541
31376
86467
41393
28116
94941
72411
97753
74658
46909
55451
47050
89115
2488
95974
88414
20411
43444
53872
72710
64624
88353
30890
34498
73771
74930
29576
64041
57741
75498
62323
89877
26584
21637
2042
81888
65907
10330
27549
59332
62409
33668
50237
70196
79492
83604
37076
46318
7015
69150
86731
40356
58757
74394
8494
54286
18065
86190
11986
71588
78251
64422
21050
66503
11289
99234
81540
53748
21888
80092
48844
12445
3376
52810
8545
77759
42130
53188
9182
35910
88731
13034
69097
81603
34428
43515
2187
26358
85958
568
35780
20207
36294
28522
31858
72362
70600
14270
44931
3928
69746
16747
21179
64039
62007
67463
98013
89252
65221
21035
3745
41077
5981
10572
84732
84349
10270
86053
8937
84942
33240
3769
49058
30560
24779
54578
68945
77229
9097
90870
82501
46396
198
99045
59992
33527
35673
23290
7625
11988
60053
68974
69666
22785
64651
2234
92785
32388
89630
70271
63532
50303
91094
43623
21248
4694
22665
9114
38038
65133
2019
64420
86251
54423
78317
99777
61135
74978
10252
15455
42683
78973
7014
31296
5880
28601
48610
48503
28682
22500
8117
66779
72155
96703
82417
70197
98139
75966
14132
31568
84249
60567
74690
28274
23487
48958
97337
88586
59573
24149
50194
70520
60648
2667
4180
12994
87668
42560
96318
87052
73209
25149
53488
23801
83186
7166
32934
54794
28729
98038
68268
35
53138
18229
3678
23153
64737
47172
10317
12844
911
44507
36483
76418
58681
84991
31672
36660
14267
53853
47396
52859
64435
5928
656
24483
69870
66392
77607
26435
54904
2951
24853
82175
63720
36065
81371
17740
30442
24814
89797
69948
27689
16270
67737
39931
82902
32180
41632
88289
22241
59507
53209
94569
83937
10784
14845
64077
51921
18154
24817
33773
3363
69913
19722
51274
29251
73375
70528
55015
99488
37015
42237
20870
16181
81234
59965
19296
13896
34079
93965
26551
43444
58397
22838
38638
26871
84493
24926
37907
74570
14199
14686
2678
7267
34579
47146
47335
26469
87326
15613
95823
7843
68627
55712
85190
96727
76565
75553
18168
30485
39679
23501
64243
28763
39600
65780
16381
4042
60403
61606
17336
44018
75375
98844
91196
49885
46497
91966
23093
17271
79873
16981
99632
36014
33804
97170
45370
3624
48815
8357
81242
40189
77230
803
579
5492
23039
42097
30569
54377
55792
42939
63360
38211
37302
92535
78146
97264
31711
21401
71411
89511
91588
43725
48628
33416
42923
55493
90644
77462
62228
98388
76497
19045
39564
91134
32934
54507
70576
13648
13075
99832
79468
18584
35199
31909
57615
8078
55880
80480
29492
42503
63379
537
17437
81565
5816
27268
56942
77324
43021
22424
24403
6570
47007
88600
58817
53022
62502
25106
95125
22777
95117
59697
41005
26549
89700
2513
77487
59339
45177
63071
76559
193
13495
76196
15413
88658
70731
24225
9470
27920
34702
5686
11128
84262
21185
4991
63283
64483
91732
51284
68101
27553
94451
37770
93817
73819
72163
64774
17119
41911
87227
26066
95759
64253
99269
69964
99268
89633
18527
22414
48222
75436
54562
28237
45563
67692
59874
94764
24766
4470
12732
9272
49974
161
90549
55011
78015
20163
18162
4497
98277
42859
62628
18267
53468
26832
3314
26735
20319
73484
17552
28518
11277
94358
8913
15269
61151
44745
78056
86646
47435
30365
21943
88743
28680
30691
14490
63285
88927
18067
45347
48004
95732
85078
52126
33843
34083
67390
98835
13579
59385
66003
20401
5607
3304
57835
82421
11374
42532
97167
22100
57483
11101
15671
47746
80674
25533
73433
58271
48458
61106
72775
10623
507
65322
13620
18167
46089
76996
13687
883
22171
12785
27530
80607
44773
81511
2559
93718
62539
36415
75609
23722
52701
28732
48083
11449
47142
99082
64201
39207
66218
44344
51768
27701
52992
54155
84003
58379
95163
69582
71808
55119
15192
81307
5243
90662
43284
20888
15325
99150
88749
64886
39752
68329
98065
91243
62930
54659
84362
14353
43142
17209
3222
78489
32600
20203
97467
14860
63379
8415
24145
23173
56504
37424
90674
42213
93645
83374
27536
77134
25013
43568
2454
19119
74520
99541
13012
58003
84467
52910
99844
57294
16462
73035
2122
44744
96492
36874
1402
38160
97389
174
51510
63630
45070
15583
45050
82474
14885
47747
3064
83659
74463
5932
81150
45208
61872
54009
21726
30292
16736
10488
83577
1538
81140
98217
40175
87440
65280
13886
21988
66184
23098
23523
46334
52476
60104
25131
255
95289
68261
38470
3360
80898
57019
62661
93800
90527
19389
8642
67535
9250
87764
96425
2067
52710
81646
59099
7880
69874
88792
3960
77329
87323
75588
88489
84376
4927
65663
16013
25039
94296
37189
58470
63123
32700
46275
24181
75464
3871
15919
88541
47233
97697
52196
97552
17851
76421
80535
26649
73412
1097
1411
78236
9172
47256
3978
48140
12556
60696
76502
66246
74311
15444
23062
93500
32488
99957
3255
4491
30048
3469
46723
52668
93297
3034
71316
36274
66103
35139
90781
36502
80417
98278
94350
32028
2407
70453
61876
35240
93176
40982
1701
56783
24458
697
83931
50083
60885
32271
47558
25850
1530
79593
69871
2589
79300
88654
40889
83116
34520
18117
55425
13085
97617
44089
31135
9198
32720
7968
24929
5811
74871
65537
85757
40575
63798
62728
91577
65836
28086
71558
99173
98098
3644
14386
70843
71253
89779
97698
68425
32791
71431
27493
15375
93540
84364
69351
51596
99759
65075
6466
25885
16737
42717
53678
71633
32439
89367
60191
35945
74307
78813
36894
80769
23452
90099
63368
45937
41228
27459
34472
16833
64862
86962
20771
99336
23145
44316
73363
81111
5770
6252
22902
19589
11481
72666
16564
80843
7984
42311
62996
97412
49995
71147
93900
12690
54025
11532
83930
89764
81265
4462
16054
90888
59731
26166
60685
69591
79758
33410
75379
65844
83089
44375
92498
72859
23270
14504
65056
72288
8733
83042
6577
46767
11424
58820
74966
38903
18253
88309
22058
93811
7542
46457
52164
95885
59012
6648
37073
23970
65220
52492
69876
71982
91187
29586
75124
17306
75781
97008
7508
99633
97198
88582
18333
65561
6629
99453
26542
4001
69044
72212
7489
5118
32830
36031
20683
16900
79408
27572
80290
23358
69759
67729
41593
27163
35416
10388
91803
9128
91811
73126
78905
84242
73116
17923
57372
28470
34373
12718
43781
57862
89101
4788
92675
85345
1117
52103
97258
83749
14065
77459
3060
69420
45599
68180
2788
17836
51593
890
29756
23222
36462
92107
34364
62597
1465
47854
22686
95451
82932
13495
74704
36485
63903
54683
76325
71402
31007
31186
21473
65976
97382
16848
14246
11895
65295
47198
63956
38105
78308
80269
5288
26794
55999
6781
33526
92012
18710
50931
28002
98141
19848
38424
14284
25216
89833
64703
64916
40196
77746
57619
30866
94864
79538
49891
90179
58533
73464
9640
9059
45796
79136
68643
89058
12869
78103
91359
16009
76876
87844
15787
47058
44581
29176
43941
30978
31226
78764
95751
35187
40772
38750
86619
36668
39064
77392
54897
21514
70574
2584
35531
61814
11107
63438
7640
31676
37878
32690
78273
6156
30441
58314
95609
67049
46257
31797
70995
22667
75247
65499
96319
86581
65677
21898
96581
16927
85648
76143
15791
99095
71263
79909
12142
30146
93021
92103
42907
80422
39473
29634
99891
61981
90271
35515
53039
37370
98253
28873
54111
89524
93780
35685
69409
88902
6670
46866
61312
79732
25358
45437
76071
76015
1665
47521
10812
98506
12462
60999
97216
12538
85579
25965
69335
10402
55937
40819
71381
33744
21704
39764
66625
29306
69261
68103
55719
91083
46940
75392
59440
73945
49111
27828
4866
25609
27288
85190
26954
63054
11070
37936
58268
84954
8269
92347
41787
40618
77844
87531
55482
19674
8434
26148
68727
81858
9417
52474
89364
81011
62358
34126
51764
9331
36257
39944
66166
42785
83460
30672
57213
64592
75429
18314
65865
76191
6363
66733
98722
76331
14902
9425
96654
9636
37938
65371
8142
81892
29855
41384
36935
41304
33983
9186
67763
69554
49691
24848
25797
27378
79053
41177
83776
64870
87141
40294
59349
22252
8638
40677
62128
88034
60414
83907
6747
57694
93764
97650
52214
902
98575
69749
70416
10888
96251
52182
13084
99190
54653
66901
73357
10678
34597
69388
26991
9791
49714
88833
49211
37867
11504
30417
62716
30536
2532
99628
45388
16845
84724
22480
26458
79712
30535
43338
20144
94369
706
59075
23290
50571
24242
28943
35367
13563
15376
17485
27216
75622
84534
40861
75406
76727
48012
25348
75848
23065
43122
13920
97230
9091
52841
28476
69476
72484
67961
3935
45763
73284
42746
73602
42330
8193
79564
19206
1836
91056
28556
95939
18906
57619
65824
93850
57528
19188
96696
29444
30620
72115
37171
11661
60693
27019
42649
34487
35932
47761
8548
61415
23773
23208
5463
95569
15938
90058
10708
48639
47369
50062
14340
75143
37930
44467
49689
62927
99460
68498
21973
93534
63910
87244
43633
74260
93481
98838
66585
52287
2948
83111
51976
66423
96857
74391
88027
26736
3601
7420
94901
64574
83735
25347
71510
62256
18376
19785
95323
30935
65295
33826
96908
7540
23348
70228
1752
37503
67675
16989
38084
19808
493
5821
14946
92076
46248
56714
63037
48262
90607
29615
81529
43823
57701
41383
12188
44302
23330
90081
86219
9152
77821
47729
74754
44936
35930
83395
98457
43147
36489
60021
246
72681
9027
56175
99243
4432
50178
17509
71508
62068
66523
68495
50939
49100
44512
52113
95895
58333
10304
58788
26501
92536
40808
88270
32034
9589
22592
21483
6327
5908
62573
26729
76369
32366
62634
92933
98923
94504
66337
97708
94773
85163
8967
44506
4698
98592
51960
64316
94070
55324
60696
70797
45325
58601
12260
69210
38791
33964
4909
77888
98569
22571
52625
48575
50550
36526
37360
26965
27428
5939
58115
95817
20555
49835
78534
49416
93604
29369
95725
2596
59514
85318
75465
33856
52596
4401
48922
22205
14448
6997
17432
14220
60259
90649
66609
39522
60750
80028
7112
99355
4886
86434
67284
72486
80591
85217
90036
68071
64598
54008
57901
30726
98348
79447
91040
65605
16199
62068
63476
84956
71494
95038
12888
38288
78119
49929
55373
49958
13426
54780
75878
53864
15131
70924
62095
46159
79761
87966
98104
39509
76626
38471
27201
48168
87859
85679
27763
32438
84868
88100
8259
25381
53254
97043
53749
28816
66496
12738
83955
2123
67304
63554
37696
88652
31150
35839
81078
81946
83716
78522
66792
85592
94209
44359
71152
10337
47975
86830
17700
9697
64061
51418
2264
87203
392
84703
74568
82944
24243
52871
73948
73648
29227
6927
99910
6706
41784
49411
36825
7609
16628
92760
31889
77070
90273
23354
67808
81631
9002
99420
76250
15422
33420
78406
92650
52702
58693
54821
82523
33630
63661
50625
43942
43489
31506
70477
28843
9982
20714
17393
99701
47107
94750
34725
67413
33578
89439
83175
51716
81921
78362
47839
21648
97086
24583
9611
30751
55233
93746
93059
23938
96639
97764
86599
88460
68291
97330
12905
37531
83809
87603
85738
87096
87106
9625
46567
75582
84969
31199
8220
53011
27487
73532
72990
83809
2462
80870
68418
81270
80428
9067
62720
54263
9330
12344
42177
80454
67989
56151
22593
45309
66413
26442
7102
66236
86266
52531
79093
45509
74481
86172
56854
24769
28515
90752
46541
2132
39498
74245
9862
43634
33213
51993
82455
99740
29296
56366
12418
69332
88888
81579
2182
19292
42172
71624
24047
42647
63625
20989
92738
89276
9821
95823
22190
72005
54389
26684
24205
88945
90455
96722
76604
57494
11128
76454
82526
72585
4387
72018
43507
7195
39516
83548
19755
32371
46722
72010
94314
55009
46073
82866
62690
54319
86122
22334
37046
89549
74200
5520
84837
55560
94137
27174
55038
41289
76235
2413
79180
25486
3259
92271
91269
1282
23281
69126
13704
74663
3277
51858
18150
24937
29228
68775
86877
25331
93126
70430
89017
29335
71157
55215
78025
53914
90174
12463
62954
96362
36126
80055
40078
12
55044
48281
46499
70985
26508
17337
35267
61846
45739
92291
25407
80838
60193
31571
97836
70906
59322
96771
20434
632
78567
6021
25322
63458
99877
35309
7979
14900
34522
37764
28955
56487
20170
87694
28980
41965
56121
35703
12725
34342
49327
48826
23624
34778
72545
83173
89578
52943
71390
35694
83642
99889
49270
75542
10900
26168
65949
82568
7563
32951
60248
45402
84517
31311
67899
35436
56494
64475
66144
73139
52326
90669
58116
37020
97097
38986
94595
52428
56345
36806
31352
48134
95336
84001
82829
98708
42240
4467
1486
79542
63781
85584
96632
19094
73560
30873
99489
46781
68488
40236
53984
47040
44271
26241
56801
14168
60821
25009
29770
68495
21013
97653
16473
37639
74409
86392
35203
38227
25291
45328
22806
45767
20252
16210
45136
97206
69762
7544
44231
35276
1970
18332
88407
10845
96392
55366
60196
82563
45353
75254
10684
22269
78893
59861
83264
34571
57625
37790
28638
34569
84044
70607
82707
44483
92576
28715
93790
16010
48183
84252
69993
3674
70407
7993
70260
71075
70945
47384
12562
88598
43759
32803
78261
31793
65290
96499
51900
94425
77022
2853
24246
46068
13641
70293
99104
76432
77293
9667
5287
99879
49168
80847
61177
93009
28201
67712
86880
42479
55087
76451
87734
17098
24356
47252
67227
58091
61453
54077
71559
43512
92807
70130
51812
6829
13411
35684
74351
96731
12882
92127
45536
87426
89727
1539
20746
84664
69355
18989
77981
97930
4207
65009
94846
13892
23638
11603
11656
53451
96953
13202
5931
63856
27550
46956
22425
26709
15645
80069
58255
57263
78970
32942
38010
83246
69105
75501
9614
76936
58093
69923
62181
86406
45243
89705
43121
45244
14230
47916
46416
11423
5964
49527
60262
55215
1071
55888
87941
79621
16192
18320
31312
80343
16193
64176
25947
61439
54293
335
61886
61516
89053
57031
34078
49855
63358
64494
59219
39879
7118
83204
65042
23393
33349
40356
73333
66912
933
19606
61187
5829
71697
63423
51893
98549
89985
66999
60585
14220
69929
30570
75393
74825
11498
4541
85834
35317
25943
31444
4738
28402
15628
92767
64012
55788
10836
89167
4963
22205
22188
70814
27521
72146
38713
82270
75223
71673
28135
69443
41703
19615
30371
38882
82142
29010
70633
48588
49392
92319
16640
97814
77950
78254
49214
70788
68986
51832
26838
34972
55299
11677
33339
44634
24901
89971
6201
18138
31804
97722
40449
46143
63751
59654
34885
65096
57759
37721
22702
33913
90029
45873
4173
52515
75485
61217
9841
63708
10216
79136
13675
23180
32097
57934
29352
15440
69529
58931
16158
10475
2345
91751
47016
35295
69268
26701
10807
94436
22246
19794
73764
58692
62856
73166
68876
9341
48952
90343
67771
74409
97926
71285
1979
74425
49618
28357
99415
30233
89327
85717
68233
76717
78089
74018
80899
48600
74279
95557
45511
86023
31586
66317
32164
45738
31123
8629
8441
99809
25720
34767
417
57564
57190
94827
9849
2614
76776
69084
35094
25517
80900
25650
24146
68085
58151
99750
28068
89952
2797
49386
97806
32118
33492
90989
91959
27497
45819
32050
28830
88681
3566
24510
5499
42008
56500
69912
52286
15265
51005
99860
39026
97667
36135
90408
89911
47300
4801
66947
8267
14846
54801
20941
59500
46689
75077
61617
16842
67709
607
69366
10242
94231
86819
37307
3094
26934
29244
38350
33393
10544
70317
51724
4000
60659
93089
37912
70173
54046
29771
88028
84974
54608
89003
61185
17738
35515
5635
29805
47231
29515
21969
17297
23156
45113
88329
18289
90906
28195
89639
93845
1460
29235
46646
9789
21149
7516
27195
61381
37222
48667
23263
33254
10665
22333
7939
2870
31690
74313
38013
88905
80028
533
37045
95975
36175
44648
92840
59856
48823
44708
61572
20446
22988
20807
76167
81678
97462
64473
60900
12779
22018
91310
70779
45748
45123
64450
6344
1574
88559
58707
21186
95840
94218
90755
25432
43066
31210
11868
68500
65358
47534
15970
92723
52544
31722
50539
83510
61317
1525
71462
27015
77701
36277
49169
78287
88081
95755
37025
36907
74348
94910
77470
36047
76500
59294
10876
59190
58980
10245
1421
38505
22583
7557
42707
30860
85294
24584
26966
39960
25366
43094
51292
8443
30446
45536
58247
87997
14101
55942
96742
83839
3829
53969
21968
81708
3540
91078
3735
68668
65721
43507
15942
81797
86493
65244
86709
39194
87901
49639
25198
43455
4853
22645
49363
23571
11772
85138
77069
87598
93342
52126
52457
86902
83771
5282
57863
57608
69515
48383
7788
7432
48599
2877
21602
83244
35008
34749
23224
77278
75085
59756
76567
41755
70965
89497
20052
44173
26711
378
18639
87714
9288
39165
51080
50194
73272
89040
31685
3856
27440
33349
60412
84697
67136
55761
46350
43718
54463
38761
65682
15746
47472
76473
53259
26263
94609
47008
90668
7349
24925
9095
89722
90899
33306
92536
12954
98048
3233
76731
97963
68441
89896
30611
32622
41794
13342
39388
93214
1833
9332
96915
94480
28977
3991
44778
284
82261
83881
91532
37911
50575
95982
59832
22759
58954
99722
83180
40209
21590
75637
30625
10289
16369
82668
16173
3542
14080
54338
71469
24589
60339
67485
4428
67388
1176
4160
32713
8618
93776
37544
50857
72843
37471
50013
17737
99760
46836
4135
93868
79448
27525
79838
47884
52737
83396
64406
43818
80375
17658
83401
34891
93889
30080
10035
87252
8510
34352
19290
10469
85907
12312
75078
92384
43811
56899
25190
61277
50957
17365
54540
48446
90933
7773
65844
55565
14165
56281
8233
86946
2250
17655
76248
26807
64374
87287
66350
85381
10724
74830
62033
78559
66234
6533
85888
2965
46447
92466
24061
85532
17972
55054
46095
91619
32360
95799
77918
57946
35968
93097
53503
83282
17017
36776
80778
79137
86596
78027
42958
16663
27645
71518
84945
6919
32070
55941
64598
13970
32956
84895
53025
61363
86464
95204
89594
42828
61110
66334
13011
36095
72848
80436
28620
56723
30040
54708
14174
61265
24475
94848
94928
88701
22481
63019
60848
31257
16986
23934
69489
7733
77820
52562
98123
57487
18297
37844
95990
5020
97664
70899
78423
3133
48452
81969
19176
5541
59348
69774
12878
81512
14299
16375
45519
26084
28509
91225
2998
24935
46844
55375
91784
78902
26263
95409
87143
14447
46016
39533
88176
63456
23818
34362
92260
74268
16881
56168
37326
6722
79587
19725
62222
54859
82954
23665
71309
87939
65076
61845
49424
27315
77563
92183
