67742
22298
99140
51819
29577
4552
89714
42037
6453
85911
86266
4044
92052
99155
28966
47824
92227
34652
45342
10933
85266
99449
99759
15937
18065
24090
25316
63729
66114
98797
47383
47766
89317
8121
83003
95524
17710
55987
41300
3930
59153
88433
75141
18537
13586
72452
77878
45580
38444
46092
96672
84043
21583
36814
18945
33806
69352
13069
42566
84845
14183
95339
29402
6092
26286
83902
21584
60041
84564
46701
36628
31809
53675
10579
96450
82804
28828
3900
4938
28898
64135
3159
25825
92495
53196
52322
24467
49574
24020
9230
52612
61276
82317
21399
20027
7282
41842
80286
3386
6397
8804
4701
57299
68364
35732
88431
97668
37884
73499
21250
43990
37937
42117
2213
7412
30678
29732
49035
82391
93465
32487
52762
20787
2499
39433
93973
86601
60147
8094
11261
53838
16511
96965
84658
83357
31657
25759
11804
94266
74568
33573
59781
43363
73845
46305
36039
40456
81443
45665
61587
12801
70362
33503
13165
46836
16277
77402
97775
61094
70716
72523
51554
28369
55046
33178
74686
73252
66061
23351
69991
71236
61552
22759
36073
86380
22111
32992
89893
87667
66525
78445
6992
10508
25416
76101
91885
84973
87909
53342
99469
36610
75828
47372
27280
83980
3417
2173
47386
92778
14606
57127
82403
67455
32538
45654
60710
76823
72486
61911
74279
48557
750
67982
49839
11509
29037
61600
1493
9933
14834
69089
39245
18565
3468
49237
26995
98990
38903
18964
29661
35259
86829
90699
63678
42551
23733
30746
99288
41209
14310
99134
80690
6532
7333
12307
63732
59721
46608
65762
1940
14201
78115
34416
71816
72017
5447
34094
19603
48399
15428
68860
41795
57021
37474
94929
11787
41278
7595
48332
38303
37432
55726
38137
36993
39041
70113
33530
15695
83989
45465
11729
48286
40579
2698
90838
33217
65750
14780
47122
79707
83056
24622
596
25320
96800
13150
38764
85846
32844
24667
95935
72174
99356
91051
32828
39913
14276
80158
64245
74810
21803
90180
59847
23173
95223
51863
34625
90441
84768
62824
87692
83070
68165
7757
23767
80982
45227
33756
24200
65426
52773
97836
66788
46550
86656
88985
54091
77975
10251
28738
11253
68212
76250
96663
85177
94983
72149
96415
23218
48846
7265
66655
59226
84810
48234
44079
56312
76124
28033
11397
41395
56550
12692
18724
71369
79080
81791
88664
75869
27992
99100
19873
80327
17019
76425
83350
57484
52413
17320
6231
63901
19637
15493
18864
38125
66472
39821
46606
73330
59969
5862
7084
37192
60156
41935
3794
62058
78061
97046
90839
75995
32569
95315
49151
98354
11055
89820
19378
45071
74073
4318
83528
2395
80468
72733
49001
38834
5125
99881
49164
39414
96461
52458
51636
31280
79084
61121
11879
63688
54727
96561
75287
61021
22544
5239
87860
15738
63696
40632
12443
58597
37424
54801
74173
2236
17628
81208
53335
16664
9318
46907
91539
3927
84183
17494
87201
86223
18762
31883
85396
33018
2771
18365
48704
93895
5422
5606
74907
69109
95106
69531
82385
91811
61766
48451
97650
15299
46184
14698
86161
2620
65433
96869
42295
10651
59635
4848
7483
90593
18845
50583
45432
63612
45601
56980
85649
63251
98051
15893
80886
29364
27034
3925
97870
29670
8561
14574
88421
42636
79738
50418
16306
92448
74962
11529
79107
46467
10950
78683
39222
71721
75137
11601
17886
23134
54346
90298
41646
23872
95953
17937
98655
66252
34613
64306
64961
80330
29200
78703
99133
73405
17960
65161
1330
28395
15418
10641
41902
55360
70784
20986
48523
73051
35261
12227
73698
49105
95644
69460
60050
18896
19850
2596
18059
13865
59049
43261
20588
43632
92656
60752
58323
55528
37121
55051
85411
40013
78114
63066
41746
72515
74998
5535
53177
1936
71803
18224
55420
70550
90248
80506
88664
78018
3443
7744
68528
96944
34211
39624
11865
38729
43220
42545
25335
22700
47140
70876
14268
89424
85693
42688
5008
94347
13037
52777
8650
3391
75394
78626
25791
27738
11497
34885
62952
55163
58577
80941
80929
66165
81727
96655
63797
29947
84508
82658
15758
58898
84614
15142
72138
49747
83699
52096
87153
28111
33618
94864
72294
47793
69637
8298
59109
98202
40184
28308
1115
76785
49055
31501
91671
23432
67017
85724
42333
78789
45316
8061
88190
6374
85362
33772
41270
70778
51412
6595
35549
11084
85364
39575
82165
44793
2378
18677
17069
33820
27067
48789
94252
10984
29321
27915
8844
49316
61235
38680
56974
60936
39244
96625
12728
34969
895
25013
52245
13960
50429
41914
22621
4423
63546
17020
5225
14844
75697
51616
63963
76439
79133
85144
88898
2373
65833
62906
16017
83756
92406
84264
21398
15313
42404
29601
10439
84352
13336
39772
90431
34052
79354
44255
29034
66637
81917
20956
83322
82334
91396
49481
16470
59250
10633
80511
61384
87584
30989
37782
42637
30959
24855
74882
80831
34891
23623
57887
8518
12457
42255
9294
32823
10892
27406
4469
29638
46559
50716
61845
69569
39608
22912
37392
72185
34555
75486
11739
63233
82277
26048
48687
93704
26797
10401
54390
95830
29568
61183
8096
15463
3975
49421
55546
25599
14997
85158
11725
1296
63482
58439
46801
19660
7449
76586
37536
65731
72575
45247
95479
61793
85367
91972
73101
67626
62480
68791
12248
69869
40960
9816
59226
20995
94842
91661
37205
11394
92788
87584
42165
85127
55705
81314
98186
23598
54417
34335
23417
42076
78575
50043
787
85242
7939
78688
69387
91287
46439
15653
34814
79767
58384
47034
92995
59853
75953
20021
82265
24872
80662
9475
93454
64662
24993
96599
45294
14400
13735
79048
68581
94247
88008
55425
21819
89109
71803
49989
68415
58853
83110
12419
15929
38411
50943
47685
35690
5390
68111
17627
10744
81686
36008
15938
17070
24866
21954
47099
59524
386
53645
53729
36896
68948
19300
86704
37833
787
10362
23756
65311
25795
30235
89403
72172
80686
13479
54229
53426
35787
73227
16870
88680
34385
80238
33679
91530
64883
96383
15074
5421
21835
80213
24747
91843
55944
73441
74917
80874
93228
70419
91150
91661
4030
11912
89390
4141
53556
82510
70212
36926
71867
89680
45397
34020
32162
44982
46682
3332
65824
54946
33097
68533
7967
23653
13246
54309
34958
73053
44007
81042
92285
83608
29206
97725
65086
63662
51346
6087
57714
63953
42401
41080
21675
95865
27750
97471
92948
91839
61940
38086
39595
7038
51701
29024
48390
78902
32286
55002
21028
54860
42447
92205
33084
87066
47443
75594
2461
96251
59594
88703
30350
88317
29369
68691
1973
90052
33658
7394
39424
54680
12447
12106
47727
26380
95481
37234
25387
45729
85691
52585
41222
56048
43052
87625
60547
62765
989
86111
15664
24769
70428
19531
37250
49346
98811
60919
98013
88699
67091
6944
87043
60585
83474
30869
81908
87665
56112
15521
58419
34367
57566
90326
32818
61335
87438
61339
35370
85196
87833
87394
2505
68010
61571
17732
33602
40410
57707
19452
52455
22911
53713
95548
17249
84481
5193
75717
46444
18979
20227
75825
73444
77165
86140
29802
81351
47131
91471
14159
56511
46834
58831
34204
60689
22103
93206
36121
33487
56276
93241
2334
73846
95927
370
78930
75333
15785
24742
22577
3893
60400
93848
67316
68606
44040
63061
12796
91861
96172
25838
18028
20171
62077
87025
98884
92051
15640
73621
83300
34375
94460
11833
78668
59754
85089
37161
81251
58785
66779
25484
44077
37414
61972
80185
96048
65627
74431
89502
77211
17689
42789
67320
84730
5348
77250
41096
48462
94103
93758
68966
22428
82917
75064
7192
761
36111
79791
70617
63257
11486
21752
48853
34833
7007
80519
97630
31562
76914
50700
41000
56363
16352
13006
71891
97753
78637
58711
67440
82794
94583
42814
82829
51189
56367
82856
79107
99768
88843
84273
50624
43538
90255
9749
69394
70580
59676
6729
59580
83595
10668
86420
42230
66543
62429
91107
83559
67349
76225
69701
22556
69984
73880
38293
24394
21832
63842
15007
11857
96281
30670
87346
24731
59251
60074
30374
58984
34607
4267
3232
16562
54084
6805
78484
1697
23544
77674
62844
70679
80983
97445
48017
56239
33178
18296
37009
73997
8003
64390
2520
97952
25434
54054
77506
1159
30584
83541
83359
57718
34084
64606
67412
84560
35157
58273
45219
30300
60996
36975
41137
83885
13977
74664
36984
77064
48039
80525
52238
26090
43100
38746
17695
2497
29167
10291
29458
19648
50474
18897
16266
44718
90308
75812
4865
94900
38509
97562
98033
20246
57778
17489
87109
31048
7305
32790
67507
45326
73455
25844
35753
93709
98057
93504
90523
90803
3374
96353
29826
22781
50221
53185
72846
1769
60648
75868
50417
97505
93215
49537
17921
57617
91312
27728
3294
405
13604
57046
98029
3309
73857
49375
94599
56821
16411
89001
61271
79753
24612
16748
92679
83657
15241
44424
57893
1174
3708
66414
28256
25024
12816
78027
19928
86530
37796
25942
18787
91434
24255
32514
87020
94608
95360
17358
29784
63820
72760
14952
89231
88801
11112
87783
94652
1264
97966
4367
69429
15609
90075
36121
38645
2718
30421
41432
2176
93844
3537
83463
1714
71233
88878
48219
95244
72381
75296
52576
15636
78975
19895
29430
71102
52011
71986
34234
93168
50963
90552
69890
8262
35037
10999
30574
38189
19075
7902
95668
81247
84457
31575
42233
75571
93185
14773
73571
89294
64767
71339
78540
739
31443
88319
33558
15847
88640
14110
74137
83748
12197
2770
96540
90784
73787
5107
45163
44576
79387
37731
38538
74066
85220
59770
89063
78025
8966
1638
70902
87595
28244
45523
71367
55651
63007
20499
86442
23850
88115
79398
65358
16126
83187
84127
9632
4234
94509
83077
75570
3995
48699
729
11981
37789
16853
14942
40798
74465
24255
89461
42808
75863
34335
40075
81817
66219
36295
63513
26931
89834
53089
12896
92284
55296
2308
95191
79654
30702
2704
51994
65671
67311
93837
12375
98762
7696
91864
4013
17715
27583
93805
11037
32455
43120
93591
86192
52990
46148
97171
41949
16057
97815
33545
20905
67208
55377
79773
65352
70221
47510
4006
55935
8982
99168
25739
34547
21999
23492
88992
74102
6817
34055
12543
75991
46208
23441
74269
76901
77316
11510
52173
54002
76865
4007
67309
51146
2858
26006
9558
68737
56583
56394
31117
8698
31816
78005
26106
94489
89277
52997
23300
94797
7695
43602
69610
3333
98388
85537
68665
64149
11122
28736
72963
92539
72300
30183
58479
36273
23597
56742
69901
96937
34248
89263
802
87950
68994
5660
11710
76641
7276
29151
10900
17243
33782
93687
11541
1258
83545
62391
16532
21864
64234
29812
45264
73662
30135
19858
31321
82059
60649
84780
44789
19645
97018
51279
90193
62205
30080
44153
31035
49075
2659
18813
79135
90950
8124
6009
22340
7856
85392
10957
99548
65316
26172
49338
59877
11745
14767
87338
99473
12724
37921
24300
3375
59563
83463
70426
79028
46781
18412
52881
93036
64188
52574
64931
3835
16829
6876
97817
60288
28160
77199
31140
52123
2144
99481
8159
22119
13967
88415
91783
24972
14060
70883
62163
52240
66671
53313
17258
54953
41058
30683
84470
22042
48927
22703
18238
6306
16671
72365
7568
5798
73993
81189
12607
58169
27233
97786
66743
70678
48535
44866
57872
67500
66004
46694
2825
86477
65636
32523
76999
32639
10389
43999
93417
18084
97447
76779
34621
81250
82535
69981
14797
84607
44649
9847
42073
99623
80118
59572
31325
39611
96799
39
83273
79032
10401
86462
89962
76289
39684
4051
76282
95460
85154
17151
39861
78750
2808
47176
93534
26616
15427
41207
68412
23875
45567
68641
84518
22795
48388
83317
57488
26940
41995
93402
43062
87486
96047
76125
78632
54169
81622
12174
22626
61820
29036
53661
65772
50562
12421
89889
56414
94069
29234
84260
89655
5485
35669
25034
65926
91577
85059
5110
69992
16995
3409
10241
4642
89426
99513
12965
14611
61052
11425
68599
31290
48296
67221
4031
20974
21254
38059
12145
66799
40634
2790
92464
32096
45041
7558
39687
42902
29916
64019
27136
49769
38185
26449
38761
67653
50229
70702
49452
82896
11033
4235
58484
14700
29423
43016
50236
60455
55574
2975
19933
15550
86072
56752
32587
16238
35828
83833
70788
50927
23913
53045
457
50712
45651
78466
1186
87791
97261
89869
29859
6987
60169
93832
48640
71833
16327
2544
87289
9437
38130
61938
4623
93265
45018
73994
348
4601
38585
88448
19365
88049
71147
8655
46290
92344
22777
3807
2085
33518
7402
9243
87125
96777
73174
90491
77313
13676
71953
26220
97030
56949
95561
23040
94813
55147
52060
63708
27853
98205
11358
66915
11435
31300
93886
58795
60279
13914
4216
34547
65194
72381
40471
59442
35887
83268
43025
90594
73358
98545
52749
6255
13916
13272
16817
82279
67543
41878
53411
55019
42920
52619
72134
67485
24184
82143
62261
94387
31379
12493
18418
39174
84945
34556
46756
20845
13069
90497
91176
93494
16347
2631
8251
14135
2739
52940
1066
4169
56920
24308
91308
24408
2412
90954
83444
17798
68785
79293
364
58975
17798
34328
55253
72613
56715
6456
76049
56377
28409
90312
44622
15731
34661
85200
43608
25748
73686
40260
27970
46067
6194
44337
73825
6870
47060
41744
74368
9636
22644
55659
46337
41400
23103
29956
10775
59616
72099
88771
95975
27462
46807
35913
26692
15326
26343
80583
35255
84425
93499
89709
56036
13010
16519
78161
43531
57319
50791
33349
32188
81200
4607
97826
52041
88356
54929
99007
39989
69107
24501
96388
54439
59204
58162
56506
17918
82549
59118
54988
28069
88576
19183
20800
92900
35423
6474
63794
5647
86250
87876
27422
38429
22239
15944
83646
21331
83009
17732
71677
3470
72620
62957
7596
2455
46871
4194
69576
80415
89250
81137
77382
54308
31258
33470
96141
38744
99478
15890
45828
60065
96736
83339
48568
6168
71116
74444
7475
12665
58376
11556
64589
66997
60472
30601
757
85607
49357
41389
32501
4829
42515
12246
64057
8625
150
74123
85840
10934
64964
20981
94526
74307
37173
13934
89813
7585
24209
96733
11501
8763
4364
23756
47755
93153
55389
21676
66881
98379
22661
98168
35037
46087
8039
51934
35136
70688
60457
89530
28921
67937
31729
49069
21373
82675
52786
4565
6735
30799
74889
15089
48570
44401
31102
2300
62686
3758
86270
57028
20697
24292
23879
53262
8075
5920
41893
59594
95549
65607
8585
22565
69295
51942
17653
13622
40846
24724
74018
17570
89160
38715
31140
26410
4135
87492
66308
86467
69171
60724
18684
8868
67377
12606
40206
75393
77351
79156
46575
57981
87426
14340
70106
89425
90750
6553
83327
59442
87578
23602
1043
53018
11734
35404
78126
31448
43900
17512
30671
49520
98448
6177
33264
42808
5706
95094
31613
62382
5420
5526
11600
42881
33240
18776
46042
21473
3228
98235
91371
33590
94256
56261
33531
16374
20618
90955
84696
97030
36412
39078
78765
17564
82001
2102
31259
51285
70065
76468
46016
46663
60886
77388
13286
27173
30988
56154
48545
22737
37753
24588
74347
35317
89879
40544
2579
80410
97867
17774
53454
62944
12756
67173
61158
64939
34447
56146
46958
67125
23943
78000
40691
36108
34207
76505
70511
9455
61875
15733
51765
87837
45641
53609
57889
27164
77284
37209
86345
33669
96307
93720
64893
80122
49201
94772
74802
27664
34594
5519
17425
21224
46183
82074
76748
60793
21025
311
70420
4689
46010
62516
51137
57261
62931
3365
9245
16953
28106
98534
9037
11297
56083
88493
45251
41045
92372
24354
93926
51019
88425
12220
33962
27776
89601
43350
89518
60502
75428
9815
41201
95297
9182
14739
31835
85677
56421
84482
94343
76963
87382
73307
92123
31973
47559
6445
66684
40092
29914
43566
69126
49878
4435
55794
13953
2874
22481
79498
18093
61236
59706
52094
46948
40372
70432
54931
44640
80845
11449
89688
46934
24797
27642
5978
81418
4425
78537
55899
49179
34723
64211
44013
31157
12871
93019
96506
89476
27281
1493
24664
58182
1346
68011
13345
82889
1265
11019
45483
91379
90242
27472
33820
5753
43498
16987
51688
49319
89753
92656
88214
23325
71731
1768
80377
17319
3175
62926
44625
37338
10639
57214
32362
18302
76224
456
98999
25077
57661
26301
55423
79905
15591
71079
4673
57814
38220
41185
90303
87064
67891
12727
67107
21471
44203
20254
49306
7542
30729
32752
61421
7468
86968
71503
48315
29100
32197
58589
19457
50389
2364
79638
132
76515
47977
64090
77778
72376
86835
23978
56543
47803
34224
43209
45359
70285
33630
60895
46489
8265
62972
35142
53566
67964
53335
93009
37854
91503
23207
43630
84696
21279
48398
46835
26316
66859
28907
66365
44912
72754
24269
46777
75647
2435
5240
65002
31043
77773
67965
40342
30144
78508
75636
75661
36130
97305
33961
2413
18388
14563
88195
99009
50061
22896
42980
43368
72937
96830
34800
95423
80164
567
25262
25377
2748
49777
81888
10143
82326
47689
5311
70183
62125
88364
2760
43715
53257
46008
81453
7137
66684
34558
23051
89492
68905
33059
27697
98467
53283
31871
92819
33357
66714
91569
88780
37747
4280
67301
34578
37262
20456
25924
65384
89917
67412
69651
80365
55694
69790
25173
74824
69509
65806
72218
18386
5020
3399
53158
21631
70289
6962
28025
35134
29841
67241
69733
4544
94240
49838
90683
92586
11876
87110
59853
64757
36089
97409
37278
46021
73062
39487
48653
87796
3097
64873
6115
24896
54547
61284
69969
43024
91086
55205
69682
25846
46641
69966
33932
68832
93882
77827
89882
4923
74590
56059
37909
23075
38274
71879
75297
11970
38420
18147
2485
30546
18818
10318
89787
20906
28001
24722
86095
27139
73021
39108
39634
83383
98923
42581
913
38060
51606
24766
27848
61273
79627
62167
74471
53842
73242
53157
26514
68259
34700
89088
90923
47060
94482
48123
62871
80992
36424
55345
52606
58359
5995
35834
64978
85350
30001
38915
4749
30508
58213
57939
72151
43476
43533
24891
66994
78145
76770
63683
36659
72436
96186
57299
39281
901
1870
445
86785
47834
54376
75703
79417
51303
6308
36751
66310
65374
26613
69496
87253
44913
49940
63933
52966
47407
27435
71512
71916
35188
94570
58330
49517
48825
59103
14797
98681
41722
94354
59543
77363
74072
42846
25456
11766
75791
19350
86942
19767
9815
37985
27321
91903
29966
61977
12467
77774
25066
91859
56342
11501
56665
74582
45400
51413
22536
61388
86634
16464
84634
35931
92240
93980
11300
82905
24679
96424
24046
78981
35129
79048
95012
65592
68682
80609
60897
60217
47215
96400
20563
32851
55372
70234
674
4490
88528
94188
64489
14004
50085
5829
6204
53149
1321
55615
52813
19339
43733
94570
74724
1030
70516
44051
78809
41471
4617
68052
21628
37548
63458
10474
92010
69409
83986
6480
56496
78727
60553
3753
39194
27111
59112
10030
43074
49251
16532
51280
64183
77896
15863
95801
32265
61056
18388
1217
60322
52086
44837
54280
66647
44058
50328
52355
42194
56472
94785
94277
42905
22344
54380
21641
4672
60616
85273
23588
94630
89095
33106
73763
25968
65338
32228
22166
44820
53466
70976
28345
64222
53550
72909
27709
67788
18227
92832
7718
50009
82522
54069
67671
10935
44011
69380
29629
41428
82093
83479
75766
94596
6425
85053
17411
18833
66122
75564
18539
204
24707
99821
3889
73677
69310
12271
40617
46926
82253
54251
95711
62508
90616
81980
41970
5090
28034
63886
64454
38114
23566
93212
32482
71462
80426
93484
87975
40157
39825
93650
86879
50576
93910
81267
94307
43657
29786
82210
14754
31290
30637
40014
5293
49783
26005
35295
91526
66895
32804
44904
70802
7367
39312
85092
26124
73074
86798
53270
74694
87294
22384
73152
36593
37744
35271
42143
79524
34680
95526
33697
52105
74750
81406
94203
27075
51079
74471
92237
69481
8071
73315
98187
56994
54080
85269
56039
4056
44295
5685
32265
26864
39017
34686
62022
2960
52316
3890
97920
64526
14515
50715
64944
19531
96264
3355
62993
99644
88484
70893
75605
85081
14173
30116
9929
77352
81631
82583
86500
8170
10960
31419
16534
43968
28949
72169
38253
4977
68037
10227
90634
55091
27732
21097
64200
22533
69943
38179
76125
80927
10566
60216
1276
59947
90745
73866
48663
25645
81131
43176
79221
56765
78553
66990
34050
93601
84490
80331
29000
94831
37583
56321
38679
50629
9482
42091
56050
23745
82663
52906
22870
84897
25612
49612
66578
23980
59947
44312
75279
19673
42093
22779
47325
81772
8500
62583
88444
60066
65054
38733
14027
79304
53204
294
62738
18613
42883
98195
98220
92466
44677
456
63310
38222
10739
97257
29752
37993
23842
17606
86658
20729
4205
27243
85799
22543
72302
3165
22160
50128
64644
32203
45457
89888
69392
5538
87546
46011
83198
28549
68261
62556
37324
67254
51476
70524
87079
62257
54779
36456
67052
13042
93622
56658
18579
74839
37921
8037
32137
6510
2075
35906
82703
31570
20399
31615
67997
34647
57473
21146
46815
84124
22514
25227
23406
81751
9480
37054
97890
3084
56822
67165
27971
73178
92689
17833
54628
82628
67553
42564
91553
40562
36510
22602
13726
31970
96477
51412
73273
26270
68590
54373
97485
47258
84676
18470
93019
79260
68446
78666
57459
68515
82406
40989
28110
61822
35231
28201
93745
5856
97945
50744
54697
69003
48861
8533
43540
85932
83556
71489
93369
58757
23868
98836
90808
51012
70437
49790
7064
84187
85580
4980
70612
55198
79261
20469
49167
64583
69130
81913
26644
48837
42829
36473
24951
7352
46147
18371
69017
49689
9762
23754
45388
18966
47549
99209
25199
69386
64473
73122
54650
59637
6662
97182
67141
57917
65923
86471
76999
97938
50592
44284
46317
14800
19746
63115
86631
65852
24448
84570
27816
10633
14757
71472
65796
76756
42987
95833
76527
66254
811
98442
91376
69448
98777
75593
92098
41524
4835
90266
24583
47713
65802
26523
71146
32564
29324
50046
40065
72700
63171
44924
83648
99170
93441
4349
56288
55241
11146
34974
49113
88767
40204
6295
33510
55229
34
46701
83607
21779
10933
56468
30410
55547
70383
1315
70016
79119
16930
53412
30722
67236
92088
96028
74358
99531
53928
98170
91966
29924
60260
49579
74068
93137
53790
87650
84256
16279
18713
24752
17696
48396
89482
3948
25471
15569
63018
90761
31289
97696
75018
74102
85303
38480
36149
36816
8528
40157
1712
57992
70999
13691
66116
26073
52052
71621
55127
31247
18891
95206
20839
77717
9731
4594
81001
11741
57588
97872
6034
20465
44418
88538
35358
45102
40537
22988
56017
97322
33547
14692
63630
71989
44592
21615
340
69972
8178
24226
66824
967
10442
72432
89662
16033
47924
80971
68194
58359
60196
50955
59233
52733
23734
91404
68572
72832
8423
35146
14516
46000
25453
18439
56537
65478
83849
23066
14612
78749
77485
82837
79841
17814
49686
10981
58713
947
33743
99556
39272
76787
28794
96403
24462
60933
61562
56728
92506
76466
19321
18494
23068
32350
70128
95655
62868
85449
8191
60032
50352
25822
79829
70480
73969
33680
92946
96679
5219
92525
47197
877
6299
70010
98068
542
15836
83032
67224
32118
18738
83735
97472
26748
34416
51375
52931
85872
80912
49784
33642
17626
13329
36653
65149
98629
14768
77256
96334
23824
42946
8094
82255
33141
17606
50191
70927
8563
18431
35345
30176
47165
6110
87726
36775
36066
32652
42101
43584
49777
68358
47326
91467
10349
27944
28310
54927
54264
83823
1769
76288
75337
9844
49570
24735
47695
81482
13519
44581
75238
81486
73343
35501
29792
85106
78628
79301
54714
49482
398
4962
12315
65148
87181
6794
72952
21764
51057
53549
48709
83713
30333
74887
14706
19637
87290
30843
5068
22896
84620
71450
88538
32036
8926
86631
13151
49256
47984
66787
58859
3315
63844
50456
72524
91226
84877
65768
61292
37716
86708
81430
10913
42640
28982
4829
77135
16611
85738
37231
79095
78529
58508
92554
30216
43026
73131
12372
6196
79809
57154
30252
31012
54472
31954
73594
51207
61825
79842
50401
60490
39023
81974
90626
46801
25645
87893
83389
12841
30452
19739
5872
97857
29393
96022
17935
91800
21910
29575
48654
29100
64959
23384
20332
94432
62336
81093
54696
95270
3478
29259
14157
92073
4862
52640
5187
91774
28751
35872
71290
96219
60479
5327
26205
38088
2066
19367
16989
45064
32214
67185
75966
16558
41674
67533
39128
72307
36451
23945
12231
746
51916
93322
30378
57652
99518
14975
21889
7214
81315
19298
84604
47607
3670
57431
81319
78182
62514
36918
32958
41059
4963
88861
92617
52868
70570
58020
12662
69194
40105
73261
14836
59244
6916
13914
91928
60910
70107
30904
41811
74204
53481
70240
65253
25892
55851
31861
13495
84270
63144
86334
28729
35559
86396
21568
416
51897
34706
81616
3726
79888
95261
195
88574
95136
80546
27423
17887
90755
37997
34410
22486
79024
98559
26254
49338
5729
28306
93762
42635
9833
38969
25115
58522
23673
78124
10934
9177
83826
3151
92986
15834
89090
95169
94605
4645
52577
23967
88304
12173
55664
35453
25256
66091
56638
3949
20852
66721
24963
57752
34245
49251
30376
9698
83158
75544
6331
31197
60880
20440
80787
4727
49248
43226
21339
78860
83978
36499
61352
67305
56894
63295
69403
70364
16904
58397
9889
8063
59741
45668
45382
29331
66038
91582
1184
83631
8412
932
83305
66530
93669
54709
23767
42945
4073
6557
35799
93631
78239
2264
76833
40903
64319
6596
27001
54091
13468
76265
4018
82517
7285
58508
79827
39351
95672
60322
86401
75973
94671
17008
13361
68869
1354
87531
79878
75521
55426
62108
294
98608
32217
83115
84932
75032
27865
92149
88618
17486
70153
17079
83861
9809
56619
33098
48683
57747
87682
52720
65701
23053
2402
5105
16273
10904
74811
77178
65699
57350
42540
61497
14013
6635
60472
7810
341
54997
15482
96029
77894
25597
95443
66612
68232
63495
81301
95441
43821
53237
20963
92720
51273
28091
54874
35257
96428
91866
68673
75946
37134
65430
27403
78950
76254
7567
17826
385
54012
53873
47184
51152
9186
72531
5235
54943
60699
7551
60623
7864
52293
57956
43836
38658
25545
71584
43546
98697
23516
26186
16315
66350
78094
92755
72207
62796
52182
27066
39759
6494
39019
6407
10996
5088
67662
47644
39462
38365
11699
90452
32570
47402
4094
88425
72718
17582
96362
7334
58118
25128
59716
96444
30335
21713
22646
26869
29768
37444
72613
1490
48255
32079
611
24549
23486
82178
8346
37761
40736
36359
48032
68575
994
39926
21671
668
16281
73276
17738
9963
77845
55220
5927
11516
41070
41977
62633
4372
89761
13503
60143
35007
98815
95338
78414
8074
92588
83322
78528
76831
20265
29122
46140
3050
38923
75731
95113
50467
63387
67637
96776
14969
83471
97151
66996
79236
23003
29287
68672
4518
77086
86729
63212
14777
53257
82513
1265
32522
55525
95399
53636
98319
26434
685
67794
29733
91126
80294
97020
88168
15813
91115
90367
62958
76808
95524
17184
69051
52449
30944
34674
2553
58500
78214
88263
48063
65852
47856
25269
63499
19320
10353
85820
91118
82710
18761
13396
98922
68032
95193
85549
14502
82332
26464
39000
56780
87161
60315
54039
60561
46027
94248
99738
68816
93979
14376
88896
99030
25070
22568
60045
405
92024
42750
7718
62489
65826
78549
94296
98909
86572
53961
67007
46168
72125
2438
97252
57445
22489
58782
9851
54502
89870
67851
72867
37262
70581
95716
81843
9764
7884
22662
31601
22987
74129
14864
35317
89522
64358
55262
41729
41536
67530
56272
58067
19524
85185
99154
22823
26584
20953
5008
57652
39037
52276
52230
31029
5522
44060
11275
63975
39763
82729
96861
10500
98787
3369
63126
83778
89402
68067
88355
95667
23062
17525
74976
66433
35337
32073
18516
18101
8570
30013
14743
95056
28745
51533
40459
20760
6694
76202
98476
97653
88355
361
37681
35714
95262
13957
55214
78782
90010
56609
80845
30767
33907
9882
52710
47954
4249
90439
96421
7498
13772
88831
77143
38091
41380
67269
50058
98583
27080
23907
65398
88302
31513
6424
86102
65013
38909
89619
79417
9018
47501
31338
8765
13102
59752
61275
69361
55767
98759
77283
8226
42459
64290
41054
36730
88897
42756
95185
22997
884
92715
89767
65093
35778
85639
15468
81653
26062
95486
9345
36338
10257
90653
20550
40199
34259
48036
23846
51536
79575
27722
54671
48643
62762
7785
18231
50092
51786
81661
27252
55261
94486
76866
52202
86621
73751
14732
34897
78201
27942
16104
35771
58680
29418
58583
1188
96186
8991
38948
50195
13560
98297
22358
20633
34244
55988
48651
91687
75505
31334
48561
15109
11777
88817
4065
78720
64504
83039
24894
70742
91797
97217
84381
66471
41538
84865
48053
80124
28910
39168
18946
16947
28141
66467
10595
27347
78199
61115
46028
31792
21735
33579
84555
98983
12047
21787
60215
33137
51573
37568
39227
85716
24342
30252
27645
38764
70452
83025
32472
62784
4711
92390
34643
60023
81110
54039
28743
21031
33314
90573
99049
98261
15009
76578
33081
17480
95410
92478
31883
53541
86534
22106
56661
53502
82314
62746
90795
67681
27342
35558
95684
17721
34338
66670
75603
36816
87915
40920
77605
14355
60237
96564
54307
7255
5075
85847
88731
13817
88411
49020
60330
88510
35041
79885
49896
85061
13709
56741
48346
92405
78533
19700
24631
89911
65917
73274
86266
87039
39831
66568
79888
68242
82130
21944
69076
68457
83111
20233
80301
33915
5904
14085
17819
98386
11815
99343
92852
12078
60865
68419
68706
50354
72332
17724
75064
33747
69220
19004
64656
49325
53470
89867
17730
66077
73859
5632
6043
33641
22884
29702
77741
28198
90532
86721
61306
52393
82948
7141
89802
77456
97579
81609
37494
86465
16594
94485
87163
17953
14216
24107
32541
98975
7833
44637
85746
32868
47426
13188
2763
7755
67826
58727
87320
9885
87993
12205
53613
49149
54735
84471
84862
8568
99648
51125
83668
36765
40873
57625
45201
12224
84928
95836
65412
53977
98090
26681
42664
70848
63367
50472
1526
11713
47717
89918
13348
72238
42520
45577
24498
42425
35715
8580
45255
57975
55704
48291
14782
8685
6857
45610
9487
80706
71432
41262
82248
68968
98213
17265
54941
14310
56535
30079
99023
23374
80927
38260
64852
45356
53424
47334
52150
44271
34589
42373
30596
50036
51349
88707
69566
59866
52700
23791
7245
68383
2418
78434
41020
4335
78033
8048
33993
56965
21747
49797
54037
11048
5244
71861
18364
46800
82453
11749
10183
35390
71353
98990
12610
93326
60952
93937
59150
11935
10645
26071
83986
87101
65116
99040
91972
2659
67703
45172
24921
75451
38821
93453
6341
54992
24667
35987
7417
60355
62521
78756
78903
3137
52028
94774
65931
5213
54148
1587
95630
6314
42933
57823
91921
47357
21135
49025
29388
38868
59621
30104
7438
99305
42241
38218
50067
31223
40032
88275
1009
585
23781
19404
48920
72594
34214
88457
30636
31587
2077
18604
54892
40362
4826
53837
47948
43410
93108
78457
50355
8113
7396
91417
41888
50563
58177
97716
55063
5065
62670
15963
19699
12288
73556
30231
74416
73428
84513
44430
14209
84592
37226
90426
99052
22007
68602
45922
81966
60297
63558
10872
35782
3022
72149
30239
62994
22945
89961
89015
2161
17725
36990
91043
10881
34783
25453
29514
7320
4606
68952
14089
98169
94247
11313
65647
45157
1720
21097
97244
6705
55240
32792
62103
53581
98246
92124
60985
14904
86212
14278
43112
50947
14415
58296
34425
60952
31384
41151
60936
83298
66453
1589
90371
17469
52073
56524
48483
57619
65651
37340
54059
99665
42947
82710
28473
35087
97857
97252
51399
1376
37740
50944
8837
24978
79131
64736
23710
85467
87385
87047
22596
23091
34420
44937
26612
94004
73181
23100
92184
46554
31930
45157
67257
94023
10319
97760
73496
55250
11427
97606
43117
93312
80206
82138
63512
38687
33443
45396
12544
86986
71474
80252
61191
95537
418
78520
44020
13287
72861
56105
11815
33093
25913
96805
72181
11472
83065
64441
16200
81252
41845
9436
4941
31489
37494
48678
45820
93437
31811
66733
28166
38474
62584
87733
21208
38849
72482
41486
29013
28204
22459
94292
78845
78055
54950
26831
92213
35184
93962
30656
99615
11684
18225
27102
10541
11759
23025
78236
78946
60508
36848
42988
83610
59515
28926
23925
86339
46795
88808
23529
38597
11075
40179
98271
22425
31453
18977
35708
10119
89323
58144
47705
69271
88112
8777
72876
75298
59279
67231
68591
45982
49790
3330
37080
10634
33944
15019
197
41030
73282
49507
62723
75226
82272
7807
2197
17342
29260
31415
98977
76714
61868
1834
28253
62978
21270
18751
84177
40842
44031
6938
12199
56447
12654
9773
61070
94402
96653
15854
73996
10298
35068
95789
241
52153
33592
58335
16944
60336
21772
76150
94620
36739
10482
5683
33711
62196
56689
18418
25357
48042
37018
55336
68830
71679
43228
59484
66832
89366
1499
30702
27454
61348
23781
98214
79748
15434
18708
29265
95858
44417
21728
3492
41512
25978
34458
51204
51026
71211
31049
313
92420
27929
97277
82280
67595
69699
87832
22856
51070
27045
78346
56988
47052
14268
15497
66595
29478
63530
31297
37372
82736
96237
78343
26506
98032
4141
31234
6239
75770
14918
62752
89202
34828
18101
4052
96261
31516
48105
8918
66736
6467
3444
92757
26225
504
3276
95404
34442
56405
58706
22698
28739
30441
30826
10101
26204
29623
6225
98727
20135
60718
78411
71053
71937
79971
23765
43508
72051
52298
31196
7748
19880
26181
39668
33788
68478
84272
45141
98511
60101
3592
91379
1898
59100
26073
7942
84423
96491
15595
79103
9692
93444
81348
48366
6738
11838
84298
71741
13198
63856
17061
25980
57554
48988
38469
60453
24538
79462
37897
73658
55975
73955
39267
46433
15221
2746
30117
58497
68636
30186
19535
9747
87654
12545
86557
26441
83518
12021
30748
8655
21725
57163
8684
4937
77529
57222
10389
60846
80116
61334
98034
29307
3629
82281
15009
66165
42542
76175
92332
87429
43124
28647
35575
31221
26356
80421
53005
81380
32229
80746
15103
56443
62565
6108
65026
2818
10612
72846
44009
91804
65366
1480
87740
56467
74541
64067
72638
61909
41904
31006
71463
70312
90522
57931
59655
80680
50588
53640
78222
53064
11705
50483
81827
27187
95243
65971
58450
24024
30887
5583
66790
92114
9591
66124
94414
70613
71401
37330
30669
74106
90258
96401
14111
21062
99129
60773
85380
83114
40856
90908
99972
7084
20698
56640
81579
418
79510
59265
35931
11419
46338
423
65449
21843
86904
52013
83489
34030
37667
61441
22730
59945
10821
49953
56531
41230
56226
42604
9693
82867
89818
67371
37086
28898
88867
9739
78837
24062
89798
92205
37899
94720
30477
43203
24482
89261
57438
87637
89147
80747
85671
35479
22140
72250
22080
28280
8013
87380
67642
43217
46550
34812
20542
80088
87826
91240
19414
77267
90990
8464
51560
30935
8880
55095
6950
83718
78166
10046
10400
25745
4223
13310
16673
23461
53471
96294
16988
36904
166
72088
54023
9439
2486
56864
60819
95730
73372
23870
62054
59501
8559
91263
14214
35479
94383
50731
16395
74735
82649
71666
13564
22242
90803
69152
84626
17530
10746
35805
14987
19165
18233
70274
91995
24133
91880
42006
54043
43650
6705
64107
49419
12115
2537
73028
88379
4657
70221
42959
13221
76008
81829
12526
34297
67295
53444
32961
54333
95177
4042
48436
1702
17699
94801
47377
80345
43298
95420
30596
63400
85384
36575
4005
69672
81254
87263
35784
35275
46342
74100
34570
60665
35614
10368
15266
16019
35372
12019
99378
81873
61075
1818
86711
94876
2764
91355
59208
54369
57831
81353
22626
75779
70880
38130
53828
40348
84490
98631
85090
56144
43890
39342
7567
13685
59800
83832
56790
35287
68817
90690
65823
73584
650
75956
79260
30721
53532
96148
69558
83905
40682
30544
45855
16247
44531
96705
87758
64499
63263
33772
16030
50499
97330
16062
15773
28999
37542
80828
43229
30709
22366
86250
27444
12850
68369
57312
6807
13875
86456
54397
81141
45213
57631
72440
96832
52321
1301
78883
31870
3337
86791
71876
37058
75151
46681
26942
52648
76085
76625
13443
57168
11782
99861
74854
66259
42395
27298
76333
55373
95691
2878
38445
70291
43707
92121
35086
32160
28326
42001
5890
17812
24678
27944
65267
28187
59359
27139
76967
41648
42098
27132
55069
18044
72349
68368
49580
63125
3424
18359
88813
5695
38597
4366
36142
57739
92864
70785
39625
68332
84823
55023
23459
32874
29034
51767
34152
79387
1889
60281
54835
22677
78529
17964
62079
77426
3232
97638
79808
22396
45605
83009
25828
45224
36870
40259
83856
94243
993
60914
33003
35319
93238
99607
44139
34763
156
86990
29191
20868
61908
53903
35817
66428
37944
87275
50185
2805
2303
49937
2828
79370
62329
23619
91732
18297
35792
4334
41947
40137
11758
62920
60960
93200
52041
75687
42454
99972
57631
18267
11238
75534
27799
83317
2492
92306
54018
32493
77479
71330
59230
83643
76783
41262
68473
77222
10193
38520
12307
46546
53628
47019
23988
34496
90011
6477
61556
88314
88756
28239
92825
9681
10181
99960
1644
95107
83790
92838
18957
9027
9923
49706
25834
64520
94602
80858
36075
7788
44198
22623
85811
57934
75890
58719
10133
541
87258
23194
81377
13280
45061
91015
21634
13102
78826
19316
14019
53476
84940
17253
39020
8948
96103
63186
95299
90143
87051
10878
50509
68761
89911
35145
6485
40883
68474
66395
33629
90718
71540
12390
32450
17616
38785
73181
90074
692
77403
41651
62252
26975
67906
55692
68194
70346
24274
98312
21122
87293
33542
67482
87535
65248
31149
25750
57823
99196
7762
81529
1414
81309
22661
65107
26003
84128
28942
96143
45314
79880
18172
75798
76587
40465
6901
97610
63479
65542
94758
10870
32640
43541
4171
49687
80275
3192
60874
77705
79586
71192
88445
45207
68882
28909
36456
76453
54112
74189
51480
44178
86363
56796
5052
76789
67324
84226
30519
8437
79976
19566
64376
48631
28851
3897
51885
75107
14457
7390
95529
41689
85544
7025
63984
26826
16630
38045
15443
5685
85855
90704
54056
69554
21109
22609
89946
94765
9118
97878
8190
63571
40200
67877
74958
27115
41880
44141
42966
91752
98805
70622
60547
8310
61053
74538
2238
98477
81195
28599
35290
91297
281
47097
53326
97788
52799
9483
38985
10826
90934
91919
7880
66676
47835
6732
64462
6704
94069
94260
37888
16236
67035
73984
39333
55954
16713
41652
12316
83370
72300
49607
13382
58533
50506
44541
30167
90251
16387
15799
33833
99469
59857
3474
55435
27049
74395
75032
80313
22830
10017
96043
72735
32338
10776
21580
89207
17225
10422
9252
5454
34616
63037
91579
366
67731
722
53069
98954
15064
27755
19040
27482
36508
52656
78317
29343
49563
525
50241
92445
34176
92347
44054
35476
64388
231
88924
88822
74290
53866
85837
18574
33669
35185
43531
83356
35577
76802
85771
58837
85584
9940
57646
66731
92603
19648
45460
569
95468
1409
83314
43266
24916
93348
73517
26359
10485
2502
16953
82606
97689
40810
41981
51588
15230
18615
44742
38392
29252
31625
60323
35981
57459
73364
78182
88329
96008
63375
75370
94184
62597
36846
60695
51993
78180
98515
97655
721
74599
79519
47685
9547
34393
82126
48388
62046
59365
84383
54774
66898
10809
48312
47596
65045
88369
37486
94239
43185
80936
27378
44104
49450
27380
64061
92039
53973
35890
25214
30995
40667
51585
60728
8810
16258
4548
44821
53725
70974
86173
94279
7957
53459
57098
16439
92918
73777
24176
77252
93736
16947
19268
25949
47083
97051
6052
68708
31780
327
36602
46050
14836
51895
92831
26830
74739
17502
3449
62930
77640
22344
44234
81778
60350
7922
10523
97061
3630
55153
87304
79894
87133
59304
44627
79601
26974
67513
27671
93397
54596
73538
93767
67268
50920
20514
17090
61708
60209
20343
50766
61201
95178
88913
44592
13219
53484
81089
11326
55918
84398
82256
30072
19149
98656
46275
81528
61482
65666
49527
37414
39921
31198
86052
45004
56522
73318
67149
45603
17903
15233
49394
59403
82587
12502
33160
79291
69776
60784
33662
13024
99658
35793
58456
27213
8385
24256
55978
92777
77660
15339
20668
97718
28806
66511
84078
64302
24224
39001
17212
52379
75279
92781
64446
80351
70069
8558
44592
26835
92417
48855
14622
32800
26288
55627
98096
14344
89679
41148
60580
77906
665
57047
56456
16682
81660
25245
78059
60244
52996
9912
274
91047
1221
87415
89243
85306
98420
99125
76924
2240
8920
73497
30134
56893
54488
82313
16701
17144
94058
21593
72056
66376
80422
79505
26232
25234
75481
58798
21125
96227
45503
83545
46142
83175
4302
99480
93409
32403
16631
14757
36115
84780
28728
87045
65918
11601
25433
48780
83886
43315
7857
3700
98867
88500
39926
16971
9895
45285
37543
97843
99238
49263
82787
68781
35379
92033
62461
99712
60995
49589
32840
49136
63422
43156
31013
43658
39773
61950
38403
13227
27240
65559
29908
41729
67939
598
69151
12063
34569
62158
3246
14692
75057
60925
21349
43262
64793
36985
73244
27893
92517
6456
27272
83055
52982
67121
11977
16285
51762
91993
56418
22001
92264
80452
8903
67006
48586
30689
93364
953
49393
47157
99398
93788
16758
74999
57414
60668
59870
19740
63977
72765
31190
16616
28645
76260
28816
45576
37276
22913
94535
3063
82734
65266
56585
37118
8684
1231
17157
42675
42694
60216
76614
33421
5044
19671
75033
31161
11770
82327
74059
4213
7532
61314
39177
21827
16479
98575
33099
7015
39396
94792
18155
57258
31395
65049
88970
75449
12212
7157
99334
63980
53527
56000
69193
22030
37565
69244
16202
62754
3488
46494
72801
7932
77843
58966
60661
70609
62217
69605
99582
61277
74169
73660
28420
85208
50938
79593
39240
8718
20577
31212
84766
86623
48387
26585
18636
67312
4138
28423
86104
64321
52971
77091
40960
94624
30650
22985
44570
74400
88571
94019
93862
64780
85269
15552
57470
35930
22384
73920
8575
14258
43982
52831
27772
58925
79913
14574
4452
91923
46564
1870
21118
39258
27992
12453
69310
45095
62438
80636
27244
33953
81478
79839
9236
49272
96510
19739
43321
2461
97748
17749
56746
27821
60516
82574
35414
63199
17365
76511
15056
62535
29615
12897
10809
8455
40408
49164
96052
24519
11325
2176
43321
10555
72651
33529
25857
76411
74554
45595
8011
7679
25263
49583
43684
7813
80430
8394
11733
66393
75427
97661
90388
59630
94757
83127
31909
40262
1497
1089
98149
12390
89935
43654
36185
50509
24993
32512
82271
79276
62470
47909
47354
62254
35280
70342
6107
60593
19832
94717
42930
67739
70130
52766
83656
37363
40002
47267
53572
74514
19738
17676
94208
39687
5646
86676
21027
73908
55650
50141
56755
72912
41215
77258
76825
26892
86773
65605
12065
40750
69734
7981
52626
91081
19123
41124
12671
75934
87531
14771
26976
58122
41864
78546
24410
23
91096
97741
67161
88242
4177
32129
71451
4931
845
13289
92112
25579
36766
74894
66937
93092
51117
30618
50997
88872
23232
2727
3485
97067
7978
62116
27590
6751
54403
35104
65472
71057
70132
14774
59320
23884
47901
11381
13030
18012
10927
6015
19655
68239
56656
77306
96907
69145
18265
97374
46886
66869
4169
89822
71801
81496
71676
23004
7231
49762
98234
37319
8613
39910
26847
19112
25136
50795
88859
83265
3391
3994
12086
32495
2821
33820
73125
39256
62890
77467
64678
11925
55608
55730
58866
51191
74466
25808
30357
59528
50033
13512
50556
1868
65732
78120
79136
48316
59586
65769
88179
6209
50601
63649
32093
57798
34043
95071
76290
75054
13270
96314
70119
55700
82380
69239
53189
87016
1032
83146
3123
60050
74342
16954
60070
35176
10797
6701
89860
26171
21469
28723
21748
69334
63545
94344
99415
13435
6155
33272
48980
39815
29236
21002
91031
8355
53071
11533
38299
89817
42744
76379
41421
58703
83684
64966
86461
26013
80658
65778
80068
27844
13336
16780
14754
30885
88297
53691
9036
94739
83433
3101
10544
73811
37148
11484
83039
6975
87741
94128
39129
43581
9132
60459
4486
46607
51417
83922
44302
571
25543
9495
58348
75368
77878
7936
21295
39312
85602
73513
73819
10984
14802
33011
89932
40458
21504
72895
33538
98836
93877
37513
54037
83459
11022
40730
50047
3029
7171
31942
21152
8548
19826
45404
20855
76184
11515
47409
37561
66312
92144
90090
4986
65326
2463
11931
11622
99509
54731
83620
84068
19318
92101
25960
29390
8988
48023
94378
87034
30217
29276
3916
15536
60219
39575
93824
1329
70911
22374
7967
79294
80549
32622
80550
5029
46451
8940
25625
98066
68293
38882
20338
11242
8971
34388
43434
43191
16102
83877
18546
91774
98603
29489
15073
45569
83548
23254
42435
73537
86756
80552
7407
39063
78026
34463
88151
37788
2851
87529
9648
15417
42342
41620
6315
17782
26478
7605
43759
329
41143
92752
1196
38565
89791
44353
80293
20012
48648
64610
80960
69729
65241
34464
76703
82220
39384
257
3230
16909
5196
49218
7715
71297
28137
47401
29549
61586
13688
27930
63802
61234
56341
36593
89209
84483
67847
9547
67971
64989
3069
37018
6267
57097
49226
48697
3588
2924
41612
47014
83783
51397
65901
79879
88774
92748
10082
4900
57541
69172
35746
21144
35358
99649
11196
37925
56388
98804
20287
59947
30460
33371
94514
49982
87851
16223
20116
7804
25250
7605
72057
53379
47491
54415
93873
82991
76194
18514
8152
62118
25322
94146
28856
58769
40205
4935
58633
61405
71695
12475
98787
10052
21043
10845
75519
64826
52265
73139
93344
25748
35839
600
34403
21618
66127
11767
53566
31230
78331
32731
75016
65630
70499
28486
69135
81052
75378
22997
68797
53121
93327
65062
47849
65862
66281
64166
5756
6700
66813
61363
24800
51010
15826
55715
90464
11552
40270
78382
20431
72638
69382
32213
54027
21502
6557
56114
74804
4344
70597
47765
89312
77570
82706
71971
61583
90094
99291
62457
46964
53537
80669
11774
22560
89862
32888
54773
78713
40741
80617
73846
66052
46615
32953
80397
452
98934
62210
19098
1619
32361
95941
81730
22838
22015
79738
22087
14594
24732
22133
78557
56132
53645
75408
47868
26888
71766
8815
3761
98646
95586
94884
60532
86433
99713
88812
80204
35190
92602
58501
49442
17086
42379
38281
19669
52897
9394
44979
64068
76792
87375
46806
31839
2840
4188
66798
91718
25109
87335
56035
77424
70517
97197
73439
46404
46678
86245
23064
42221
45317
66736
90032
80349
88374
6406
60252
98879
69285
99161
57759
78522
93466
33097
19728
61271
53584
13365
67562
21684
21173
11702
72056
40729
4310
38042
2926
62634
94913
62795
87409
87513
83148
26714
60867
26481
95774
39077
90315
14331
91682
73037
48775
51047
95325
29127
94931
4669
94014
83421
38535
87277
36014
76376
34359
2010
47985
26206
69371
80140
88042
61231
55261
1346
50205
89607
5721
3984
78850
47949
76524
13598
45567
41374
34175
11676
91922
36567
21667
91423
10651
95812
64376
83574
28863
63314
45663
31501
67709
34229
92595
66600
26252
82274
29870
61394
5964
62627
98981
89083
98673
24873
94831
52364
63369
12179
85526
45890
40798
30819
96493
51851
69436
88955
98113
78730
11619
60036
42235
79493
82613
7247
96357
78589
54219
43208
91440
69628
53871
18194
83198
65739
14590
36242
61371
14560
31803
25092
78694
27905
80364
70412
17795
88265
63857
42935
12417
84894
84762
86904
46751
95196
73825
63335
38905
48526
91194
40615
41193
63410
21065
54832
39336
79494
98117
25882
37015
6435
43180
58838
37950
54356
15697
61511
90868
33399
76489
70107
63889
50871
73988
91389
16044
80317
90447
77754
93434
2121
76952
60716
38778
93745
81917
65893
66581
51914
63930
52595
71577
76902
79279
62209
87910
15398
90985
22943
88538
44644
83941
57187
12299
82726
10575
14855
89910
81236
34882
51172
24339
14255
35617
25246
67185
30398
17787
84842
14391
60280
80204
89757
30291
57842
54016
72649
72300
78567
23995
11234
38871
47360
4725
51414
68415
49826
39851
24549
77902
99399
88064
81020
54329
73471
8978
33133
34621
17134
6801
66342
5979
6531
35992
82993
39254
95969
46945
68910
32533
15933
9860
26468
58381
69447
52122
72446
48277
2835
82491
78683
2046
16361
62436
95588
22309
9660
16034
96479
19843
68399
1824
3151
76406
60936
56237
30108
57974
2058
73823
5765
98927
79935
8731
36941
89723
79774
28258
31059
14969
49602
99179
99189
44607
22223
26913
26538
59073
42881
43030
56729
11472
85107
71439
53608
89291
45783
57413
89013
28873
66667
57279
69103
63533
57338
21901
60178
31540
84125
94293
271
80514
56299
2103
95223
6619
25607
19713
73600
29299
20102
63606
31329
90723
59701
71392
60710
62490
38374
9969
74653
45361
45621
42311
56213
14204
52385
62589
69387
14060
47294
69148
92074
24825
49221
8262
54846
82804
33286
33774
53354
86990
32591
3529
42325
83821
895
91385
50036
89104
15006
84831
56318
95647
87917
81374
44018
89102
70746
35074
89985
17963
86003
90323
59017
16283
52077
11257
67382
36078
10069
15316
73164
23893
48489
76496
12360
82598
32514
58712
67852
57234
33975
47532
68808
99207
56052
26545
89905
26481
9963
45062
56481
56947
38061
18403
23034
68513
79791
1125
927
18999
82328
88456
94010
47402
66425
26322
7204
83761
98290
48379
95003
90494
54180
17330
56220
62067
98651
58777
40587
97589
6375
58828
57106
52650
7896
8635
23270
72474
36021
32822
89065
56413
48067
90637
30689
95155
25036
74666
47336
76116
36317
634
30663
32377
87944
80689
31126
39613
17137
46707
69651
2019
71138
4850
62279
70274
60576
11871
5658
55308
84410
6409
39929
40940
25225
58864
56794
67310
96605
89927
29152
29489
1658
76371
69065
18602
36624
25120
38559
45623
1139
94819
4898
64706
8137
69437
50596
54856
77126
84335
56102
9576
41368
19899
55661
30283
84677
94001
39745
65560
69654
98520
6097
44528
40431
86559
68354
38739
96408
73691
29627
95542
86827
35268
7875
90830
85437
28216
93595
60428
65961
53642
1831
68325
60924
35130
86529
64009
34504
22581
55283
95990
87666
40143
32885
96339
50024
14510
91822
8591
59199
52006
89875
26730
4972
67903
59783
23578
67109
84600
298
92236
1881
73244
92768
26438
85553
89292
38831
94736
7209
69215
14347
14707
6861
76490
8905
52838
20437
49393
71149
84231
8096
5177
78093
76229
39591
96296
68211
6437
36903
93696
83537
4436
3081
79946
21859
99143
25902
84165
4652
33400
63127
25355
97695
65601
72896
41633
33649
70779
95512
57140
79900
99883
4064
22903
4124
25515
66606
8751
30330
3377
35435
6873
9206
27042
46199
59785
60935
85676
15970
61706
49119
81811
12751
70783
77411
17655
34098
28139
49639
5082
25771
2502
75575
55182
96038
2647
95533
2793
18915
28333
47609
21226
86626
65212
23025
60713
40965
43704
19686
44925
31933
55776
49796
24006
65775
78906
21729
36807
76398
53943
31890
1807
84217
72878
49761
98252
81051
40835
19976
99957
67988
29387
5226
10209
89531
65796
6012
7057
53274
74429
27092
74672
38006
4360
60787
52232
80845
71792
9162
56188
902
79783
38917
63508
53282
68795
88153
81314
83404
49019
10484
48715
33
69435
21185
61515
7172
28931
91406
68448
10653
5323
18701
32031
69916
28611
94172
2324
20410
40701
59170
55590
68912
30102
43129
74940
61033
59226
69614
53411
52555
71139
97629
18745
18907
86502
88091
9782
88652
67683
32811
56994
18571
68070
64746
40793
96071
61197
18991
95150
38156
58667
85096
92647
6989
72596
96661
276
53032
92545
94833
40867
22282
28457
74746
45169
13030
49384
88478
65032
47679
95843
30386
78241
6927
83086
41018
19203
67473
38373
7351
45027
62529
7361
84739
93153
72897
46338
41886
40064
96194
42889
69368
87874
27587
64326
76693
29092
47036
69614
50507
96164
80892
41523
61860
91296
67914
11296
95706
65676
57696
54619
59281
31872
59033
15737
10226
89877
96695
12314
89494
34114
24595
15857
18304
42301
61976
30129
58777
6155
10451
5068
22307
13301
38349
65242
319
40688
55127
75113
83559
76626
81352
1604
75880
71303
15216
2245
30778
45813
45358
81165
50339
73437
25668
35016
11640
51153
221
43300
68759
18463
43614
94736
66075
89909
94432
49142
53601
47504
30012
77083
35450
17968
90680
79306
25814
2298
49666
14073
90955
98415
67339
84216
45320
15156
80067
15194
45834
56303
2315
35763
71770
27137
17818
67039
55260
35169
19736
94500
96556
84922
2241
81842
11989
95621
4342
88335
22919
23067
16894
31936
70593
34178
85676
86982
51638
53226
99173
69395
42848
98555
44753
48616
37566
91277
42697
73963
81343
50796
79972
28030
77439
14637
59487
76072
74493
10146
54841
31494
46885
6063
67503
32340
17830
49928
46465
28916
59492
68732
73081
17046
5653
54843
92179
15007
41332
55687
93859
88704
73001
75374
7663
52507
89149
34856
52871
3225
32909
70035
97693
18235
8327
21330
11768
16664
60385
44791
4242
85277
37654
34763
47973
57127
19236
63405
92584
61312
59837
34632
7546
36315
9029
50359
59961
91422
60578
44940
93195
96809
9888
6972
28553
43124
24880
58806
35798
24911
60314
78038
76625
33267
10690
49682
80964
57618
67862
2337
12704
42624
14748
43053
83960
75968
70056
97908
37062
57787
50992
80996
85537
56894
46251
24525
18458
17876
93297
51664
92944
29270
15366
31027
28299
45139
54522
57766
92026
95385
44659
22672
10072
77410
20078
70195
73368
21558
46324
34937
55696
31768
83848
52006
11321
25091
89479
71608
96550
49931
98657
69380
84344
24154
28033
81076
61808
94080
58391
21649
16813
39809
5461
47927
28720
12938
29715
27259
64251
42315
28236
37155
18778
99423
66971
39653
78509
86076
89465
23799
48292
53889
74841
84826
32615
82485
89544
34162
78946
71475
7917
15610
75665
85254
85340
47202
55827
48558
46934
96682
91962
73500
98726
8873
3705
19726
24712
86285
1596
94886
84990
45477
12802
1732
623
64670
23689
42908
22357
65959
47340
13308
77190
111
3743
26815
66277
81481
23801
92250
78713
56497
21544
27437
76156
56348
73540
72497
7538
20409
40480
19715
70400
65139
47868
58195
92892
90379
20678
33972
64120
82467
79335
58240
69543
93533
59596
47244
88578
84760
17945
72774
20826
44137
87950
77637
94903
55736
97984
92455
52781
61304
33202
75790
7254
66287
69388
39579
17793
40781
60283
62646
29088
36039
2204
21909
31653
97020
23856
41463
15001
42519
21556
99895
39562
22677
22243
44540
81956
24285
12365
51709
97420
73227
80937
70802
50448
35509
62758
8324
34822
11970
42052
82267
28250
17836
34895
94290
18219
74291
73288
87816
36138
43812
15486
78463
67899
19870
16812
41381
67908
73592
46546
33514
11654
1819
34403
56293
68303
84629
67370
67888
47900
65660
74914
25985
21768
33350
71510
59503
85413
41914
96259
81250
43331
12633
21308
34366
55313
50936
41455
76086
25504
98528
76184
49530
39128
55040
88077
78270
20150
17917
64906
13726
85229
88636
22734
28481
25007
90803
3895
88884
68591
49363
94497
21952
63494
50523
4632
4742
10933
52251
8362
23722
62634
27085
27084
93184
80961
66979
75553
13584
37704
73438
46246
95457
5831
34003
87454
13759
8170
47867
37516
25412
33655
14812
87802
60961
75867
29749
36207
29745
60210
53897
44333
48538
17344
88351
73418
33547
30383
96685
25554
46205
89098
25152
3416
96706
27235
48723
35267
35167
44450
71902
12160
28750
5123
80916
74836
82996
23405
70762
39605
1573
5298
43922
10316
76784
64793
91056
58509
4574
15900
7751
90635
774
33156
77559
50172
10591
53532
59861
47267
49592
74879
38912
29797
68848
45041
95237
27785
11429
71637
94043
5937
39894
18310
41039
1825
97083
91007
93392
86731
66383
18338
91995
37654
80655
14781
84958
57057
16383
2005
44341
18235
67392
458
9543
7019
44756
83743
34180
9471
45245
6875
64837
27266
20915
31134
4313
69164
6195
63976
62637
26716
1736
49190
6932
31971
41757
10240
23770
44120
4572
71627
62832
58920
59482
42713
36984
48339
72156
68251
85800
68894
48914
91441
10749
74898
85177
19624
21883
25786
33272
93990
77324
39288
69500
5325
61206
95855
59593
66847
71992
37078
93099
28772
43187
99978
49588
34263
39356
55656
9801
57487
94172
84413
50517
25395
91529
98065
74699
72633
85282
14756
81472
18101
36346
92365
54374
78999
21325
55376
90345
49375
18994
23733
38910
99045
90509
17335
56654
76935
60667
27395
86628
67992
8655
20096
30099
77267
26714
12106
72707
23374
29810
28884
89527
44076
83249
93594
15413
3920
85003
28368
88913
13598
25706
33160
17102
52450
84979
23601
69330
14559
832
6987
37045
14693
83230
37152
10315
49195
52479
12675
4967
43122
64499
75976
8831
61817
7622
67046
83912
44130
59798
17176
30655
7051
15794
46006
55965
44127
65131
35534
66564
40762
57741
82080
38167
58720
81095
25609
3903
40831
83687
90689
17819
17660
27606
11833
24861
46968
9048
32561
20373
33876
4789
59916
8423
80943
17593
61705
98418
23132
71480
9462
5985
25306
23841
45552
383
17041
90391
98380
58444
96656
81386
97400
96350
55023
34041
71465
76413
38015
34998
67439
2805
73564
54313
28714
10295
88406
16947
33145
55350
13370
52114
92848
56166
75954
96407
85412
91063
91346
35946
57913
68308
9631
6732
44619
5455
93986
34261
25734
46292
1556
65292
70503
36440
28447
34933
2442
15251
16795
13375
87848
49186
6592
96426
53781
84620
38357
76541
54610
8574
36667
64922
59634
55948
50514
72033
64901
56312
61962
56440
40005
63087
17690
45955
44236
26900
4010
8365
43768
54076
63000
6428
53056
28218
1511
21478
21311
47041
72019
63194
1523
55308
65184
22475
99560
54467
14617
80488
66553
79397
35126
70460
88460
84256
54837
63184
83144
16194
63285
76979
65638
43126
57190
97240
89434
71382
93705
65296
40712
88662
36078
4162
67738
6852
23866
39798
78487
86097
84812
33722
82888
77955
10078
33149
31830
82926
902
74040
21511
78005
40374
44419
36431
42179
3462
17293
79497
21560
86685
40280
61559
61543
32175
10542
5527
24150
31374
69568
90325
75357
36258
85189
52212
32635
76815
51282
703
90636
10069
92893
48378
3052
77171
81728
10014
90851
85458
1996
68387
45344
3547
91574
85958
35828
31077
46429
27161
60142
75878
59296
16365
73082
47323
96556
21798
8114
65463
5524
99468
56954
35545
44904
97240
3325
21965
26525
55532
38090
49215
1478
44756
16103
7339
56635
78567
3924
94257
98450
1901
28642
39659
36114
14976
39982
37347
78990
83289
15238
8291
76896
83318
49593
30562
94260
64248
42325
83950
38175
25527
72232
49730
7602
76588
30166
60525
19824
33546
94963
52663
83809
30996
5967
6411
69211
16494
31284
89846
4206
85202
22317
76269
29774
23169
95492
12406
74440
51357
56153
40359
33463
28805
34199
95159
71312
46946
2702
53950
92205
91105
43976
47532
1184
44653
37555
4141
57713
17597
39736
70326
1142
75749
66219
63474
80418
47957
48399
3244
65007
64392
79735
50673
74019
32242
53582
10198
69165
49461
3686
79277
87788
69950
95530
36755
95962
50185
2668
32557
93315
18626
50947
67090
36043
61069
3061
41206
47218
60250
89466
38778
7678
27476
87297
40389
15046
71792
32942
39077
45832
54854
44242
23056
86160
40886
9751
54748
85068
77547
32011
19436
23786
93251
65110
5351
22054
34172
10235
9415
31228
58553
2659
490
87971
5975
13720
22969
38410
81829
65724
89094
57481
43799
40550
59024
32400
67375
98238
28424
66480
97974
54864
11545
7708
45759
22175
85985
86469
53354
60968
70208
10168
41586
91788
8336
33910
12660
65229
86926
58175
24934
13751
32489
28130
20702
18235
35954
92752
25432
35663
27590
21847
30998
10048
72214
10889
79485
71389
41115
44909
93443
99983
80906
58858
68641
92363
75945
89450
46258
33077
86762
62856
34339
68292
48490
53615
16364
87253
86948
78620
6734
23781
60702
54246
63629
28137
87713
77936
42979
58344
12560
73096
79215
39181
77291
33049
64443
43588
67513
7063
7143
41081
68162
61494
91254
4822
86875
32067
9299
82214
30122
96968
63583
79377
83298
80120
79526
26202
66085
56703
40579
66727
33559
29722
11263
84809
71321
35872
12167
22638
81587
76738
37814
97613
50804
4863
48449
17639
21432
82436
21542
42088
35443
22273
33688
42790
66821
45574
53675
82328
77168
65833
61980
49457
34402
74106
77748
11443
11152
34967
68159
75066
79876
21288
64870
70637
20321
95111
7407
63916
40291
99577
63336
41989
58938
68951
59401
71236
7098
16027
18151
31920
48352
40531
76187
9081
9332
35773
76342
42157
56343
23262
73588
24994
28055
89659
20900
51989
54848
76943
50080
42035
45896
57810
1368
40788
95798
87008
47321
66214
60701
63998
49294
53455
29144
24771
93668
69894
65061
3605
74726
19185
12852
48999
62715
57017
75428
27847
16071
89543
24161
26446
32572
33535
41423
5234
14059
42415
59385
37541
65484
90541
55357
99763
6545
91114
23588
10450
65327
69158
5274
41636
41999
74485
28659
53726
5669
7325
94108
69601
470
3698
62315
47899
24356
67648
79604
7267
75181
20568
28812
87471
10766
10344
39473
55585
68662
67350
78095
76355
32625
42017
63804
27051
3817
63566
95578
76329
23115
61527
13286
46345
73956
1501
28522
29346
99518
5133
46298
47756
38001
72610
21984
2324
96230
82201
16995
97171
57212
80285
79440
59484
22753
49521
22043
36002
27792
6663
93399
6980
91283
89786
87076
76211
89769
18266
23187
50692
75032
25308
98175
4703
60271
74004
61451
56904
2862
52383
56026
59504
72155
89740
26627
8051
29389
19268
8926
76064
86169
87417
6622
96853
18192
16455
10283
29329
74990
74627
53399
52793
49158
22932
32127
63216
60425
10894
1587
69230
46430
88529
98045
81277
62033
279
51326
53143
92827
7506
89908
30117
25519
91310
64338
55649
13523
17508
30876
80682
84913
47216
7368
16813
8656
58562
59363
87747
95381
52553
5146
94160
97548
15911
54040
35582
68170
91522
91704
86637
76266
65733
43369
41152
5849
33932
30821
80884
46179
96051
43969
66102
84625
49829
47654
80226
3585
19948
25374
14012
3655
23545
3153
5083
16363
9480
98924
41105
78600
58667
34458
27545
64891
69540
54789
87371
10671
50431
95702
64353
3502
17429
11388
98935
38210
81604
75965
94038
64693
68919
37752
46173
16143
71057
62616
85565
55150
19713
35702
90075
51001
87495
34562
13040
82880
30331
4608
71904
77369
29602
63036
25698
8925
58860
68784
49370
91095
21226
43050
18087
97059
86097
74238
30335
62859
50477
55844
75602
85683
60875
38359
71753
41363
62362
24121
49366
11375
2185
314
2922
46566
12687
86600
18306
14312
68483
13856
87374
44126
68040
59120
14879
75873
23501
21736
76698
41732
16662
43442
85089
70367
65102
31149
72716
22601
28079
21050
43
63521
70854
93729
76720
52924
17230
3892
90513
52064
5566
60411
82639
69490
60271
69455
22217
91126
61182
6
52035
2360
653
4455
88142
36179
92334
18281
78593
24152
4975
71829
3832
18682
58233
90736
24249
54578
2452
91745
60075
34693
23454
37657
39872
21825
21011
16058
92696
63247
44148
75172
49829
32194
14375
94748
20229
22796
86646
30344
62485
25293
89864
61775
20948
70106
51541
32711
63378
34293
72648
4235
10993
66045
17022
12276
3663
31766
76032
6469
28349
70800
76723
73200
83915
53881
86595
5278
29299
95481
1030
88639
67888
34244
80332
14210
45219
57635
98777
834
33052
58923
52573
29438
12858
45490
22267
67519
71214
65060
78025
75177
52261
43955
48546
24808
36834
7373
71344
39957
54231
75502
660
73480
586
84635
19272
86756
25387
32035
15886
92857
37631
35901
45814
89381
21571
71025
65906
15419
40823
99375
92548
71822
31327
48179
89748
50423
32398
9625
42291
64312
94862
85057
82824
31456
43955
29164
38521
69881
28684
61655
6002
86598
66824
24741
79575
16440
56539
25939
63607
88370
86757
40339
40548
27968
