40224
71112
77982
27446
64214
66247
14481
15064
17396
82148
22357
8530
73195
41640
831
97272
93878
27553
46329
82443
711
36899
46484
23032
69038
84491
47741
28093
46101
72345
19381
6532
79141
91990
58126
46249
9173
69373
49611
36762
16365
79875
1368
19850
11465
2128
27954
98343
20515
45797
92048
29981
55817
40359
51109
16820
87795
43369
12615
22506
12157
20882
37735
59943
68763
62612
53636
45520
91641
87731
61604
32953
10644
94831
62433
66851
13480
41859
86596
13695
70092
67281
45355
59812
45159
58932
57161
54643
23725
98990
87803
6740
70488
81673
61605
41869
80000
66563
51428
39055
64878
56067
10022
88717
21281
7623
72660
64475
64040
67637
96781
32741
18937
95671
2377
74808
49729
28321
50883
1581
60557
86100
39900
29727
68454
59705
51881
70862
14127
1870
70641
24004
49019
66962
5524
85831
13650
57427
40065
45430
88181
70482
10646
76407
86471
87561
4093
98374
28179
93315
21887
81641
59453
35405
3735
93475
82193
71777
44570
77250
57230
59930
23478
51660
18357
10759
18879
68351
71346
12967
45083
78042
72686
84037
72829
10175
15651
85986
80082
82183
50696
44883
69860
81494
34662
46178
50330
87261
93275
20158
24773
13683
19140
14519
70256
76688
96749
8690
37648
84725
44444
68972
71327
85156
52264
72931
90037
39952
19379
32495
76719
29272
97850
18691
22419
18511
1867
61237
34589
99088
83807
12019
32669
484
53398
62481
82429
7797
11246
29558
23285
88079
11176
86355
42868
69657
91647
13642
40118
49579
27498
35017
53854
29726
79059
31156
486
24288
90973
48599
30752
20143
8598
87598
55635
90903
62003
12076
68638
52697
49160
32767
20135
74167
36875
88285
98985
33945
54056
17529
70165
92917
98413
60626
67896
13125
93677
95467
26832
85079
91253
17461
60552
1711
89073
81833
38957
68676
10055
91669
7030
20404
48351
76220
10548
74860
87335
40125
79019
10332
90070
44498
15867
56407
67080
72534
98734
72789
95962
60473
70067
84979
18062
90453
8932
90162
20789
55500
81281
83904
59074
7016
35644
50604
30104
64226
86723
80623
47974
83329
97135
84249
27384
66650
73715
18324
95170
3549
79160
49374
87168
39410
468
19453
23954
91089
13493
49766
31395
99999
59171
21211
85648
9043
97899
4887
59552
5187
59442
69759
7237
83106
56765
91466
61093
55966
62780
7392
11350
94371
38091
59818
83409
7191
29260
78739
64515
4193
94767
56016
80385
31649
2699
91259
42063
14223
83986
31000
39813
26681
3616
64860
68267
20108
64729
80852
76186
15222
97577
29158
30663
86156
28062
34713
52166
26351
30237
7612
52787
84163
9027
31272
67512
87989
32102
25846
37273
21919
62668
7499
79475
66557
98718
3369
96532
65280
62038
35292
68882
48076
34999
11048
80509
17756
29840
20629
71397
10543
66555
15679
47660
14265
4906
31508
71243
64675
73031
88438
54023
72399
73301
96635
92163
69456
11158
34654
11692
1021
12798
42683
1590
52842
27504
13577
78285
33444
22283
94469
50122
49777
67942
73786
48900
45289
60433
92832
67560
85797
91342
54493
34090
81139
40668
88082
89357
46905
2532
11194
75999
60058
74172
78004
61468
23282
47028
62074
15892
716
81484
84050
79367
60888
39993
86685
60085
67620
80116
44350
43678
60677
10469
54016
30980
57943
1738
31268
80292
21706
59403
50516
51240
91022
45907
53885
33088
16721
96126
31265
79736
68499
63783
55191
35385
34291
67273
48033
23567
19605
33010
49296
13712
4075
65023
72523
37182
18946
40685
73752
84075
4570
80621
28029
22525
62904
60605
99535
66416
60474
80643
96564
60933
97032
7826
89515
63272
72148
18810
93720
44958
39554
99666
84917
76737
44567
72131
40102
25810
18436
45401
26469
89574
19406
47561
95547
7170
30767
30518
69764
48570
68222
54219
8154
10797
38173
78104
74629
56553
31609
60934
41012
92889
93848
7438
73019
63243
10126
68681
61486
88556
8464
30584
89475
51109
35250
89092
29964
11299
77750
35706
18836
80867
6220
74439
79645
69037
9829
85138
91108
41500
16847
64381
7920
48596
18902
37150
58097
87244
80785
89619
39756
92675
26097
58620
10312
52898
41471
46236
17725
37455
34128
85568
22368
96198
47917
275
81001
10288
6270
2405
76866
45083
82091
77023
50865
65516
26032
10425
94606
15664
88926
24878
51079
36949
99160
78561
48605
85756
26480
52055
50826
88503
6259
5182
98703
94597
8342
34813
67493
23646
54684
87031
86379
72818
56666
36174
42118
39569
940
54347
4328
59797
89946
25480
54122
1571
81170
44562
52422
59310
67195
12574
32544
56640
80759
26117
75400
76949
14745
35688
62756
69738
75220
87468
30603
65948
7341
12873
41145
47606
93021
34108
33019
17512
19906
69548
15647
75754
77222
11917
69797
7809
77220
35579
75107
9183
94485
43938
28267
88197
70405
74953
73859
14310
73358
1583
21325
5476
83573
9767
87458
56560
18112
16846
82182
80660
13110
69413
80937
30584
69822
77195
13087
22748
7799
434
27007
6
25569
81166
71049
81532
55810
41657
25045
95301
21750
95224
73296
88850
53842
41019
86672
29735
93652
78719
24999
12967
20427
40590
11535
12487
82071
36787
72855
65651
98312
69165
74065
76266
71599
68334
76414
77522
28123
32419
14816
32460
72724
56981
37141
27397
33956
81258
2510
68028
30286
84980
27858
14794
87890
35449
79139
97594
87982
69156
46274
43383
57936
13005
42340
11337
72583
98124
87785
57960
14019
29589
62328
5422
73035
67989
71839
67909
84199
53655
79366
79563
22336
4813
24219
91510
62008
45072
1235
84153
42432
27749
27480
94101
53589
8058
57711
27644
16796
91412
99204
54011
18183
78739
71544
56076
53707
91311
79384
79230
54967
43360
78867
88938
70968
96898
3905
90358
71020
41843
33129
87201
61335
17989
56312
56758
17724
94954
94006
91227
98687
37417
45927
84224
52232
62169
66229
2430
18819
24089
83023
10119
13993
51517
99732
81832
89601
15174
50377
53717
99265
76604
35831
11585
3778
65528
88417
42912
68316
66789
32905
27558
93802
85911
28045
60926
31437
71516
31143
24191
91528
81980
19959
98442
90765
4427
18156
463
1900
32155
59052
66674
62927
34528
85807
90740
16086
82348
25485
69688
92191
40929
69860
22304
65653
6364
63473
32576
85602
87875
55109
34230
97120
45499
12194
15161
38083
25991
76656
67715
54534
59129
56309
49434
45715
13239
72249
33474
32937
71129
42097
88768
46748
17661
18215
7713
55943
18494
98788
3311
38368
95751
58307
58825
90912
18177
49372
56983
11753
64042
67825
54442
37579
1832
66429
84375
41083
71183
863
45678
58675
58027
11136
46166
62933
41609
96145
82609
62423
73529
85085
82420
74331
48105
35149
15486
13830
82540
71367
60396
39072
6954
92370
52380
2536
14910
82841
79865
84777
30410
54015
99488
29967
43372
17919
83975
23729
32076
49128
20883
46892
42782
98017
82955
12404
27267
72817
60257
18414
54556
52350
51438
38078
48848
62731
32410
43083
70051
36646
98599
99842
48016
87545
31014
441
98929
11694
75409
9411
28987
53663
28049
30279
12690
53681
59885
76255
33911
60522
65005
83214
94167
135
59349
52175
72082
25760
50828
95783
50190
52391
67852
36949
52950
45753
15137
77682
21545
21334
24101
8610
47577
60998
40920
69943
16631
72960
50215
18807
68030
83859
78038
81310
29203
46626
71315
17174
73620
82389
12803
15802
67174
59912
18656
73789
21979
25703
36838
73072
98627
44075
10594
96700
90165
58886
9457
11433
66377
60425
90121
33809
30976
53312
96329
91602
94693
32786
35554
21480
7257
72245
53168
91608
48894
11779
99509
91021
53080
59615
74369
44383
58885
82024
85578
3717
90693
71505
6890
10386
4639
41539
95838
78935
52508
21159
48500
78949
4677
5303
89411
98126
55983
83720
38410
57607
13924
92276
44977
231
45819
40269
35142
10283
8144
89078
58084
75543
4441
24748
46731
82075
38195
86339
23790
10124
60725
64561
16245
49872
45598
48301
72908
59820
91079
50993
16
34975
69349
93721
53811
20234
50827
39644
24523
8475
14008
38916
18514
21340
42697
93670
77411
90880
40117
8811
85292
20510
82159
27289
2645
34922
60732
31665
32859
51074
1122
26238
52360
57566
54298
42315
98784
40890
85344
46067
97148
93884
32677
40364
19721
66169
88163
3729
91846
2909
23445
60332
15342
39669
51778
56094
86172
44349
63432
42524
69908
66461
14954
95945
15950
3653
28951
64243
9625
94230
75200
20634
40351
34826
23251
53145
31840
91392
68426
126
11185
59596
7330
52988
86178
86334
42723
56514
59661
12409
13346
10461
49301
69023
62073
4829
30140
99245
49748
209
56191
17612
82605
14667
81018
12489
64615
51137
60110
64361
65640
89260
6334
2403
43654
29212
86364
16372
90127
24804
36656
40787
80769
38740
35839
15845
99443
51503
91165
22459
20564
73351
70764
92733
12015
53810
48088
75447
56468
6845
44431
38877
92848
32212
92150
63060
63928
7791
87000
40327
43240
46367
360
78469
50205
38416
94674
92933
17923
26234
19669
49169
72462
84701
42278
32318
39403
66801
96628
68041
65455
49017
68699
47639
91388
25583
34471
10496
48546
22741
39301
72622
9874
55455
6367
39028
16323
66043
68886
35024
70009
31248
65679
17219
3716
98282
52875
13221
58426
99613
53994
5285
41859
91895
25554
92744
25211
48878
1062
67501
85307
21597
24275
92752
84120
14053
18058
37315
48997
90647
23717
80330
52008
43762
35221
33928
40125
19343
2096
43857
52714
65484
5070
54323
90374
20095
40682
89548
55191
42284
13119
35600
55623
63785
97838
26960
72462
89741
71361
44456
92198
54467
71551
51931
57480
78617
94216
83567
94149
8992
33590
72695
50617
29723
47750
53537
92871
22196
29878
5114
989
34226
23069
29996
43282
14900
87484
20472
6080
53117
84940
22899
59776
40299
73959
48877
58850
69163
21302
1150
22132
59702
81297
12192
11784
32597
34386
23755
55606
29790
9870
27058
54524
20385
7807
65671
21973
68014
96697
54712
1670
44341
33980
81933
89950
75844
61003
96327
16658
20850
19743
59725
60695
65485
20631
97427
49314
28516
37909
71119
23224
63210
63744
49399
40258
95532
2770
35640
82946
81525
56345
82666
74634
96653
48266
92254
80582
48206
60121
13430
38131
52052
28117
67526
34720
88375
87452
88167
72326
28652
1358
81745
58884
46230
58567
92502
68204
834
54289
26868
10452
62664
72143
79494
63231
69145
28840
90610
43506
56491
26138
75470
21519
38480
18278
76646
84292
8467
93086
28977
67603
65203
87263
38984
12501
13284
95041
51989
47169
51512
3049
66917
80463
5740
44841
97044
15934
1560
39270
76533
9795
28818
15540
24494
50838
60742
56753
9423
98493
21550
76557
65326
45985
92600
35503
32526
53751
17329
962
29448
52508
94009
27281
46815
55936
43397
99052
34630
93164
19439
17638
94980
36534
73875
4097
41935
1870
76496
53743
86964
94380
7993
6333
18597
51830
82514
46933
13082
18955
13117
21632
27275
5179
71618
5469
95365
87812
87816
11917
79595
54534
74478
90312
65773
93226
71082
11398
26336
93682
82005
56391
49938
41381
82669
19046
98952
20055
72424
30085
98821
96088
85594
95719
60120
74919
52974
73835
84421
20502
86288
92030
82757
87163
63289
3382
18260
96556
77075
57657
13377
10537
55223
70812
92232
90523
62923
17147
79308
87031
53145
7222
95158
27925
29570
19190
71717
60580
38013
53263
18209
16380
93983
61529
88179
21816
58162
8970
86785
37078
1162
10274
50842
68093
7002
13382
86395
26098
71915
2082
97266
88955
58101
51705
63052
92326
5340
14657
55393
63627
16248
3408
6323
96991
62486
6217
86462
77972
48017
40552
26157
67601
93072
21227
69867
47376
76684
38113
12728
24302
93125
23442
97424
60047
4628
75162
45840
99937
90535
94355
59605
70515
57375
25502
33511
51231
82974
47706
46124
40963
37752
29019
91699
36704
11663
47042
15114
47883
95719
65163
75379
32946
25452
66152
76105
31446
69691
92126
54158
37739
51186
42142
97897
16720
36865
70415
59408
7112
24962
81064
42058
34758
86251
24411
29004
72087
19747
22338
11981
65385
17253
9138
98450
69797
26428
98566
78602
49660
94085
1363
78703
70151
61353
94245
66561
26900
52765
72329
25864
28234
40390
69522
89867
43135
5289
7756
6669
35406
67022
27818
83681
44805
3156
43405
48402
95900
73864
31344
54248
34319
93708
99113
99947
42506
60591
6465
16857
80585
16195
6285
74206
42347
70472
21030
4985
32061
5576
53404
82684
17405
92294
1938
5572
84201
19626
44623
99625
62447
29637
20938
74870
15461
21563
42089
56137
20100
75258
67831
86068
52015
4667
41026
68214
54316
7666
32578
21198
72192
9097
58833
1284
79330
35127
20324
89989
74334
77582
13644
52073
92745
78613
33763
35653
73900
74400
97717
46238
11742
53924
34571
76570
77399
4346
26572
48860
62570
88619
23852
73641
71303
35869
40381
2337
87255
53375
9877
79041
8802
59088
71378
66325
25672
65057
36624
76983
87383
62220
87389
46329
43484
1274
49947
35061
84427
49822
33576
98202
69649
52139
43647
61982
68558
31461
32965
51713
45762
97520
41329
16400
67550
63027
12210
8154
37531
26778
34698
90757
47396
96712
90692
6318
84485
2862
20055
4710
39501
42892
78458
49305
13965
42591
8855
61092
83499
56027
5263
21228
73334
74759
56723
19558
36322
29001
42378
12728
64612
18931
80656
37827
57258
57780
22554
19644
9430
48562
85755
51643
7352
53418
47146
41118
44307
92643
45333
25381
78522
4211
53980
94652
35380
67499
10254
45986
74925
83230
96295
53849
55454
42212
36001
54495
28349
65783
87947
80713
55697
57371
66816
86337
30557
22052
31462
67653
33119
4318
77942
30922
42562
25028
56534
25472
42159
16591
54043
58930
23929
59580
76570
51037
42764
72393
78087
43990
40180
56085
43474
72649
62940
98783
27723
5884
73422
92618
69075
92257
77519
44756
14240
29979
94400
63568
18226
58070
98918
33847
83335
97708
66873
53720
61133
84788
16199
44652
54285
18406
98043
88785
99231
28542
86332
28357
95820
83565
36412
60706
33763
2185
79846
49192
10363
24555
67
23609
34919
49208
48250
59358
24428
93147
55070
59622
9715
22874
2013
52793
10867
46232
35653
1755
7430
98234
44414
60633
42418
20601
65846
28007
11114
94417
77572
91445
84293
71276
60935
68491
36666
96221
30473
73654
19951
26725
27247
959
14643
32489
84569
43259
76340
92153
59898
39801
36959
76620
32625
63444
16068
30910
86116
8456
59178
98872
95149
58298
96876
20643
63776
9700
69433
97782
39069
46149
20401
27630
10892
5223
16406
27360
94841
54743
60670
69929
85167
14488
79902
27530
60112
13864
47822
69595
4941
81396
93626
39425
5897
44360
95783
62889
18942
96548
12454
71500
69666
22885
57182
1325
26756
18723
87343
63831
18080
33794
69856
57838
85488
44348
41731
31597
35534
77007
44353
80559
12599
30981
55663
52419
79169
41883
28938
13962
85104
81718
2531
89482
4628
42264
55957
96139
62922
68966
22065
57422
27651
10311
14907
17813
2014
13879
48321
6550
42421
32606
72150
55023
62010
34485
82681
56565
3992
98780
2690
14064
80492
65712
5699
88976
94365
99899
12625
54632
41731
214
60114
94970
40664
52017
85389
66018
94950
2523
90974
62401
88918
33826
92864
89972
66034
66834
21237
78043
53691
60070
98236
68120
22171
6317
1145
81680
78418
28141
68944
20872
42190
56017
62643
50713
79093
99722
49117
87539
80182
96783
69020
85240
456
97526
47991
66847
95686
44377
34249
85601
55487
47547
55797
38945
74432
16613
76305
2512
87632
81885
35982
93307
62865
41212
30837
80209
21815
35525
24353
30602
62684
82458
87337
61374
64321
67678
41563
96769
44914
34139
98769
91172
44408
82730
79900
59813
53450
81825
32481
76061
72849
57159
35659
24568
44352
18393
12140
67357
70330
13296
83174
4697
24097
38763
18223
87629
72334
25982
56508
12506
25741
543
79000
35308
32777
6959
39316
57070
10718
61331
27232
50437
24656
62909
60774
91130
28554
82103
79311
58193
43216
62643
7772
38415
2331
26844
2499
42292
7766
56720
20985
62170
85590
56780
99873
49667
7729
1717
8930
58075
96406
72841
71461
75525
61301
95273
49983
51150
46489
11202
21480
34982
88653
2131
79964
93330
24818
40780
83142
95594
16425
17228
8855
32285
61667
12179
35043
67198
41282
19437
67114
11260
58504
17898
99779
9071
23660
3211
47874
92254
86046
3900
69347
29695
31701
2115
22886
42779
87993
33099
71256
57118
26124
43058
44232
60773
27911
85024
90706
1753
57424
39562
96626
34202
14807
14337
55698
51064
34449
86009
86073
67828
4489
40943
89127
68600
77757
58606
44609
57111
71947
69024
9708
9350
27
78090
56057
95039
22893
18517
64922
28443
27701
57194
29465
33379
58916
29649
60056
12135
10004
37130
41994
11073
86354
86489
80942
21238
80744
32876
86849
80802
53050
22621
11454
30756
62798
69321
28243
50839
75408
6779
57779
34943
41114
93449
58996
6468
75980
18302
99823
49955
50201
21289
3100
54778
24768
20497
90512
39872
53215
29420
34605
13980
88338
43842
62536
90180
47918
13795
62961
93448
59018
56521
74980
19414
85409
29791
25955
6570
55453
64107
17669
62723
8940
34699
983
61699
60515
19582
40109
55988
70371
33236
309
73647
95118
94281
35624
75498
39710
44695
48808
10669
56045
88262
60289
43839
28274
88527
452
89046
86266
38595
40776
31328
80417
17739
72098
82146
47313
38712
22616
97156
67325
93904
54154
45157
31205
69825
28386
73292
10030
95915
72535
20660
61145
77057
45334
33471
84011
60506
43333
51352
9304
62660
49806
77550
25279
81122
73619
70821
1491
89323
43896
66416
63028
72439
12192
7977
86292
26711
13258
74044
88290
69803
88998
25187
54159
26049
55794
79237
6950
91259
19723
84556
66555
5457
38326
72987
35083
46302
69987
30119
27540
76863
46095
65296
53078
74004
94775
27659
60406
35558
77076
87260
42192
78577
53245
8033
82131
30291
99165
74834
75896
58639
36297
84552
95243
61675
53512
75511
96854
24098
90907
5610
75428
52682
28380
33143
57853
33387
22391
84232
64687
20133
4756
13355
14935
46251
28992
52236
10764
3455
8955
3804
26912
76464
43260
88268
92115
56591
20549
69167
54056
85541
63472
57837
12285
45176
39438
78089
14626
18697
66123
53001
41958
56677
89575
86185
61694
28551
68835
47820
24625
26834
10212
28972
58246
63493
22899
21199
54041
28783
692
25559
78755
30795
33560
1375
61286
28347
63705
28371
88273
44846
66624
30082
72838
82367
88119
48826
23702
93977
35229
1954
55429
20202
34422
41738
14635
40712
72105
4264
55784
71620
19434
86249
45719
48928
92059
18331
37781
95646
66165
53280
16397
97981
31744
48984
80262
28813
80374
6476
68160
46201
89872
25935
42361
64505
12323
38698
2859
4852
74144
49797
38410
62276
38360
30285
91969
35315
13589
58878
14801
28476
60965
59618
26465
16427
99536
48417
12481
29106
41123
44213
71625
56633
33226
98249
53106
93245
47406
56553
62246
82185
64899
74411
27604
84072
68285
58689
49807
23241
42665
5238
62123
4705
57162
9899
29478
86625
59107
71733
40462
20744
59744
53018
24281
80266
86
84966
84126
66132
22302
26850
60734
20097
29837
48912
79756
75868
56656
57526
97457
59711
45194
27899
37432
27592
52859
24725
74372
38054
88118
22783
74165
14877
4357
50249
57011
81854
76223
84622
85713
575
86909
1849
78265
17005
52149
217
5623
86400
44121
30623
40384
80151
6257
54418
6126
16694
93139
357
80655
33377
57824
23122
29589
10404
8349
52645
83590
55936
19708
65533
82153
14005
54727
2725
90552
74149
76905
8542
67100
18602
15869
17982
80312
37130
53802
13428
88929
85697
55008
29489
95111
19993
15387
60275
99908
40595
6990
43978
90123
5957
48260
1107
24230
69017
41436
72911
60291
64731
34281
68322
35846
51524
11344
41949
74183
80725
91764
64509
26483
40160
3400
22310
71212
76020
90894
19926
98455
26437
5632
94330
30115
93613
96440
67686
78491
20520
92396
98741
20394
93952
64738
26463
98949
22159
12074
25624
98525
85128
90922
94260
67805
59722
39784
75014
95383
28856
2957
50525
42325
42417
77050
23126
13723
20198
43817
15112
16777
55096
62186
97348
35600
69497
85492
24342
11766
95667
86627
64615
65656
34587
28504
73586
29668
64706
99324
11399
60599
53837
33374
90388
61820
11945
36456
5427
42797
50724
93570
59338
13364
79012
59207
27163
41303
34550
84990
10464
11430
7087
1476
94762
41421
18122
91915
35991
26684
96270
97347
50902
59927
46227
91462
34135
61210
78250
72594
43767
98660
14233
86043
53147
17351
45803
70946
29366
9639
9883
92419
58391
96102
40550
64300
85468
4083
8180
24260
57120
48710
97208
44657
19335
27543
5557
74118
87969
4153
15414
33538
58840
60448
25458
63241
60486
95772
74092
69097
71131
9924
42873
89527
46476
63062
99447
10099
49730
1152
7238
59771
14860
36699
60417
79270
43440
50754
40597
60066
5646
58789
77930
9405
9678
57955
1986
48826
61720
47085
78197
77976
10997
69881
89131
1471
91484
55865
52051
24811
67557
88856
74022
7002
22361
42978
995
79120
90073
56033
93737
24794
75909
13941
85837
61701
47856
91430
41778
45672
21799
68215
24206
64781
17446
83062
92894
43156
50428
56634
24339
28886
75930
480
41832
18489
29354
18227
71619
53723
29768
90204
8054
18520
86437
62447
77796
53552
15437
95199
43221
15375
8781
44484
20732
7502
63190
47498
70179
1068
52805
53352
49124
36009
18713
41539
29244
12773
81280
27265
4722
41230
69004
35591
89316
2745
84225
66147
43702
94273
2463
34753
12101
61034
26119
40976
68853
60818
55893
94350
35266
46347
78205
97398
37157
91982
68554
43001
17993
48689
78525
15753
36492
40383
90684
44563
71083
1938
75449
31105
83702
73946
64631
99661
45991
70349
46903
28593
82391
110
64289
44526
2478
25779
42195
67152
41902
47754
13654
1198
97890
85026
19698
85682
68620
71798
76556
69506
89619
29488
65218
23082
59508
44100
63246
26261
24121
45844
21374
32412
34687
22790
75553
82535
97177
58500
73103
85311
15458
62909
42445
46797
2741
33435
56930
92128
13871
22158
27897
12785
583
31271
91716
11591
75196
7
88737
6484
6051
90538
53755
38760
72432
26704
90644
83408
27743
6375
65215
69383
43983
46232
85184
93320
2989
15261
2160
91130
39373
30853
41196
88838
70551
70904
13117
65991
38551
34133
81353
25527
31398
29637
16
9016
76644
93589
41740
17203
48884
4578
65555
27114
54190
54434
83082
17720
45039
93364
60039
27929
24642
49908
36219
42224
91403
70780
17749
91571
15892
69094
62285
67674
50863
43072
90158
60903
68454
25956
35163
37586
1567
76465
92305
29983
71848
27708
42094
17498
19130
26898
1900
1877
92360
65412
12552
18854
28994
72753
96358
75595
86273
79590
70800
72574
15489
84537
27811
97996
74787
39506
51437
67093
70381
70005
44938
90159
77338
48721
57234
79720
89141
93079
2609
40949
93736
59885
75301
91478
17147
67326
13608
86023
20959
41568
23988
401
3857
94701
98936
80896
12941
4590
95153
68993
33849
46389
40008
27701
41481
34324
13800
23529
71709
80162
89401
48496
95356
3910
96111
62262
56962
56796
74051
36325
16021
91433
15897
55081
2046
43381
2706
93547
53034
86803
12060
75750
78443
8817
36658
14404
70954
33603
98249
60893
73740
52638
8881
78853
73203
51204
84810
10383
36047
34244
25461
3870
10528
64534
58478
55706
16558
97904
98054
50788
74167
60632
29373
19983
18893
73731
93528
18206
79080
81320
25101
7699
8697
24482
25204
93859
77144
84180
60227
6490
35525
19925
80952
58138
85825
33355
44052
98878
32199
90465
87348
80654
49370
89298
97754
11721
57170
13965
12357
32237
55970
35374
14296
86892
94487
4963
5192
67258
98904
1065
18218
78847
78350
86429
83780
75101
89713
73798
62023
23593
37314
62850
97067
80027
91123
2143
89200
96610
98087
69478
77008
13683
15353
11339
53360
22909
97213
17975
29431
65809
12360
42316
12355
12652
93251
16204
30767
88012
86775
5735
29023
73200
31459
7522
30857
87356
2006
70892
35640
64464
26003
19158
13176
54017
50225
37921
84820
29694
15964
53270
96098
38729
92229
40891
67748
24394
15978
21198
57469
68418
73649
45725
39366
13127
36627
12792
32333
98667
63144
87044
43379
37484
43858
90541
89783
27698
87917
59456
4320
212
84202
27556
64394
20487
88239
23254
96540
61357
43121
48709
29594
61139
25616
39717
91436
2433
18176
83624
35365
75739
99210
1136
90123
32777
14509
83670
72762
23365
16783
91701
22764
12489
29810
3830
53804
478
31880
93969
77138
57121
21136
12522
2050
23171
12997
78628
86509
93016
3579
5065
2925
98352
14765
38669
8585
70011
1043
45252
90775
28895
61203
17767
97476
4260
48650
75984
49367
58784
15592
76146
16619
18262
4024
85087
45330
98029
31406
27593
2903
9524
46002
24125
70818
74850
74720
489
68497
50620
61629
70964
39988
30564
65299
30050
47984
38115
50053
94104
5073
21743
26900
25542
42227
26505
29127
66122
32523
70234
60333
38053
20003
9074
39655
25263
49394
99224
89821
59470
34444
67702
86734
55201
46953
71600
64331
33025
73227
42924
60938
35042
53966
23355
93231
48987
58708
91415
75303
75276
79077
97131
63465
54020
15592
6730
80125
6519
38605
89178
72220
76015
60189
68312
69383
27616
89918
150
32217
39031
91378
59953
71253
32452
5280
79568
11828
9844
24298
13106
73268
98609
15929
35797
25296
84550
58444
84073
65162
24159
81006
11852
53252
29248
92423
87083
21631
91762
90939
29090
2255
7849
85303
13
32508
10276
73539
73655
79463
2111
59189
98283
71468
14938
86880
18133
41126
88632
17222
66244
61020
49938
1116
73458
36578
60033
18260
83809
22962
29595
19666
76924
28940
88673
30938
32306
68067
88319
21438
51531
46940
32451
56206
25534
90128
20824
56501
29223
83606
94999
25180
70870
58729
44857
19682
27841
65263
54795
53211
51272
8271
37944
25076
91936
1262
19275
54597
62277
6094
72318
11687
90419
93643
99188
33755
2369
53219
82209
39943
11287
19298
96460
10588
52697
43904
18568
48989
87547
61295
66315
89557
38013
82202
7441
71413
14413
2578
62980
20213
89031
7744
78998
96610
50940
3613
48441
55024
82064
54435
68206
70365
59508
85260
69504
98450
18992
92460
46479
17379
36062
9581
69261
48682
19899
90865
86154
31832
49270
76500
79325
68466
76556
19057
30939
71388
92728
31454
71063
23180
96234
6133
30017
53183
67136
43862
27493
88732
62396
81878
9211
79002
2181
39968
55554
41622
65853
33664
28191
36704
85533
73258
66872
30337
4549
25859
44939
48869
1667
79595
84152
41497
60906
37505
82347
68386
41455
99574
92645
93727
41287
75098
30871
22954
3739
10104
91449
7766
32118
9885
50166
36160
39110
20272
70153
16983
69939
25343
14416
6066
38128
59082
56336
87809
73748
87150
28687
56854
28669
91909
78227
31687
94089
3874
73792
23026
72632
39572
89116
9920
99400
11287
92316
55333
48882
51991
47781
92987
80270
67758
72565
68897
86207
82340
126
42449
35440
3593
78405
73211
95562
11086
12340
26298
73168
25181
7817
92468
23139
13642
52519
5323
44106
11008
95285
59052
74395
70260
92321
9413
93409
59602
37708
8203
24738
41288
53430
48077
30428
14771
89248
9534
38534
37982
61949
58424
59145
1549
68632
2776
25589
27435
92668
99768
37399
47551
80008
33021
11601
79046
66116
10543
30314
39624
56865
85687
12246
26869
23374
18986
49503
54592
22915
69833
49357
71839
95783
48095
5127
73923
45782
47285
43083
65509
86727
10282
34806
12655
30454
2537
67245
66757
69804
68239
26714
45219
96215
95971
6711
986
93234
50698
46299
67645
25883
34716
64044
97500
47046
52574
57166
79143
10514
7881
66684
40747
65139
10983
10681
61077
9595
61038
27878
55287
4990
93078
24115
76947
75975
23173
43848
84669
98209
33022
96407
93227
7874
36199
69045
7803
85294
22950
3446
43208
26329
40450
13744
76787
49223
9213
7004
35390
37303
67469
27194
80403
60900
85257
5076
97209
8542
81129
27781
16768
24095
61147
1524
86689
77885
88659
25505
30660
91578
37543
19709
1939
56780
3394
13231
24070
3015
77470
3479
17311
2585
42394
88999
84612
70518
87508
28662
81931
37517
19974
93080
72095
96233
13578
33196
53247
37128
9080
21746
84961
24014
10706
7497
52268
29644
14978
53722
88972
98875
32087
63180
47738
36723
19938
43922
80867
75842
31863
15250
63417
6463
69405
37893
47981
12668
20240
41735
14561
76861
74499
93025
96082
9140
37492
33964
40436
84374
53865
80995
26345
69695
48150
27464
50998
1671
99536
50558
96261
85245
18646
57212
55133
92701
22030
20725
41629
73606
99104
1867
3881
14724
41641
17344
12302
67234
14276
96185
23971
44968
38889
97019
48674
35285
74360
93227
75764
49325
95140
82984
15331
35375
4032
35601
68597
35838
13261
46729
93333
83279
25646
96121
623
2011
25524
32033
64097
54560
78915
17436
79660
35689
84569
98948
37778
76940
47810
3289
52657
75148
42638
67232
69010
65106
76397
73866
61650
17089
24576
38771
19377
29637
76387
25536
80417
90850
59880
87862
68280
6774
22489
30521
5880
4509
25872
74176
77395
46444
12422
32900
3457
65337
67570
70036
72580
51569
96029
70545
14210
95527
33088
14323
2938
68420
73277
67942
99183
55105
67896
82637
62182
17575
26780
76482
92108
3111
39582
32924
95810
24203
60149
88273
79614
63092
18349
8444
65913
28050
97846
51752
59815
93151
31228
92242
60271
15973
30446
66073
47933
70469
19393
43360
62507
56133
13015
5286
99033
43198
94686
70210
68719
23507
9624
26409
55055
35928
93577
36781
10755
23717
74386
92739
34016
38750
72668
66855
89811
57833
24383
70002
88203
94489
68495
77514
56485
15402
15810
39214
15976
15719
97766
45731
8013
17026
65065
12731
14327
36293
65846
38785
48517
8402
55362
89701
10425
38451
37927
6408
265
9851
44710
27609
74504
10352
10484
60759
12137
25998
25362
3326
1125
14441
23251
78951
83846
81826
20112
76827
22873
85650
55883
25939
71188
67562
4879
8337
82767
61033
28315
38180
73968
32321
67216
16439
60416
27397
67772
31869
62582
50550
44427
42906
93950
19613
18585
32911
22620
80412
41915
21804
94545
47396
74986
85690
6456
50992
76690
30077
55035
44835
22783
53954
62764
58364
63486
44925
27178
19265
7941
92856
76536
18487
22173
49268
49960
75564
15092
36521
14228
78237
80967
96617
20915
65456
15688
70901
7070
41491
65701
95240
81120
93951
20966
58195
49835
68708
26683
34718
70779
66169
36979
74863
80418
7579
83137
72642
34314
83951
19603
18264
34451
22166
5457
24164
51524
88954
76937
39043
89984
62821
42428
42403
23475
7657
92320
86580
51274
50507
255
74019
68826
43837
42648
68256
7284
15867
89068
18857
69847
74232
18400
15593
92942
30586
75962
87100
96472
47573
73156
19316
39907
70458
36865
42803
80171
20539
41759
34517
51710
72205
95411
71596
58276
18742
98636
21834
53629
71779
53002
23502
50736
9919
71242
56610
54008
44102
23075
13530
3120
24626
1529
42639
36956
12751
61684
61010
34162
3121
7965
83091
36801
64238
25186
24180
79426
47639
8723
31821
73517
67435
86117
68913
61189
46917
53584
47553
26382
81992
15444
16105
67389
19998
81870
93521
29952
68629
59774
27217
26979
69926
5885
49311
66540
96459
27882
4636
14405
93365
70406
13882
81035
65294
38808
84936
18766
35775
43712
29680
64532
49092
77754
94950
96979
91722
20496
79106
31762
79710
97882
37164
3974
55062
8384
96342
22518
70988
27503
83256
65738
91438
56053
87761
2140
3039
71356
51291
97630
18378
77533
57860
43319
73765
50919
58266
7768
79253
97418
96979
53216
59792
71221
74854
33176
87349
74589
98046
94869
6615
37841
81349
36905
4703
54754
71430
36579
76456
10559
23375
70844
81850
3629
96277
46722
25366
68068
63801
67600
179
62674
74367
21098
15290
26627
10859
37868
42237
65020
30335
11424
33538
78800
7557
99923
22881
35298
59007
70940
17720
86300
60297
47936
41483
55601
35116
95903
50967
64228
78203
1274
41905
43769
48110
71447
69048
98668
43755
3962
56354
46885
7009
7798
14760
26017
54705
41734
46869
62414
90881
73476
31365
61742
47963
96986
29254
15741
96405
4030
59166
12859
90417
43480
8761
86682
23699
46771
18705
5657
67453
57887
45950
84950
15013
1431
84397
24163
63461
17732
55882
51913
9180
74828
23465
20263
23361
73414
31294
14253
7264
66893
58271
19689
1661
8341
11007
68000
25940
90151
8372
48335
38597
13176
23488
5510
54500
45531
27978
22014
70862
69099
35269
50496
81524
66223
80751
74153
26528
33103
18161
187
89357
73160
65974
67828
39771
16656
840
42659
99402
33351
97027
58688
74633
41029
27602
86474
63910
99498
77770
54213
45497
25356
81150
9382
39129
38290
81598
41746
11747
7745
97362
58158
37102
23444
36808
89222
59752
10638
45924
65440
88760
59041
14093
93588
75724
15042
39988
51814
46066
90444
82354
13161
18905
93297
5673
31071
67099
62093
86985
17083
46166
19566
71188
52348
44694
27353
43107
90434
39251
9857
66183
67348
54481
14637
95820
84761
88191
55943
12767
51914
82689
57173
20189
65995
85137
17627
46362
18068
4728
60261
57561
8320
30704
81387
55006
48999
46277
33009
67317
70754
57369
40605
37326
67695
8949
53479
48381
36063
25375
17892
85328
83079
67160
8630
98156
83213
95246
75880
57071
71630
35562
8074
21886
57787
31342
88294
70492
55053
25602
99577
70438
9541
90356
34380
75269
15713
12040
17490
48841
44096
11376
97465
59502
86214
89858
81597
74822
37411
71608
62521
82361
34391
78047
29151
41569
62322
98353
83623
42832
54362
7376
45304
71119
21432
8069
23036
99597
8900
73937
78152
42866
9972
89137
17147
58753
95911
74129
18164
24860
58214
46854
6970
48557
66969
48846
39278
12041
11260
35667
32260
16181
25930
43668
40256
20189
61220
56332
36150
42655
2983
60141
99316
14244
37979
12208
89391
35633
80792
32124
20099
98524
44840
94503
67254
59905
24477
52285
54695
97487
47499
46546
54189
77986
34081
71987
44
83591
94034
32935
20475
33365
80252
20224
76782
76446
49127
17591
6238
5290
30763
65809
8289
63185
67507
2986
86736
46071
77976
82547
82022
1611
12745
44884
71221
18629
60570
65906
97352
44280
36823
76267
80888
17831
83240
53482
39427
98187
41446
19143
94748
23638
44275
97302
50357
86363
4634
38065
18430
45460
14248
2594
50140
13311
3783
85873
37010
15414
92133
17369
46399
5122
68721
41298
52546
3608
29114
72129
82343
27236
99100
71398
38900
60158
43467
80307
39916
26415
8999
4163
4526
25463
2296
23023
49036
41318
7261
18550
21236
72241
97084
83193
57199
90657
72979
34436
91009
37644
59629
63
41037
72972
5211
25705
97553
41233
71618
64997
7375
61791
95214
94281
22682
79919
4790
8146
72461
88873
58897
76605
69778
88436
48556
68134
82429
24613
47194
992
48167
12613
77987
10898
47924
1543
34588
80168
41488
81384
15961
25583
7625
74475
85528
53837
20301
90634
78849
19837
27518
39766
81193
63637
90594
40171
75554
11298
30719
47434
64773
16988
78570
35452
75844
52201
20479
86377
49646
3459
95505
7135
8981
638
43508
62390
59924
28018
22583
57960
93859
50353
38611
19820
85394
47299
84036
55102
52007
22788
38562
93292
18215
10832
52926
20654
56808
23723
68087
95528
91423
6789
76716
64248
72842
80511
58894
76023
50535
28362
71773
11143
78896
96505
39708
93796
71234
54059
1138
49359
41775
9268
21812
37502
33112
59846
43267
43334
87495
74817
76635
97426
72036
85815
87523
46315
18609
2016
1765
67848
44506
75028
14279
19942
88996
5767
74253
25633
74187
46879
13192
43894
87258
80530
19434
93084
96427
97978
61254
83681
86309
36328
48903
2457
93413
88313
90493
36816
8349
51396
61468
30284
85104
92738
8282
25991
23039
79908
90541
12228
8757
31686
94394
92895
42748
76036
5975
99535
59783
88755
1535
85116
10830
68473
99749
53445
95298
6978
68337
29621
16227
67559
31947
70740
56019
68953
8205
23729
35323
78382
73991
66689
25753
92321
19773
55380
18246
97778
19980
60856
18328
55926
96967
68473
15960
48520
75004
77794
80984
92706
45637
55937
58191
5040
19309
87510
35742
70458
17156
86588
29602
36508
49819
10268
79528
38881
1736
8614
74780
75166
53479
32173
6080
17129
69142
66030
8341
99252
44380
72722
27215
98528
37668
56567
44588
62147
50341
67848
31786
2115
79873
35773
82178
85133
87157
60768
85212
61997
64493
41398
15646
47615
238
66891
85609
90263
36507
95955
67684
47063
46312
19439
22619
84636
27767
56799
15863
48612
14910
94274
37983
6399
74961
64078
77670
24022
70612
90996
29019
81079
30499
89356
92265
64785
84612
29216
28902
37498
42531
73906
41093
54120
58762
65941
93241
19002
75787
48049
23780
22507
27562
27662
59309
64170
10815
86799
5478
56583
24381
86877
73098
60106
78433
42089
44586
91652
2986
49969
65448
25464
21380
2505
60487
61451
71231
70158
26131
98401
78717
98633
55889
99089
62351
57659
42519
81013
65276
68947
35198
23516
46746
7525
1257
74163
35128
37040
4548
88875
34862
74745
8887
84507
76309
7204
34051
78920
14291
53903
66004
60027
66988
3492
45665
72422
32427
33571
49958
77161
23231
76884
75803
92979
6663
40736
30601
53404
95817
92210
2673
35003
42173
43489
16133
99066
4917
38000
48215
79819
80009
78395
94570
77370
99626
97057
70632
63927
18515
67694
456
16799
45082
14320
23230
80524
54521
6281
16358
31740
21783
39483
55889
62227
52100
72593
7865
52560
83870
74319
21029
40327
62516
75113
77964
68066
47238
67749
40477
870
51683
33674
7058
20814
11737
26493
58545
37015
30298
81847
44122
43503
7006
3852
89646
63556
14001
44116
63063
76327
83917
53289
60753
15664
19097
67931
8945
53216
13496
7641
33122
54952
6888
88408
11371
92310
79018
59296
68965
14960
88867
32374
38094
74493
12413
99727
42689
10617
88196
88762
95751
53176
49320
40814
40519
52841
22218
84197
22343
59504
16336
95463
85945
55049
72073
74648
16520
24483
74921
95717
25289
972
54895
69136
96058
85776
16572
16536
2500
15911
38296
72655
39711
86231
82033
86368
17091
40050
13482
28527
75284
48876
12793
65489
87692
96247
48426
13390
91289
94118
37928
61579
91291
94301
57193
6673
63582
61784
14169
71809
15988
32584
79347
22
51773
59223
22209
70494
97546
72316
86226
20530
50104
62891
2050
34437
6095
60325
64230
91553
51324
49316
69174
95061
61864
21861
23126
72917
96520
82757
84567
88281
78558
31821
44557
22832
20494
41514
77136
87210
14549
662
5130
52324
61052
74567
38851
67250
78042
28934
40281
96594
96097
2450
90045
28709
24364
51508
57266
68455
19581
2914
36032
95373
3745
44941
24158
84005
77538
67653
23479
56757
13390
55553
59457
47949
80602
466
32049
96292
19814
90424
72513
94466
97568
67925
88709
49514
66148
27065
32221
25960
84918
39931
62557
52333
6582
77415
54853
41129
53074
27777
87972
22032
26690
49589
58169
85378
62883
73973
72575
14673
57701
96741
247
13006
92958
77405
10965
88368
94047
51558
32835
36757
6821
74960
31083
67254
29699
5615
64292
50043
37191
1950
99105
33041
24793
56550
80939
49865
73787
78343
45695
24537
9747
93089
30571
88534
33252
63460
77430
69452
69115
51857
93234
96031
65430
44520
76340
54158
65752
3522
38873
26267
70662
8062
98967
33608
13942
11695
99690
36438
58802
79404
40105
42229
78278
75937
35022
47691
6480
57684
54618
61957
90829
40941
40941
66984
46306
15522
38309
2375
34265
41166
5180
12539
92912
28881
29004
70587
78060
59968
80985
7403
37494
86980
71765
35350
42066
57506
74316
15684
51054
56510
61540
2399
45595
1401
31729
42903
85844
90310
31221
28120
98046
45214
91387
33292
29283
4861
66411
90375
68601
28629
54713
37747
14464
85483
88824
40793
80457
20343
72167
93786
28663
43047
41063
71429
22913
57338
26658
52834
2557
64504
14593
32599
60374
27427
21470
56140
1602
84600
26848
88016
13033
80871
64630
8684
61399
92121
19861
10035
24451
67354
31969
15581
76034
1287
55822
30707
61596
79745
76954
55307
93357
51882
9900
61142
22636
15345
41023
7412
3947
15506
70760
38652
19587
89794
89970
12580
14596
58787
58741
33974
76098
73461
67008
32645
60782
20254
47790
18704
40765
29838
93105
95853
72609
46005
58589
23856
81768
2011
27379
4546
67790
17844
42615
30337
66005
20520
7001
16540
28499
67632
42402
69189
9259
98560
53890
892
19958
26127
13679
99696
44225
74424
33720
29989
6499
77654
99691
13377
81074
33680
74212
53958
70208
87779
96727
28680
45664
63905
78352
9344
22978
81610
22517
32454
45973
70769
46672
20509
74314
25444
9465
16855
47547
55249
59220
4544
60588
20510
9056
75737
65121
1284
34201
78394
44268
33141
2963
34463
14997
3049
89695
77647
40747
34935
17946
33826
54608
87230
93938
19513
17676
26457
53164
79987
45874
79570
37233
66602
8519
98136
61776
14151
16930
27377
85593
3473
50723
7326
35962
1886
90298
49538
99077
96542
78586
53851
71994
45384
85614
91598
6702
5743
19714
95775
49886
5722
52147
54438
25186
99798
64583
84845
31808
52046
13930
50153
76844
62583
59798
40398
65555
35799
78987
18667
18930
69652
53124
37761
63648
74535
7354
84073
43878
56091
16919
78561
3362
90306
29610
53946
60054
76389
92750
75160
55361
39709
23862
55176
55485
23871
99733
36590
53940
89059
87089
32506
39588
9588
37754
55512
31131
40059
83759
53165
33649
61159
31084
37911
62161
37072
2871
97637
15080
95465
64032
24299
19024
76083
60169
34279
35006
17991
40802
4407
75933
60538
6469
90511
42997
71387
7957
21160
24191
20304
12910
12243
24757
30443
99694
21575
72040
70213
42566
86205
77002
5665
37874
50980
40339
26392
17177
2334
88416
90851
24967
27302
14116
69008
70073
81179
49942
55066
54756
62842
17707
91011
91451
17879
76489
20578
38187
49378
77801
88459
66733
29234
77003
72769
26579
87295
36725
98673
84947
79636
15259
6527
65760
57877
18957
13976
15078
30226
77087
71720
41736
13613
41610
35065
75382
97195
58855
6265
91696
67814
74873
76597
92701
71171
44632
2475
13805
14677
99614
79627
88038
87338
75158
14772
89852
24015
21309
50750
54249
50294
57055
12783
53793
14063
13971
75189
27880
40709
23536
57929
41057
52838
85839
99740
74021
90117
77302
5223
68359
71463
80095
418
28525
21683
37165
93163
3447
83712
45411
59403
65004
20388
7219
44950
62045
84716
63301
82125
68413
99824
7801
32294
7499
43899
2596
97070
31049
21758
42301
80799
94404
30197
40185
47531
87073
93860
51971
22438
41108
5132
25474
70896
90329
6843
85643
89580
73084
41260
13074
10846
83670
49681
61219
93955
90664
26134
24951
20242
92213
8246
93033
88171
84947
82658
32051
17231
66601
84759
77641
34566
76038
33338
25410
98275
49713
90297
26798
70436
45625
76674
40812
16696
85341
83708
38391
14594
82936
70048
26355
72532
14475
35387
27913
68161
32963
63987
36076
503
77391
95339
55043
5901
12986
75228
94981
50753
53976
26130
16038
73673
31325
51926
37671
59466
33873
97167
53823
23145
16230
97901
98806
80093
70266
21774
73295
84361
57424
13605
77809
78343
40792
3262
85056
80745
15953
7612
50727
13888
43104
54969
14336
32166
35984
27213
18110
44169
67202
70896
7499
27099
18935
29417
19950
48708
95407
3237
54627
44780
24018
21028
8175
9049
96357
67213
85906
74670
87936
22385
88236
69229
15723
8967
11820
47491
56194
64542
56614
55285
65691
29436
8069
76649
81887
95416
18295
42664
64538
79871
98902
96143
79330
58336
19808
61635
16785
52323
24306
29780
88709
94664
18183
13980
77358
96751
82821
95130
97840
42975
30059
66301
5615
95034
73453
79196
93242
22082
635
34469
30613
27654
66111
88874
17514
40290
65454
49512
77368
70100
78432
60185
39883
16154
26591
77178
53067
40655
29764
78132
59523
61625
13073
62140
4009
4336
28638
9434
11115
76683
39414
1324
35593
8456
48566
83961
7191
31461
91875
99700
70622
15508
23970
86621
41224
15872
11416
51249
40212
6147
40215
65539
76801
55962
15964
68154
87711
76248
26857
36507
83337
75071
72255
10735
72693
37201
47416
29705
48451
18298
32366
49504
95618
93941
92121
5503
46499
63617
32720
50740
14037
8591
66482
84664
11646
74224
90396
16109
2224
39473
59230
50618
81968
32256
87245
47444
69323
65670
38214
22263
86617
55146
10708
65566
94726
59399
87036
62200
85896
95185
99054
48837
17556
94486
35343
50099
64417
36132
91112
53673
63652
89726
35775
82842
4561
71837
40708
81710
51496
41103
83917
66680
89980
49751
35367
61724
43268
67605
3149
5338
85612
21026
50162
86857
43002
78277
91980
57010
92080
69897
38362
76802
6509
11056
4711
6251
85095
48674
47817
68361
16560
84917
30820
83933
69092
47736
13492
56897
28314
70677
42049
17675
52277
93462
11792
75603
26916
62811
96980
89573
5144
83644
44961
55874
89898
51457
99539
9959
74375
45292
3414
4365
68645
11062
14263
45255
38617
17999
66182
42430
25979
77959
93004
441
83378
52811
42014
83395
50529
42736
80137
7715
42151
49205
65418
12189
83855
90120
51324
73705
41563
1555
84731
40815
10997
97753
36327
74590
23364
68861
60346
52569
11463
468
35310
51628
37140
14257
49314
31182
94667
96401
81884
84570
45938
17305
79594
37517
4762
41144
44297
35389
35410
88455
60425
23672
6592
81753
68294
10761
82082
4044
83073
21455
31179
76660
61747
84930
41771
23371
49963
85548
47758
21144
29759
1153
51247
43141
35729
27285
35116
8216
95180
9635
9093
12796
75709
52785
73047
24995
71037
62076
56461
90723
89689
16085
26651
38450
27109
60088
27205
79565
50140
87860
52254
49680
25249
48464
81083
4691
53424
57114
60110
77281
91028
78562
73659
30035
94595
9880
61917
13517
32301
43826
40373
35202
4830
68839
9717
92278
80856
80363
52625
44096
44524
98131
48810
28066
38298
50079
38550
96393
39290
60963
26634
23419
30555
66914
21929
59146
20117
94826
22446
29243
76756
48600
72188
93255
77926
41492
19780
95384
15472
67424
23645
49217
31389
88926
63941
61670
45106
57498
25354
81200
74993
13391
9854
29205
25668
80085
37919
70702
22684
19107
39306
37634
69981
34332
27738
7179
13966
20425
42711
55240
3154
94598
5303
88225
83316
6178
15635
61240
22925
8148
8989
51230
71272
51074
61291
75255
62659
19908
93389
22587
63539
54309
41200
70809
42729
23967
9353
72693
5748
68193
29437
21267
36002
84238
71787
77740
69787
57312
73358
18215
51876
25191
38251
75329
38136
75434
53038
63484
53828
9745
66209
98291
80281
74359
84576
25397
1741
16088
53677
30577
51908
60625
71951
92376
50434
48908
20938
62873
90207
38313
35580
90818
21829
64738
73070
5063
54774
24765
46354
67275
68294
97750
79856
69097
30737
56837
15985
23937
48809
81968
50864
97205
81347
59727
36736
56501
83013
84678
51179
99494
94481
19612
65920
21207
85911
90153
88066
69345
98163
76555
36575
75520
30878
37549
39426
53951
89120
64273
4380
13380
95115
48088
50559
36510
7334
62457
74244
40487
7873
77903
49424
51672
73153
3727
11808
84017
11012
96935
89082
84668
21424
69407
1585
69616
16505
5212
16358
69541
446
32437
84723
94886
88532
67528
37101
59118
84145
23248
72014
30015
19945
66983
39901
49023
32246
35176
98880
28129
78621
68573
91010
55224
5487
33197
53895
50766
89361
62685
41002
1350
84796
83201
92568
61150
75346
79630
24313
19596
58767
93148
55658
46072
75710
76499
65803
31275
14697
55622
8825
72288
75952
99723
10815
53124
9920
43203
84359
87885
77594
77199
45605
83801
12712
87711
79111
43615
73785
73305
67672
90457
67732
64642
24703
89296
86095
72371
72662
36627
44825
18646
75257
88123
48338
43309
625
47422
43628
20963
67456
96365
72573
47027
75680
3440
67522
36050
46150
37149
83312
59511
65498
93791
93930
69237
44486
70137
4161
10355
90820
82844
92426
67160
97497
32663
91635
71145
51746
57189
88070
54020
38734
47929
76618
83008
69553
12945
13151
69295
56201
62169
52679
13162
23133
72576
62748
29211
2839
48147
86879
87391
57434
10076
54522
37074
6846
72535
99576
82029
5332
76722
6453
27918
63969
4836
13911
89092
13164
98045
42803
2934
39369
76041
13152
17405
43475
36306
20592
94146
47481
94646
67279
18499
23293
7201
31376
38768
54020
7712
13167
30963
59473
91846
5316
85180
13920
42147
42134
41970
14337
92106
46775
19730
57484
49987
27940
60618
82220
25259
49886
79897
22878
29191
3299
25664
71553
54875
37653
76551
34721
44907
98249
16442
29176
975
76395
79737
78691
34170
77951
51095
1659
95444
14395
35794
90798
96240
81413
50759
64840
28874
97441
58112
86448
45393
2429
10262
98907
84613
88958
52578
79233
48647
32507
60745
76823
3130
48303
87108
2178
59060
7173
65448
45211
84174
76031
7257
56900
46339
89326
64026
70570
13901
34452
29006
22821
684
2188
30807
3583
26828
53380
89315
13060
39161
41948
68856
21309
92721
67583
17917
78527
20008
79246
17224
65926
66122
87689
17347
20363
39297
59020
87336
73068
64044
10396
6078
20943
12921
27410
79859
8050
20357
96798
40147
91720
12261
44726
42727
50832
38456
14063
11064
72616
35602
55504
45515
50699
67948
41520
59205
41573
80133
67703
3053
36085
64316
6600
71569
83427
42303
79336
14143
99461
28002
75094
40947
6429
47920
6643
82956
58383
13969
9631
14699
66632
51005
36324
10647
3892
56522
36075
86627
42900
74244
8082
82803
76667
66565
56283
29258
96874
26598
40118
4190
20045
76924
34821
62432
36874
95940
99644
69559
25544
6026
68943
61714
42169
53302
60285
94886
57694
43744
88379
2675
59101
52199
58261
52807
56526
25646
51126
79077
50880
5847
84588
19444
96820
19465
36037
46909
78858
84661
9238
15544
8100
91567
17187
45084
73553
49315
95120
82589
8702
43556
3796
14659
41940
29993
43461
32316
40796
23091
79383
45548
83
10678
55958
15008
15292
91262
9530
53272
66944
942
92874
55871
6883
15359
70063
10488
34297
96799
52830
59907
52915
55854
14928
40974
72723
90384
35203
93203
17912
21463
89130
11009
31629
19331
17729
12977
96210
16629
52697
7914
6814
66550
27987
22100
44544
33266
46191
97007
58884
65212
87223
24611
34854
57154
55875
74192
28509
15781
30397
42807
47666
2945
75989
64865
75930
64481
14103
11148
28843
33263
1270
91033
14327
55311
88100
17917
66711
69080
37801
78413
43358
91443
64079
64331
80262
1909
55375
58251
67148
13118
77231
29442
21072
61016
2354
94188
31455
97916
67524
54104
96710
84675
79305
99653
20361
19911
21821
10625
70250
24855
1783
65478
15171
50320
68370
44119
58103
12364
7421
94350
6782
74995
7853
98546
22277
43924
72330
18561
83243
1852
11914
83948
33604
67359
25629
13092
59433
9345
63663
54580
7897
16591
94096
36590
70837
58211
53194
26105
95554
91118
18652
43608
82738
38576
14958
48859
64087
19772
3791
30315
21992
23141
51302
18283
41731
92183
38961
18441
73871
96599
64542
99
69675
60244
34244
59775
17040
32048
72158
90207
694
46402
11492
7883
67101
52788
35129
28433
84232
59025
77660
40139
39597
59680
99148
43651
96692
27112
26992
76009
69693
15277
61956
15655
32291
88107
13762
5388
10410
75880
65461
45003
46631
68167
59763
26251
50752
5350
46719
35094
47899
66261
24541
70556
39351
34673
16615
88337
69477
66288
55025
53683
32361
40481
27534
61924
80103
13900
54663
68936
9261
36158
18373
88390
29357
42722
81964
15158
83321
53307
93857
8994
75936
26678
42435
37212
17809
67923
90201
75093
27459
7132
62
99822
65489
82680
23453
16036
62856
74949
72958
85094
50253
28610
64608
55716
98376
62668
23851
752
91804
84735
68230
91108
30139
83678
7174
18293
38467
34733
31943
48451
9372
52511
68538
87769
89423
61706
45490
75814
49429
90712
72224
13994
58613
28811
84445
46858
70951
3266
47630
47224
82405
47213
32225
44120
33183
36772
35471
13520
23656
24071
84461
84178
82078
97974
79334
90940
2512
53759
40
33595
85053
27289
43132
19376
5213
95954
89072
71763
71390
12975
75294
23659
98407
40340
56236
25097
3939
56961
66720
92700
78879
83984
81262
96585
51018
15261
64504
98708
87137
6124
55525
88583
84831
14680
89950
33317
53538
40810
20627
69203
34207
95059
66866
40956
12590
90118
29778
62944
53293
63700
55554
98578
79865
98588
69460
92441
39252
75508
60264
78542
6053
36810
39942
94503
38820
63712
95177
55574
6133
12510
52062
93123
51291
57024
93237
93582
46894
77262
67716
36370
8423
80041
70860
11616
11123
37513
70004
92058
29733
69757
59077
37109
3343
56444
92578
70442
43101
35917
92529
69086
93605
69122
65056
69739
89660
9734
85658
88130
50920
2939
89101
63
90093
63153
70661
10454
57750
28363
82206
4782
13945
78837
16428
31953
86021
67217
30193
85896
77210
62575
29764
4884
51423
67588
5090
73852
37152
98567
66931
86463
2271
26027
5676
91003
83756
31774
58609
93108
10754
64391
40747
41863
44189
15105
20985
88404
39809
79241
52106
29582
41372
40989
64939
97068
10879
27718
79691
48960
74253
19377
15979
96090
89597
82647
11407
25503
20651
44363
7249
90221
86337
68679
75306
54133
71789
4589
87998
91892
6238
88502
13831
75540
76527
44932
87148
68254
46510
22183
49784
17372
69660
97289
37199
30358
60371
12596
26393
18001
46634
35683
38881
31465
8804
14752
22846
86058
93863
13790
31525
22105
19809
30804
61830
36116
8242
81308
33075
89047
24270
58777
67864
31555
11338
89683
72850
52196
99051
73765
72256
92690
93885
37803
11864
41702
71006
97807
68188
30172
77948
68376
1167
24708
52625
51476
16715
35857
99615
56822
19292
61642
30305
77084
35276
1757
2962
24977
47120
33826
49286
88816
28395
84260
70667
35733
17898
86245
25976
84732
39142
37370
83878
28170
27274
5379
25392
30245
59645
33395
29770
792
70953
85375
52124
55562
64970
92058
80582
82813
83156
68255
42286
2798
99991
2638
60174
60235
40211
45404
39190
48826
99242
8626
10218
36271
98743
85445
15517
95794
37576
22154
29902
93910
31151
49601
2999
85671
23173
9687
23751
66529
8656
92148
38417
93109
90742
74661
32453
75999
88493
25793
91728
92944
66648
229
73848
55209
29858
40063
22434
98167
478
78353
69271
72688
35281
92880
5530
58935
48385
78083
90763
9860
49856
96156
80049
77437
87347
22368
72757
11358
57865
5342
11114
79966
77356
36400
63867
31986
94935
87491
87486
99953
13370
70796
62163
72735
29014
6324
80260
49224
93459
97557
46913
99834
90585
292
87678
49121
53459
37108
44308
40495
99168
79735
18744
97202
84723
12840
36885
47004
90436
15592
42943
66902
81525
70267
26148
246
50466
15841
76436
46151
65746
68073
66351
44796
7012
39894
19109
87860
60791
35327
49477
7024
77150
22290
32079
19408
95695
85746
96535
32279
57695
23530
62092
31219
82791
92740
16481
67849
72595
89385
11335
19730
53333
82273
15375
46237
10968
21086
14476
20894
25317
73734
83347
57867
99444
40345
76366
66396
23468
82648
10747
74567
87083
71947
66293
32158
58675
64166
43889
55286
75386
27068
90552
42381
5887
11754
54364
94371
89031
58843
62476
14950
5688
60854
49638
72679
1504
546
96380
60296
74349
99239
61697
38260
58980
63125
34635
62062
41359
72293
87576
17861
31116
5499
49126
94301
8235
47732
6973
44863
61459
12279
95150
83385
97740
54512
96550
15319
75833
40015
30339
82389
40976
39974
13215
22508
15453
84713
26800
2491
4116
17358
17027
4030
44240
71317
2777
26125
8725
12452
52089
3933
1771
3007
99342
5072
57462
87432
21459
62465
85568
37762
41473
67861
2105
24453
76190
90514
86249
63738
88063
12053
12441
39846
4739
65475
10578
32
1812
45840
98829
82844
51648
63479
54786
16079
26875
50170
18370
19570
65290
4836
53257
49962
57750
96890
89577
95033
22425
72118
31484
13901
42451
79158
1720
73646
3990
80325
9725
9421
24301
7990
10902
56889
64740
91754
9430
15253
30306
48835
3944
76534
61534
37785
87242
98560
21892
36266
78557
52806
54325
81549
74892
94236
65427
73147
23218
10077
30009
97522
47292
32417
21754
11992
47205
16418
54655
79567
359
7303
82472
70774
23839
16595
71984
9717
96771
81418
45588
81870
33343
13449
17239
63228
42998
38983
42809
76953
30072
83597
58580
53830
94503
65480
49032
93422
85934
40398
1446
63282
75736
74857
62583
89906
87791
33374
88966
9575
89612
14515
13389
26615
53486
64713
82658
87122
55753
10248
33489
71084
78526
54462
77284
5275
70562
85299
12367
43381
22052
28443
82196
31480
23421
67255
78286
93029
44647
52771
37874
99403
40641
96284
34571
61608
52795
94582
46236
49406
27415
16650
54422
37419
11624
84464
45002
81587
63244
6304
7793
53568
80661
25627
67874
58940
79860
46656
58308
10748
25908
81776
2235
46084
84583
10338
54069
98185
89795
30119
92844
25269
45732
78150
71890
15046
23302
66483
23680
54586
73935
63574
88439
63475
13431
317
72522
67089
6767
5628
60198
4924
22220
21967
18717
28699
45084
73695
25356
45821
50732
16538
2633
32788
20206
8587
7580
26521
77953
68502
82229
8970
53755
44121
34719
77952
84814
77314
70047
4505
63444
64453
67344
51021
44707
90876
30222
79676
31457
43488
34787
83635
18323
28050
37000
15047
25184
63794
63345
27320
68298
65504
76069
46405
20581
48530
84617
55333
45339
53173
146
77403
15147
81543
44853
70181
28056
59977
27464
9840
37232
64490
90259
92520
15061
74141
16297
8755
24576
70761
14244
60212
55436
17922
98565
51722
56665
96645
77354
61686
20364
84628
30869
26238
28340
89754
91315
56931
28997
81772
22643
896
27205
71471
85875
35918
61560
64199
28128
76937
57749
1086
49491
88155
84092
18180
42406
34757
17373
72264
15194
96351
93257
45925
5226
75486
64494
33185
91963
13834
62234
65407
6329
7263
31724
75219
46440
29039
21533
46395
18593
62073
37102
609
71305
36782
91239
99959
16550
56465
10694
69695
86052
89195
52234
30484
31736
25292
95794
53747
49789
87764
54077
67623
47436
92280
84444
45190
50965
12749
83883
16220
86113
95134
96733
48552
57380
65073
70759
51817
23996
42648
46208
31318
90097
88105
90307
31967
54414
63489
1878
79312
21660
92285
73364
82986
13683
24540
77914
83367
93442
55461
67978
43978
63968
42792
84209
77327
70907
67044
53578
82986
59889
46767
48935
63306
3369
12985
60788
7499
95919
25931
51664
91610
59090
25136
9982
7034
67941
3792
76614
81280
93796
40011
91506
65001
70449
63553
89605
90188
97627
25989
20993
17778
30519
46899
33138
55562
16138
27865
40750
82196
99130
19430
13040
22962
98093
86680
65970
9308
175
35682
872
39407
22466
86068
86854
52350
68796
27478
91661
90487
63277
64564
22199
46058
55709
89056
57381
21996
33155
91210
80415
19428
79185
17611
67525
87270
48917
97163
84639
45824
89054
11532
87745
86687
92644
48728
6821
64813
47442
99836
50479
11193
91012
16400
1802
37371
95252
95106
60507
51029
71032
49974
51153
40246
73809
41690
94440
66992
75822
4979
91304
14529
27033
64866
61428
52267
76435
50999
33135
5105
94074
38574
77292
76241
26890
21361
72817
80984
98286
23063
55634
21137
38896
57136
1791
8523
85489
82534
18096
28579
40594
7785
3245
78727
79604
10575
42572
8139
24183
72611
18093
52754
97239
54703
21661
16055
65645
10565
36633
88134
35904
30195
88496
38926
88916
66691
20341
47276
49870
33306
74479
75099
64867
14490
2639
26105
82336
35693
31743
3124
52440
574
89549
71364
42975
21899
95546
76394
90614
18660
27091
77889
76620
73092
47412
16705
94672
78062
12953
9202
49902
51863
64192
76830
17994
61007
16092
74933
45983
91145
76844
13090
36891
14514
24359
80952
52171
71055
629
82622
67670
26544
34566
18516
36045
40353
10222
3596
9951
82016
13874
43873
33172
39008
72928
31044
31313
22650
2740
21419
88499
686
39444
62795
64404
93526
5215
62181
11508
461
53248
64531
90978
81044
7953
31705
81885
73571
44578
95079
32600
96351
58492
94177
57684
75204
85147
65819
84678
32272
19051
8540
25073
60161
2583
55568
232
30961
56836
23232
86857
10354
72351
67689
40927
63367
81890
88128
69556
97932
2864
42306
24402
80793
16983
20128
81225
45653
37640
74878
48025
63948
28072
83549
83382
25776
91316
43396
54479
97266
22075
84195
26770
81133
27267
88405
21771
94761
35427
42146
25779
90212
49287
49611
27300
69937
61448
23106
23782
15638
15685
64590
36434
7248
77243
65711
26665
5121
88074
64226
44553
70027
32333
30164
92599
14966
65717
34365
37914
47619
56793
38051
55987
5150
42494
76425
2411
74017
42462
17892
98031
92741
19710
46999
28407
65817
85052
63875
85977
5776
51735
31330
83857
4188
78968
28534
98860
72597
3858
66924
81729
41419
64244
42672
90981
51032
63227
4480
22315
24446
87825
62986
7003
25468
78156
94690
40169
46880
77570
53660
34361
25070
52979
85626
35129
51122
2609
60732
89120
99506
72318
77575
90314
30862
48789
34463
23658
41185
71869
13130
91183
17005
5737
68343
16534
85241
12718
27814
19602
78704
15925
25099
59283
52029
254
65599
65507
6834
98521
74625
67231
42651
5119
15343
80261
56910
68799
53350
38679
31353
38349
92438
70028
6533
70300
92993
80549
89685
89250
2619
69980
30981
86128
11348
2999
47820
15079
5722
10648
41591
11519
84098
12868
6596
51487
10382
99106
1602
532
68337
15628
76568
63595
53517
55036
6590
36995
76596
14790
97867
75923
15448
27952
18160
86466
9951
41334
98254
84025
94030
94661
37922
84347
93942
47199
39541
31183
31804
42269
45471
59611
25210
10323
20720
92940
17524
95485
9404
35733
86804
21968
23349
17429
47085
88653
10998
83624
40908
96341
3438
70079
66483
15612
70796
86727
90913
3773
18508
78517
65301
71417
45877
61377
37173
84171
20875
11799
47543
79448
17527
1551
13489
60454
43683
56253
39938
89374
63583
52249
38260
19408
41433
44210
5433
61879
11951
97870
53247
43235
5411
16317
96193
1928
48712
68728
52297
62545
6593
47279
66375
2372
97202
87697
74604
91443
90349
34889
14882
89615
73014
42722
53254
9384
65285
4447
10602
73429
51595
49572
48843
914
52514
61664
83704
95375
27084
56808
74111
3486
13963
34113
41491
86177
31339
45328
77808
15711
51165
38346
30836
87709
21949
13171
95984
10607
74759
70231
82709
82514
50312
30850
7002
71820
43310
97744
50024
19309
81532
23974
39382
21808
32020
55589
73442
70577
18923
52168
14661
43375
20338
29854
94188
31051
37938
30490
97908
8060
14523
21187
1789
8466
18548
72620
84469
33398
43804
660
65661
12349
57482
64414
24096
71796
86704
45420
74574
17400
6898
87281
79596
19072
42421
16855
82444
62506
94702
33377
19746
37290
42694
30207
27760
56143
19852
69560
96894
1181
94382
8563
15429
45194
99820
39275
49303
65289
65536
40347
99935
28057
29183
61215
58629
48463
49300
94949
15209
40519
74990
22134
24023
94352
7363
98078
9621
70486
87816
19041
82523
80961
3262
6993
37693
56637
70951
83573
19810
81219
6726
74557
96662
11093
92620
98370
56357
5612
61339
26034
78901
58254
34710
67126
4481
57465
49804
18780
3973
77075
19635
73585
66703
22650
82775
34071
3611
28344
7688
59867
31093
31658
65609
66449
64513
31425
9085
53576
63396
63473
56157
21086
14775
4182
95703
47700
69218
12315
52974
89837
73224
57442
7575
63377
4502
63644
17046
85338
15459
95270
99610
55695
32009
43287
20090
91898
1212
98659
52319
65912
89399
37191
73043
63139
59854
94256
69259
57076
94197
26018
40112
76
88048
10614
69087
90757
72213
88060
88492
98666
33351
74741
22668
91231
8640
19130
63415
44268
29583
20670
24726
27888
78995
70407
41140
36516
91345
25650
57592
53973
93241
96359
3082
12210
12937
38563
1948
78785
65505
14198
16445
63809
13826
5554
66639
91265
