79844
62248
28814
27512
62640
91902
93215
24383
57779
5192
98177
58247
35795
13912
2368
93172
43820
65445
10295
37629
76225
51485
99677
18023
73099
28879
33895
94754
34844
23899
89664
79608
32372
48736
99700
10046
2074
35373
76310
60009
91357
9796
72398
91176
41661
2541
34485
38410
7760
89368
91047
12008
44706
36733
5618
87089
890
43346
73722
3159
93736
72680
62
62936
16226
92292
96262
73325
93152
73246
72283
73551
16697
54413
67771
76445
74906
9862
55259
53785
32606
46461
34271
76474
10562
81292
43184
26126
33671
42507
35788
11225
43346
26697
66263
94931
59379
16158
5652
51438
93423
95233
90306
91342
76974
5770
89007
84704
8734
93917
81889
94053
75580
33701
40525
47088
35156
87638
27436
12311
81376
83824
21384
90212
29917
81339
36777
93303
25195
65556
76536
94822
70568
56085
98996
85883
43606
88568
9976
59824
44932
36729
63545
55710
38776
86534
50989
44621
81206
12217
51901
4447
6283
93957
30648
26818
37761
91094
27768
44743
6851
72232
55677
42650
89744
25425
74008
24267
38176
50672
63759
29254
31816
12255
4404
53110
4211
27696
98584
19762
44620
9888
73592
64369
83318
50688
36182
89372
66111
82218
73461
77838
56005
98221
52782
9540
55681
44443
25303
94127
97433
81381
79942
28292
7190
68952
69459
92838
87997
16297
8801
26060
69166
54731
42481
5093
60515
95677
15104
23344
98094
77782
23677
1031
20302
94418
54301
98558
50840
60646
39518
25995
58336
5336
55812
85890
12342
72801
72823
63743
90380
89570
16137
46842
84387
64258
30680
32946
13170
81679
45842
36177
15421
93731
74875
63026
5361
7617
9158
96225
71974
96195
94461
40271
81496
34332
25829
41455
44964
64666
82201
47734
62068
53658
4976
96819
5367
64291
85824
8988
63255
80882
60627
9066
41616
2123
53996
52495
68471
75398
48885
81290
34679
17229
47639
34262
19183
4005
45636
44043
46625
49861
34858
63553
63265
3525
59352
38464
31735
66903
32453
11604
63881
78029
23165
62034
54710
6584
84154
50464
69876
10791
40786
23393
89462
28941
17216
25521
74936
56789
80630
9242
41996
11236
75681
90798
17192
30535
29113
71274
50235
62503
48954
89813
5187
37738
98681
1318
88869
81658
64174
40911
67146
90558
94995
49471
39084
35938
64481
44417
72142
44384
16979
33948
81790
56665
78472
1624
40640
23459
33242
45847
72069
65401
7409
71552
44057
98756
36560
73600
61164
12293
19785
22010
65343
49032
68104
21642
74347
79882
56956
82583
884
8076
12982
13266
61729
48746
932
33728
72554
62505
97453
30940
69717
95853
65387
94272
55690
16766
42024
49692
74931
72262
47610
23546
74690
1762
90136
58852
72130
78469
87956
79281
60112
2848
13902
29598
92499
62910
84175
48091
23787
10660
37322
60703
75488
54598
80916
61772
97775
61710
17448
78288
85997
91163
11816
41603
20672
25292
91574
89976
82963
94613
86901
39064
94619
13863
47457
52133
45274
69596
43868
97683
71942
8416
49235
7011
62144
55415
93860
50418
45155
99478
13406
94974
97476
54169
94457
84810
52390
54820
38079
52385
23158
2390
65537
85893
72336
3911
93413
37546
92446
85995
7428
16545
33220
31328
43790
60290
28768
26202
6498
20907
27058
83959
32137
37880
34234
16517
73944
94121
84040
89580
12303
6441
33760
59038
77973
66155
78100
1632
13766
91898
11636
45033
93625
97520
4243
91461
43087
30656
58537
6228
70546
37053
40375
8913
79454
71906
84942
13144
66518
9895
67204
27391
39350
92513
72834
73076
83768
29369
15052
2374
15649
15306
41173
49037
71523
28519
12628
51354
96912
79672
21264
88956
71478
80699
22063
46901
78998
30696
17034
75327
12047
20414
77573
31687
62977
82809
51586
78274
16304
58039
38898
66334
9286
39808
44399
5833
551
77263
49317
58886
68066
17871
70553
72767
32984
43566
53428
55946
65536
64935
65713
69234
99247
42300
77
642
67829
25223
25939
14117
17486
18862
38664
22355
15154
18001
68812
19136
91968
61107
70689
13217
81506
46629
13580
39006
36779
76676
8692
6263
71790
57975
21020
32143
44697
57536
65850
75262
96221
96884
31671
36764
13191
8841
47647
64062
54103
94679
89545
87974
70847
31070
90562
70247
13890
94829
28968
50179
35396
76851
95805
97357
82829
41513
20577
98374
67001
85053
77716
69678
71916
74992
53153
99700
18416
76709
30460
20207
90318
14341
80128
26944
10196
25749
46103
75353
16295
81227
3898
16182
46668
41075
9054
51543
41934
22118
66894
7108
2503
74346
56226
85607
21164
85258
89281
57425
34848
23914
49503
37627
40924
5244
66789
94030
66835
31849
32755
87605
57550
97055
13246
16579
71889
34841
24902
49790
39695
65003
68393
36439
2224
57809
45384
22221
67078
63561
27344
15617
22605
70919
24741
45911
83883
99012
56757
78932
16717
67929
97397
64219
95258
42973
40776
60906
86602
46905
67581
75532
75597
56205
40235
17297
32372
90497
29114
66764
3343
95024
28749
34494
34134
5724
36973
24762
19000
70535
53484
11996
84064
86952
94032
26612
88512
71244
50668
45784
1079
12036
29498
90237
19547
68906
38391
5973
78825
51561
34394
28353
73426
65182
84627
4961
21672
55095
72389
20689
70102
7297
77652
9130
43385
67859
2430
72572
97648
2536
80409
83345
45140
53087
98679
7841
42541
78985
10547
24637
28994
70953
37193
84599
82958
65507
10509
72195
78618
61070
68950
34317
66469
55388
95556
68777
1415
71943
68649
29849
88831
2383
33373
386
31592
27919
29574
36723
743
53434
80234
81326
65104
96251
84042
93035
23209
65254
10712
40258
15509
54226
7255
19439
98752
45998
41566
69401
74363
1794
24398
20592
72222
72060
35090
23233
17842
53895
90629
37523
78032
32072
40574
78002
46564
20911
32691
70704
2876
29737
86372
63196
57464
91575
25791
32833
36769
71031
80777
36728
50402
9191
59133
17527
36306
73196
44738
18191
82233
41931
76273
24159
36122
8857
96624
68015
9243
5711
17101
50055
99865
27413
10046
13402
281
22763
40669
35698
53276
9301
70932
58631
35209
46053
62482
87082
222
62218
37580
10560
85446
69707
31277
67053
12867
1360
13686
43146
47411
55838
95738
16947
79248
76325
55628
66200
46208
71777
58279
48340
28686
86528
51518
1098
72912
97705
59917
28375
48845
61644
35021
53919
5928
31569
84234
73716
40598
91435
80128
39474
92289
96839
65726
86963
51706
68086
7857
69832
19672
44854
64201
99689
23730
93050
82374
95013
26336
91005
97375
50518
3272
48652
48410
86496
79796
97764
48102
51689
17986
90160
37500
20450
47159
9384
29470
51477
26961
78042
71561
71493
21022
10924
96731
21273
54513
57892
27063
99779
73400
88431
95525
25065
52577
49979
95933
78565
36043
13873
59602
37409
91629
87437
48696
12076
70081
42999
6816
51066
27474
28491
26895
20418
30396
79062
15231
14231
79152
74345
26997
92617
98351
4557
11707
1442
2024
97393
50510
17422
29451
79004
80758
59425
31834
68202
46150
40735
31153
70459
82552
96972
75110
31498
1504
13076
20063
36787
41733
61613
26585
54199
2855
8150
14420
33755
89494
17492
99985
76388
70973
17025
95764
97482
6731
58729
34126
5296
85369
29182
90945
78503
84591
52655
28457
7729
99598
48025
61921
99772
55779
55151
80630
98143
56505
79830
40598
12797
95994
17986
10760
185
24513
35166
34957
93785
75884
26432
27738
15681
87827
78056
50344
20477
99267
45189
17583
98094
34704
27991
90553
66775
63947
6883
16523
34898
13937
11423
89926
82133
30495
63861
2367
30230
92267
22673
51422
69081
44425
30595
29522
4395
56662
16923
42765
18050
23214
25387
89190
57956
98149
99793
77092
42085
28282
88823
78222
13445
81783
35036
53833
9782
56652
61464
38711
39524
62459
21704
23941
24603
89242
30625
21404
66627
65831
54022
55067
4748
43122
8900
99898
10458
27972
83616
68768
17236
32695
35711
49286
51247
47609
70663
25110
22681
68733
99138
16183
29874
57133
89294
42355
23196
14076
7408
26372
92193
46910
89345
36558
56683
61331
10255
6956
49058
50528
72654
58023
55517
87487
65119
27077
35840
20059
73896
71764
8776
39911
37516
9030
45321
88881
66041
3192
29522
10351
46321
90616
61606
93534
35240
41004
88468
29941
40018
95249
25962
20144
55541
96451
44451
69532
9792
25836
83295
35985
36714
98994
79933
59735
35381
86783
40287
96092
18764
47721
58013
21068
48910
66788
61023
50533
46518
41879
69808
13180
60855
28403
11590
44553
4159
82332
37329
12552
68317
54562
51636
86714
71708
78317
82847
34450
10246
96778
72208
44008
51597
35159
86828
33657
55858
41260
67038
93470
82831
68156
79637
29663
64676
3996
36535
8570
95408
4636
38391
39000
43700
76705
92419
40028
86916
12681
57366
44022
35046
92684
31890
76152
43609
81692
98756
27628
36533
80290
50435
92476
93994
4712
18903
53945
30801
32044
98359
70290
51635
91465
75838
74194
71867
31159
93818
6658
42150
54742
34424
34795
5029
31747
47057
64629
83386
72226
33976
69890
67324
20308
53022
23166
81307
63362
69897
42340
18397
77731
84741
51075
51647
44664
42504
2712
23953
28685
12478
23817
87958
39049
13699
60389
83180
31491
71685
67737
65108
25671
39045
40458
25887
47793
7431
9587
39610
76484
2293
2126
14745
44274
59311
60599
51116
25316
85712
12913
63564
99122
16982
2984
39706
97652
27081
33990
48475
31505
39721
79339
16416
63655
63390
10515
17409
26365
38252
34277
2002
41360
74077
25934
95691
79138
22077
32365
96353
71364
23610
5509
26318
45789
5376
71030
32783
90967
66803
43087
73939
71037
59982
9470
64622
24131
27219
52666
60496
33673
38449
98105
91560
92514
50359
60159
60765
94597
72105
62683
61042
61628
82425
92987
41345
63012
60906
4090
174
41265
6123
14662
54730
77550
15425
31972
11928
68419
26774
51162
77855
79119
83628
40755
45677
92984
92723
25824
2195
78263
49738
56981
41914
24028
81884
9090
80471
95811
90621
36905
24519
26381
30482
93481
2179
52539
21651
12809
80084
47863
39274
68090
64211
7551
72316
2050
10030
19526
7008
27544
29313
40958
14211
55745
57920
95884
22726
54943
87040
26042
25345
48839
53673
63139
39701
93879
83319
7907
6066
45681
60730
96081
76756
4119
29754
34446
7457
4765
67415
48816
84316
65923
60251
93806
45445
14437
62074
43225
28111
54174
86935
27337
3295
34012
73823
6868
64820
27337
74303
7209
85040
93853
96974
54791
14348
45930
49536
9951
97795
85362
61675
55863
17641
23587
60311
31032
21623
16894
72663
75012
64829
75803
27661
30840
47576
10632
53238
62317
50192
60736
71335
48620
47026
50567
4819
2827
52049
35906
73527
74860
97046
16096
59134
95413
24043
64855
1346
10415
64621
26321
6566
50550
7437
33305
16664
77118
44870
48120
63138
51841
66107
15620
33074
97053
29246
64420
22630
14508
64250
87917
7381
45819
33231
57728
50329
74919
72918
59708
28372
15581
34485
48318
51857
70239
59052
54565
92861
22492
28390
44539
5360
91260
61167
51485
68939
857
15804
69829
39320
87663
67792
25786
19191
8949
77270
99343
78876
91766
64330
30293
52015
71256
91085
31303
56428
24586
34122
56516
63034
96987
67866
20861
76645
60795
84082
17492
33598
17195
13817
88372
28313
10749
84265
57621
70355
14144
3750
75960
21078
17738
40954
17704
22818
50209
78631
50940
52774
34203
66097
51381
14546
59397
26334
61791
15245
10799
55480
58605
60051
36020
25755
39657
6647
19893
77171
49079
49815
39771
45936
69382
87915
37650
99607
37361
98768
75182
66468
67465
52579
98354
5266
63448
29615
45439
72871
6599
12640
64713
5169
22030
90301
80553
38468
70123
70643
90160
76826
63198
53486
31350
51879
30599
59124
57607
85036
86971
12381
56249
50734
74023
43311
18113
33400
74664
99076
4245
83942
24861
11949
23483
12934
43122
73225
14328
76738
7278
89042
54029
80828
98292
71267
19964
41501
78039
75383
69493
2860
93392
95357
68394
137
24237
54266
6799
20269
81745
7752
68461
10867
1465
68547
3824
55019
55674
92682
71824
34141
1026
64663
55578
87100
8004
49683
88582
93030
91746
9347
4595
32188
50574
55565
73609
65265
44768
33713
25430
11703
40591
66480
57617
21052
54739
43547
43961
47925
67877
25021
98710
89399
81303
54663
1351
24024
50455
5165
84467
43063
79603
41345
59191
62345
79944
36299
15537
95366
24113
39555
93777
93295
361
18693
25822
25190
50920
77537
25349
40986
32137
76296
7834
95685
5688
24484
19030
46286
43923
55409
94218
85330
31339
37898
87184
34991
22052
92425
80975
3506
84
40800
58000
87649
82724
66700
35012
47568
70647
90254
3354
17857
61618
47967
1462
80757
69191
59563
30731
32569
62393
96136
79695
79618
59238
10922
34793
84807
2559
82502
24823
21211
44140
75159
74466
14164
15872
92277
89264
80641
73830
35689
81114
48790
48705
91268
45666
25646
17562
33764
40405
97396
269
80472
56594
12215
27530
29760
72771
27781
26603
54189
33055
95120
9431
55797
97556
85527
46343
12750
77644
71070
42992
64054
18024
29619
40120
34888
13009
27289
27954
10938
97979
65074
95510
13917
93231
75121
82518
42196
32261
71394
59584
48453
55958
26214
55425
21904
29232
24227
40872
79137
61305
49613
14685
13474
44798
68133
3294
31696
58680
71174
9200
89292
51070
57603
18555
6117
90911
4954
91914
18152
89398
40875
92095
5227
43179
45991
44095
58426
58356
31933
41361
63744
90141
93087
73825
55985
89810
74472
54998
84097
69011
52100
43019
66771
61842
83129
70347
76812
57146
89417
5525
40124
78395
88995
59397
97726
34422
93031
77922
42119
89397
26661
53935
26495
10398
93092
13959
39171
47228
63999
97712
10646
71572
38120
1381
69482
49586
65380
90870
29669
70744
67206
95173
18445
27401
51258
68031
28212
81193
72775
27416
44193
69958
51966
89491
50123
40665
8646
6005
51761
85284
23510
18676
85325
22767
4231
76919
24294
96980
72949
87832
56193
70547
79234
94631
4355
18265
7867
48702
22913
30054
81009
85382
99922
36993
9779
50345
73782
83531
69164
85325
10112
98048
21816
74613
65079
32647
25977
75839
22841
55642
92904
59899
99443
18376
51791
83982
40759
96258
26535
17946
55894
92817
6772
23173
57531
8465
5372
52536
15074
3093
38711
2011
94711
71271
7559
18766
88329
2484
41510
61398
96739
56192
60158
25945
82203
5866
83060
86289
37863
66080
2008
44611
40011
62923
79325
29184
96467
3456
7304
44207
81305
7360
44920
57083
69572
92334
29289
64467
32034
68028
91977
36329
64764
7727
44702
36356
42155
11995
71711
82511
65856
14415
12582
45988
5932
72431
23566
83368
81506
94562
37431
98989
67108
56785
6106
87148
47449
81013
102
45369
4341
97620
32953
483
41422
74180
19779
43863
32274
88967
85490
11414
45245
69059
67545
69457
41996
5869
39552
81701
79858
23614
74069
34862
37215
50791
76850
69629
12816
68677
35544
96959
48421
61845
94211
95969
37716
4202
45646
17843
70994
13902
41220
47848
91782
51414
42580
17863
32880
3287
54586
95703
84043
75927
95465
44118
55070
39344
53428
62960
94715
54431
5165
26611
55212
91354
83401
50957
58157
29510
78876
81089
33887
1425
79811
2773
79563
78293
25727
78314
74446
66005
21380
76406
15482
85449
33545
44354
95444
60071
92276
41194
25640
50708
97916
25498
32618
16684
8303
51778
71185
36387
47470
96438
43342
77009
60665
14760
51546
66967
47196
39571
4671
51678
34389
4328
88160
88886
72681
65350
59970
50590
72383
81944
8184
70851
30989
9233
51209
72727
2976
99963
72299
16383
77711
27870
4778
37282
80418
2817
32785
61792
51415
89540
52456
41106
59125
60445
42627
1432
33146
33000
89246
22812
69408
14639
90099
95388
37839
98121
56843
98192
93299
53484
1417
83813
23605
93247
33101
31335
22826
74475
97840
44775
80883
99312
62675
8712
90426
72845
99192
68057
19974
88605
93656
89395
22183
84412
37456
80251
95027
25316
51194
9146
46995
49685
18627
75268
30066
43317
4998
34855
69260
47754
62853
34538
21447
79832
37553
70665
66533
31183
77694
53573
3538
24770
39580
33836
49061
31114
44805
32330
57226
26299
94128
80812
3227
16897
5594
65404
50307
94503
50127
86770
27005
57758
91654
41742
351
93895
33123
23378
42368
66800
89904
99147
63707
86566
22901
78312
94212
8215
79762
56665
93242
87286
54455
55212
28721
24842
94922
7566
99252
36427
3584
9919
90070
62798
50845
81005
69259
86976
41079
56009
7190
15978
72352
13009
69913
64891
50723
6276
11056
25732
32885
2361
1058
6995
16209
76986
77155
40760
9126
71948
39262
21812
68930
57064
90567
47744
5275
19366
95992
46264
59379
16597
78491
81222
51925
28261
65247
41761
35021
68418
33408
38956
91532
79986
67691
62598
51514
34192
93276
83760
88751
61911
36864
51310
93634
90216
55601
3590
24549
44565
63346
76766
58346
62268
14185
54769
66557
65466
60568
28913
89227
71508
14580
23831
8973
76465
14963
40297
44126
34967
70099
90611
12846
65196
50928
37286
24029
61642
13664
26613
95319
87690
94848
88936
63631
65726
18458
8307
49060
84520
4936
15899
61795
63473
40218
61769
52065
61763
90009
43907
69483
73010
87673
14158
58426
4440
65869
50662
30292
68884
8477
11195
56095
69293
91526
59425
13253
92273
78849
93783
70410
1805
48942
47121
31895
85649
66025
95809
76132
84992
42155
31642
12274
3711
85415
85226
6050
44940
81815
4048
6661
20475
21121
10262
18318
38034
65179
54588
98852
78842
91066
31653
45846
56722
58174
15002
37156
53236
77059
7572
77563
70858
77454
26473
31970
60367
54330
72911
87251
89304
13891
22353
47480
66252
90161
48696
36929
45691
57635
95150
81802
87055
67692
52356
98876
64658
97299
70031
48328
77884
85375
48570
79428
4497
36395
15567
55219
17559
41277
49040
73791
48604
93251
8157
44724
96891
69301
99732
23243
96859
37249
99261
95240
69733
34941
66088
55854
86014
41180
97111
37770
15515
19706
36869
84458
37999
18406
26787
95988
42020
33892
79169
18353
32198
50113
30756
45825
45578
33416
29752
15250
52768
23660
67998
53056
11105
51295
56378
21235
16203
49251
53836
1282
49960
78083
5763
9285
93477
34264
77241
85093
13584
99492
29876
92198
96321
21490
52519
84764
54076
39690
34774
80831
98383
37635
75482
80121
71010
97741
54256
30955
98239
60122
27795
65701
34075
11396
81896
25657
70821
85786
68181
38996
19332
96853
62858
64775
83817
94114
74799
37921
11126
85163
26414
98533
61735
67299
38295
34551
33697
591
59837
10740
14979
88246
20930
19965
30546
16690
74085
76061
78430
59620
95623
8287
89789
35353
18763
2713
65477
2353
77017
25087
58377
44589
465
93202
20508
11382
95056
90516
25067
57843
18744
26368
78680
74181
69859
14392
84100
54661
64116
50675
57525
2432
32007
86532
72641
5209
37137
56625
55162
85499
31071
26568
72122
82059
77894
28144
14368
42804
84200
97178
16662
93346
49870
78462
91247
90345
62540
98413
21050
71602
7693
76105
64250
1069
97746
5388
11434
91629
40739
33318
53667
4401
54712
95980
96079
89744
40816
38696
19865
97400
7388
78283
49363
69876
96028
99410
250
30444
93437
23148
23711
55665
98556
6125
55048
87477
84176
27182
53408
92812
11679
97146
86198
64611
50113
71506
80666
85103
79916
25589
7275
37032
78145
29010
87633
32189
91988
53769
86410
91296
32381
20601
51223
96385
15880
43201
16963
37421
74858
51693
86549
41573
30564
96344
30314
44692
93382
51124
98846
63308
23961
91722
50809
10629
83874
56137
97535
70678
71635
93563
36140
69110
85109
34722
87762
27666
21698
84736
94289
81557
91353
24521
88873
52491
41868
40903
63546
29705
49066
89308
59066
41819
23160
25502
66052
39121
32287
69374
33680
67945
97345
66108
57878
37966
94578
80693
38588
62982
81656
33945
90631
4535
65254
64579
90262
87030
30464
63860
20556
91375
7230
80167
78594
61604
53851
70551
80434
90591
84849
71293
93375
87439
4310
23875
89637
40158
98968
23092
30094
20729
19388
6007
64003
67564
30049
19043
83384
88888
89138
10345
667
52728
22579
83455
40078
17837
92962
16468
76160
22326
28352
75499
34174
11916
77535
15991
19041
89086
48980
34440
20300
87227
4065
79808
33904
41269
80954
22736
17173
1496
72995
67413
96837
14202
55358
33239
75649
12526
19400
28274
93493
85724
13008
19124
10158
84341
89699
73973
67334
29510
42871
65082
53002
53417
1955
62764
53108
74048
52152
35162
89859
7101
92260
27391
4993
18543
39370
92556
43852
46113
18946
14204
45909
88423
73097
92421
95850
84795
6408
7202
83314
33172
4719
77073
11744
74811
65597
48467
2724
35261
5738
96687
17661
24690
6222
88382
46362
13343
53206
93977
6647
1519
34512
35819
36942
35246
16111
42244
93864
29543
86577
98751
71317
40763
77895
62801
19370
63629
76861
70938
11311
11814
60601
20029
34862
51750
79977
42915
78809
63641
7771
52954
62357
38902
41924
42413
58103
67322
80606
26600
16478
24690
71795
26336
77790
30870
95450
13214
15856
77771
58045
97475
12086
94042
35827
8246
15826
75960
11680
73373
7272
89203
90720
25597
84752
41846
20315
27947
60312
47066
19184
1498
76412
88238
95948
97667
680
87835
34354
60846
58255
11919
89650
29987
95350
71673
75204
90971
92723
64900
59654
98598
32711
14470
67092
33104
45917
33731
18670
4564
5182
61403
91826
26662
43575
81920
52490
57494
27459
88201
79293
66973
76007
5288
16670
56960
82767
60383
17346
29540
2203
98590
27633
73708
21777
95929
45730
38743
26570
49751
9323
34625
49117
14818
87919
87887
34940
66959
17015
68568
5643
81862
44292
93717
22093
88403
59633
84092
63860
88369
82363
81979
78925
19211
13821
79184
15823
36828
96915
82451
29312
69936
72195
96839
88497
40883
65189
75499
54394
70199
81570
75871
41499
59481
50194
88531
31343
54932
35812
8050
44263
77700
99696
5788
58112
12425
59967
52521
51094
29648
37666
2254
70225
48982
28752
62791
52064
1448
71540
1612
32964
2465
11023
20244
45054
66913
95074
40068
70103
4871
93278
51350
16511
87233
5909
79538
37167
17588
57145
85916
13700
24828
46868
85490
13731
25670
39130
43540
78344
90956
74096
11154
80493
9803
31336
32292
64801
48072
93902
5878
71633
3861
37448
16300
47194
29713
76387
87924
87174
39785
4566
95252
45196
51190
14456
30340
41257
11130
99921
26112
98959
75070
79834
15056
75904
52761
12984
71854
41311
29101
49340
38245
935
72024
13810
49851
1410
6266
48230
59988
31790
69108
20597
99007
81043
51476
72455
29103
5316
51937
10818
34855
80242
54788
5649
52524
65011
87913
39318
81070
93834
4152
71657
95476
26502
5816
12267
41433
75176
19360
3584
3614
59731
75662
93563
52921
17544
89945
31125
88663
62820
27391
52397
61194
15027
27467
87206
79948
45664
74549
5270
30287
72142
19692
63590
4196
24146
98140
87869
3199
51568
22863
81022
68842
53065
2154
45943
19031
61205
66798
60278
32133
34585
67782
79267
96488
39594
30574
95688
73938
29045
13467
73512
56978
47315
15732
18764
4964
66074
65439
18776
82730
51512
76617
22242
41610
39247
27457
3175
90761
79466
65596
30027
85721
53298
14754
87411
22082
17248
43905
46677
66253
79432
60299
85181
8001
59240
36047
15755
68872
52057
12894
32992
91069
77083
23638
84847
9026
97471
59757
11578
4814
85634
85410
35923
70532
8017
38606
36167
22417
85445
71389
21302
66315
17496
50444
43700
85910
38532
88700
665
69875
30151
10863
32712
82887
35308
65174
48978
78172
87486
87625
13046
22606
67289
93293
42587
75165
85804
23879
37363
77837
80324
73427
23549
92967
19455
57730
54634
20921
59657
30126
21687
7256
40952
64022
55532
81307
1847
7698
38538
94876
457
3873
28406
85170
43465
29356
69785
39800
4590
41516
47790
89230
92457
15322
89572
88112
20038
67772
97132
88371
75837
29280
6415
18720
13773
23269
39889
97536
56104
11946
68378
2452
68502
61037
95692
77550
307
16930
75511
48974
93296
97397
50023
64069
69870
1296
78350
61022
63785
42876
49476
53926
52710
49096
51897
11476
29043
16367
79690
2331
51349
29625
23617
7478
3074
53359
73833
56569
88720
20647
65928
91211
61620
68631
8685
21405
83104
14934
64833
625
29657
47570
52245
4360
2227
29070
15759
89084
74461
36689
35020
24291
33089
37452
21329
59476
52997
85155
91433
23343
68056
54141
54692
20974
54727
59763
29106
8664
67519
96588
20351
16120
98663
56552
50570
28119
70864
20954
62217
92436
57341
93887
57534
33753
36612
99202
17499
28136
15781
95043
15144
79472
79330
71208
18160
87309
26980
92395
53060
53727
99955
42752
52343
50908
63478
85944
5773
52844
69977
13766
42295
60801
8726
3703
24972
3197
42175
79336
2211
30166
93723
61579
44903
55557
60132
10496
60830
93953
61145
63516
79186
34980
22195
54269
38066
1756
66545
61607
18229
49127
63538
63911
35023
19467
40350
96331
57132
52617
84081
40786
87013
56187
66456
71649
68100
54565
61769
67818
61659
37359
10463
83098
38223
71110
27065
34977
12948
51349
62662
62416
89673
3297
50589
52577
44930
50379
56723
96234
90782
88456
17684
74170
43741
52294
76858
88714
81207
64245
90920
9729
44515
3035
41377
10316
85940
63140
28224
13847
97299
42452
30615
11236
5565
99964
80836
62244
51437
22845
18963
2536
86843
3184
32334
20693
26096
64948
9458
19518
3346
37157
87369
34616
67229
35837
77800
91695
46420
7765
16456
7069
43321
11321
36469
10203
64975
84007
2212
60573
61354
59706
1222
53070
10514
53207
98644
57257
91282
82497
55024
47047
19854
58824
73472
80840
16446
3275
56429
79325
24597
73957
74317
56203
88446
430
29709
53640
82773
9006
29487
41923
96228
56013
23122
78867
37236
39233
69090
87811
90871
15041
58297
58115
66254
16138
84187
88348
65955
62042
91220
84768
72409
1150
72919
6470
67160
81512
98272
55957
81691
51550
17909
7853
11110
8719
63916
21387
31585
78370
53367
49700
74819
84489
80501
72884
94906
17510
96860
35338
20546
72122
3623
14007
34464
59107
16043
79321
93141
36271
39298
59233
12877
62094
70801
71107
58379
3927
9292
17254
13365
1947
27363
2292
65107
12798
51841
98608
11893
26896
4821
3180
28143
94841
46461
69632
31700
48509
20522
33465
85967
71322
73831
29297
70450
30099
71108
54843
5077
45386
93205
96719
5039
38871
5588
58906
85745
7171
9820
98677
6305
61539
79568
64687
84576
89075
96000
86913
60860
77216
44949
22756
7934
91441
66483
52729
11876
36700
59667
28310
87282
23512
70114
1471
98564
74855
68039
658
74472
27622
37836
14181
32751
59597
30569
80585
28003
26886
69464
43692
20951
87261
88190
85673
68717
73093
20606
48046
21264
50896
4192
4370
91825
99613
63291
68762
12890
51994
57464
47696
39099
74144
99734
70245
13181
58589
46267
14949
46135
27123
85056
29331
46426
45587
89352
47577
2187
2033
26449
98881
91719
71174
98187
90618
27074
66506
28038
99007
35231
78807
45829
2323
4437
49220
39994
86543
92846
78820
54582
24934
67254
42574
36464
89193
37364
74546
71701
48749
33592
87102
18329
20216
1404
50343
89619
74655
67090
53945
79924
50516
85336
21824
84916
29041
2046
52727
63425
41308
94820
35189
63559
88785
80142
78303
85402
15838
25222
53401
85065
50550
60054
83515
183
83087
54952
59564
3994
22896
67152
88011
73942
55237
9348
82351
58049
83774
17100
24209
46383
37832
11952
32496
42310
46027
45743
3603
40440
62583
7579
18178
25207
78083
63208
26592
5114
44129
47450
21306
3346
41261
29170
57877
39526
40687
1763
62767
76828
34918
88382
92193
62599
22029
98209
38833
28092
54396
83423
883
91865
6231
14345
54737
77102
30489
35997
54159
9325
58392
24910
9181
80925
12362
54153
56
76705
83157
97426
77170
50375
76841
56266
2640
77768
38784
92593
31767
37102
44265
45889
53411
30992
11662
85683
13017
67316
35645
31182
15452
74519
70514
93331
94185
5393
73651
42607
10359
1358
33832
4074
86648
44735
20076
20569
75057
10589
8469
80834
53175
95558
96256
594
5626
23426
59508
14369
41250
82288
9517
41427
80718
21706
40091
12592
82684
30506
15145
10810
53334
18715
59009
60129
24491
38686
81990
74653
88027
90441
34717
20877
77008
53422
10705
12443
6886
70163
38127
81431
49368
66772
4215
81925
96860
62152
24222
66340
26329
57125
3440
24160
5467
81957
32448
5519
72257
59489
8145
17450
1869
46391
3479
74538
87088
5872
57039
29471
2799
73460
86388
97352
76967
65316
11603
84316
17555
44473
38392
25061
91572
61781
36553
48371
1031
54121
82818
94921
46994
15033
21868
8980
84630
48141
25132
55471
74588
48784
29271
17219
58409
37851
90238
75089
51788
82325
44434
37014
12767
64791
40924
71846
21902
79730
47051
83251
91157
33481
63833
65444
68609
38127
43235
88354
33994
63208
23983
67370
14320
69352
89931
2642
3848
79731
42382
90796
41918
17764
90617
7974
96762
56333
18769
11783
23001
41422
49031
23662
16638
74316
24753
94086
99390
19171
16016
99241
6311
23223
9880
34226
81896
50741
10833
34759
50314
41619
35655
24546
74231
94831
48322
30693
83822
45017
49148
42855
8103
44913
72617
76034
9511
49556
36490
74077
89526
36592
47025
34898
86752
93557
3806
4291
84465
93904
36637
34001
97379
45426
40988
3708
60401
82891
66178
33203
9100
49705
79070
46697
42500
93934
3633
67383
72180
21877
90662
2056
33515
51297
262
19646
51371
97259
67226
13940
79779
46243
21509
52858
76304
84728
65560
63159
60332
44659
63954
42590
22236
47206
64647
63531
98003
71554
53415
79810
93893
80604
48864
38428
82539
76991
90824
40085
72870
95228
43241
14947
43024
61600
60688
67620
15707
32312
57251
69973
85832
56609
66711
26691
60817
78724
17129
65987
53596
2258
9946
67408
7911
76394
49535
47190
19522
48837
84779
44220
93625
18285
65778
12433
84476
53620
55226
97143
64130
18978
37866
29589
7565
64390
84013
52048
2040
21639
39138
48304
11159
75398
65513
37269
381
7587
53051
9653
27890
69441
74022
81693
91735
75685
78261
30622
6678
57618
32160
90023
25939
90473
8865
52700
49009
44615
56295
18368
52441
30335
47084
26498
50710
26401
69755
4409
99839
1478
62418
53601
28382
80345
49626
515
8217
96662
61678
59842
97250
85793
57646
49357
75793
30113
157
52083
45502
34690
37101
67889
78383
83990
32888
58180
59610
45143
32575
89152
42122
91410
25793
1247
50351
93990
86548
39392
80526
3275
74484
77170
79505
11631
1089
66583
75813
50853
34378
75989
47580
89292
54774
40671
58185
28866
39984
65841
33490
42357
64368
18091
39410
41944
41638
11366
51008
54002
37810
38815
69140
69595
19975
68378
99699
896
37059
2215
28704
43146
21796
30464
60044
95671
59397
60031
54479
21283
54892
88134
75877
42228
9647
19908
2117
59802
81511
57752
46372
88198
67307
38130
965
58033
22616
10457
24762
9259
81214
61818
93795
14046
48548
30784
14607
81322
75671
25885
45229
46517
38397
566
58301
76138
80053
97376
84179
45472
88465
99938
50069
33176
50617
82882
13894
98707
99775
82000
32783
1108
37764
11461
7923
80503
64087
90616
92218
54960
75947
69676
17273
44402
34518
8560
19545
79387
7294
49018
5593
51087
1433
29031
19977
62963
89986
15339
10640
79428
8792
48176
19065
66049
50439
5006
23817
96712
44836
63992
69624
52641
51249
85928
81655
41556
6925
6761
91781
29901
52629
42305
77423
29849
70873
80703
49870
62754
56617
70321
67596
5714
98194
63848
42489
87598
84873
19082
7735
75451
54960
79941
23890
86174
77018
3278
30950
74402
35496
94335
28292
6584
93667
23260
50478
20935
4760
8565
27764
80273
54588
27695
59584
2606
26067
88083
82802
99578
3222
44341
93234
26688
64257
3869
49462
7573
78472
2250
16414
68383
88650
48731
29258
2799
96644
91084
87234
58913
68229
12756
9988
62326
267
86752
93793
80059
50796
23484
31933
67260
61992
75908
34326
58915
39003
76977
60224
89026
25784
83888
88157
49707
78008
10351
95711
16444
22030
58863
30777
32811
97007
92977
3957
21930
41756
16866
95529
31413
29086
18753
41316
66210
52565
44605
36633
4811
29720
42926
77316
47942
87297
58392
49398
49250
50568
18406
6827
4136
55361
6333
58351
14586
27190
56040
34589
22014
81090
63732
70313
5463
63516
28978
21481
43894
8543
84989
57571
33366
97656
9588
87252
86
45472
57971
92007
7575
38479
20377
30238
74737
58339
8280
17559
53068
45622
21055
64727
54893
68450
97560
86565
10492
90999
99946
67594
21763
52208
7577
44081
2686
4753
18013
62682
21270
81117
59743
69862
19149
66048
36353
75580
33534
19037
28363
72138
13094
33431
14190
35583
39349
26420
62653
3754
70381
40030
59516
34829
97259
43026
63533
96276
62465
16670
50574
21993
19730
9135
20136
89592
30796
78702
47082
49873
45170
87440
87814
30555
7142
38147
33784
23967
48700
81564
59652
32924
23864
62059
78418
12960
6022
61475
30858
22637
98596
2624
3730
49735
60249
81835
25089
50553
42165
8836
98068
33076
30967
95219
56836
33222
49330
41988
60170
40523
54844
52560
30444
26823
41856
91943
16744
64594
36379
76170
89376
9108
94356
39433
28933
30142
35097
62404
40998
73875
38412
79657
5690
72036
91079
23042
21813
21054
83627
39035
13677
51748
65863
57751
75003
92362
73744
10284
45423
17865
48161
26728
33824
23281
24323
24695
9029
85446
91184
83048
84669
13383
68039
28625
13086
522
355
76053
88064
86811
16177
19022
230
25969
17254
21420
57195
32605
86316
25000
73066
75901
37775
77477
59956
84592
64812
71332
1229
75901
12516
34919
99994
99426
25861
83087
53353
53343
20115
93424
76328
18086
49173
3955
1713
50443
45788
72004
68122
91904
43196
97853
17805
41816
96531
24199
58937
54655
89236
24674
24394
40397
96556
87402
14270
19196
72570
30444
84060
78226
65418
30674
15127
50435
42175
48505
57907
61982
89090
68942
44132
30069
41741
70946
73389
26648
47242
4346
43346
52213
89880
38524
91095
22972
56757
7537
20149
41176
28404
2308
80309
3876
57976
83352
18090
42439
36568
57474
18137
50722
73977
79656
19661
88137
87851
37021
42569
9382
31810
46875
74272
1174
60363
41912
96882
59490
3375
44336
5379
22731
58612
82905
87106
48122
39788
94787
32644
15662
64916
49109
56171
76232
25197
38080
92457
66015
74302
67401
11797
55591
95357
61618
56507
74
47651
69119
88188
35555
37189
17482
282
5002
83939
42118
32042
81941
19723
64410
65680
98820
57660
95241
85989
84474
53167
46598
67196
55554
63173
26610
68390
87021
52386
7376
18913
53902
65724
14081
23913
42913
6933
47480
70006
25159
40036
87003
15652
54877
36777
89071
94034
28169
75504
58802
65135
64384
53473
16123
96883
85271
3128
45636
3237
54124
74542
92131
38126
11483
5433
3714
38831
86518
77299
6189
97015
31000
76694
98139
76496
85685
62356
51777
68585
18681
48241
14541
22264
46402
47292
23851
28496
8139
67603
8442
47184
99947
9953
88280
55991
9831
79424
52732
48493
93256
30811
73228
44431
64859
19240
59012
42336
15727
48025
65255
7975
91503
58391
47056
12475
7264
51579
22633
56679
93907
87090
72910
81311
69526
24484
98271
87224
7721
88193
54962
67733
5081
85233
26050
59003
84071
55439
50960
10066
60850
67521
5857
10107
63929
36338
66958
97483
68132
96229
28576
11297
17550
15634
29317
3959
12326
82696
26568
28301
54234
14069
85737
75814
31433
86155
40439
1027
83272
9777
47905
99957
61318
94325
84395
53759
87132
57969
95744
70773
79928
90093
2771
20388
80475
20195
89091
52658
11408
28498
6926
50349
96934
28771
379
17579
56588
99898
18296
73218
8340
46952
21904
90306
10299
9906
48619
89375
16563
99916
89839
36596
96362
5944
22284
43830
92146
41809
37549
40667
98513
72967
8644
98705
46900
1683
49073
34167
41206
88751
59783
30741
81356
2344
36706
14083
51662
23533
84171
90
72062
72461
68632
5559
16987
42005
43872
12151
25435
27658
98143
90769
31383
35370
15283
89754
25738
20134
73349
20273
59997
40841
40402
22204
24660
46165
86981
17490
68958
79106
80955
9675
1288
74669
4159
87489
17616
70598
21503
79808
14052
62414
30753
50291
90559
3122
35546
1255
17410
93410
75117
85327
45065
95200
24802
51432
33752
18744
33221
12555
66438
19301
78838
2327
46855
11492
62838
94216
61550
168
58311
94811
30525
14515
27389
42626
24213
59476
71434
53830
97637
31204
16978
11490
47568
97605
80176
60624
67449
19110
72258
33789
62688
93805
69264
83520
53767
7669
65803
75349
50849
90803
14058
64854
81542
65864
67889
51642
74193
69817
98539
25615
54422
40418
62448
20327
22990
14561
22007
20730
15234
15519
12420
94625
36150
29672
38508
76834
37105
4096
38901
74969
17408
85419
75938
68800
71362
83979
43842
67895
41149
92972
55115
61635
20794
7612
23907
19639
54834
98213
29122
35558
70179
56810
87604
59399
6167
72127
75700
69864
93557
2305
37906
57865
25162
11079
22955
9774
17145
48884
92211
80321
76259
16914
22788
61127
16729
36579
10474
59333
99029
68210
42962
28064
37974
90370
88702
53172
9737
21127
93690
21486
10441
92980
53913
12197
66179
40203
29947
9875
98893
43699
28020
29844
27600
28365
79298
76389
96532
78307
52515
83276
11782
41648
47482
67753
81604
6888
44940
99200
77112
21308
33425
26830
79623
5535
3642
65581
12539
44624
46950
50013
72215
85484
52094
38359
15137
39591
84301
99768
75175
29429
58691
4392
83660
68738
63836
73664
97770
51487
15192
80659
95469
30459
98014
52121
60949
20689
53336
62608
37717
84189
77274
71714
55130
90119
58835
81231
73078
79646
61579
15898
94352
88677
53696
43758
35727
92770
74434
45745
1666
73671
61421
95149
97341
40009
61338
76411
12827
91346
216
95123
78385
86914
64241
64037
60207
14068
66200
50230
25975
35210
65315
29948
66138
89997
52706
80035
21114
88319
87279
89910
18654
82713
43280
65517
58867
44890
66948
80128
77522
78516
78349
42012
80087
41758
13197
11652
46795
72013
24845
25322
16644
9703
29091
37670
53354
94915
40721
14827
43977
3163
21968
47162
42872
89130
50230
61149
87252
38219
48667
99030
70885
96133
31068
89374
25573
15500
33655
16784
27373
21423
41105
77936
91762
85065
90184
7359
13947
30692
23543
19203
24163
1886
81609
48994
37818
2163
93417
436
43484
69284
93315
60593
36456
83048
61084
30892
32332
98053
3818
97783
58322
51669
66052
9488
30682
39859
94159
38556
18127
48668
18338
83895
53206
52230
65282
4674
87535
40628
17244
93453
86482
87960
35715
46525
64913
51293
34907
20958
78167
23146
2355
49666
45954
60775
12981
3745
85896
75415
23286
12752
37849
91462
17455
81579
87608
90033
47090
29367
14483
33731
53952
54541
36354
22095
27376
93139
76290
82116
96796
81118
60383
44822
24612
34387
60964
23018
60811
69541
95347
47408
58572
54822
5679
58873
32327
59601
33588
24347
98426
81417
45103
93494
36489
92094
36475
26039
98046
42614
89449
10335
30049
10546
85509
20316
94780
94543
91435
81988
39657
46226
76576
89877
10349
29419
99873
93656
33798
6128
60080
59868
14461
63783
92575
32643
26303
72070
75393
46514
13708
58042
52544
12375
52093
32787
68210
74284
39945
92055
70502
43234
7416
93584
59814
87857
13637
83184
54801
40309
5407
79709
94655
92240
4297
89880
18173
87377
85259
4963
31407
49824
25991
92288
63972
76719
20280
63092
13471
95628
65389
36556
14126
28174
66194
45194
50522
26148
51536
6636
77869
39159
29540
57756
97428
4140
92122
70216
54526
84565
11747
71097
4524
91186
55658
57945
85262
74036
40777
79542
54824
14292
7639
62616
8367
63202
49268
68985
31512
36390
57886
48154
12096
4394
29672
76870
27667
73756
44124
34212
70030
25995
57822
89344
35862
71131
75607
66673
56785
66858
86828
30201
86758
49070
97798
14725
78097
43831
84062
64390
32777
7346
3499
12842
85867
32021
93102
97088
66435
97438
65329
93109
42233
61266
78015
36351
97671
70662
62176
19323
97980
68511
63528
64586
83974
32411
43699
62965
7932
95990
48666
36930
88219
80249
22612
41516
64399
94942
32109
49046
15689
8653
55136
12036
16881
47161
1104
78072
79187
39640
88526
52043
4386
23604
97956
26071
4922
84999
13962
93070
10804
77561
27899
716
4986
28349
68340
91051
52310
87844
2617
93503
68599
51847
98250
78723
74546
17085
86429
55110
62437
6310
44026
49480
23259
82189
57423
62216
25649
5449
56277
68552
43860
22979
25561
31446
85432
96523
8973
87580
94824
46925
91272
76051
80573
93734
96671
55389
4482
6601
81182
3773
54061
73911
56142
76688
74882
13284
50183
43294
17153
94240
79628
92171
27688
80048
9300
17064
30118
28288
64230
74244
78126
76877
46474
17948
76882
94352
92829
34596
94350
78870
63609
13140
48788
32340
61131
90342
62405
26423
55730
88552
81878
37514
96173
93197
26823
84622
63244
76294
88956
64151
18901
82308
82459
62184
73235
41844
27561
13151
72496
43082
80350
94721
62444
49132
39815
91899
53615
43498
42292
98261
54027
61852
43298
83274
41146
83424
18285
16447
17330
50266
96525
35631
58542
47573
64747
36639
60569
68511
57688
61864
79180
56905
42467
65829
23040
87907
89202
91939
24513
31146
44119
41697
43908
56360
9889
64735
47610
99463
15933
35792
2648
76981
47613
34206
94256
74027
37676
15284
67970
26297
5981
48506
99452
99095
79474
52103
70181
96996
13554
12074
56084
95266
27744
96556
58240
53756
75982
72595
88314
29073
84167
39237
29523
98284
71035
85244
82367
56115
61460
23983
34742
72606
95833
76006
62118
30799
66154
21335
42002
78826
95849
17212
29321
71361
63737
22109
56865
62462
17335
93376
95074
914
29269
27105
5421
9274
90005
1415
97839
2302
75065
59982
84411
31994
47827
48042
18689
749
34949
61344
70855
38703
41241
60747
25833
10863
10973
28690
68386
95223
52543
84699
30760
50961
34510
40480
6833
11025
27493
63366
17817
19988
5699
11779
75584
66199
16079
12332
98304
99758
66284
58350
8678
17745
50848
38337
23828
76566
5742
86728
87672
14807
51746
72168
94688
21922
64283
78242
68188
15210
42984
7534
77070
91619
71257
9012
75297
67711
30750
29898
15369
64364
89961
91172
90310
25713
26510
54234
97517
82855
61190
97318
81071
99201
13569
6676
61182
17929
81121
49134
81021
49826
35608
2327
4874
51736
15656
17394
87445
51220
3538
4142
51088
96444
54223
22416
13799
53243
84060
55189
87303
32601
89608
44366
82767
51837
86518
82232
96974
83461
84311
74203
28514
89374
75747
51577
48653
60273
43737
29680
93739
53265
14223
41524
73139
7569
84885
86400
92026
36411
20887
58084
83189
16342
43234
65676
81997
75373
75764
28134
9206
77598
60231
23717
23872
76476
93321
26285
6643
75826
9792
82206
79857
90565
7837
24263
84711
55458
14938
65711
4260
1924
23386
87048
20211
45928
40041
41759
53896
75300
17292
30235
63282
44238
4351
52708
42683
62794
33237
95647
6483
39094
44749
6416
3669
50952
55737
34845
1612
84870
16480
3736
84029
58859
57315
95040
68916
14425
53816
5799
93801
73410
75764
24581
45926
27619
2427
29363
28377
44616
86766
3876
39011
89875
75430
87681
30406
13280
40994
72478
25585
35041
94068
45250
43201
62045
10305
58480
99735
19698
34211
18182
58574
21327
10262
51172
27469
91165
52985
69701
47234
58355
87117
91528
95445
87632
97870
65967
47785
29573
30862
37477
27089
24959
78491
3149
59747
30840
54597
66114
29608
34926
61822
80518
90032
45623
74497
45048
37660
85992
67746
41856
90596
97278
68462
85553
84150
76737
31703
43387
80404
66072
81820
15723
69087
94139
1316
95488
36441
88487
81823
14273
27924
23446
874
20696
32918
50694
25079
35569
35239
35573
33869
51274
25428
2845
87840
28693
9972
54194
94701
62355
42460
19282
31473
86155
77979
90268
98274
21025
23730
5279
83691
14816
87318
8634
49001
23676
95470
29480
10671
85585
75483
74059
23852
27010
10870
75895
22471
19368
43115
13334
38713
65341
72897
19656
33211
22090
13063
37066
90043
17796
99193
79751
15526
65330
30810
24079
21760
94536
48794
70439
8550
85371
98619
32239
33265
96625
65563
52447
74751
97946
34269
8069
81144
98581
45031
89143
68341
46837
76749
49117
83133
62370
49733
56373
48798
20766
56018
77352
26994
16387
51967
31613
55653
98311
5620
59677
74090
77336
17843
85524
1917
47012
48229
5883
40769
12880
99365
24058
12417
90546
61026
4977
74685
28247
58508
81850
28129
40342
8480
78205
39978
59502
9547
93176
21963
77669
85501
25100
44555
27550
38721
60420
9845
75187
34814
4820
63729
91857
94537
94447
18497
22535
71331
88121
13072
79960
70854
27536
6252
59266
33564
62783
42797
7042
5155
46780
77498
80563
95482
47935
54813
58966
63830
17684
3022
93374
63938
79153
20634
86371
1815
99366
46125
99798
24950
84064
21652
67933
87592
82549
90018
75051
29399
20576
73022
28908
37222
8141
23114
90806
12642
69093
31749
66932
31666
5055
81124
73309
13840
71834
10201
91444
23865
88710
77607
91214
2706
6387
69031
18388
64667
43213
46838
47252
8237
3939
120
61206
2220
90066
37680
21212
64684
20083
51038
18792
23287
42484
86875
5812
70311
30750
71409
33423
79456
37505
94458
4573
54839
31335
67367
42000
14330
66809
35397
81582
64519
22338
14455
19150
98838
73439
34939
37555
162
48636
41789
61521
77613
35222
46327
688
33631
9649
86195
43100
36782
88287
89980
55043
32653
25106
67630
72798
37604
17085
78790
95459
64250
75020
13189
24810
75479
88486
25187
22553
49813
42557
6131
60982
68725
46320
81619
11159
94659
2802
40696
85918
18258
98472
94038
81732
78591
22835
73243
8949
78804
78709
77264
20179
33447
82045
63262
98310
72056
34980
78393
59028
17513
44192
76435
25268
71519
21200
90474
23123
10448
20704
94873
71441
41205
53550
27268
71971
40720
43656
10417
79346
17071
87522
31977
94923
26948
86462
37221
17746
28775
51907
77248
41180
67635
88886
31033
39107
81719
99517
52730
38284
90105
2694
96318
9393
20078
1931
44595
71529
195
71795
1147
27618
76190
60984
7116
9860
46373
83728
34427
83784
34919
81069
70646
16342
93523
61044
38982
8134
35776
58553
56894
29083
5797
66928
46137
21008
76409
81402
90582
4164
8371
69987
48380
82248
95390
41119
91379
8342
41639
84014
1989
65875
51896
20993
84277
44887
69441
84879
83097
51014
38187
87544
91495
34009
12456
46196
65925
274
23056
35886
69682
18089
30420
525
15418
11154
62217
22446
72497
38382
69234
52429
33741
30321
90902
76831
77305
60478
763
53014
33750
70276
67941
11346
33341
59308
41275
75392
18339
60568
10830
78076
56801
93501
4876
62396
3027
77816
48245
30553
90469
13785
70408
198
93934
45832
84328
62863
78756
88272
91490
16588
16351
97741
99570
52994
51013
89551
80219
92865
59790
73839
49265
62143
60824
12172
52653
7798
2677
62020
55776
70442
77879
37962
12256
92068
81125
9545
16935
33785
88414
24493
77399
63444
28202
15141
64236
1516
77598
25581
53125
97854
24721
88137
77737
24489
84438
36992
99
55145
96467
9344
48887
11509
45703
30371
8966
30091
64978
30104
1377
95525
36902
81666
55258
10711
3049
20768
75667
65020
37831
85
40292
27017
50110
66534
58861
20168
36668
2888
13039
17968
51172
64955
74683
43176
59415
17064
78716
84116
92626
76687
68885
31750
49878
91278
86650
58727
96762
19826
38498
36130
98309
10824
17315
37396
1061
51876
44862
94070
36896
16261
32257
29921
5945
71463
5546
49890
95092
40736
34594
60727
86271
63334
49706
30789
45681
35119
3141
22197
21536
77827
6069
28702
46386
26311
67466
43064
3211
90732
63605
31188
14759
86190
34662
75409
68757
96412
24233
84338
86274
68970
6219
42275
54644
89297
96767
40786
25995
34452
71320
69123
95720
48983
19517
59773
88441
72803
48202
66280
8443
99077
63850
19704
10367
27304
26846
67778
21069
18418
30527
92107
53744
84854
42572
60331
48729
16142
24213
50401
2103
64413
91517
29333
7808
22931
29702
73671
66556
25866
65497
25033
22181
67607
43938
61009
58817
8639
69120
99047
79114
36020
6869
62527
60850
83278
61186
97565
30453
67240
1425
88433
76203
80488
37485
85853
62706
14030
55806
75330
65609
21368
93981
64820
28727
73885
42356
62732
2853
22313
69157
12126
53827
22562
83470
98626
8370
65195
38065
38836
59202
61804
58569
69242
92772
60205
13935
44570
2006
42293
93293
42875
18559
10140
70179
52242
5664
36108
46653
19614
83731
40731
1869
29038
83351
7948
16250
10966
90194
66434
8163
39910
74749
805
5302
13379
34722
58298
6180
1489
39583
36622
16935
95482
55307
71384
16977
34647
62351
17076
79412
77888
4617
4031
53068
95795
81372
27718
82364
34374
64492
84181
99828
37748
73595
36505
79798
31505
8331
7991
40628
63936
43353
43053
8590
56894
85717
91847
97632
86529
80768
49350
64939
10905
38031
95619
51394
71481
74140
99294
90422
95155
40627
30544
66332
16170
33176
793
35479
20689
93292
18920
81917
76580
21311
24311
35922
96101
38652
76742
27357
15214
50848
17742
47048
54198
21574
78805
65909
53303
53030
26952
48170
65367
9275
37854
81138
17505
93275
55494
72089
32201
64708
3291
73531
48195
63770
70748
62578
25497
65305
16750
14109
68259
74085
97975
99372
69267
57497
44138
95432
32668
19579
75559
13417
81623
48333
86249
94402
46591
19237
26186
79604
32067
15969
71400
57348
92781
41247
96326
36510
20016
62262
40228
22342
42121
37848
57744
99459
22005
12898
69485
55202
85962
27075
21256
69891
24042
24690
78930
81384
87081
93683
55333
72341
39464
60557
46424
44533
16743
82594
75046
63463
15647
51505
98202
10941
49556
8906
84529
73310
49310
69190
73744
43003
85960
74296
6175
78540
45282
96396
67062
76891
9175
35993
29517
61726
48903
81176
519
19035
31530
88898
77516
69048
56786
64366
61026
34795
3647
68391
73239
53423
52132
91311
72321
88785
19596
69311
66453
86783
70622
78691
13858
39766
803
63060
6560
81297
38812
53157
63296
781
69150
83512
56178
40916
39125
45929
26037
80796
49079
68679
3556
27721
36062
99843
30897
56688
56304
99692
2626
75135
82547
88273
36742
68343
20791
82481
1699
50409
34963
12142
33704
23784
2357
55106
87878
22295
53182
75636
90791
3125
88079
31742
60699
23113
17202
95667
683
13028
41334
69880
15490
92058
90489
50813
9948
8156
71903
29873
45705
63230
47414
621
32380
25194
19482
58055
25751
65821
56241
96120
5131
92417
87925
90716
90482
87190
89471
99215
38638
33730
10949
26320
25136
17648
64513
61680
42126
32255
13249
7308
60446
45319
75774
69274
64454
89242
1828
94515
88740
55866
21433
63979
62601
70064
35483
52771
94195
81098
86190
86562
12746
1283
11894
27388
31195
75600
53143
37251
7023
9022
7495
65895
73738
39188
72460
83169
15497
78588
2144
62935
24652
67561
52260
28111
19067
5558
93406
58571
71347
89512
64337
45722
27278
49864
76740
15369
30305
50902
32946
16009
64032
50433
43342
7141
57786
87597
63194
36659
60080
57861
94008
14305
64703
47621
46689
90867
79141
2117
15084
11667
80245
12417
25665
39741
48400
69637
65057
69619
92817
68677
69795
51857
52915
6682
59524
73517
59278
54559
59960
21316
27823
20420
55675
82684
25719
25282
79420
31760
66804
61969
72925
37656
73198
433
7336
32433
3109
96180
53651
58567
64595
52372
44241
11983
38108
5731
29684
1406
83689
46350
61990
22066
8316
45095
76858
87483
51369
17875
42055
7564
58833
73885
23530
14490
27163
76643
36313
38872
36991
28012
13193
36750
8499
35026
71801
22752
49270
42138
15635
30834
43173
38552
86939
23402
65331
81207
12059
6091
47639
84169
19924
97157
78967
5373
79173
12732
93518
12421
38177
95042
11190
80615
59002
50659
59126
74568
97732
68848
30560
60244
35002
81960
35095
18998
87564
13174
35585
31734
22684
23124
69798
90795
24429
13109
36022
78032
96817
41144
65519
73968
13213
74498
28376
61260
93274
85312
93164
92016
21684
92801
5745
67402
2123
51035
45898
76478
44706
13110
52678
86426
38242
41186
46043
27651
15295
13993
90359
45455
70439
85728
34787
53664
48928
41639
49968
57335
57253
16549
22985
79964
467
99999
6312
90260
63653
99796
57695
85598
61278
80123
88208
52134
27308
76679
96978
55287
64753
15891
54494
26797
75265
72259
52220
48725
38902
49720
95357
15681
28720
61486
16048
27087
14081
80737
62328
5675
83833
35227
47056
23922
52253
37868
96000
88848
80923
54603
53399
83786
81193
45706
60083
40303
82138
73255
44167
36451
76861
77299
47841
58904
9196
93327
6810
41670
92598
31510
64713
3082
65206
56602
57670
5508
92947
88276
97007
28536
19962
59378
37062
70774
86814
84151
23953
49184
26128
37546
73057
62149
95291
61043
16796
80390
12271
42698
39350
67852
5017
47172
61681
58569
34062
95672
12779
9089
82075
10023
83412
44798
6070
90102
91178
45233
21832
91165
76702
67527
51988
65687
21216
85771
6621
58424
10561
7706
26963
10625
4899
29891
98614
93401
77811
10951
56382
88065
8124
42527
5367
46384
73960
38301
24613
32909
13384
54872
72830
9364
51036
26247
10367
60330
34381
21330
82479
9473
24654
2106
18982
15891
54521
19563
45088
28324
63540
7498
24620
23386
61906
51022
86793
39738
5956
86859
32285
80593
40842
40880
73571
5643
15422
35019
54635
54496
97903
72068
84147
50334
41302
91031
83453
93974
82041
15678
76552
24482
63944
45624
21004
70433
89634
72837
67473
4583
83397
99277
33557
53936
92851
49645
95656
87433
20792
73704
34380
96309
9750
71088
68920
6821
22121
63957
69988
12596
2550
95551
36165
69086
44964
87465
83233
34148
68133
66041
76762
17063
10195
22067
78723
20181
76205
25433
48029
33915
25636
90694
82625
67512
70812
9870
22019
67279
15790
74301
25419
25563
83175
35311
28953
32441
38599
94161
40516
44441
50760
51635
54491
90564
57110
22991
89789
8407
32019
82970
48163
21060
72674
83450
50418
69741
33764
85740
98938
34609
46672
30765
35563
96552
19436
9318
93318
77513
30666
78534
59244
95750
5591
86758
36804
81086
83961
72144
23809
85964
27277
92752
82632
16446
10050
60193
79450
74587
61518
28846
9312
64316
55163
34280
57633
39785
28121
33383
98597
60881
9671
39126
48076
14836
88016
21336
48837
52222
61097
51169
68734
38765
84052
39719
99212
55355
26755
66284
31754
51928
95078
27893
44396
62521
54988
69231
46192
62242
88086
85977
60443
18591
84349
10565
85963
62424
36657
49276
60931
70604
54645
43091
57701
58064
3753
28992
27304
18573
65895
74460
97409
91039
72663
64833
91666
21602
45954
21854
57738
77879
10696
81711
40745
58536
33657
93098
76024
13888
39367
60362
73286
47207
2568
15951
44938
55167
58303
8881
83910
16395
52261
26475
8730
83413
47484
18421
2452
43719
66762
89307
74272
46409
68414
46208
61583
10063
60393
59866
59123
35346
86402
69492
84014
70259
93047
43964
22434
86203
67550
86029
87872
57227
67960
26647
52593
87888
52862
61606
73688
40846
3027
46820
47389
13846
5465
29202
38880
53106
67764
72780
91308
46956
52907
52377
41417
8400
90466
2709
58609
40096
54664
16367
68207
48220
9487
13887
36960
62236
69970
69872
4438
17619
57167
80188
92514
90034
25820
55780
6455
50627
21860
6011
14759
96076
52167
18023
4577
63233
79005
10445
57212
69542
82995
31394
43285
14519
11728
94835
93265
34217
70601
21652
73628
18393
89333
23913
37236
53879
18979
77030
39493
31595
85627
54917
61705
608
67156
9310
53657
89983
65515
23628
14122
2007
88511
37825
72413
60874
57584
34742
13351
40700
88622
69281
43051
39535
7933
82672
1434
89146
62485
87023
15534
31256
81066
81734
9658
87895
6095
4616
16346
45661
66088
5232
93845
45324
49528
95813
43573
44558
4605
44509
48932
21798
17861
83507
15648
45826
52
19622
67208
58199
5942
74579
16901
70084
39620
39944
35916
48481
96371
89151
84641
91772
24150
68488
1407
37504
28553
43210
82316
69597
75440
81329
53718
58335
51202
47886
24802
72929
48600
83103
76415
20599
47029
89523
27523
47435
59077
1209
29206
87928
78542
44658
59763
32263
71453
17033
85917
33870
93636
22677
35378
12855
44762
31190
76190
55329
25261
37724
66299
79726
337
76157
73217
38175
35000
8679
17594
98557
12846
33968
18814
25650
5396
67597
92028
59943
2351
28594
56849
71347
2815
29211
72815
27622
85334
64225
70786
96710
33104
15529
92514
54361
24803
19204
14783
28166
90459
5994
19037
96576
12172
56055
41286
61536
62813
1835
83306
16231
54574
43818
83330
66555
8736
99945
75682
53114
4759
77834
88489
92393
28904
66541
73499
8630
46309
17970
3048
58448
95032
35747
21629
1311
31345
38527
19344
24337
29230
18630
74004
37265
34424
82027
66868
85537
23027
65419
63568
40462
60973
14942
34662
68688
98184
23131
11805
24898
37087
94528
72594
79963
97543
93765
22944
37792
38354
998
91816
53041
89950
34009
68277
67200
8181
97762
53037
71073
12436
27533
8644
8249
37812
91398
9874
54288
55834
85608
19873
14347
5200
47738
93540
40441
9532
9901
61691
75449
73508
50577
51452
14159
54122
21146
97885
81457
10861
61244
39224
57742
39341
67551
40588
53716
58835
30478
13553
2501
52560
28571
66032
71199
44798
99028
73560
70647
82977
27923
74084
60076
2587
27986
53869
82882
10610
26519
86005
55148
45995
33100
92503
89572
17968
16148
84454
14971
27750
50814
62302
20882
3419
51950
27348
7143
26795
9804
45340
88314
4000
73749
45761
95239
27664
7152
21236
7772
62700
26464
48884
51137
57119
41534
93209
43566
55364
28326
20020
40382
43779
83074
53474
85530
3621
23806
73033
84216
46712
10856
88856
31057
48075
96511
60316
89939
22104
98055
47804
30791
50627
45771
1294
5386
91456
8473
79391
31343
39648
10633
92337
26228
94398
80871
91042
95589
94956
89142
65741
50374
15497
97759
97340
45878
7397
53971
46439
43288
51919
50585
2787
73113
97928
15977
42598
9242
69341
87174
64594
33165
29987
31614
99634
93920
26831
73528
32850
14169
16172
11716
53219
27372
9085
931
15192
76136
20919
91210
66152
81015
28216
74860
37021
1260
26528
76963
3312
7521
26403
12774
10519
66628
95547
61947
98068
93070
47075
63376
53320
13931
40769
82465
60071
54208
43859
60783
91065
26874
37744
58180
62011
95209
30954
77469
97678
14975
52365
79078
73777
89736
13731
88248
25970
22128
59565
96793
33041
64533
11123
47059
51942
67750
82967
71035
37609
79277
91028
8398
2740
9921
5983
50848
75061
18167
38130
60559
76933
562
96969
11675
20464
66147
65421
7401
79633
28710
98960
2072
60480
76355
98269
32013
79836
18359
54482
56870
60219
39828
23493
87356
6831
69416
743
46448
51318
63233
35694
40202
57246
30688
26264
39223
62326
20781
41538
35321
76077
42393
71183
12874
84701
42773
29656
35781
57089
14094
73949
37038
13172
91045
50142
70805
33094
17903
9719
72326
25028
65882
80863
43597
21200
89244
16596
73956
72770
21467
14350
42340
79005
41676
70658
57684
36351
2104
40543
41363
3577
41159
69951
1755
30528
75445
36655
54181
98524
53340
34057
43429
43621
99862
65037
34886
74432
42667
70977
82357
391
89843
90637
26827
69194
13394
61718
83753
79523
77759
58007
49311
26930
1140
47749
6520
39749
11324
32534
96181
11839
35875
17286
36210
52447
21709
76582
78102
66449
91423
72911
90029
3335
94107
6517
34246
62514
65808
76840
87898
61251
38042
73885
56158
65072
96808
58661
95778
13932
98986
74089
48260
80861
8319
59788
95964
64206
73806
32094
94395
49797
55540
27778
83686
57377
35500
9164
7459
54119
93181
51005
41781
62794
71981
50075
99792
59152
25700
28202
7625
11982
291
11494
5581
44377
78503
39393
1302
25242
20833
86270
48760
59953
23374
53051
94886
59265
81880
45937
92284
36603
90150
36654
58177
45185
81204
22595
44872
90465
40362
91899
71192
26182
33057
6701
30413
14795
2854
9174
81887
27174
35536
18691
8437
78155
63779
41266
99012
28496
43799
2419
15289
67464
87442
30392
65709
68413
20055
63314
27263
67146
73529
91891
33956
29129
96219
19997
25203
29948
9440
44990
73707
83031
27016
36777
93620
62886
4324
11198
54879
11599
15531
5534
82056
47597
3227
28833
41315
21662
39632
73603
21646
4304
5581
40298
93278
22960
37572
85648
8387
79379
87632
40222
25065
302
70243
89591
82197
57025
30252
56987
11587
861
22281
24878
65997
8867
14350
36846
69389
88316
67692
95609
67103
77976
78307
75504
26915
20666
35501
77958
60253
89515
93971
43785
63520
29045
91280
74743
52926
21210
21981
68102
75144
44182
18086
62320
2902
74217
92200
6786
82597
68942
10472
86120
72943
31001
93521
19920
97296
42791
24676
45020
49157
32335
83763
32528
96477
69460
24375
16373
93004
64622
3220
86535
20777
49536
52643
56584
26147
74393
4022
7924
70621
36319
8678
2068
13037
82396
20163
80545
9041
23656
55968
35890
85070
13703
20204
89541
18047
67835
71079
40451
11910
95998
84809
6155
65988
93367
78498
15847
70653
2147
39311
30768
3076
24000
58357
37233
87754
33076
79990
95423
50581
52549
47159
60300
53706
68437
74451
41584
46526
74617
58096
56794
36977
9502
45715
9243
59228
85874
5718
6038
24606
77278
27149
89939
65294
5499
78458
48200
8685
90906
77583
14079
36464
42832
83264
53646
91069
57227
99551
66152
51491
64295
73351
84651
35950
47155
53973
66921
89512
70536
94183
35775
13055
679
23096
12707
10375
6498
91658
61218
61747
42300
42603
53558
36395
48752
53922
33969
29578
3756
28364
61990
84543
71833
46673
71694
65894
71024
60728
4926
25477
62849
54099
27059
28186
76942
73885
91491
76302
35895
67742
4776
53292
77370
6134
39719
76568
70127
38959
41562
58645
66772
90928
7255
84384
19893
99414
85527
86191
73013
65356
76537
17628
7975
44112
17052
67856
6591
40727
67988
56955
49105
31314
11490
83770
48373
97524
64996
80085
58942
11704
41722
59190
61334
55179
50448
16312
80673
26655
47091
53346
49170
29749
55340
36187
13599
33955
64047
85636
11266
82911
68540
33834
21589
37562
94312
66909
20996
72225
37541
42299
44628
39171
71731
56401
28715
50155
23862
12484
82936
58420
26739
99822
59500
46072
76987
67745
17459
26183
48736
44846
143
75522
44373
83138
83335
77832
73859
10464
28114
52419
81566
88137
33483
3063
89161
21785
21964
34467
85639
78418
31160
73771
35322
92550
87479
26481
61750
2428
39887
3343
69143
54503
57523
75272
81063
22679
57458
3501
22213
511
5392
58869
6477
86012
14724
29325
44253
29749
70130
27256
49919
22160
29817
10405
63624
23245
98942
10219
15846
52306
62302
70948
91545
25900
5242
1597
49595
30652
46719
92981
47673
61776
67167
14529
57669
84450
53948
86327
92680
24974
21626
50530
28792
7528
46472
43179
31284
87643
41242
59358
16989
39210
38899
62310
55396
64589
50350
86969
44576
55208
79172
63441
67032
80630
11113
52023
52893
80702
64549
51703
713
81898
20568
44344
98870
77704
14377
24171
99976
8520
24695
42690
81845
11519
97958
2026
57294
27757
60761
58893
4233
88662
74809
93856
96174
76556
47329
82044
40453
9074
71639
84342
61886
47873
94036
24090
1751
39000
74497
65748
36693
35568
86514
8276
67284
42063
53562
92642
18577
51655
85368
51448
50861
30497
91399
63160
85094
86979
89220
96322
76528
63412
73670
2143
2379
5526
89625
40133
70084
93611
32899
43622
46147
89332
36708
58866
56570
26505
60671
76392
6297
294
49802
8208
81546
14234
41317
1325
65363
10502
96659
88555
27752
86706
6293
34981
88086
35117
10721
54215
7270
35034
20410
77401
91801
20031
97153
43184
46979
39377
49732
37622
91639
51904
47018
77402
52841
70156
7808
50122
46364
27929
81931
80681
90772
78985
38982
42340
32619
16326
58842
65178
9356
51836
88092
30666
48722
49517
70407
49637
46099
16382
48258
87498
98298
35361
