77233
85112
54699
85196
31077
26580
14562
21917
75430
37143
57216
18419
69568
856
19013
99245
1662
52793
10324
89050
50535
5483
41680
67886
85134
55557
38215
9423
69792
48863
77521
23818
64425
22295
52845
15927
31165
65731
97683
36959
31799
88382
99057
74018
45387
10157
72037
1852
79858
54698
11443
84524
15802
3735
11950
75738
58213
61825
92138
46488
93466
18814
53219
72548
49067
53401
97901
27776
32391
75866
86838
23724
29330
65195
82595
72355
12954
3683
94507
75877
16776
72183
82936
37579
404
22629
4724
38173
17955
22467
21524
82944
56717
45341
69248
668
69031
49704
85946
50154
84460
77396
7235
50836
16926
87661
1330
78499
17408
53810
68143
73507
97171
93106
50325
63202
16263
99992
30999
75737
30485
19935
39097
53686
82569
35822
89916
54516
25235
26777
69402
92580
3845
19213
43673
35949
89107
76609
61225
97858
32338
56232
39548
38679
36285
58959
74525
24749
33406
83212
53786
13626
89919
24347
2479
26353
49963
92940
42503
1764
64013
31429
73680
45637
57388
38481
34049
68620
24529
22042
82708
76513
36286
4396
93054
25498
61002
72800
14603
70085
97062
98308
27889
60074
29450
91328
15099
20727
86946
86805
10653
33706
86035
86693
28678
52842
48205
35492
89756
30739
17982
82602
13076
22458
68808
85866
16899
60654
44243
89195
78634
48594
78275
17179
33285
22296
50305
45609
787
72628
81270
90197
24467
54402
47833
6773
51370
20819
19660
23262
83538
24903
48933
12148
3086
91065
45467
30819
39369
15785
98947
51974
72155
37518
59437
59994
32161
60163
43992
58858
55869
2924
11855
95691
7336
53931
60387
45766
45070
80406
40163
87255
1422
57303
87583
36942
16480
65950
9517
754
13653
25025
4645
25899
43415
66835
58657
43883
87745
22814
95062
20181
32118
86199
93077
21681
79904
85894
84984
53802
72509
10068
99346
45071
22788
6903
36573
37106
65742
15203
70311
64926
709
42840
99138
77082
27349
19491
53901
59570
69975
34709
96309
68417
94352
10887
64309
88882
60907
12246
43018
48860
43713
20085
85091
89122
75445
94135
66456
1275
60364
13151
9850
24991
66330
32760
38307
71678
296
50434
63432
52969
45990
23030
6122
48256
31113
37066
32350
82775
20488
78292
4018
6725
7753
32273
6766
22768
95298
72825
98007
64495
71946
55653
25076
70066
45332
15864
94845
40246
87572
41843
85725
66527
7859
86738
12410
60023
99912
98468
94306
22348
9615
27198
64841
95352
90407
28562
99720
79882
95811
74418
79075
59093
6521
43721
94199
91232
44019
31244
2052
88551
16249
60862
63095
6529
5589
11000
43556
10732
6783
69596
64579
34856
45334
79804
36420
79079
80653
98512
86334
82429
11290
74350
71237
76073
8867
26228
16035
61078
42689
96710
68857
32758
42387
73936
78706
18598
68557
30940
70328
208
31039
61565
35836
14265
67564
97679
18891
36573
9113
63967
93959
1278
17139
87894
55797
91487
63914
28370
34237
43815
10608
78690
22747
66403
9667
4345
24358
64984
51533
5429
68390
34619
54794
32336
97475
21232
99374
99346
97572
38170
2312
24847
49573
35886
53913
5378
10540
99741
11826
70435
91707
72108
55013
79691
99460
30865
26898
32564
92726
22542
43673
93886
67324
7973
16598
6307
68089
81694
80510
52240
88954
57911
92967
89258
61749
78266
93956
2219
32094
63958
86173
33960
8384
54323
99562
66401
32148
2373
25311
82205
52660
61153
46919
16583
15352
98938
3472
16024
59817
1218
22820
68714
46923
45428
72280
30400
89486
16538
65749
73684
86648
52445
71874
75680
9905
37356
65026
9829
60961
18026
82990
72781
68242
78103
98076
67089
44735
53614
90877
15420
49658
61672
85551
92990
73832
80919
64865
32275
69585
17675
50881
54179
58503
55594
38770
93097
63393
69991
47988
98508
73713
29719
99179
90224
9843
7525
9441
16928
85444
37300
50802
9305
8350
69930
8921
10000
70840
63736
90749
50048
71135
45452
74773
458
7368
79469
35335
2490
80578
86733
81567
20357
66016
60012
80929
38685
90127
41029
87716
57679
748
77829
5327
37495
84452
65078
78089
38522
97109
52542
11314
74739
38641
78513
85046
3597
76681
52450
84652
96392
42680
90431
52094
71279
98146
50338
28685
96193
3840
11917
78510
27352
76144
65185
69894
49897
92502
57425
61531
22
56401
80387
4102
80530
93076
42984
89324
39926
23165
43012
4849
5196
98466
58863
69484
87143
80706
8617
45919
86782
50835
19758
19727
28341
93858
83401
57469
29579
97763
11922
62617
81126
98738
54544
4690
30526
37266
39351
44590
51592
57919
56708
20948
14378
24235
78941
26941
10041
70438
31926
10388
76238
89398
73456
85762
29954
14940
15191
9654
50134
71672
78152
12340
18555
26283
65470
40974
14912
72124
78375
59506
53243
18942
47139
57649
25161
52950
75401
36503
46582
35317
91034
64782
42087
67198
29633
8094
84782
36335
22546
81166
44567
78316
52512
15450
64440
46561
28230
91345
10510
35747
18393
3621
75091
47612
20669
71105
75775
36175
28598
13872
76793
55688
12507
33700
83960
36509
34652
63338
36328
82605
94334
4232
78669
21148
60902
55956
17045
45463
17237
96408
1878
78328
88602
33661
81675
23666
61575
80436
80661
1156
80365
68649
77085
13328
62923
59618
88075
73236
58665
15120
56346
54831
62269
87210
39928
9530
62226
8355
25998
93568
23125
19052
29612
14236
45104
93280
75200
40080
82257
24837
6469
22841
81592
643
67350
32351
1828
17517
34339
17247
1364
31999
47395
60155
63248
8922
62504
46322
2646
1513
52047
56623
16627
86290
38451
33754
49241
50051
66086
61353
23035
45933
48461
32692
55140
67246
85960
99477
15296
79240
49850
31684
31259
91270
99137
75125
66477
58039
26225
89712
29855
28187
33207
7458
15345
5481
42145
91688
10119
93185
19510
62080
13774
28351
22572
61587
81983
97533
87863
63302
63190
43201
40321
55125
61345
31700
91973
1145
7992
40474
83598
99956
33843
3553
60919
80954
79371
80007
13512
24626
75647
17043
59596
92897
15802
8583
56524
91783
27496
77036
29247
52681
25253
89571
21978
64184
65483
67158
89629
29509
45103
48339
60864
93316
19940
22288
30610
40046
92994
3406
85671
14285
34842
5059
66744
22283
16470
68202
92053
12169
83611
47692
63651
90045
64160
48236
72106
40648
35516
85778
21741
93343
97857
95489
70642
96923
10277
19707
43140
69850
82376
89831
71239
74200
45023
64072
63926
90922
90689
90483
36483
61521
64060
11773
24253
98160
36687
27831
29854
10237
14703
39712
19025
39077
30510
11842
90267
54826
62788
42039
66292
39712
24051
89770
46938
88918
91817
24171
56657
61634
81635
53013
89980
84894
57392
79510
57903
4214
77329
37774
11071
94461
82107
74852
37557
28998
69532
31855
98185
76964
34423
16545
52130
84737
48534
73656
71824
15604
51475
98069
71211
7645
50835
98300
33823
28559
20362
72556
4750
37984
10457
22875
5361
14528
93087
28804
97249
87456
96146
44528
8252
43065
61202
4027
93273
10446
12769
89662
26887
8209
97653
82446
34673
80278
13023
96367
85714
57214
23650
7470
31880
32395
20932
44844
50605
10195
75188
22934
99669
32534
93421
57280
83699
80430
95056
15446
36956
47097
97425
2463
24916
78741
47751
63272
37334
6000
39852
95780
50620
30203
17426
83354
91065
70719
69220
88770
35244
53728
18176
12110
73624
37496
12074
96024
20539
80954
19817
82637
22367
78352
19023
83488
63863
49913
40985
35812
59348
89408
93938
62022
23957
58023
53453
26499
69548
31046
51112
41409
19695
93219
41114
71522
82342
62361
55805
22202
85110
70382
28515
24806
48713
4410
43232
51927
82950
13035
82058
11107
1714
63127
1278
58867
78562
27715
35856
91328
14657
7009
57806
21609
25767
39579
78809
6973
93832
66729
53771
81029
57708
11951
46675
16152
85644
89276
22937
48498
5744
27788
82183
28267
92618
74573
12922
75312
408
19853
12504
84422
18866
73389
83844
84251
61927
69273
7871
74881
24472
71311
6339
33410
9130
97418
32818
36430
20987
67191
64510
69220
34193
74205
1975
83921
34633
40485
5220
82537
60411
58306
36739
85656
32105
98272
80325
28590
33443
26237
51632
88341
76285
87445
19121
33778
16959
83915
72706
704
49725
41901
66628
81305
94768
14007
60500
49018
24251
52665
7376
10387
24925
59639
19529
79427
86938
94007
33842
57647
82484
37960
56477
3087
75536
68175
3619
62835
79145
64560
45152
84894
86982
47671
84466
5498
12940
10464
11292
99854
46436
44590
82924
53474
1640
31310
37385
51260
3785
57372
58172
76393
9403
91538
49111
60322
369
72936
13339
33062
71713
34101
32596
61692
21910
31569
21610
83711
67132
59294
39749
75926
42986
37913
31882
81616
5217
29040
5408
39214
56090
85588
36148
98564
41573
58049
32884
58086
3786
47327
36095
79823
43120
8596
78709
20117
61579
75816
88738
97059
65847
81301
91182
81052
6657
85866
95915
87584
92725
67482
97540
9283
55828
56720
69161
50125
93201
93593
52476
96767
50939
32892
36762
98713
70983
84965
35229
31052
67369
44296
80915
15319
46508
86264
900
64560
8898
69548
78786
27543
80985
86441
33961
82566
72539
35844
97148
26571
11264
67350
13337
58712
63447
74432
85767
19916
46181
29133
88623
63425
49017
55115
11015
29864
4390
2048
12314
43164
87197
78823
60457
44504
53619
39040
51793
95096
5286
5263
65621
14062
57229
97646
53232
52631
66766
48668
47194
44802
39916
74262
13882
48371
67678
30823
48479
97876
38616
96629
78264
61255
4557
52658
98433
35778
17926
68112
50743
48563
87241
96962
20347
89278
27157
83135
57531
39548
54402
42171
41232
96822
68058
17556
49631
81593
14567
65152
53035
24874
69904
98274
91032
29874
59423
19249
61268
30400
19221
59787
11996
54179
35481
85870
16733
32238
63387
2273
1636
22692
21339
84690
67978
47935
9888
28211
68734
54642
79163
9286
74231
92621
68949
33760
62993
61228
19351
51979
81804
58521
3338
92018
60091
13385
2214
71866
244
44790
47990
25461
87708
84696
78121
92563
45313
55169
56074
65370
39156
36567
96020
94825
95460
19726
67173
12551
29291
70137
5088
86229
39122
618
12754
81472
93022
58383
46165
93086
16243
66491
13162
14895
53642
74860
91111
72565
93647
13923
91957
62111
30345
59883
38718
72247
94554
23553
89444
34011
53339
90809
8074
9573
54301
34529
47924
60031
84645
3621
61989
97280
38877
31233
54590
87031
9528
90332
83682
41780
60909
34483
97690
73088
82368
66359
81452
318
98295
63622
78410
95169
39985
63725
42717
79494
18010
9103
99532
63402
85517
62399
66295
50514
68284
17299
3133
47657
27368
64378
94759
76193
63574
51442
36158
67606
48428
76749
33593
2625
55547
44870
73886
88187
29386
64303
94904
68974
45600
18666
88937
63164
13388
73324
54753
36726
748
4589
92587
88773
38366
57934
68428
88922
80561
59214
16101
66815
86969
46333
5065
8948
58488
39000
89169
31786
57754
20479
86394
52333
37360
35963
18003
99357
44387
8544
90105
2760
29450
32508
32296
17015
27846
3331
53429
9522
93591
21039
35230
16753
7866
49822
74675
33107
89512
52098
81945
70334
93131
23034
34367
47826
83636
39849
56769
49571
43750
24729
87169
93301
30413
28821
87354
43927
98710
1987
31619
97040
66354
26692
57113
87001
32055
30010
43335
88780
72608
9029
42179
86358
92506
34501
29722
68932
666
75926
67203
12837
33672
32292
56329
58389
20200
270
29588
72143
87218
92682
34779
77878
13798
53959
40268
39526
13920
81441
89358
55501
64209
72360
95280
49909
76731
49261
59693
36188
75229
29871
6282
78334
92192
14437
81283
24023
38705
79820
7780
25435
39758
91665
33460
95240
41486
31150
32797
91269
49578
3704
7646
16310
80189
5239
44381
33469
25908
31797
28928
160
55357
52591
55992
7357
99048
72861
71909
89434
1223
64105
85345
93428
39704
9373
56626
3957
86918
98036
9464
64792
51782
50629
63219
29239
36978
63205
59483
53589
32878
30338
19956
84366
74310
22224
73601
60994
75993
5326
29589
69047
85827
18490
61770
99970
25487
81903
63395
59202
24001
71217
81635
60570
91662
38658
50051
69918
91555
38101
83620
2304
790
88960
45342
35352
33605
98443
58518
61979
29750
98193
95402
25947
78227
24833
64416
23415
89766
3545
44716
53827
44195
16747
87269
60168
69175
4492
408
20872
91493
88629
51420
36368
24745
30708
58743
97938
23398
82657
40913
6347
42325
83446
24382
72328
94747
55258
74542
92627
43165
14883
60762
91674
4644
9552
67931
34918
19912
87010
99525
18685
60649
86576
75205
77501
49647
78169
94963
13353
19046
13605
47567
54606
33999
66701
80418
23720
4866
2179
5686
65622
29063
43681
55514
53565
39434
85161
47176
7534
21475
31887
24135
30478
10896
74760
482
97294
71445
58232
21491
61157
14405
86114
71261
12023
65352
15583
60680
76359
15703
3424
65323
40212
58820
44403
49255
82671
32178
97316
34742
13115
27522
43084
41379
61460
77055
56288
41126
46664
17077
78739
16745
34510
24058
74660
6633
32868
80370
35857
6169
89548
54568
80889
62035
63830
47777
36944
44025
17933
88557
72706
15252
4119
58158
17971
4275
53187
36227
81758
26029
72534
91902
60830
68738
66919
5075
41474
95241
30491
30618
72203
68593
54264
21877
72346
54249
63831
88410
22060
38001
18083
64225
48806
36540
91556
947
48557
95257
24385
73370
39430
48759
77733
14318
37473
61055
64902
56290
1292
66266
96672
67932
20006
95376
85737
79512
14562
85245
32350
66213
41873
55659
59132
55752
87607
10460
14411
51254
89664
4033
69581
15934
83546
32810
84420
29446
91357
18383
96916
28282
1971
18363
54354
11292
9703
33029
44649
37095
46003
6716
74309
62925
27524
57480
33068
81642
80060
70337
39861
24661
32708
63051
25704
80764
57731
19188
16751
55216
36844
88810
42325
51504
25876
89960
41241
26386
25439
44738
1451
69756
11776
99271
75893
63590
98783
56954
48844
51890
75513
50057
66828
38570
47115
15417
54559
41593
25878
47833
75576
97938
27712
64725
34283
84311
61127
84149
86281
98422
65768
70987
7180
21770
35804
84403
69965
10969
22776
93917
79681
66875
93749
90685
67904
18766
70888
37881
79327
30654
84216
55066
39170
13578
92610
65138
76724
76843
41829
58251
39066
41847
90243
19779
53714
44806
88507
18714
79632
90439
5447
55908
82494
37429
80055
1123
84202
30392
21846
55662
9298
83310
42297
33051
3100
6061
68698
7007
4106
44050
91445
75165
30174
73596
41546
98527
96550
25954
44765
92461
51234
78354
55052
27161
151
35823
49383
61017
53113
72221
84349
68435
93646
80549
61380
11898
43595
18158
14029
2649
32337
95785
45322
93919
91809
91069
27856
25311
57888
33315
33928
22576
4881
28464
12976
94105
77842
10288
77378
8297
41475
54837
31682
54897
66310
61193
56999
21893
38440
7036
23477
89607
36728
35792
39486
25227
93453
76598
56609
46547
35663
33125
21534
54842
65307
14649
38125
39885
43666
90730
73950
28698
36935
91093
92793
22304
10664
67826
58512
92759
22036
29813
65664
31274
80699
55070
47167
93919
6554
57866
69466
15950
92652
67373
81009
51056
78767
76717
83662
73073
8125
25729
39156
53992
70752
40272
91261
86555
8426
96967
50929
58306
81544
1263
64813
69424
89688
30033
31700
49576
39962
44927
12628
92165
16889
64000
62073
90609
58586
10730
39847
39861
94728
7110
14756
91595
93178
72975
52052
77444
91046
48150
839
44900
75767
10199
24800
32619
31940
64638
96295
38924
44696
98894
39295
20225
55884
27036
67216
9190
68022
19956
97311
21033
41194
11422
19214
86628
81435
89824
47117
40370
76043
4275
33206
88977
48594
48877
48685
61992
53457
21881
58380
34302
31513
30447
84969
57608
64941
76413
23275
32561
53643
67618
78581
33884
13643
69485
21745
43439
3320
17100
37661
4467
66775
99006
78846
42068
16891
21059
48897
65273
18521
67210
91084
15304
68719
56209
44330
44420
77460
33344
52781
72786
76714
4635
36290
83404
82105
64733
23241
61668
33114
53447
61731
36068
38875
29822
31668
35332
68118
19125
98266
85830
84876
2103
99552
79592
55949
43595
8918
30575
16141
2208
46126
15881
70346
5838
34226
29461
74413
94466
32668
89821
16507
20868
43489
28395
22990
64172
9521
95713
2869
7939
82297
47593
58226
41954
94285
18417
44403
90072
28297
32726
6617
33991
94277
3355
1016
20725
85174
72149
10868
55943
41280
54435
82467
7073
29149
25744
18966
62868
58641
29086
1050
52155
46711
53278
13044
77536
92815
68813
14691
17370
48149
990
6300
85685
85093
20828
61106
87408
91265
46115
21799
17813
96014
39739
67765
17710
39466
60421
84213
7459
20416
66867
97072
36505
8483
20404
85850
76021
79906
68904
61166
42925
92992
76046
87932
83101
76318
51768
7305
96241
80939
87948
64603
50039
50606
54916
85244
89538
75056
25065
1751
80218
79111
94660
20994
37961
8006
43442
92536
5650
45877
9999
55324
66838
18564
39734
70649
75225
5319
44643
34986
38857
95710
37568
25759
7929
63721
87717
37771
33471
864
37018
73286
60256
29321
96575
85697
35178
35528
51218
39957
24627
93750
64648
9630
5491
88365
76996
20649
90703
87696
38209
44184
50284
29422
65712
95818
70305
77712
62365
22885
17783
46312
81248
76434
87451
38040
28236
5358
27430
18586
2496
69374
90028
39023
6035
228
42053
49740
65113
49316
66389
84718
60090
69137
49353
72311
93873
86005
48029
68638
94518
27590
96752
84026
47330
60781
52464
77171
94941
33836
62571
4485
44780
16978
26507
64089
6350
84886
43760
53067
11337
42593
13119
22173
62096
32725
18140
6263
84081
66840
63552
97133
15265
32328
35235
37815
26269
13732
86803
15839
26742
77924
79055
78987
16184
66815
3451
68234
4544
2737
39211
88716
32017
41372
40372
12377
7940
92244
80194
66111
11434
86915
47943
32957
8429
41860
72757
31304
13827
7012
10927
83149
34002
23495
95981
59800
80968
18563
88932
41168
12614
43455
86859
52418
18785
51169
56106
60442
72456
40385
71753
15432
23240
74767
26623
77294
79893
65148
44748
36660
19037
27439
25434
58699
98344
29065
74157
8761
69101
13736
90707
91821
85680
96692
70198
53126
29880
40693
55160
80237
91749
1097
41872
11732
8796
27192
47563
22160
67123
81886
21278
37278
99109
53260
34137
97114
94586
70388
76400
36716
43688
33212
35695
40848
69867
36096
30088
75799
32828
86357
59702
64863
83121
28931
50023
19241
22359
15022
26247
230
116
1536
14435
25223
58509
24388
63719
9346
7469
33747
62547
15425
96909
8738
73767
72386
63887
28042
69109
60240
16693
53134
18151
2770
84400
67640
99030
71819
14946
55354
95846
62919
45577
52725
52871
51713
83331
44784
85831
50428
36694
55300
89908
188
7595
89313
23762
24713
28662
71609
91235
8893
12961
31689
39711
56766
94386
49571
63556
14947
77565
19103
96918
35702
65218
73087
1864
23270
28577
32716
28038
24185
29458
97501
58304
92369
57335
78689
43960
73569
64348
34241
4002
86317
56805
37689
78223
94300
81579
12590
34360
34335
25219
3702
57567
24812
37952
45146
44505
46832
85367
86515
61550
59186
71516
85434
88459
47094
52661
72409
40279
95614
97558
17877
54371
98230
57816
91185
64041
57154
40137
75307
93774
15547
65685
96424
67458
77662
24892
32427
1789
34557
25062
96437
68215
46420
59112
69271
74820
34929
306
50876
83988
36387
9223
70006
4363
97002
5384
15187
36461
20339
23684
96711
48374
26913
99304
64990
14060
14924
96333
5731
61560
13624
34272
81860
16020
52354
30676
5962
64337
94305
81468
74028
50277
30016
67445
79680
56270
223
86112
64595
89704
42509
81824
97249
15143
53400
39511
37308
93611
49341
72005
44201
44987
4162
54368
51156
73234
97693
30164
89142
82807
23416
17886
37690
40923
2653
30152
11975
47874
44375
29359
99468
30495
59140
89999
48800
38126
34043
94704
32075
2540
47749
34826
17862
14647
8407
19547
65015
22868
80434
52989
15882
26280
4493
49367
91502
84564
41309
37872
79537
83031
14809
38267
83535
5648
7109
8775
97424
77617
42968
43867
57125
37937
54991
74589
87812
30104
22307
37433
26972
36105
71670
27197
1760
22795
83215
12175
85507
95995
76975
39943
29673
6419
50712
42000
44557
83336
89301
55681
33180
82730
51243
15893
89813
97872
20220
49673
63621
7273
70641
36682
96415
7513
38822
17086
29198
15326
51159
54158
16897
98019
14499
176
2680
81706
29507
86211
71992
53878
82939
57024
65414
69012
15835
16933
62776
9608
90546
61942
59149
70729
78285
47899
30708
17881
16151
25016
24866
80654
11991
96878
30379
29669
65604
10240
2137
72342
87240
50504
98846
27857
14778
58994
89886
42408
26607
98106
43584
55970
39447
6013
27682
74155
92096
52185
11149
92566
27305
74733
70732
85408
50092
12856
61045
75773
28404
8957
785
58701
99758
73949
24897
29061
99553
2836
36951
68340
35070
61571
6161
16099
80191
65815
13495
45722
12001
31881
35438
31312
83622
28697
12774
93288
95244
35664
37875
13393
17236
81999
94600
71819
5283
54429
53844
81905
12206
74333
10711
3338
14424
99519
14833
37348
15950
37848
46313
72001
17024
59005
88044
12901
76737
30227
91625
13534
77631
1648
46437
49245
92252
2069
72436
33192
53859
87597
72174
88000
22812
74897
87580
41685
14076
55317
52733
12224
86038
39401
97719
22388
42772
48261
48573
87836
88556
40423
3964
79629
26550
3312
15838
18880
3581
57362
33200
92145
10984
3592
50784
61230
30424
88313
45018
68451
24128
27074
97715
54589
37884
24660
91987
23281
79177
52528
54891
91350
58241
15830
31194
63665
25859
90972
78566
40583
70356
33974
15277
2450
82143
94777
57117
79121
47809
5429
71046
15111
86445
36308
79765
65111
57946
78135
41127
82068
21632
36357
96711
46300
97434
93998
50656
49061
16962
70863
17769
94815
18499
60038
70961
37017
27559
16211
61149
22951
92104
23449
94352
9197
10812
85113
76900
24230
10771
75780
27433
25084
21686
50412
68126
93476
54510
98773
78898
18736
44477
87419
42927
69954
17387
97589
68137
12692
61794
5089
73746
58837
89844
9269
72446
53888
31462
53750
38864
91541
65390
69907
25933
85907
72755
81910
27387
69928
38001
62760
94960
57757
59623
25360
42907
82939
37183
59800
46132
74347
81023
18252
66516
41125
86824
93289
67980
26676
47959
10155
62912
28743
17862
8006
79836
23633
20851
58940
11938
23239
32626
50399
69925
26087
90085
56596
39567
90263
62877
35412
86476
1079
20307
30574
10366
17218
72523
62065
18113
9950
43824
946
81405
19649
27125
49604
94728
42947
93170
32888
4068
28204
37712
11568
29903
47629
27270
86350
4510
84499
14490
19
4546
54492
33763
77037
3409
13506
47354
36164
17930
50433
16842
75575
89821
18576
76529
85819
24188
83706
80038
71401
40599
4471
99808
94427
35784
41137
11372
69264
48177
67779
23622
35947
65966
68690
54261
42778
1915
54615
99373
82128
79235
99590
80948
51379
67527
40923
2763
68791
37820
51905
91558
17859
88063
11272
75268
9161
3648
81547
71870
10251
18699
39140
64680
36300
49325
31129
44878
98328
97757
57821
95253
5225
77463
26717
77471
10074
23093
93391
20503
74739
3205
20139
17111
83286
75045
60587
84319
54927
50126
97038
13399
88619
15313
75366
731
70821
28013
81996
29319
45577
93779
37662
20025
43675
48867
50682
65333
60954
47848
17545
65494
4311
58790
1980
6026
25514
6648
32612
40052
83888
82548
91412
54852
94875
67521
1364
16377
65188
60707
8701
48613
49771
51446
45806
48458
58875
28012
11949
54309
65419
76570
91813
93982
18039
96197
34132
45932
88239
56372
42380
25768
78079
53247
24441
28935
83558
59944
24920
16172
34299
99049
82287
23556
25989
75067
58604
87547
31019
81465
13736
78908
22707
53049
26663
64971
83242
16495
24680
18728
23858
35778
71656
63525
5443
58023
2096
29206
17890
92650
36765
26551
18216
82688
39189
77599
56924
17061
19767
69874
49078
18268
85437
31118
97434
21285
58551
43034
53643
59316
62498
89509
94793
7948
14702
95247
56262
81499
68998
54952
13002
85824
49362
9502
69209
36587
89311
49211
10318
98977
19011
16564
80651
82596
97404
17960
20932
14105
46112
30137
29365
30562
35573
57373
33561
25643
62989
11497
24414
75663
25926
3682
27065
31335
49168
26209
78872
17878
66322
29652
18750
83431
17255
30647
13260
44843
72165
83746
40704
91603
7677
50423
63832
14212
71683
25777
48052
51318
84183
75717
76676
89466
36194
47735
8533
97499
14450
41367
33084
55709
20835
98390
11215
3042
89049
91912
22084
84334
91622
41465
10147
32072
65554
39093
35719
93885
93556
59226
13380
75691
53808
96124
9266
13311
8344
57760
49327
23278
83417
67696
15218
37263
38098
30927
40770
95076
97629
73463
61233
93794
63794
81132
55676
40453
65057
76411
67667
2364
77067
38695
16737
90307
28408
26567
55749
1244
27761
79615
95158
32904
4714
40481
60580
57120
42243
32573
59418
17288
18759
25318
9781
61944
14805
79730
43561
61810
44931
18787
55003
14792
39243
14263
66967
75898
60176
32713
96351
39592
64555
55794
20721
88518
37861
97476
24224
20843
19546
94929
89379
41811
46957
74667
20184
48673
78576
46231
87359
46468
70616
69279
40944
30659
59864
124
43118
75604
62327
98704
67043
68025
45069
72500
86089
35298
87094
99025
61102
22792
2556
85606
3487
41244
369
81869
17965
38491
55280
74594
79994
41958
24718
27243
1948
92038
97638
89457
26315
54901
2455
2227
84880
70550
5733
89456
65682
36503
23269
7873
7013
31156
76071
27253
70261
72997
75642
85736
12173
72125
9834
91503
25654
378
99072
83699
1943
99456
41841
45325
36009
37639
46148
93494
37160
49911
53940
77490
56660
72553
46315
77990
88743
24198
89810
72741
19586
6743
98745
81055
61200
73714
64876
32744
74480
95551
89912
94832
29832
44118
10837
44608
60145
89855
6279
62140
26651
13879
39629
47897
89028
62015
57694
1313
82699
34776
37642
75966
60542
51332
1135
20598
28116
27120
80726
75515
78037
8542
89154
80760
96685
3971
471
36394
49123
4457
35027
555
33338
31108
71429
704
3932
51307
4735
68161
75683
98108
19644
31400
23838
24437
73773
88565
74773
2125
96244
45396
29198
98710
82559
24015
20972
87180
64994
22428
96381
27389
34932
94086
2505
25081
51971
97646
14689
22811
81158
19780
64208
19777
87229
27973
35169
21551
38353
49343
11191
34533
99544
92461
6235
85272
22949
49119
41212
97934
34252
21217
52754
36483
54261
26334
21063
57170
3873
95679
54488
44367
60777
8674
87408
70408
5232
42832
80506
55682
9674
68057
31796
18973
48365
63173
71019
50205
48073
35233
13493
28627
72134
64739
42375
93681
80848
12689
60493
92637
21029
32104
18094
50460
89742
78042
32467
17813
78944
36644
47051
64342
87868
48146
74439
45189
94574
85684
90222
10758
5050
19168
14529
50708
45308
48647
49145
49961
3060
82497
60313
3515
13496
33198
53315
38742
48931
18143
66482
58207
39894
91555
89995
87516
85913
97547
98288
82874
28731
39996
91675
82528
62833
21062
74751
21
4675
6995
90296
56427
87013
1626
52744
28307
67342
16243
52493
97616
63096
44300
99477
62824
684
68307
9267
2457
17340
7474
49989
32969
40983
85180
9953
15834
71972
29049
91146
32218
74885
71140
62980
7089
66784
15552
72467
60342
86458
92508
92114
43841
19837
41359
96065
65106
39739
9874
1712
50581
68951
731
27668
87045
70437
37935
10545
50853
89814
28809
75160
96400
17034
77469
22770
63023
39603
55638
27050
77959
38794
24049
63859
93198
3679
98510
59392
5916
47251
32729
16686
54534
59823
57241
76891
79315
40845
48604
22619
615
67859
76977
74134
96741
45676
92169
39411
53868
55931
94287
29749
81310
55660
49034
60414
90422
87427
64611
46784
87273
73725
82945
73112
33923
38319
55685
580
49073
30448
16389
9121
73529
62516
94372
300
27693
41564
42704
93192
59590
63817
9271
77804
89603
2145
22073
11257
93294
67879
60509
91413
11740
86920
3735
14841
79004
11177
69271
67726
29303
34735
75354
74253
14525
19381
56977
56574
43436
18634
83216
80064
73401
13553
51103
71384
62828
55620
27867
52644
23106
31989
77390
82498
82376
81771
21440
32770
26230
17792
7364
70965
11066
12879
88447
2937
39639
13895
22447
6008
7737
74451
3557
44824
94168
46310
36704
52766
29160
56453
43241
50671
96405
47072
5750
22853
90893
92544
78171
24259
9456
81794
66792
97268
39460
25621
41940
39315
25030
10915
44843
25037
54585
6669
72057
80480
48736
72181
24747
73602
97553
3243
9959
8017
37770
18489
72484
32604
81877
88762
53275
75567
97068
78016
27658
85681
45574
52381
43964
60654
40610
12099
55108
38700
79659
42099
29934
56722
50270
19817
93322
30146
48758
8504
40938
44236
39105
55053
72373
7485
45543
63658
53611
53203
93321
49833
17191
36634
98993
9573
82278
7710
91174
90461
57689
35201
52190
26230
9607
61351
88183
89389
86864
7342
81849
52261
32181
38526
28388
75213
70711
10232
72046
32629
55962
9219
12895
28363
55828
46029
2445
36366
90890
64306
56725
60771
80108
76105
45388
69846
41197
34983
85898
69665
82255
12693
52846
75580
68932
64927
38808
74109
30961
26373
52023
26452
7247
89489
31821
43308
23683
47316
72455
7174
6932
1550
8717
60083
65292
43
8831
24884
8378
43737
18016
82834
43770
18468
36353
58628
40842
37267
70646
38009
21003
77827
49034
26881
39566
89042
40064
55579
81670
33815
13967
82023
69417
16923
44907
29612
23154
90363
47386
39827
57415
5759
8060
77285
18071
86291
94872
33480
70684
82242
26933
91881
5076
64079
22889
95281
5824
60803
41217
32565
49586
46516
79978
88015
14788
4143
18010
20515
80051
70037
7068
43585
84557
86642
35824
52792
63463
64254
20388
23166
92503
90335
90121
75752
2711
60979
5901
94173
86622
21674
34709
10316
52215
87236
59038
54061
33089
89209
45213
26393
33937
57160
16694
85632
8807
62263
70818
11853
73953
61366
80992
23093
54072
81415
22543
47653
30749
25629
64160
37362
5637
19048
56252
29318
99453
48272
99320
27241
75064
94734
83689
75700
25196
98174
82298
70975
99325
99670
44024
40905
71146
54702
90035
22833
3595
3222
40352
66990
88181
30175
17681
59126
1947
38865
36676
38176
55479
84080
70312
76627
43663
36229
42262
41544
21977
56137
72357
27192
823
18854
71859
22229
47978
72804
81787
33611
47993
96482
18344
24903
79137
46819
75956
71678
33303
76714
52225
93516
83706
14488
16399
75919
41353
40078
32310
42559
68347
3447
14075
92700
65523
30368
21206
84731
94719
96841
71261
75454
86789
68915
56285
37005
94520
2048
35199
34467
20141
51711
83933
87218
41213
95366
8575
37674
18083
31713
70910
43774
48969
70453
93097
50252
97475
71363
82431
53969
73971
41324
40280
93584
96813
82685
74783
1122
76037
80423
36647
77224
24577
50788
91167
50360
31978
30110
91970
34881
80047
22192
36866
9029
28646
39630
74489
52081
94184
69119
82430
70843
99594
41438
26880
60558
74966
63474
57245
83642
12649
18384
31429
78133
14470
81203
89580
21399
52981
52713
4318
37875
68092
98878
85411
61249
13999
44911
46267
92583
75316
91641
28466
99057
30456
4212
57682
7456
13303
12010
41179
63645
37417
97583
61621
41714
48504
26760
6988
81498
12016
71471
11460
3317
26338
67101
29726
47654
96447
7343
31171
61673
67420
82620
884
63377
43643
81277
98539
89273
25194
60318
6960
68845
1894
55899
40036
37396
53615
63860
9912
95970
95351
74995
80864
80259
99054
27617
78578
70998
8627
64931
88308
59137
14377
85260
94215
6578
55212
71896
64243
64595
63047
66376
73598
9352
17526
38446
81212
97379
77132
86544
4113
87704
30329
51561
85327
225
52221
62154
89273
71689
18651
81845
26651
23822
47383
70351
57224
78925
62975
31022
53370
28466
78650
87630
35058
8057
80918
54659
27152
26013
57320
19414
89772
12254
53228
94594
3296
86422
76442
66555
10961
27872
95798
40286
50879
38763
77996
19949
38355
93444
63424
10754
99380
58561
32297
20533
45294
46635
76880
2996
94421
23994
99459
96054
56681
96724
72003
67227
79042
7819
3039
1357
52573
34072
41644
66412
7929
51004
98176
63414
52922
22735
82257
19602
80294
92013
85666
21072
64365
13402
28993
16189
56988
70344
66120
53774
70029
19854
4499
31567
73842
77150
93426
56583
470
62613
99561
58230
97794
68404
45814
30114
89734
60362
26036
34331
95045
3479
30205
73373
78869
15406
21694
44507
94184
20938
57405
87777
91437
82005
99882
80019
43284
63067
56694
15072
12256
22749
54198
40645
53516
33822
28153
48982
75577
14788
72124
38934
90737
93857
48913
23966
93203
32041
70766
55639
94726
84491
5566
72200
84227
90389
24812
57590
61751
93192
58716
64719
85667
45546
64637
75066
45119
39880
12196
57094
26432
14857
48338
51683
65318
34224
58300
51820
97732
19166
66838
48950
97
71078
53074
56161
92778
17987
66700
94553
36335
50787
34470
9070
76334
72674
24920
67790
80276
33646
19056
66105
56899
69167
78543
9934
26127
56370
28158
20028
15662
35504
45646
37662
95673
6808
54931
1004
53074
34992
88005
72363
50301
33485
98849
57374
49041
34367
34422
10462
17724
73899
75142
41888
96933
95706
89947
76797
5549
97381
46299
34780
54169
41871
55873
62483
36840
58936
63376
29852
29389
16302
60042
86454
76978
36639
91251
56187
47910
46491
35871
29237
18443
63806
14292
33505
37722
14432
86913
47026
31876
57959
32927
59999
55701
6977
44058
86549
55339
72075
24923
72697
53796
92322
43932
38281
81362
3877
35403
75256
7567
42005
49476
38108
84083
1913
67251
37887
83836
64436
60277
37430
41298
35336
65649
30272
18188
68960
34369
36450
6627
3731
81815
31568
42896
12069
72604
16690
95186
40891
52541
88578
94063
41201
10143
20435
56277
696
98233
92276
56119
61345
5434
92088
59565
21382
44408
46211
8695
70370
25929
18065
87389
33712
24816
5064
99999
34483
84881
86021
40231
76718
39343
26722
69666
98715
8199
14449
91257
38932
39160
45058
69733
56498
40661
6525
14455
41625
37168
23768
39870
3244
93559
81845
82970
26623
68300
30136
14981
58524
12712
49135
95411
55498
33142
26077
98109
69483
94127
6364
90915
55898
62953
62838
13293
72608
31939
48934
30061
14306
27246
33228
74465
48753
32018
61757
83044
86295
17775
93711
73515
38163
45990
38656
90334
97166
27424
43157
57718
53583
73172
19056
79466
89700
4609
64663
16683
58956
19078
56417
66143
34087
32402
81828
71487
60975
16723
69506
83116
88648
53381
15942
79709
55637
93547
83651
2722
16799
33074
78795
8734
30391
84945
20408
12235
15397
82157
64047
54798
70557
87424
77023
55776
17475
25969
66278
93344
49847
87516
45198
91264
58807
79828
26217
34292
85608
41538
11850
78887
86458
54981
11976
30167
26288
14831
32634
43773
7776
22106
70582
32734
57563
27561
49916
31770
36472
57933
9293
52534
29300
70386
93101
87154
28949
18013
85751
47435
52272
61594
69558
47757
67677
52869
93658
22415
46058
20386
30997
34571
924
55255
27126
50338
10972
72911
92288
92450
12323
43676
2108
19752
50046
26929
72862
59006
15406
16561
57804
8278
62499
52930
53050
53204
61474
5267
12167
85625
66992
45929
3305
92631
86888
80838
59706
9120
82054
67076
84232
47870
89239
36422
59220
74636
55353
71299
4362
99458
32068
40793
29381
49741
2782
82712
87679
93856
40188
12037
90676
17743
29802
83560
84264
96718
52728
54781
67255
47426
19820
52668
70315
2467
1011
71879
61672
51678
22260
53497
47999
31625
79553
14077
53566
62273
98054
62067
66831
96473
61634
39560
71218
93832
2942
4107
44866
7932
49993
30874
54264
20524
21516
72665
48727
48614
64177
82642
70959
35142
26150
27214
43567
8022
67260
57114
8370
12640
6271
95093
24036
43788
41758
43867
65070
42895
15124
20589
35157
36903
16112
78423
30085
68512
340
31087
65253
86383
82586
51045
4474
33776
34341
19044
13491
72242
7424
34435
4496
64456
6758
10975
56132
30004
83144
44550
84451
18402
26610
81049
54521
51703
51885
87667
24039
34521
18921
53629
36766
27648
49656
69741
48069
70091
83095
32
98069
79148
46136
54712
49365
88671
29013
69482
89856
74499
69294
27975
22573
9116
7727
53661
53488
33166
63723
9744
72141
30574
27724
11590
37787
98793
8078
43281
66262
82813
17361
45378
75593
33570
27531
9466
72745
6237
99046
33758
99282
38263
59804
82374
7486
82973
73549
66238
11670
29246
89232
76186
12147
28345
75422
32954
1629
5922
66278
68456
68199
16653
24093
32460
58762
48437
20606
22434
94299
88547
68923
84226
58361
2576
4013
78284
45834
64936
41267
25012
30604
74465
78533
91102
20933
29740
36701
65683
27688
24800
87408
18196
47073
86205
40769
13677
37578
78191
92017
21254
65778
42235
70405
72161
46686
54588
92799
42356
86994
56434
51247
7742
60163
16436
15415
40264
90103
4900
4691
17138
19090
48969
86327
42372
39677
6670
37433
58852
83076
86362
93538
98979
39798
80039
74618
59429
15569
6769
77123
36963
98068
92622
42776
36608
56238
3307
23954
1872
91345
1395
17652
71492
76000
96467
92289
17921
46923
35579
39211
17006
12558
28318
28801
12243
91077
39796
74202
56073
70516
31047
1015
82484
88738
51035
36400
29138
86971
47172
6942
49354
15141
8065
53254
21472
43064
30599
74506
49255
53289
5184
37113
27523
22988
15149
61848
96784
72585
90654
36873
86962
35452
73401
16323
80793
41366
92764
36820
75256
62679
53943
56090
28596
57123
84106
87678
12439
64406
64139
55071
50234
36418
14156
5985
25584
34586
15903
50297
93188
28048
64337
48676
36416
27719
91384
47021
90442
19547
966
65576
57950
18080
50618
87339
16856
66832
16923
13736
72342
30654
73582
89655
86364
16558
56875
37283
53812
47681
54323
47358
9397
74531
74715
80825
72110
99572
94871
87010
22216
4513
39047
356
80455
14234
31943
95488
63993
67968
1241
51050
19290
97791
45390
75568
1566
8951
29959
17832
76724
94909
5995
25773
48855
72654
13470
99438
19410
37680
47925
63003
63466
57544
19736
95073
33296
53384
26232
51677
3554
54309
49015
69320
12305
23298
68548
89724
83907
85552
17629
34052
15760
45629
50836
40161
96960
85868
5938
15816
13562
56951
59493
55821
6895
47569
26496
27168
88288
13809
75633
89029
62822
61357
44671
9162
47559
97765
95422
19517
42215
71276
60588
2625
34197
56948
62863
66562
87034
77606
19951
98118
95491
6434
27038
15829
37785
40277
85711
70369
94594
17205
6973
63751
65379
56555
88524
35695
89816
27030
69310
55139
21877
46317
9017
52063
92605
24938
6234
78040
64743
87250
19337
73889
9802
52082
57785
92635
7218
45205
70300
1651
29394
63904
14596
66686
76470
30940
12636
55442
51931
54893
58673
77547
85943
17601
32455
56445
97945
41851
10868
267
67829
99081
39878
64822
95213
14746
61318
49195
32030
16539
10988
28538
71339
94406
49322
95033
38367
79613
76807
5679
34206
82984
13597
56593
72690
66409
45844
83883
37157
85094
18132
13025
77335
88309
77212
93649
11329
25418
50867
79617
73814
80874
86627
50649
17475
23061
46114
49988
36724
67470
93517
56395
12826
30165
37049
10994
46678
82162
24188
68969
24633
55766
71072
88944
12010
68398
7067
167
29551
6852
911
28967
65505
63318
62260
73965
65754
21058
33295
26995
65986
47439
36982
77867
80000
85582
5859
40819
22030
81222
69477
66348
81930
73175
2415
40989
96739
52168
7382
60545
32747
31020
86618
55761
2845
93314
38535
46918
29151
41342
81821
46408
6368
80205
38589
74312
20415
97794
66317
17226
19574
18568
70556
17087
56579
43768
5479
45602
32458
96054
80030
71053
28134
12140
24020
84710
18306
92061
37623
39693
69456
47637
87635
85504
83330
99961
41272
29774
52240
74484
66322
98401
97893
95910
46139
59797
12579
92428
98521
83244
79092
98117
50474
42079
67537
86683
50848
80008
69104
15515
4931
44413
25105
16671
77622
77316
44321
30611
21542
86597
94636
63283
45356
60936
41096
21777
24070
18277
5194
97433
46460
59335
75314
95667
62478
60246
16012
51518
83581
41535
73037
73100
83502
48982
75025
5167
92884
17325
17369
55443
61545
11550
77821
8896
62026
26073
32756
81417
15097
65299
4471
84617
2287
15458
72044
84355
47492
42523
1294
11324
136
76683
40396
74317
45190
17768
84911
39961
38102
40000
31899
67765
76633
98440
46458
66880
79309
58250
47316
50141
33943
38754
33618
56709
21287
38529
69878
37634
23938
53274
70980
48004
47795
88471
50520
12761
13213
5264
97994
10944
85010
74124
50121
86346
95039
45003
2999
70681
79349
247
56516
240
93496
68132
47206
63654
10520
75903
8731
5691
90352
37751
14754
47992
19414
45380
3391
13465
90511
32597
78706
4544
21136
77277
74777
76000
16624
25184
36350
26902
22422
36588
24297
6875
68881
27255
15061
47839
18606
15362
45770
67237
39023
35920
81931
13778
61191
57128
98135
81237
14373
61461
21187
54728
19503
36688
94703
94846
15927
91765
40605
40612
70797
79471
82401
94758
40419
12043
64276
28428
69231
37208
99859
38432
49840
7082
36984
14970
5551
433
26030
69751
29974
47950
46718
29930
24150
43179
66504
22716
81768
72602
4815
80734
43309
32215
35940
51703
66686
55624
5122
14791
50721
6844
5736
80233
69293
67959
74649
57383
37681
36595
88485
45889
98941
2911
93881
23146
72547
76471
14888
28197
64346
80108
31647
9857
12257
70462
60587
43794
6777
13901
41315
42761
65099
58212
53460
22054
7767
4734
29033
93739
40326
93168
53202
7076
18027
91628
96305
35378
4025
14609
18001
64099
97840
23785
41654
34938
53828
10845
31721
11338
6130
94997
88557
66735
62569
34835
35411
7017
87188
3444
90066
29169
66294
26474
65282
6669
36847
8956
232
77363
1021
80537
64625
65183
14486
59529
97774
11826
19554
3266
84124
32292
57611
10610
32269
89415
26983
19691
52955
26822
33206
95370
14491
380
10902
25580
15832
72755
2622
52992
64339
7513
64791
33196
77615
6172
17144
44018
69401
16295
96684
16584
33559
78447
14603
93877
24239
36322
52689
30712
4320
5202
85757
73826
78640
50518
1350
39150
81696
27803
22728
83712
71639
24332
65073
42362
33424
43634
82975
6509
54840
56467
71253
69015
97273
58813
6523
95768
57367
88034
42933
17770
73473
11887
58065
66049
59747
12824
41059
85808
55078
11697
51145
27384
39534
35775
14451
36911
68193
36618
2156
48597
25881
30884
15279
65605
97879
78517
38179
39293
15525
70699
42029
40858
14630
17459
10654
95393
95102
82817
45278
24378
14227
16212
54385
48715
47709
66007
90071
23739
95712
65075
10516
89543
54219
6264
91072
7967
18716
83688
65726
39763
61611
56917
9121
21808
32989
62006
86847
56601
19890
12901
44839
70803
50542
55840
97434
69475
52103
56925
4919
21306
15902
33148
55897
16924
49387
41009
9540
62673
80871
42968
24935
84027
81825
15924
14300
80313
11443
15820
24504
40063
23390
74407
54269
60764
54345
3687
93909
8522
12712
92870
46671
29183
47251
93652
70212
33079
4204
42780
78933
12414
14808
99335
65282
1203
1914
5712
76539
43473
67066
60660
35756
12531
74568
81054
87880
88404
22756
74111
47438
13821
44676
29561
96951
41271
57922
30487
14596
89796
85668
82564
31134
17487
2592
56071
42780
67062
69972
87922
67991
29169
34722
66073
76499
38477
89731
35769
49441
62211
43490
27671
79404
48488
8416
45539
40363
13116
16018
69240
767
74879
92313
20614
60898
95755
61283
23675
7605
91279
12766
66408
28048
85647
30049
28441
51532
73893
93527
81167
11886
52236
92168
88339
5371
44507
24708
1569
26084
31317
75452
92508
89835
42340
66986
26375
77817
64259
20222
50721
63750
14229
92910
26443
36310
16690
89729
48362
4927
7247
35971
38432
97937
61041
33534
52890
23490
48544
98486
50126
23539
70695
49714
89130
62877
603
77411
93992
84830
37535
11314
47842
95197
96313
42232
55298
94933
33063
50526
46086
67804
74640
98054
67101
62454
43682
62018
19059
28929
75264
99123
72154
50252
5388
34918
74671
15701
82324
98871
39013
69954
71741
20126
34658
65719
2915
94281
54273
3618
27023
83811
10599
91837
49165
98257
90155
89348
20622
40601
35576
70310
57893
5274
48189
94841
29475
1938
98618
52125
39079
74969
6782
26374
19376
88209
63233
17177
83436
50690
77743
20661
54451
81178
9113
10826
81289
22338
14117
1276
60861
79265
16123
97672
72656
14817
23581
89519
30928
14592
82961
31940
44507
9007
51202
69501
77733
27666
89395
58416
15559
14931
32033
35392
11767
20976
2449
16666
25696
8915
97311
82157
96237
52478
90816
48422
22979
67308
26154
50530
91480
7605
61877
60155
92836
33341
38065
24166
41182
17157
28988
21410
71368
20449
45873
61649
51255
29041
52387
85965
27480
25606
1594
5999
35110
16047
42920
94474
2625
71321
58415
18073
21285
36690
99373
3609
46291
26558
59412
81818
54733
70676
45442
79549
27806
62104
58316
45068
19047
48712
99981
26676
75240
65401
45256
19196
49313
35846
27030
99017
77790
69624
36202
39061
91019
79076
10851
87343
37128
81600
57304
75374
94701
46042
81195
8158
23812
8133
5065
54429
14863
42029
78806
36074
34304
62184
22967
32970
77338
73890
55659
17137
93698
53861
97212
52969
3236
71464
93231
92086
47505
44533
70754
24459
76653
95385
78140
74814
51089
59544
34075
1639
50865
76906
76844
49592
91282
98721
80640
7840
29061
55680
19757
54833
35965
78064
39360
84510
18679
9296
22795
82415
54360
76628
26281
31453
49461
54406
27357
33552
28187
7102
92629
81870
82259
88294
57865
21937
2028
30260
16969
17155
14985
15288
49847
29356
56296
75211
52175
44217
18645
28546
98236
53312
52174
65416
82062
92016
45579
90242
6680
77500
13276
27715
94552
91604
92261
86060
52980
70467
66160
76552
21315
9852
87794
20906
57148
82748
29291
65039
4740
90226
86030
86649
72527
2636
42715
95650
63528
74791
70664
92936
33516
77918
17386
47713
65542
13747
45773
39051
16095
90205
16322
1836
90324
39452
53161
31656
54474
31583
7857
97841
71059
9302
71539
17735
81519
90363
56166
27616
80768
21854
14127
8100
4652
71650
45669
20804
58172
34315
66009
84489
15982
91498
86243
1064
99629
57359
92860
64663
1961
51891
99300
1126
75740
69432
92967
73696
14052
77572
70452
7925
39209
66722
72461
44242
52783
84432
47380
92495
65729
62357
44782
46973
32183
40751
92757
58546
65549
1216
79355
7114
50687
59976
25184
99264
36288
81090
61022
15840
48439
99717
79731
52338
57003
44821
67182
19269
95141
62176
46141
16784
95044
68000
80229
92617
17657
67441
66805
98875
42935
43631
54968
71460
59840
54395
14450
56314
61291
28679
68413
2200
41140
14738
6340
45716
197
85824
77239
12451
88189
16673
97934
66841
24313
85421
8572
22721
68926
66698
99379
71730
51899
874
94009
94807
82659
66089
88918
80340
44776
91926
97037
52589
93824
75731
34995
65504
1283
6434
40937
72114
45437
88821
54747
29052
1502
20984
95227
341
8863
88889
12100
83627
79786
89698
50674
29914
1706
3328
19787
358
71539
53973
72541
18888
88525
16574
65622
13182
5955
75861
25888
55404
91252
48482
19558
38341
99241
32036
28969
76412
38504
55358
38560
2309
27542
24012
70773
93609
38507
65547
32837
8893
41015
74850
52740
47502
56621
85462
54986
18460
74093
85756
88771
80714
87053
87232
54686
43151
92099
19862
47976
12544
51726
32797
90545
54942
69816
8182
1258
16385
57498
56777
25309
62778
95823
64955
68361
97628
87966
95274
45883
4707
55030
29084
36628
66648
25707
86068
28706
49457
2271
95576
18310
60624
67419
68006
77925
49598
94494
85506
40164
44386
20588
57406
14615
50049
52651
62473
7442
51080
26616
76342
12935
84826
18419
30915
95018
99619
59609
16347
83551
51759
41304
91125
76219
7703
73520
38819
8932
74634
92780
73370
78384
50338
78745
20520
98925
75589
81975
65808
28337
87028
13369
79161
68859
38964
60107
603
31743
17149
6678
58846
45772
14079
16344
36620
19406
16097
4486
60985
52146
87990
70804
13495
87075
46582
36959
66355
7052
30176
94817
2336
18262
77396
11710
90108
30436
41658
17260
2063
66890
17375
26841
62614
82289
85174
75762
95792
7467
44132
66062
55279
97995
99075
73694
40593
15764
58646
33030
85816
92196
48140
230
42294
25962
99482
83006
62656
50544
31466
37467
74637
33088
18106
86263
22357
7735
40699
78677
58716
76540
64983
71828
38886
69221
37298
7303
26043
54161
87249
98055
84852
72414
94355
8638
91990
11742
59875
51453
27226
16088
67553
94859
55107
21773
17132
22828
10836
33519
56495
25776
67361
48435
82405
5133
34675
43872
91243
57770
95449
3555
84099
47076
40464
22313
26686
67775
57316
10579
61227
75679
86556
25991
81302
64039
30308
54162
1701
43952
5877
57586
28591
85080
81870
35483
87998
39208
36615
82134
14732
11814
32678
6213
35600
99254
37967
51948
18396
55246
75382
56245
63630
87777
37426
90196
27317
65705
8248
55358
65839
8333
80011
353
70402
64329
67677
24186
17390
88692
39248
65663
42573
50808
40483
24093
5116
9078
36367
76644
32405
5410
6487
94553
60355
50217
38025
58474
10130
3486
43305
39306
3189
76008
91782
31357
76982
59788
62703
17220
89348
82229
88257
8402
27310
4328
48290
9289
4484
35903
87689
50676
24790
42628
13637
90250
80239
10138
26887
4784
39449
97729
22
87511
60856
19714
40337
78098
54618
28621
55472
67777
86407
16502
67813
52512
37498
82753
61207
10390
43623
97471
18484
25111
82165
13226
8652
84455
54491
35731
43745
44904
19441
8157
41696
15212
31082
20290
50344
50252
15791
78361
74645
84006
68538
34888
5566
38947
37034
72459
91873
39978
53928
31205
57341
76654
67648
36887
11166
768
23529
18067
63995
71147
64643
25722
30885
58699
44918
79243
10277
66416
72682
34072
83414
90389
75448
20512
17177
73765
50508
37696
95670
5040
3372
12850
96239
58127
10720
73355
98532
21260
97349
37602
54029
61339
42575
41476
70285
99470
3030
6676
499
48969
86958
83192
53400
26456
11282
88894
17529
44723
62962
98367
87187
434
53560
66798
36794
60567
84976
10563
6336
93028
63006
11740
83296
37914
36161
57967
51330
45975
7976
73539
7580
76748
26343
3542
39352
68368
6808
13721
25149
63045
77899
35939
48315
31631
17008
20324
66170
11688
51100
50072
37069
12186
16488
73033
55112
79725
63041
53925
88562
3683
94352
88251
38324
34231
78130
65689
19793
36393
2495
33293
92075
78537
56633
49048
29466
45334
34632
75561
20314
76450
56430
59393
7373
81591
57284
30014
80781
45305
20586
77742
2659
94694
61062
89011
57839
65537
117
32192
94157
66239
57907
83788
68887
86018
91396
8602
72086
46673
79070
65872
77596
59477
66818
53621
60983
18716
22753
84107
86012
41306
44900
80237
16162
333
43458
45918
95193
375
18077
47076
2573
52541
95649
59811
98552
97223
78481
15852
12250
83378
44113
16737
47051
43758
89053
27126
89979
45907
8405
23017
93202
48332
25561
2872
79369
22992
34389
41461
46323
74388
37216
65799
95247
71806
60087
26717
15035
7315
77814
93149
11519
65751
29655
62654
41505
14593
55220
20822
15952
9209
86139
28626
62140
51318
49671
16593
54528
6842
61219
17258
77807
50950
33293
57900
16484
1430
25332
56445
86323
40595
65007
11635
80038
44831
95779
92098
44351
23135
82021
45394
22023
83204
15657
63558
29092
49582
89097
45774
33584
70310
64538
35976
31311
18343
8274
51372
2606
24202
30553
54657
37920
94716
14579
98497
69078
90719
91477
30616
84999
49606
95285
50909
53407
41775
53111
58089
25834
35583
99530
13864
33833
90273
39298
91798
71367
50680
29594
25714
78960
38839
81378
12247
447
4863
78217
95109
68176
18863
92017
21318
3370
78525
81384
90522
39135
84459
29626
16006
11460
93937
49407
4674
99875
95717
50512
30007
69778
7360
98433
43025
16677
9105
37939
42665
68949
34187
78934
13975
65666
99923
4800
41385
47237
50549
1235
85539
79785
52274
420
50075
54223
45887
7349
63537
56632
79956
27305
20291
54385
96220
72073
85886
39782
58657
31417
51823
38489
83971
1169
30607
80932
62894
68509
59310
35252
87701
2217
18466
61629
28378
75054
881
27687
66459
55356
40359
52272
37818
57001
59487
93654
50090
58276
7506
1022
35630
5733
19831
6374
52014
22497
2628
40544
67105
88178
37360
34712
10219
73073
55496
25994
44207
62472
66825
81953
69002
97587
80791
8908
57470
43507
23713
17022
2519
58034
74098
65011
66196
48079
70393
97995
43993
24627
93044
35284
29069
36557
91022
37796
87116
81701
23966
48808
70299
24943
67917
38225
58496
46968
17214
85539
99763
37837
24653
32124
587
26855
83117
68391
55731
63068
68060
32034
97385
64645
15891
79392
82169
95368
14606
55210
86751
41219
72591
18753
15748
37178
66390
36883
76919
41001
47255
93362
95032
96650
75288
83424
42042
49561
49176
89901
54495
55784
47075
41874
66591
82907
36554
75393
21019
68494
56996
55111
97811
34579
1424
3936
3937
76988
20
90950
22978
33897
63510
39440
48090
79981
24695
11948
80187
70941
64247
32062
23565
21634
89670
32892
73634
38011
56846
7166
52225
24076
80206
26748
90859
66694
32467
6393
87531
18013
90586
86486
17553
43648
38679
71517
24199
67572
36827
87861
38579
41305
78010
7583
95030
32840
57312
71465
84399
13218
68051
78209
79922
74277
18127
2867
12464
45106
92231
43021
28048
69920
19305
7652
74318
51767
52617
95542
23113
7569
463
2725
54334
32534
23579
75670
93133
3196
12934
13197
11659
57012
10986
71996
20319
51812
67718
9659
46006
92140
6122
5729
41492
62727
97910
87865
89060
12842
97423
91055
69406
55778
6988
18774
91478
70797
3151
55068
65904
55569
966
91041
91828
59232
90846
69425
88240
9141
76885
19360
58187
53576
3949
66385
26935
75578
51614
66721
16973
74818
50915
92881
70624
28995
83604
5582
24824
7858
49218
99962
47079
8054
77159
33683
22909
58161
29909
27893
85660
56262
13136
98066
59596
3475
87955
53816
89761
11228
54947
1419
5078
2185
81354
15236
75664
29578
31974
86828
60013
90475
33538
1058
58941
63198
79347
72116
17732
84596
45641
25287
21228
61742
3140
97314
19570
19470
91058
83879
43987
28698
21321
51400
92826
22041
40092
87236
75363
70323
79612
89869
30640
29351
83219
23288
75631
82785
98127
13776
72559
43670
44035
83629
28379
27863
62144
31708
8896
16702
7741
63915
35772
25071
45825
52718
18645
87474
45545
34556
60261
99641
64368
43738
10149
39716
93489
48019
56297
38867
84367
65086
57078
27129
18728
26818
88470
91367
39770
41535
14846
55571
14036
52966
89302
92587
55439
41249
56616
15974
31087
959
16145
20468
95084
5531
88194
55849
89150
50216
38749
34773
50495
99514
31695
59053
2395
29851
839
30042
38993
69760
96693
24651
61748
74995
67624
45330
85691
21068
75584
99322
14755
94666
29417
13145
84871
6974
50897
52409
90012
77362
22107
74109
75578
80500
47327
38957
46741
60855
59626
1580
16482
93140
76662
85269
11498
43985
61129
47128
75850
35811
8478
53149
86322
56946
3971
92899
26969
12906
40271
8515
30039
1937
25844
62152
80859
90780
60235
1896
62889
3491
54760
15866
29798
43146
91638
54165
96285
56932
15247
35148
39342
78271
35979
79371
52358
46216
53400
19441
26077
17525
28937
96990
61867
48336
33038
12076
99625
46417
66748
89485
5370
13560
44489
20477
89374
17952
19617
31677
42658
44659
95160
6378
60047
60076
38675
73725
97351
75683
97144
96513
28815
72817
31580
34812
30024
58144
97367
60997
1570
13681
5980
55773
24267
80935
3710
65735
34328
79081
94985
40932
86296
96487
73512
58386
57028
26988
60488
33129
22188
56607
37644
85151
32598
96562
11107
91893
22111
26010
75121
42290
86045
84543
24146
93442
81264
53343
71161
65882
24305
19239
3696
93236
6287
21360
38210
33720
13381
7744
15638
86428
39901
43277
80802
10972
93710
12841
58170
56253
50304
81626
37642
65396
13102
9234
59782
63591
10514
59100
11512
4788
81955
22120
8951
8686
23305
23472
67289
14922
9680
20329
70236
24987
85816
41380
42237
7859
76151
85327
84788
46762
19348
88224
2477
57789
91564
27338
20891
313
67054
5054
21729
98528
37819
82059
97378
51969
43647
26583
54330
71020
65703
50840
45956
28285
40178
39640
45088
74171
91971
78215
82661
17209
38334
85408
97205
22573
64300
24387
67437
7774
18962
98133
95377
17915
14372
39276
68919
64459
52177
57130
52643
64609
8351
20543
81236
78952
53318
59080
77831
86680
24054
12896
18310
75190
83640
74454
87557
64194
74197
32302
49119
65114
37424
53905
38576
25892
41574
31062
84347
84415
92926
48479
42112
42723
77522
49364
22724
79667
79634
67671
30205
89674
20223
94870
37865
1858
74340
1831
47641
96291
66756
81232
5439
15964
98029
95669
85345
59814
7443
55883
24807
5381
49544
57457
10786
31060
21470
48861
3285
35201
81339
79885
29652
15684
40367
13394
95452
55861
17036
46669
20627
27191
28662
14887
39078
89478
42333
37645
34273
25009
34866
68238
22979
53629
23576
67646
545
10274
41475
93578
44744
98787
32705
23857
89270
33722
92302
19063
69178
8270
20298
65994
94463
97863
38719
17753
83612
75194
50583
68445
48856
9321
54384
7072
13255
14040
31524
12042
19245
68435
73651
73440
20555
47943
76302
62094
71359
90471
29871
40815
53067
85611
83280
78969
7518
69849
64604
8817
4071
68621
4579
14492
66186
20484
64972
34456
41857
31679
73537
73095
68113
53628
3917
16057
25366
44316
77211
38872
49170
13771
43626
82897
15862
51035
52047
54960
14924
67386
47163
61078
63196
19307
12488
80504
78880
14170
13466
12195
1196
28808
81188
82894
4367
43397
55006
55467
20892
83245
97491
47587
43210
37768
7062
18870
8383
62170
74106
51416
19599
69230
17753
69359
60132
129
13313
36397
99046
66445
1962
42664
31348
47021
52716
37520
92652
39406
46191
99620
99536
5368
36850
96023
42230
72128
12227
81727
37776
76227
82684
83528
3892
45023
6390
54579
65381
87475
91738
93220
48208
78509
61866
77270
56891
96253
34908
25602
472
68492
62571
58967
56302
31434
76506
56749
85580
37819
20354
56595
69380
34083
8045
67377
42094
67133
71169
42135
75542
37829
50035
84626
91874
98386
9912
4461
65718
44295
72759
93055
15264
8899
23130
91254
95240
37674
79448
88284
94994
42246
65884
90407
45362
95349
35433
39143
1940
21454
68479
4601
69575
36612
60351
27269
53352
12632
54040
15696
65635
70887
70724
9574
39639
82605
58640
33950
3301
95058
92106
76809
54250
46837
86939
49678
71264
61489
7813
93021
18262
16966
65156
43375
27987
88053
7903
4755
79005
46265
97596
15412
93244
79838
87829
85673
41096
16863
20786
46960
23278
49501
50914
93695
26767
99980
31778
67892
85863
51786
31429
45124
47367
36368
86118
58862
23407
17819
64038
11583
95051
28884
43077
77653
54770
1471
48006
75029
69866
16589
93367
90353
13928
51178
44280
95970
40845
88589
95768
96608
1515
18354
80317
40492
37855
89348
74760
20155
52910
99451
68631
72605
44591
57136
77581
3848
36581
49592
59675
35381
13144
62117
8606
35999
10045
67433
3144
49233
4968
94412
44037
31604
47236
85206
23133
63125
41807
75955
31133
50088
58305
16520
34996
89802
3404
16063
9453
26876
86030
94286
42404
53313
27289
17236
87479
59099
60243
52577
91067
51303
45562
57497
43364
9263
48600
4547
66486
72004
38834
35563
87361
22937
20961
79772
56191
28445
1596
1371
2114
15946
8248
71515
54378
36849
2569
52081
22743
22054
43856
55776
40676
18833
97728
33115
16526
27413
58699
13186
53004
18775
63527
36442
28746
3134
17919
26066
55922
55473
34098
97309
64199
64514
36677
29326
45038
90081
41339
46553
90311
240
92731
67067
475
5666
74259
17147
4737
841
40811
66810
82277
68832
98171
10792
91485
79608
71521
66501
28570
56658
1756
20461
88521
56582
68270
56640
30359
28944
94007
36657
41840
74676
55180
48634
82436
43921
1663
70251
81866
77926
76267
89383
15080
90247
14379
88132
8442
49470
64437
54178
68321
69503
57808
31403
8156
46631
81537
497
89984
96446
24842
14645
31381
63619
21489
87376
84086
80517
56891
94442
64377
67070
66159
70841
94252
61294
31432
69830
24294
48771
60142
68221
29161
93675
746
98958
66347
58287
60529
55800
50519
27366
91580
21624
21933
73138
37544
581
45188
3458
61089
83394
81674
63062
70894
31685
18790
43855
57923
88536
95697
59783
77505
20222
56028
11955
89663
99071
17300
20430
73159
4234
7138
27560
38121
88557
79599
89011
50560
83531
8400
15738
33456
76481
60136
44271
33539
99586
91857
57529
39012
46608
71954
56792
46700
26042
93849
31382
91755
61478
75626
64847
34137
25023
59841
32756
74155
36641
29712
25376
38636
91358
43486
70284
52055
13546
38571
85850
95494
33471
50474
32125
26919
49838
49703
70990
38358
67661
91609
13502
52957
9799
91183
16822
32076
80294
24128
90993
71087
54281
57200
25425
16676
12756
2087
91941
40464
52280
63897
27699
12742
40501
80708
9020
13527
21441
81371
21305
45044
33920
8887
99363
46146
49755
23052
31195
90665
11083
8233
20358
59381
71159
13218
61537
49764
69648
82765
47563
45481
82324
73491
79236
97489
64150
15570
18203
60387
8065
93661
75343
88668
68743
99345
95016
18471
12260
26842
83410
76
64141
58769
77941
37184
64369
83583
80240
9232
52605
91060
55350
43086
80810
18907
88150
12884
87319
42463
97606
86779
39745
53022
82087
79396
65551
34515
93406
32953
43379
70956
5142
28557
95118
40150
47853
89644
32608
66860
91190
125
43304
19974
22711
50477
82650
81671
5777
4621
10732
71773
52526
73923
94889
45782
56592
3096
27648
73193
62023
96061
25525
52747
50417
34836
12345
87308
54702
67036
76778
91090
45216
70190
79611
47719
83671
15970
64481
98231
70946
73337
89061
33865
24614
70460
51762
6923
43379
77788
20011
74141
9910
77316
5821
3180
64785
76924
53086
32434
84484
99222
53483
6252
23196
95767
11497
43460
30061
96461
29661
76955
18782
12805
51455
95129
16343
86756
44165
5010
51949
34990
22794
88982
4480
54840
33509
46032
47882
15237
84912
87155
10867
73567
69771
52792
18210
14670
72790
2035
65175
91376
70821
961
53888
77141
51078
91809
402
99254
24083
33380
31462
97918
64842
23010
11264
65871
64677
62367
57041
96770
27453
8980
47974
59691
58984
3002
22259
93396
53814
9286
85337
17849
60855
81339
78699
142
44433
67092
37503
3678
84632
58549
56173
84708
50186
77900
60309
57978
84226
21836
31746
4794
80683
61134
31281
28672
4538
15023
99804
31285
37256
31328
34353
29687
99211
65850
19684
92953
34908
16949
57772
48029
75188
17932
38116
46130
66290
83576
56031
37860
69467
15750
96024
17494
43827
55813
25274
68794
70654
26707
80406
84883
54886
68145
43810
76321
24223
55306
13324
66521
60171
43420
2525
32621
62802
11637
21733
19602
51408
27478
67353
24498
9159
8890
67167
60711
66632
43553
52438
34228
44347
41579
4037
21820
65765
11424
18475
8990
90519
34595
33090
99228
27229
67946
61126
57912
89311
63174
78291
5273
85073
43106
54469
65696
81355
95627
45386
38434
56373
11439
19837
90340
90633
31374
54296
3203
98093
41733
32884
16456
41880
61464
37128
81857
3191
17650
91161
64043
97451
48427
34016
81474
44064
66864
5685
31359
35685
16603
80973
24255
26923
36666
41478
34895
56139
89797
36341
20096
4649
88974
9833
26170
96463
4594
94968
91911
81691
11189
2528
37691
77512
37717
98952
1480
68534
85069
40395
1557
44390
71514
95151
72927
91358
11701
45600
81269
89398
51502
77892
54589
68663
2370
97229
41857
99882
78809
22758
71649
1229
30629
19876
56637
34804
77872
22516
13517
53220
76
16058
57288
55437
94731
45473
80860
35252
66153
10912
37278
32457
10164
43375
29470
38411
2078
62033
38792
85618
64557
85479
88500
7112
45806
61228
25398
29624
17253
