25755
74627
33994
27123
74122
78905
89600
9248
25493
88721
84388
28264
789
8062
80433
88944
72208
92872
33585
39897
89090
20326
76166
72006
93078
12872
35393
53708
47145
9487
46485
8349
17967
6455
50052
44621
8034
15330
22997
77439
72924
19781
22026
84636
92270
40298
90058
57437
68026
58157
22313
66177
47537
12609
39361
28430
77864
73558
73790
90367
9795
72056
28318
1033
77965
36016
80208
18314
54612
41575
79591
75397
49434
3701
32557
86155
83690
39072
62552
16237
16992
68596
51683
9204
82554
66166
77663
4271
142
61525
88580
80085
17138
94035
27414
27186
20091
54070
20735
46018
28147
68436
66586
87267
38847
2918
68001
53931
10808
23627
47574
72400
98749
94299
35503
59573
80531
90791
32036
61958
94559
37612
23417
38744
97501
66057
69674
26767
33352
58150
93194
57734
11882
35685
63771
14694
94941
9721
99775
58209
35409
29568
81107
22390
5193
16529
50616
66799
89624
71827
42370
37070
10028
81986
27213
1855
13983
39276
47298
35694
90628
16854
49386
34022
28596
87997
99026
90586
31718
48840
49115
24603
80420
68434
15043
17661
29116
74090
97900
79077
893
61503
99565
81546
10938
48488
18583
88362
20349
10895
42844
45367
8559
51805
66750
45787
93232
69385
55165
79817
51982
8386
17373
85604
6599
13180
13668
46343
15150
57122
98101
14971
89957
21338
41381
51696
50256
77618
54644
22329
51290
31529
69261
33697
18091
97605
55695
93464
32956
76840
65748
62350
50110
44371
88221
41158
75122
69175
91105
2159
4552
25812
69842
1981
6405
72278
77861
72628
55253
50563
15192
45115
48001
16165
17477
21718
11472
47098
1164
21096
45810
96760
14705
95492
20785
76648
41448
53867
70549
6769
96766
20002
65852
87420
77764
18168
38976
28877
3662
61164
46116
92550
84306
48651
47299
15993
75586
1006
76182
50557
80587
74412
1174
92257
46106
47641
65235
41378
91831
76044
11682
95153
99071
50516
2503
10617
66888
31270
94240
238
66633
16342
24346
19535
97300
92462
55103
83699
98058
83169
61438
17377
68859
5506
477
94755
97116
86625
92801
77388
94919
14844
46690
27619
50700
41957
54262
17205
33478
29688
14223
59114
23742
46573
65893
99460
29388
59171
1333
63930
79846
11935
5798
52187
76811
57738
17745
81183
24495
83779
42164
44047
41846
78768
41289
46728
28806
59508
59387
70983
55738
8339
83453
33150
55704
68957
52627
80809
26187
34132
57861
6960
70610
50057
87336
80099
96495
18895
94127
36457
67775
35826
48581
65467
74942
4815
60535
83798
37662
78188
79480
19588
74125
19404
87818
62893
47205
67165
73325
45385
16521
62510
50115
61906
6231
14314
62185
58113
18922
94388
79437
45354
15511
88457
81559
97339
12945
13431
17976
94129
71333
70403
82287
62779
45690
49666
17293
3113
18609
9139
15753
44225
98618
51807
49725
58071
79580
4361
73410
26593
1536
42981
25201
35121
64315
19754
22299
25587
1367
51780
38960
81753
61827
6396
77816
33324
40688
81025
51415
48799
40747
87179
48820
18231
36096
7424
89990
98472
59904
68637
79685
76724
12137
49625
19895
54921
7532
68888
86761
97533
46809
84191
17343
88134
66206
23378
50512
68059
98554
80569
17585
15542
12206
90944
9764
28988
42534
5748
24421
96562
11521
56499
33267
57697
3155
26827
48701
66575
12015
68219
53622
80290
37238
16300
8869
71932
83448
1301
64182
72096
88313
24012
81579
72278
35205
81587
56873
2962
56715
16164
81370
25836
32725
17693
3784
24156
76217
26586
95279
4701
8875
7909
24566
98268
40191
62399
46914
81037
75932
16595
94285
40481
89203
89181
64554
91896
71811
57859
23731
12806
40721
46761
18765
74410
9223
93729
5351
48526
98145
17267
97119
88501
6343
46562
83119
58566
22773
3337
23066
8002
79637
70628
22028
17689
19801
72249
38135
70603
28396
34649
99068
18127
18767
52097
20110
32264
87252
8815
71572
12596
22070
11739
98697
18040
54697
68757
22794
82792
29372
53799
51136
60194
97151
65647
47649
22823
29043
9591
48946
71057
62477
70606
2617
52879
98
78772
96687
7890
49916
4158
89387
94024
19706
3374
32259
21346
87332
26775
3234
49843
10959
29905
70904
8641
38418
55427
43159
4586
80532
82720
25266
43564
36130
65161
83178
83714
51620
36140
17136
74494
85198
16882
31983
56271
58209
47661
44879
50511
23174
72761
91754
5516
16091
81096
61521
97876
81636
92897
41392
18008
71396
54459
39655
63592
58662
90133
54619
93821
47184
20781
99259
51221
23634
30210
89725
84782
49677
99294
27952
40380
48707
45092
41526
26173
61035
52850
24179
65008
27304
94026
59407
9502
82550
70164
29051
37764
77011
91293
29062
22925
30393
7742
82278
87341
39208
21731
19233
92321
48741
83379
90202
91576
3967
57346
91988
43411
81621
44342
9526
9409
19177
85069
87885
54310
69985
50065
61489
61681
77255
30034
9915
38801
45490
16787
31699
10373
83197
86171
25307
48315
67864
79924
83752
50477
58165
84708
88921
16792
54897
27135
88867
13863
72705
12028
92927
87024
12410
58472
84549
9651
24530
90372
9531
33385
50383
37364
41703
9375
77521
19517
2706
38826
19736
31782
87420
7741
62766
21061
84669
13771
80212
75390
67207
14368
30555
70787
46158
70784
58815
23435
74100
14745
35384
80186
60503
52350
62302
76857
84960
66664
52252
38513
26648
8540
94036
39526
23578
90193
76065
30342
46834
7307
73108
24205
39667
50974
83085
68994
3873
90701
46585
84885
6361
25712
76701
83235
15915
1195
88956
23347
19344
28404
28186
1446
96525
94093
30146
1486
13268
67118
95609
70569
13410
7808
78733
32977
97119
5375
48458
26721
5387
51956
39853
20908
6379
31283
42629
24813
59572
30162
1899
97204
86073
89313
85731
25189
77554
28721
63988
84852
70681
3198
98541
13015
82813
51195
71279
91945
97514
21537
60448
23572
12194
61638
81942
27495
57837
83881
61061
46082
20381
88420
56184
73271
21827
1731
77105
68079
59409
70914
74250
93017
23903
91622
51846
36448
65562
64268
32862
77452
19791
56821
13345
82140
84979
79162
10908
65040
65711
59327
61471
83988
48357
89507
86811
62176
14414
58821
72467
27248
48177
10552
99382
46384
22667
87437
84755
1817
3208
9066
6069
42171
83583
37705
49333
28901
66163
44904
18621
52497
13586
78052
39040
78076
36486
10261
50892
91149
72572
47503
4635
64609
45848
20998
66947
45217
30116
53118
99802
97438
12803
88191
24972
80616
9684
83643
10277
15359
81914
7621
26501
18454
34297
40348
27287
70441
22394
61821
68943
76803
7132
67807
56438
52497
86409
6192
50343
36545
26564
14345
97254
80806
12704
12897
86245
89776
22324
24534
49464
75696
65795
83561
53915
86518
97858
64985
12810
8067
39005
66159
66669
14109
7072
66625
12911
29534
65262
34818
98436
79210
18549
37386
33711
35457
91248
37629
63868
76344
20011
53182
32122
62800
66003
26358
33058
24247
78072
44077
89932
6900
93438
49950
474
24944
15974
43886
54032
19403
71473
34251
98725
22023
87762
45241
69478
96462
28745
71954
47794
5715
12441
7811
89471
35186
92727
7714
72225
83685
91314
55551
16580
30910
93982
47592
93
61468
16296
81825
20980
47987
41981
99907
44819
51816
37034
23688
32935
1734
31338
38205
85372
64569
99406
17149
76836
3716
89352
1577
29276
73199
86230
63368
9953
42016
30255
22135
24292
37347
80925
31785
17935
13914
66875
68206
8724
59135
41949
18397
20378
41594
44679
547
3395
37267
79619
23599
82628
6366
60607
30350
62827
54531
95362
9757
80752
10750
72181
92634
79153
24020
30098
2458
96716
76649
100000
21413
24903
51035
27874
17531
9143
16914
5759
69743
65403
33949
96378
18031
89177
63879
67030
6586
88853
28274
79868
7743
81335
90292
80135
71833
40095
77244
66088
60663
57167
92029
9718
27050
53983
72604
92956
74733
88878
87258
9249
74591
84647
52251
44506
40327
64900
93866
18217
8942
67735
76240
57524
71228
1055
43769
96926
44293
84857
44402
5001
50468
79403
71733
34349
38563
21725
47612
46577
53225
24947
48884
89344
78830
66532
30560
46365
2023
26743
76112
83301
82221
17952
38264
79629
97168
26306
99126
97224
90359
3331
6045
36663
25373
55452
77847
66725
6448
13023
12875
96800
28665
25412
10973
79726
60901
45417
62653
1377
79536
34948
61920
63439
86375
35555
4385
24659
39972
36620
5978
55662
44995
33996
56756
27404
35128
84878
81985
69332
17026
34604
5660
93036
31786
33514
56825
21815
76927
32042
3243
90028
18678
68116
37536
7590
59970
6009
28409
94001
33553
96767
10121
20136
64809
27600
41943
45007
80634
7996
55016
10477
54150
4140
34767
58000
24417
89633
89446
28696
4495
70832
33780
6883
13282
85780
18620
18793
10427
47749
41164
67975
4150
17018
33095
33448
99931
23788
74673
26957
13183
87856
7974
38317
99245
36071
50462
79937
97445
44667
45909
802
52073
31360
15419
99525
50962
40576
48463
30354
77678
75015
16354
57546
21414
58333
92173
75810
63599
5299
60226
78589
55701
5259
3252
33819
97915
81587
52369
93060
2561
32275
26590
43409
93925
59193
77833
9523
95322
66876
4843
76896
4331
14415
18773
56352
42942
1001
98549
25504
95064
33520
63566
501
5253
31508
87238
31928
62294
60438
27385
71941
9205
36305
79882
60186
66252
26652
67209
89331
11256
58625
8763
42220
39219
56372
43712
138
81240
96144
87168
89231
8486
88653
90897
23483
2223
90033
77078
67696
44549
12605
44831
32496
95434
12350
68714
92456
32718
1668
67531
3034
42793
16262
79185
5614
4000
49825
17690
27260
72062
89691
41140
80121
3390
53926
68684
1432
47993
36438
11860
12927
15040
14930
1766
38128
89436
54114
37339
59838
40718
83942
20778
1317
58073
73497
95621
95196
38223
66574
77932
58270
64470
42617
80499
36236
82427
93436
5652
77846
92686
55427
21270
87336
38374
14044
44406
62375
15727
36030
54994
97914
36431
18268
51876
4498
11428
76161
76870
30683
48823
50327
11157
76515
54297
83011
66408
10664
54491
71850
81950
96272
28886
32853
13599
12617
10280
89955
42406
44600
2285
19194
24276
65402
97550
16346
25945
36589
22060
31260
46297
1036
84661
60590
22176
84711
87370
60290
17647
83167
86388
37058
15797
26921
26118
61646
8906
6483
18593
26565
98239
473
44287
3674
11791
68477
7857
94702
99447
21695
97939
37674
41764
83403
49047
77726
65127
9535
2673
35456
20782
7097
21621
29000
92184
22358
3122
74230
16080
13819
67268
89886
73318
92968
52187
99838
14551
89222
58724
32725
89277
1295
42121
31995
10506
19242
40042
45850
42086
39116
438
17094
61472
93345
24065
33608
99554
53039
18916
98380
77354
52149
55684
63357
90067
35929
76071
74368
29218
66235
466
82853
54341
73630
42207
25628
86983
86883
67164
37805
56030
56335
34340
45508
90517
2915
57609
30899
17614
21011
34314
61356
95701
58302
44950
81006
54492
99345
73127
40332
53447
83022
59472
76870
55061
26672
71496
14508
15074
65648
12720
36402
74217
57753
42774
35054
61877
95163
65030
64545
12007
92459
87496
53777
51095
84502
16398
9821
52888
75246
85506
45031
5963
31661
33236
15641
64996
58187
22121
23000
9556
2351
99586
75660
37468
31394
50874
30162
33451
41339
15322
19026
16673
77136
32119
52988
91370
82437
19347
86957
34856
89628
72815
74480
18578
28308
1489
59208
98213
72268
80922
74175
15896
16511
5332
67390
5458
61737
46445
72002
9516
26202
64247
8113
27267
92873
55633
47405
1875
94210
16107
74193
54436
43060
99240
90415
69161
92824
39148
33845
98040
28993
39354
1003
2883
24815
57370
82407
95634
90493
72428
47576
95669
82281
33423
30964
96955
30658
86188
37452
77733
58911
49463
4992
42519
35289
14629
93977
18138
20789
49248
98288
77830
95908
87899
35779
23391
5255
45856
92862
58277
33245
21061
69042
32434
10428
48136
81461
43026
63911
96084
95337
70534
91537
11291
16542
33
8028
31516
65857
7839
18075
1181
20620
14073
24082
3410
66969
36541
46777
42734
22694
49307
36282
60497
86292
35313
52503
71178
79707
6350
57000
14085
25593
56018
62751
95982
10025
95661
10628
48119
39880
86460
83090
19852
31544
18250
6104
6819
57705
67296
61934
10075
92092
46538
4623
10298
69846
51092
74181
3896
70065
95910
19402
82098
20925
11546
69422
6847
1649
40409
36386
93848
57220
83423
99859
94668
57308
18236
40396
95079
12865
44540
85805
89641
84774
97866
70591
48230
70799
56679
77265
52594
23014
99333
52560
69638
15895
45850
66986
28873
94235
98438
18464
48656
91295
91787
43711
80976
25531
76799
72967
19317
57777
92076
96734
57255
90983
59823
78654
7984
17088
72415
42785
87915
47399
76097
48218
90384
15467
89268
99133
11111
65340
25163
86070
40673
69921
39891
27493
64735
12068
7432
68876
22510
805
16591
74818
38554
5334
9749
72172
98419
50361
94773
78719
24230
40517
95809
10650
59734
3990
77484
45661
72234
16678
85828
46358
8316
18450
46260
15251
89801
66360
71283
42198
97328
71965
35553
46461
30548
8545
44159
78997
38685
46698
20280
52559
12903
24749
32327
35929
16913
36882
79089
79497
21588
74198
48383
24192
59322
82153
29760
4252
21001
58768
37678
46119
92379
67767
91989
88618
83008
7685
10121
73680
40614
85877
30361
34256
46105
41570
13887
90005
68732
57656
78052
26891
72204
88198
33802
74065
340
99177
26223
8697
36612
85576
12311
72182
10659
5358
55614
78487
13968
31415
31149
9610
6434
75171
56903
16542
8223
84139
90828
96249
82245
28652
62213
97145
27925
92982
21229
79148
3627
90371
77511
13469
99351
42204
67870
52469
25221
36685
40831
98781
37317
95832
16220
91024
99060
17813
78980
82171
75505
74388
63238
9973
41235
83388
79181
58424
64078
79739
41116
88276
43024
45043
71823
76864
71734
60496
2481
4155
98051
82087
25860
26466
91837
74228
10470
69111
96526
60267
73727
12786
8264
81
6583
39673
16961
23592
66989
85587
94842
52034
83405
65133
43650
28208
49968
33308
10274
32624
82072
72063
84102
93062
2886
53851
73480
41371
54881
51428
48382
49141
11793
50212
64318
64455
63796
90587
820
55066
52529
85101
29172
85284
72910
68136
76135
59224
23907
71856
99892
99975
61695
3
38018
38454
39771
58044
38375
35759
51047
89473
5145
10732
48372
9418
19840
64613
89548
56370
58877
52461
53108
23665
39386
68513
99748
12476
29012
95043
98961
55209
47243
84041
96960
95249
21660
53106
85739
7993
23056
7576
40392
77520
45526
59848
50392
54462
45516
93020
17891
57827
82534
30706
87317
25
61908
74802
60700
81616
66202
64980
80190
52466
31522
53120
33616
15141
14630
72207
93122
69643
56614
1670
40515
50956
85518
88457
25368
79847
85357
10148
21717
47989
54922
91639
66546
62137
76835
16030
3451
41491
18397
35706
30506
93545
23937
41141
44558
26043
56869
54650
39550
78687
39951
14823
53567
27503
81272
56572
20785
89495
43847
36653
43195
42123
19161
16376
631
21156
3968
47802
67201
72638
15039
98136
36702
97021
56029
71227
7006
23007
77974
42153
15377
94211
65141
98803
68111
6402
35034
29826
18101
30534
71053
5176
29797
6021
76453
3296
51975
81630
81405
35561
8622
22053
38470
85451
44400
56429
5159
33141
88571
58352
17071
54131
90310
79585
27917
7858
67570
67807
44464
76505
51862
34614
11130
79384
53424
94073
70123
95956
30372
91589
72523
7407
145
9492
79608
6848
73153
11962
29731
40702
3889
28782
68797
90698
36237
54452
93922
66805
3913
35255
369
28576
52595
96894
84508
39032
36460
56819
71733
27376
42383
33778
40941
75961
59873
13076
76013
76183
6432
17317
28604
50065
11100
99769
69037
27355
85992
53129
34079
50765
75764
41112
73997
38907
98762
23509
30096
7067
79763
684
27179
24537
52708
78480
20157
61862
13154
59250
41222
67513
50852
10516
30167
54107
83860
67982
49233
69044
53703
57329
46783
79924
26072
21643
71199
75446
17699
25195
49483
44800
45640
11294
9692
22441
58580
59133
53330
25289
89426
85439
6950
92008
95475
97495
42192
75290
45613
37609
59723
89039
13129
67523
1609
17244
61392
33027
42985
84823
40155
78622
39650
25261
60045
36088
32200
83090
48440
42597
32280
27027
79789
77140
90505
26878
28282
36492
79845
54671
78182
56705
99879
25883
20265
60084
7818
94727
52908
23783
47270
6991
85347
56707
61094
28837
66038
55428
66309
44102
98219
49764
23227
71646
42468
52656
77704
80706
76254
48460
20390
15213
56820
52537
70547
92970
93916
62165
42590
39601
7917
15192
2256
683
56027
51510
93997
16128
69826
3551
44566
74228
96089
40796
76969
70694
25091
85850
37191
90534
33809
6668
27909
52565
94241
21813
88373
92500
63747
66435
38345
10173
9862
97962
64890
95552
84110
48646
80255
90077
38188
71228
31080
57873
40624
40073
17774
36164
67880
59315
72215
63104
98218
50475
12825
64005
37314
55836
28220
98917
64057
94038
45188
45502
66120
25721
95287
47815
82059
98334
40101
16198
12724
62986
78862
4965
84452
85502
62126
65311
68767
21104
99261
77403
88218
257
76164
65434
29516
35584
80798
66470
21458
47480
24066
30036
15336
73383
85104
77625
34400
53827
33591
92033
86906
9144
48219
81856
44517
64579
40203
94488
68484
77583
66795
77921
75673
71002
86189
46120
33428
98614
52082
56884
22300
23144
7242
20355
60998
29570
36738
69503
21233
21064
3421
26181
91785
15991
92456
76697
59457
50129
74079
44
61828
97056
79064
60213
33921
62088
52793
46188
90576
2668
72220
5722
84840
50489
424
28553
12681
48235
93575
39540
87103
19402
96804
58488
23615
75733
97035
61458
32373
15150
81650
30794
48777
59121
71514
34504
27627
5222
46746
19546
11356
85829
34375
93955
88024
53011
47068
65139
76900
20629
5153
49181
20102
83237
10581
73568
60841
55767
68336
81742
16065
35384
84807
92843
79766
94999
20646
27419
88915
8369
55146
78372
93348
392
72519
78554
85348
80169
5664
64288
42235
84170
65136
16523
20271
33372
95920
69799
99239
14873
60461
71716
92721
22337
4143
56328
24819
32067
67393
34369
44672
52648
5785
79908
27709
39181
10601
76180
41668
44542
56090
1559
10312
24298
63245
7376
43070
98775
67591
71647
24693
66008
52374
44133
83850
23238
76109
98907
34613
64621
42362
12069
45643
62714
61396
69375
77857
93909
66288
52258
7083
35866
14822
14007
10440
57804
58055
81118
83494
64389
51058
59920
96941
51631
40309
97075
16732
81486
13910
85729
34694
8968
95303
52731
19266
28262
34465
28730
95604
77331
17229
65270
49549
87344
54906
12991
78225
8520
94000
14104
57697
9978
97515
91145
62189
16519
2215
83526
29299
4351
27859
44716
16258
14845
45601
35334
1403
22932
93149
62639
32948
93850
8888
74373
74538
7668
80103
25318
38647
1352
24112
32539
85003
20547
44716
72812
72155
58827
65384
60131
71571
79334
67910
70885
86070
91548
58242
27540
99704
2508
46460
80877
93565
61242
85668
56101
281
23340
18197
80860
8234
95923
11802
41118
12854
45114
59341
99770
79761
67345
18501
19286
69905
44738
72015
93089
68493
98837
52398
91592
71318
33303
20480
88763
77653
76879
71764
96141
72880
78423
85220
74386
78011
38444
90404
18093
35974
45497
46047
78332
13025
3777
88496
34710
62938
79775
93634
83819
6805
19552
36891
90517
7381
95009
37984
17924
28337
41954
93433
6002
60555
92806
23056
45755
21354
25221
37653
31735
81312
96869
13419
16165
84192
34331
15863
66597
32508
66718
92527
3655
43750
99214
84703
47867
91050
22814
74098
90848
78037
85249
49027
72475
61668
80697
49741
12290
66648
98320
6488
61436
62028
71818
89198
19287
57979
53184
61921
18512
25089
17054
19497
29415
57161
34691
59216
25748
45610
55594
5345
96397
46734
58853
61256
19166
61139
43945
126
27053
25562
54382
14083
65053
49230
99115
969
79233
84380
76015
73561
45649
25111
1877
94290
87868
69471
24120
65975
31214
91817
69688
53549
84306
40391
53054
85700
11137
63925
91046
2730
81080
6727
40519
46692
9009
83325
69170
51096
38714
88294
57667
41006
43314
55581
12553
26643
7616
65836
41787
66854
86356
61322
91702
66712
82641
81253
86444
14749
76908
40391
94745
97028
89606
83488
95054
10617
70572
35696
27254
86889
10462
37841
75284
82347
76208
91753
90100
64438
1919
34768
3400
13512
48508
13180
60494
33885
83865
84754
46710
76572
49277
24250
72984
60787
10078
25085
13330
35334
18105
72518
66593
59287
41711
77520
73251
81210
75852
3971
66415
41305
86978
45813
30680
20597
44379
27396
83147
63552
66508
36390
13747
40225
42009
7884
63568
58361
33294
35521
87851
10901
50332
33201
955
70588
98316
88751
95376
47362
68233
76267
18053
78562
91242
95638
81327
22027
32998
29319
99816
108
41699
57326
13505
2461
90462
42569
71675
68876
40073
2247
10536
91534
82896
20688
47197
76351
66764
66671
17969
74989
33493
29924
59981
33836
79403
70092
15433
36350
84476
5288
84077
91799
28737
71383
94159
20210
28041
55259
1333
58114
13813
26920
88924
89718
84991
37893
36765
59126
33217
95501
32524
70854
22573
20926
95382
78087
70684
50815
57376
90817
18349
71995
93407
51725
67940
66667
52295
98921
76445
76813
56649
35319
2375
39799
78331
22207
33841
92740
20928
75185
32877
5992
38552
58379
12466
7334
88900
72830
52966
84908
5601
71673
15354
39049
38701
58998
68384
73839
66170
55664
7864
29084
9775
83033
44287
86274
9586
21606
87100
10514
82703
28627
98491
92309
12346
48414
22888
25298
89244
40180
72225
55331
90551
68082
10545
41187
84740
78771
53524
76024
47600
42004
97750
39633
11768
13329
36780
22556
60982
87594
86094
44258
62697
89764
53280
63655
65928
91123
34110
69369
39210
10627
60643
99398
15843
83239
38619
88191
52438
97654
49528
45630
75030
36917
42564
56566
97414
67
62627
64033
52397
95723
83475
68034
84786
31696
77667
62136
93355
81986
54219
17636
5476
29689
65997
53944
91867
60695
23749
25130
42401
89694
46023
93767
94940
42663
60446
31042
56239
46452
62696
17295
36667
32381
286
64714
33431
92090
78731
12449
96159
88550
84530
3193
56732
98431
58779
80962
98261
19327
20398
44461
21386
81290
13069
25419
96126
58929
98124
57067
48508
38435
59553
33849
3561
17508
55012
14884
41991
81895
86889
77584
89900
37994
17330
62496
46910
74486
34805
60789
94265
88913
14385
56418
22584
52806
19779
42044
79707
7473
60351
30719
82813
17114
91108
30358
25818
78919
44387
61209
57682
59913
56808
11858
69887
99980
43811
42666
12148
22457
68221
95664
5984
8801
78130
43948
55124
97675
21554
51213
52922
41097
29522
16785
5954
24738
75349
21281
73864
30173
73866
59618
89842
15857
40956
60811
67543
16989
48764
19809
52804
40645
90324
64705
17090
46210
65922
34024
81536
73316
92475
96281
21530
10297
40619
29271
60115
93882
90752
80863
32617
19468
68996
71943
72288
56723
7239
83153
70536
5107
36647
66356
8479
35554
88522
64198
94195
86510
24278
37898
59342
23786
34489
60616
62405
55315
99353
72044
37277
51135
96759
37594
70927
14038
4833
24038
93620
16334
60599
25249
44371
62332
50119
32961
96798
76847
28957
59511
19752
6635
21105
66615
55456
78006
91522
7118
35920
52280
64880
23477
64805
84205
84690
82651
77813
89904
64875
31942
90220
45803
67364
85666
54188
57133
24376
50326
27334
79975
26974
85457
83230
14254
93589
16472
66242
38848
51271
12852
85123
98023
78553
76173
35003
7323
25690
23022
75401
62524
54266
86586
84416
43120
81024
13907
28989
72164
70655
73195
25002
63073
54268
86223
28403
57163
3007
26247
41867
39102
5502
10453
13816
97365
52530
21637
2843
1073
65346
59165
56089
67571
43938
82372
95209
38005
66347
40799
62376
58066
47338
29933
73565
33911
59285
42051
1328
19910
75024
46933
64886
83013
95163
56530
89858
40371
43613
14411
44138
25339
678
31425
60616
52836
88072
26246
50943
2720
19295
65900
26378
64330
35148
38888
96404
37185
66451
39308
84233
52909
63893
96793
28981
81066
13796
72294
50497
11308
12249
73817
6922
67448
44954
62494
14193
19801
69984
51865
95835
95075
91437
29431
95449
89003
32616
60893
58532
44217
84432
47552
96585
40675
91996
9937
99493
19009
74047
90050
68207
23536
1802
22651
61330
21682
10858
18969
45906
4649
68814
57419
61028
77019
30764
89319
51597
899
54499
69375
24687
82942
38080
48684
59002
49085
84769
80093
29354
22620
70477
78317
55590
5018
60469
58608
52600
5686
76971
65662
90477
98046
21128
47115
71091
47090
26414
49100
77722
43674
42636
14687
89410
89500
36218
17763
36347
14825
3965
54477
24247
32426
47145
79839
39652
3450
52000
58120
52813
65956
87907
41566
47633
59822
65381
57469
53151
74006
60257
27699
49069
27481
2043
12420
84690
46674
22177
46845
76988
46937
30115
29925
50029
47977
42027
43997
36692
35530
36693
33161
23940
51703
8217
24477
20816
92488
73865
81168
59269
5121
26159
62890
89484
65027
62974
5834
35152
5368
72795
55488
80760
24582
9011
41673
44718
53541
45277
87518
73168
69224
27827
1010
44481
34317
56380
40747
78541
35439
81246
76961
30855
33970
87862
22108
4797
47783
11994
44374
41799
6530
84595
41559
68843
49504
71442
21062
51363
35474
87213
394
17662
12523
61325
60856
16193
35093
47716
80271
81939
58373
25625
86787
88881
3974
67722
62083
45697
21513
19590
83463
70861
13633
20957
29340
93619
72036
2090
19295
80014
4035
70286
9590
48615
71316
87101
67151
5358
35994
66111
1192
39793
80776
94777
51376
6043
64706
88300
86945
9597
29984
85990
81732
48027
67786
36152
16731
31650
96025
93176
37136
25065
30335
92064
14644
68000
75315
20891
4219
25132
6706
45381
31679
60535
72976
66985
98554
69952
45619
50676
92654
86950
15526
43434
41167
35365
84370
9019
1581
90354
29242
75834
9637
79476
54187
36507
80358
87694
67972
1297
19392
77815
67517
32949
4573
21048
25680
72725
83919
42459
5030
63582
73328
95662
91530
69154
1782
6387
34976
80790
53117
87281
37402
61250
61442
58626
98869
36543
89053
86998
10729
42330
47852
74525
44295
65198
92403
38725
25149
62938
71044
42679
77692
37701
25165
97183
94016
18755
85055
71769
32808
47197
64583
15923
81849
99549
52023
69850
31001
54147
41385
67743
86095
11629
32502
95812
80337
63863
45026
32977
46374
8891
71005
78072
57795
52048
67874
76991
90782
37999
62953
58439
54886
108
80903
5390
45315
47645
6742
26701
3483
86062
33012
63695
80850
95078
12826
83278
29669
90411
19019
38587
92989
98862
12978
85347
49440
56029
67661
98583
70860
84953
29213
56118
89579
14494
50336
42937
82908
16294
66339
33710
56099
97817
52924
19202
45786
30494
6912
87622
64403
54768
75202
92803
83593
9621
77206
62668
56888
78284
27525
57932
88850
53855
13574
18061
95833
5740
44608
58883
37754
22636
60302
2603
18717
30841
77237
55673
87595
15670
16202
86513
10783
5467
84529
38640
15993
55644
68126
69100
43610
19470
25063
83443
44639
61150
72530
78616
94453
62875
44247
21694
1781
50229
20912
39444
97225
55702
47733
74799
96909
59259
76876
78763
81165
28557
58337
14161
54776
68332
93040
15203
29043
68252
69973
13287
69026
87274
9203
30365
64234
36460
75368
68033
86612
90578
37823
87895
70480
49190
22441
36621
72064
8458
12378
54670
81205
6016
34151
17680
37974
59328
46000
68660
66374
17834
90459
933
75379
45661
50185
33157
72074
40921
98201
61583
22838
71403
89788
34033
26840
49936
16185
37835
56502
45972
36576
50223
77726
68342
71873
10730
27530
7792
44411
32046
21102
13366
10054
99808
49197
60675
49141
32365
14976
82396
32817
7084
12014
7631
28072
27627
71918
71911
91169
88207
34632
92738
8905
4563
30856
42663
66457
44873
63733
38128
14935
20537
60686
29560
82897
4278
47225
9563
32964
71370
51916
59719
87036
56219
57171
41931
84959
45181
53372
60649
64631
69138
79686
32143
11810
1578
15763
70646
21849
33169
48688
76605
11962
97324
51157
71692
98242
46781
19111
94518
24161
17767
31900
43014
80303
3512
55168
69658
68846
54772
3945
2786
59330
24449
32747
23252
52061
47253
11564
50689
35592
87062
53189
68417
20832
76095
25592
75415
66808
40995
79937
27184
62591
24009
86988
77969
20743
94743
99065
21089
44617
62539
90301
35786
54514
68781
6675
47972
86867
50173
61712
94896
51032
53632
87799
13085
22110
44599
7688
83222
84957
33769
4147
19229
63481
26178
73233
13527
91285
40578
77904
14937
47736
83265
44268
73049
58081
91962
18441
92372
74304
10735
87757
70327
56308
16972
49438
35601
69574
66193
42232
48090
24662
76358
27882
38872
24260
95885
13269
24644
14014
43172
21383
45411
9475
42649
33112
99245
56193
74040
73644
50730
34138
95713
83753
81178
76825
66827
62906
69314
14095
88370
52521
94796
81283
37528
4497
37905
364
47838
56439
97891
55616
74324
15139
84649
58592
1308
63503
6667
98473
13234
65143
48650
28928
42334
50021
24008
71992
2330
20294
36830
78587
78246
63578
57591
14721
42711
86864
64711
792
76538
9896
55513
43317
22325
11169
40002
49499
40482
15171
65726
36788
44115
62182
82582
41592
43515
49010
75293
16572
54964
23351
86317
51983
69582
75916
4745
15494
85773
35800
63814
48555
61597
86639
4715
94091
20908
263
69223
24423
68955
84139
5134
49290
5549
93150
13828
86111
88780
34313
8318
46044
19581
92314
72586
41678
51456
66371
45686
73593
82303
38304
15515
30506
62556
86101
11557
68406
86173
19967
82356
89265
18082
74728
13604
33981
63245
66194
4112
90102
37404
39966
77948
99420
95013
25685
62569
72744
10843
75066
16178
90633
41258
17579
62280
50227
67044
32868
57919
19491
1285
75467
24518
13806
77854
29118
70280
31123
49232
76230
66022
63395
46518
3053
31635
46079
93769
94240
57862
76386
17814
49184
35775
78432
14394
92205
24231
99188
23871
39074
23076
52065
93970
88843
82780
41890
79175
98452
77853
17631
55782
85375
61600
73079
53010
74546
45080
47167
62051
54892
52927
19743
26662
40842
79151
82328
57448
58556
60467
80850
97268
43332
2480
82502
45643
74282
31397
40722
60820
9348
81210
31444
56490
22748
9204
35243
48173
30556
82329
70706
41392
25998
79034
59919
16404
23367
41194
6063
91204
60474
93099
30443
98355
45964
81281
78584
62847
67959
88788
99843
74576
372
79080
81200
64660
58019
9140
63169
56635
70495
12830
14185
82438
33225
84618
62413
33145
652
98174
67096
6810
56378
21141
17488
52604
77538
51908
79234
70527
25753
52995
18168
73728
48619
45538
59248
17111
81069
70107
59482
24045
46972
96836
4072
34232
27683
34859
17473
9153
51420
61225
95793
86813
11832
15456
43365
90841
68762
74207
6990
59495
5813
21963
660
24197
83979
63725
75482
85409
2172
23972
60234
69639
33721
5846
84505
40433
96766
4762
24765
25286
58992
76470
40225
58169
39055
64867
20803
47939
28907
7560
81328
63393
19457
58139
17409
25883
47706
15901
39485
98034
92253
5132
8055
10290
5666
32319
81684
31769
64853
88229
12675
95169
13771
88938
56117
54758
87710
58059
833
16403
37990
58545
58280
14967
51979
31205
6279
72016
39539
51370
36078
58599
41160
85322
21412
89283
81763
10034
81807
24198
20960
55873
66829
27429
19420
13392
97120
1918
97554
38333
18571
88131
82262
9606
32431
68893
47849
58254
25691
34118
48411
29467
45405
95815
48716
28881
61956
2131
89012
36317
97777
57911
24103
78249
8040
42229
10263
22525
19793
78641
571
90007
15479
6615
86961
21195
17302
26068
5605
58780
5425
6488
43456
11549
35986
83503
54079
50367
69635
60195
3715
22708
62712
75014
52010
10651
2751
19354
42139
14550
86087
60034
35052
3513
80515
57316
13780
96935
22160
60422
58939
80227
53379
53491
59211
13264
87644
14922
58323
8727
26424
83473
76646
91260
67662
42334
57004
99096
57648
42402
87436
49642
33904
88630
25973
82930
91714
85436
98687
5984
85506
98555
17514
82413
63383
27880
43178
6115
18970
21808
17920
56008
11490
35708
55466
19686
78341
60541
15305
8397
5420
48611
81226
10882
31563
37950
97121
89478
71203
52675
14835
75884
30037
12294
61083
98959
75393
21225
47494
66759
37929
34507
20573
73091
14236
80391
88033
64110
77485
28984
29608
710
90385
78430
15591
3793
23886
67684
76493
90642
3763
7585
98884
63307
22330
95315
98419
99458
12745
55958
37829
891
41195
14736
37046
862
89241
74213
72696
3862
14513
22327
45690
1184
68283
17698
74452
13371
83162
56018
21059
87489
8770
99122
5850
9669
16307
97334
33222
63771
54029
68637
89078
76484
53696
91004
65802
94639
18611
57198
43971
41858
93365
70696
1034
7299
64727
49243
1437
89477
38637
41538
15553
83178
25275
53886
78498
59394
87928
15872
61623
30546
24048
40008
16435
59514
56963
41375
8014
86891
87997
46203
91564
60156
93579
99462
11256
50736
24320
86809
50036
55168
22279
15253
45251
38331
12071
74943
9571
58242
60596
17821
98192
40572
73925
46130
10146
51935
51162
25602
87841
65511
16857
2023
79746
18323
70832
60168
91456
51191
99031
12362
71177
19199
52595
75383
4213
24802
41697
87590
70216
80163
38979
37375
69827
46865
29197
32248
17179
16886
78790
11070
28305
276
991
78664
95693
45746
16708
11027
65070
87428
41494
21055
52421
60227
45053
4251
93266
13289
73886
59812
21758
60601
64596
53592
69480
63204
68000
31137
292
79103
3536
63806
85354
79107
18135
5008
84932
43886
51531
44040
15201
91181
21606
71644
41553
35146
26283
44294
22754
18495
29022
50380
33319
77850
50276
87732
69365
11598
73445
8834
95954
92326
3496
9478
80501
24523
86484
42147
78579
43208
61882
4648
62522
8692
84912
37226
18360
83242
76889
703
83402
15064
352
48471
73135
48779
99516
34598
79418
85307
39705
63368
96094
85784
54321
24388
36774
74441
91871
81454
83984
65519
92709
21412
47174
86696
90757
39881
50133
84030
97053
16826
13442
30876
10785
37548
49720
84256
32255
57813
73014
32979
60818
76474
15923
83907
47017
72643
64188
4215
61747
60884
27558
83719
40013
62805
75299
89208
46481
78402
69275
77588
59563
51945
19725
57129
42450
28708
52971
582
94576
25391
70473
73933
99408
10647
40300
94666
87362
32555
18808
63877
60710
50626
32057
71955
24675
79304
31112
62485
94144
58739
81617
45906
11980
39062
12425
69121
41250
12311
49073
78749
92214
22833
3062
65746
87435
1190
79315
11204
35071
99462
95655
91263
17154
64662
45229
4433
7669
39357
46773
9367
42479
89791
37177
20160
63577
2954
64269
13532
48348
34631
53749
87106
73152
77310
31046
49503
55343
16590
70577
83531
77741
33959
91625
7587
73400
41973
92689
94974
59793
74041
10817
22913
64159
59588
85480
63485
47766
46862
5914
31367
15250
65892
88432
5482
77717
54364
31585
58347
26688
69313
86308
61249
79807
64528
42486
13305
72826
41871
13690
60837
23841
18888
73336
57181
41653
13549
81799
47509
42862
15904
28065
27573
57314
8939
41554
64544
22708
26000
38301
49354
47688
6929
51920
21611
50143
63894
70931
31410
28938
34420
25564
16923
22955
66631
99095
68812
76272
82416
97830
88874
22199
96649
62787
261
50974
40641
49448
19755
61873
21842
74909
1583
76345
3961
47653
22322
50907
24486
31775
45576
88401
90662
54449
38169
29802
11681
79616
81903
56163
32019
81995
24942
2455
50096
19127
16659
8828
5137
26678
35436
51955
96919
42307
96570
86205
86802
48045
68350
65137
23886
95251
40253
48583
88746
26182
75202
80435
74863
54719
93076
49884
68382
11234
59531
20120
64355
32888
59384
23720
48238
91278
24827
47517
39293
30306
64686
75724
41477
43012
4709
93984
71876
56264
46102
28587
68875
65323
14513
62960
77332
28185
577
81951
8334
26734
92267
70213
84442
75166
27399
81468
650
45068
64253
3564
89301
25804
45471
73240
89619
8565
62218
66871
16405
44823
39143
13174
54774
93685
79892
13371
85061
97148
65737
30670
96267
73867
93492
80138
14998
92441
64073
65052
33494
93132
18462
53752
92892
41341
13137
68540
99756
69109
88369
956
8086
81798
5414
63558
72807
96250
20887
79993
33990
53865
30173
91991
91959
17348
5945
38313
63417
76222
51712
61991
8901
70296
71015
88676
91155
20733
33485
17777
34418
27219
65478
9075
56823
14516
2362
83748
15911
18283
13005
89719
71172
67666
47665
49263
5491
56053
78736
55837
10723
47062
93403
40335
73580
95353
9504
6137
940
74114
45158
23548
75309
56894
43577
44579
38402
51497
52137
18830
86735
78902
47121
40122
83953
64753
64874
34503
68514
72687
87367
75379
80638
19531
68938
69677
97622
98562
29280
67383
3388
97449
63114
79506
7925
42528
20932
1888
94846
96808
37153
9008
29623
11314
53524
15175
29807
87730
47466
82883
58115
68271
44129
95523
8768
22180
80184
63865
27954
82290
65016
53827
93794
5372
67915
26620
73743
83701
56752
5882
33018
47509
56136
46301
24806
15254
69968
35844
13904
14570
42020
90694
31903
46784
35561
71499
10526
83675
835
53677
32381
8385
71206
85940
56222
84354
23354
5865
89017
52644
49000
19256
31881
99690
22395
8963
65081
89148
48239
97833
83817
29207
46507
94128
90028
75435
144
85556
6563
26977
91231
11892
53011
54676
7474
9243
92944
79045
23040
38510
53186
98405
40150
19022
91017
32884
12141
74933
73828
9984
20009
74869
67985
41390
91461
83996
4139
72993
56996
45704
95856
6019
60322
10632
42795
64090
27634
24024
11735
1295
94908
11175
49468
47715
38584
37750
84471
90656
86508
54496
45374
2579
19209
53310
78865
16531
34397
66905
8770
53597
45374
38761
53951
68807
3362
6067
59526
76584
33679
55242
9382
60041
29601
28589
1168
72682
9942
56878
98166
98006
59977
35858
75525
48521
61833
38646
95696
1017
17737
60043
56539
93761
42459
36063
24322
18485
76978
80119
14922
24927
14263
49482
70770
72471
66124
8313
1876
69544
35537
90401
1937
37019
42087
89594
37780
4498
12824
88799
90045
82685
90058
43857
18535
11136
33983
47474
84076
17747
32737
70019
79934
89113
16746
61592
65930
91324
27444
80990
79349
76150
54963
10398
18988
46438
73011
93324
29553
66698
40909
52150
24193
73269
38725
17937
10362
6013
11502
90307
95978
98124
9837
9714
61444
77279
14743
75156
69419
60062
64617
44708
43609
51709
83357
34965
64596
38621
54929
97848
30066
65019
51724
23241
59445
95641
3367
62582
18246
71190
74172
82613
49542
77311
98228
48571
21063
80339
34887
7848
40196
98388
90551
54146
90239
92414
87114
97807
88861
49194
23651
62691
47584
58112
41376
80896
47199
10462
46796
35676
46157
64145
72900
79884
35548
60335
64169
73153
83942
30618
74288
95326
71785
62508
11911
67645
58071
17364
67
91906
59190
96701
72476
88226
31467
70129
89626
46727
7972
27761
3838
47993
18119
70208
59864
35632
52805
39556
44678
86064
11959
47889
20446
31358
8071
20082
89272
33681
93360
7979
68822
24807
650
9730
23127
35321
80263
67919
42740
45222
91594
1317
45718
57742
32682
80308
77816
85520
58501
44394
71857
60503
80714
93659
64352
19902
71524
83676
60517
2781
95502
72920
57211
30586
96222
81506
31029
77653
64044
63663
28916
27497
54777
69809
20565
70265
7253
55372
4073
92395
11903
3769
82368
56964
968
282
18312
49988
24509
16498
48508
94423
9564
1277
33982
86191
45508
93527
21475
19308
89367
55120
33901
44306
46693
80466
57207
9397
18976
97444
48015
21600
28835
96450
71943
81802
60492
70947
94784
8160
57172
14253
30732
20614
73006
17206
46764
34292
93898
97576
87319
83954
89888
77944
16441
22456
5885
48718
58518
13989
36116
27903
15194
36775
31972
73602
85889
52872
60931
87546
47874
14391
55889
73517
92592
46214
86449
67917
43789
62298
77864
72694
48942
75577
51015
57405
5190
19097
84449
37381
30325
76384
81152
95967
73545
783
47048
50697
69341
98507
71383
45226
75094
88748
5936
7780
287
16444
15507
68487
35273
22251
73257
66242
43868
41239
49817
14352
67276
57396
36333
59925
42763
88456
14935
80694
22782
96737
70840
73209
5840
43950
81298
47787
5127
92961
27033
70605
86719
47776
78225
69603
12527
7019
78673
72264
42914
17071
25890
77826
37761
30975
94308
66927
69463
75237
55219
11316
47777
21067
10683
19211
9233
96557
43798
66774
48935
78534
83388
86339
1959
82098
54651
83750
82228
17521
68093
76003
49481
88841
97804
78713
61659
50917
3794
69485
95650
79317
70860
40596
32485
22890
63563
81301
68282
28157
14616
90397
33955
51507
21184
22419
46001
96586
63580
95772
44760
20814
92943
78349
73991
97291
50585
46907
68615
72761
97149
50064
404
49417
66996
58083
83498
37425
32740
51787
68692
98247
19169
70861
89323
98453
32435
51207
88806
75319
88119
51281
63884
63949
73324
23945
70725
97343
9881
87216
43455
69675
12344
35432
42455
48349
45893
71675
23369
4228
14302
19707
2203
17877
77539
28089
18980
21030
35152
41684
63745
65807
52757
80103
61920
78916
92444
33618
28081
30257
27724
72630
21653
61120
50389
3993
12658
47893
9091
84760
11742
22143
75314
45037
15568
44656
22460
97191
46273
78839
46491
52513
19245
4313
97546
73083
86064
1786
16796
76897
17940
73590
56602
76106
14012
4182
1308
59317
30924
73076
98877
53584
4249
23737
3828
16323
82431
80772
12518
6184
32619
36140
11092
10392
6999
68940
26875
99708
35733
7265
76275
97375
32714
57047
51474
43050
84084
55142
44979
49192
57666
74900
31543
15207
2962
42431
70398
61426
87310
84283
85906
65510
33045
21247
53735
21264
84224
6045
49360
42764
42186
59771
87673
89052
84610
92666
85830
36151
36209
79912
66506
36846
61599
64498
58809
84420
37987
52810
87331
71453
47006
52905
2343
51282
95531
58830
39220
52697
70068
6286
50675
97830
65961
55842
67106
88735
718
59271
19080
81464
16081
70616
88809
37787
54650
36096
62000
1925
78054
63112
40728
98153
64405
83161
5088
98498
45703
23756
41485
32377
93414
7780
98549
26312
53566
46362
10839
86173
54962
1133
98420
23087
51891
25849
58657
3289
38700
45201
15282
85768
8633
86570
84120
90089
22430
99789
69587
16162
30223
73723
70677
46062
16327
47948
63090
86035
67045
40784
11133
3078
76008
75701
55224
5340
44499
96648
18055
93901
70929
74307
72461
15121
65847
1680
77174
49516
8186
38260
19097
85870
38212
81909
31069
70667
85995
9261
24802
69313
22293
86428
68284
82803
61952
55368
59046
85398
64184
59095
5282
53441
15998
65096
35083
33906
34161
42202
95358
81986
5969
62822
5379
59487
42604
34370
99446
26801
2742
50972
64488
2030
15587
14313
77315
77931
79641
85173
66440
11713
78193
79987
7279
74300
56805
30239
12879
98771
55342
18206
1238
33612
30779
46347
42573
87427
79993
65754
76748
65563
34451
21743
48411
24991
42091
51287
75197
47864
18755
88820
42816
79158
28574
38239
88409
48447
4731
16636
5326
12955
85214
66874
80953
85555
98314
79132
240
83114
99458
71481
62766
79725
22995
62337
41827
25586
83485
64906
74613
26964
26325
49398
63563
46260
4362
67626
45452
9897
69570
32812
21531
63248
32925
22641
41929
45878
80006
60760
71251
81907
24691
87795
28429
48451
61252
50898
39536
48437
84352
21216
40169
72907
69448
9146
66772
85150
92151
19570
14782
94640
5571
97516
9598
37085
17442
94197
71795
31955
34931
47160
30745
37819
21434
26357
65202
7079
36444
67933
31531
9647
24874
32724
60535
14602
95750
94418
38726
11880
67059
96468
62132
38252
84749
62409
63378
95278
16852
76504
41434
48027
16105
85116
10797
427
72180
41913
48433
23785
63433
90265
33072
43505
95207
82824
71140
41840
27900
10949
41071
58166
86522
31260
20912
76182
96521
31932
60090
80345
62495
78129
91719
62038
57573
48409
49517
94498
83122
21613
52063
77533
56516
3214
51749
16654
23884
31325
221
97303
83665
22181
59159
45536
42059
24956
86844
54964
45218
94609
26235
64937
14109
83659
4393
39705
19306
50862
42266
92027
3031
9392
25650
76752
84495
90616
62598
54777
23545
11396
25930
12434
17956
52205
99364
38967
91490
39867
58887
32928
85162
55878
44736
46411
30777
31876
53378
82382
86507
70272
2549
15114
8470
13247
33721
57883
25131
13773
59880
25687
80203
35039
9386
12372
65869
31119
59651
37739
19705
5982
97458
2502
52372
91697
11732
18285
55069
56950
64738
45003
87717
76459
1335
49614
63884
23391
10657
98154
55869
43910
32680
85078
60343
4856
17722
27969
97902
98041
85090
81455
10658
48729
91768
86059
81914
93689
53554
90719
77043
13487
4711
89801
42030
6794
42175
97688
78800
4978
9061
80619
62772
23288
17431
58504
47673
42724
46399
44956
43241
2757
59786
95702
62993
96281
46758
17551
65911
67989
49120
31512
47425
83157
97654
63058
32127
7250
13209
6293
52793
89891
23117
59194
33819
71625
99721
5812
53923
2878
25673
67061
36280
99761
38234
58940
90189
69247
50750
38684
45832
62741
7585
58281
63297
34394
67116
51810
53334
51111
11208
13823
19061
48857
43846
95604
65936
65105
59259
33474
21548
94749
85886
45964
81932
68547
89078
23139
33973
44745
53852
58379
95277
88776
32762
61732
11733
85056
74966
31927
13088
51380
75640
24307
81566
1377
65852
48279
93314
67698
81574
28272
19206
66432
52954
51852
23005
76128
62613
13426
63561
85918
88693
86691
65829
47577
10703
3464
22955
67303
50197
39431
80326
22923
97683
44593
37614
10406
70141
60474
69052
6519
83104
22918
45293
37353
49684
40940
68325
85693
15003
67852
91770
95695
44929
26131
15642
25761
93642
79897
35273
84170
62007
48041
44383
37149
78224
90187
6231
56399
53119
68407
73755
37963
92226
73050
90751
97404
2035
17408
83026
739
72577
77163
2768
79343
56715
85362
80668
93398
92964
22643
78653
21569
20603
66512
96345
89083
96801
96549
27444
46850
31139
25364
10333
847
73544
10112
49806
46295
79652
12050
48926
76164
52277
85423
40844
49068
17482
33419
31905
23026
62096
75673
78817
68623
69025
47539
99530
90707
37385
47249
92305
15922
46810
54344
48756
72382
10450
94186
20341
46892
82554
61246
24348
44886
82991
97076
96247
30547
20954
28709
23133
33416
38991
86482
48018
89004
97109
29972
36264
52152
47330
71897
7328
2786
13408
75610
79971
4930
31846
88762
61545
76994
34200
66254
81389
6929
448
77192
50846
14542
94609
81323
2699
18684
20293
62485
81708
54333
30161
91934
9159
21831
46976
92189
28427
328
18661
83371
73052
48033
1885
28043
12155
41707
76527
43191
50552
39085
52329
87660
72408
44346
89476
95922
48964
39834
82614
83967
96700
75485
65240
89243
87312
32924
86444
41680
46672
81877
30819
41998
63842
36682
41016
18706
37352
38093
79338
72031
9211
67377
17777
67349
52371
76616
80015
86231
55430
33345
94636
33965
66283
42712
38733
72283
4916
18982
69479
18413
33295
18270
44644
15463
22261
43275
19863
36496
52380
62204
58998
27700
12303
60023
34795
49611
9673
9150
88938
94189
35913
35341
94032
79762
87514
37248
4016
89588
88688
13274
44248
65036
58464
3317
50241
95608
58249
86277
55238
24219
63233
47149
3647
6379
80087
80036
68697
86255
60940
58226
6618
66787
1158
47488
79675
34535
35096
17026
59638
52198
58259
70861
22092
21193
83373
514
47251
36182
56522
69485
26317
71178
45025
70424
69644
1156
47231
52874
78395
93496
8605
11949
31999
95751
97562
1410
89094
61944
1164
96975
81329
62837
66839
61533
46740
81131
89658
92544
95353
75627
24091
6283
46314
94929
82978
35432
29489
75786
60430
5201
27124
99400
78536
5030
90733
4187
58035
56921
84133
68127
63547
75803
60240
3949
90604
27374
18516
37870
88873
79548
2657
18607
23084
99965
14555
73497
95476
74734
38205
58035
39714
48096
71444
13149
49744
96970
14044
22631
38249
93362
63052
11646
67605
22042
76608
95637
2718
52671
64210
59120
10265
45958
68136
37548
77693
87413
77750
51803
38002
19400
56283
70682
18363
28293
23056
98887
72515
55111
93627
92822
76574
74931
2827
54929
65517
35778
52899
21927
14475
67723
2986
1033
93067
44664
38870
88566
84520
53441
87361
88510
35501
74116
10064
99279
25118
99029
77474
2343
95151
85416
99013
25672
25637
45566
25499
15151
49308
92166
16222
65341
22501
80742
80216
14970
76155
78404
1709
4673
5259
85204
4221
90019
86988
62431
54333
27068
6896
9775
44566
4987
96043
37049
62360
61708
90418
73695
11191
57002
8345
62937
67462
84100
26982
38969
85174
95910
47202
85225
53545
69631
58119
99753
26434
67953
73763
52325
28687
76955
4571
93269
90319
96076
10804
31453
69892
39991
7822
43706
48421
77848
82100
66213
53740
89529
22249
99723
57842
43596
58657
67603
50565
16686
24191
95123
35422
3606
87226
25348
85064
72231
44056
46390
80909
68758
4494
82012
79838
387
57351
31071
243
72978
96577
5980
19206
75750
64390
35712
71759
5082
67193
30817
66631
41395
92232
20080
12283
24840
23394
62507
64030
96895
49860
91786
12473
49774
21405
23903
11811
67751
51821
75765
80343
9697
64740
58544
66028
63458
25289
91872
5208
7521
96230
72082
74602
14998
95089
40006
30429
67400
49731
85040
15354
85307
89516
27523
54263
58642
75661
38988
69250
1226
21790
65226
40950
73078
49964
42007
85033
25849
8583
23135
70793
91980
35564
82167
78409
111
89365
55225
93950
35021
4774
90138
99753
36438
55453
13336
92695
52430
88971
34531
77553
23168
75289
97292
84949
6091
25649
62095
81560
57345
77965
98689
76070
65831
23405
26131
43539
46656
21344
29348
43186
37250
18421
60813
68384
50704
94221
34157
94283
17267
5948
4741
45197
73198
41600
51913
16895
65362
87883
57217
49018
4092
30918
74892
70434
85952
91909
44741
89758
23597
1010
21156
12491
10883
92542
24707
1828
14412
92539
5531
95127
29272
50054
830
32120
27542
76000
27901
65279
80394
25023
4708
26160
37772
63950
34287
23935
2616
79843
78195
75287
1238
98794
50301
62444
78896
55295
29731
86861
92923
41597
10650
48937
77039
17933
99220
1340
36783
46302
68518
77092
24713
63772
57929
17622
79427
74759
54896
40720
23490
41713
33644
6615
60154
12150
61936
97966
47039
39084
2959
30581
27842
61891
8885
24200
85649
89133
71568
38653
56203
96787
87952
38461
70177
54613
41391
4449
90454
42887
5224
8737
42679
63339
14245
45678
85408
60440
86406
38154
67154
80589
20565
2554
18939
57567
56876
74229
19415
91202
34775
50006
14329
64190
90652
8979
40028
18567
92421
44756
35413
96046
42100
77056
67855
78979
48237
55171
1793
80871
80765
4029
94608
56945
70037
41628
5125
13854
79462
80818
26036
25937
24832
2468
70757
87269
6987
87286
64789
91821
80965
34158
34270
68242
53117
12923
35664
718
57264
39199
65363
86303
87661
83513
61222
98624
4194
3176
58074
9048
3185
24522
48187
6928
29595
60481
64667
72915
85467
62492
62056
3266
54978
82270
10800
37465
18251
31101
28231
58729
66705
81810
610
84399
37839
48897
1040
67133
76729
28799
60926
6282
61779
68294
65750
24603
91531
16926
83662
99116
58846
21609
52498
9365
40399
25689
66917
34840
25541
2415
24191
3432
18905
58253
49264
52513
96917
62375
77253
16547
24332
49458
11359
65798
7303
31588
68856
57834
49126
36828
53679
93395
65335
124
95193
8865
34818
83750
6287
6394
64722
91833
4794
19652
25423
8887
27018
18535
34087
81641
51294
1490
87227
15623
31258
94580
10509
34690
77455
11236
76623
41910
27983
39339
14989
36818
39752
61860
80898
90713
49528
17860
22067
15846
8011
64658
32509
84989
46465
79960
46334
87132
33436
79980
50789
68927
71727
79697
46020
87886
48139
64443
27974
68260
12486
53435
19582
66982
75299
65725
71706
48588
66350
42705
36146
41213
36941
79979
77680
93655
68769
21372
91971
57212
34870
41195
15153
5832
1519
95286
17550
76369
19023
34288
49921
56847
39798
20041
15991
37526
8576
81268
22463
23118
71814
10183
12355
98444
29082
71411
89363
59979
8382
81660
11103
21134
75536
31352
63883
80473
79257
58397
20924
17552
796
37142
40693
45732
1489
38776
79352
59171
71005
50842
47346
5001
4857
43367
42376
76800
38614
59391
16722
33129
52654
96503
2211
32193
15879
57384
11243
80137
95726
76820
48952
26277
4898
60629
56870
91136
30505
2674
34165
98268
8603
30955
46157
612
28281
68396
11088
24896
40026
38188
23023
22219
96366
18725
93893
86286
28077
10340
97216
45656
22267
26987
86714
40018
30372
45707
48931
93379
56
62827
89606
51502
35818
81820
30630
82914
80546
8281
34225
36193
42450
26621
96656
32211
87787
72762
26348
35539
4216
25399
35048
4610
788
35838
37935
43799
93908
77125
49848
16152
42063
16666
78777
51668
73138
52140
55353
82825
38550
689
66757
65534
90907
96875
14121
97127
15459
43439
45550
23308
65706
26928
59247
17631
14127
74228
29510
97109
5539
31147
69790
64092
68388
16310
96618
3078
68798
78080
29053
1360
76341
29735
83066
14267
83108
40353
78200
14296
93262
39185
11829
21126
15125
38632
94795
71979
62199
17704
82889
10396
62833
73275
65652
43666
82108
41888
23021
68382
8092
73584
57277
96139
40028
66628
47350
54639
53000
51249
83178
27092
66798
74824
89066
84127
83246
75038
58164
63515
18253
8721
65946
54601
5287
69497
3743
75819
41367
27268
59210
86439
70050
31030
97690
33540
87861
5934
10225
85706
72597
69786
24225
84119
22352
1286
18908
89888
45321
48480
64266
56871
51292
28634
67289
71527
96803
27581
90004
29288
39784
81436
61577
35009
9463
49192
63915
87467
43065
9127
37549
78609
14033
43673
91679
81239
90657
20083
65772
23038
99598
42467
46819
6805
13613
16076
52370
84761
39941
50365
80419
48607
52205
85795
13107
50870
54832
93341
51591
38856
33228
44678
99710
88762
77699
19087
67357
44340
36126
36225
37581
38056
33445
77154
70524
75800
1999
33031
78594
82872
60940
33283
35298
20945
5329
22058
45465
40484
1717
14013
79975
52188
32495
54791
33202
8948
94209
69215
93793
92981
82089
26217
52411
97968
14536
36280
4086
84111
68316
68145
91166
64276
34358
58963
83284
23770
67305
39223
11693
31276
6022
95652
68106
64867
39717
98918
13572
90982
60835
45645
16633
66535
86990
74419
7442
88047
77554
8192
50034
67305
26359
78683
22356
37628
11674
27073
34767
59708
8077
63268
20009
5879
57687
2553
52362
16698
79285
4239
10368
71826
68721
79315
15443
61029
41241
55275
2806
89615
71418
56523
23446
76320
41984
26399
54992
34778
68621
10689
21292
61401
27042
11544
39785
13814
38448
16180
33409
53420
24221
16335
1453
40199
64042
8319
86800
30983
87676
78097
62116
10202
74078
22219
52465
13302
86301
88644
47602
70075
74974
83149
29105
42644
98568
49585
29864
65
76031
8101
58585
84749
13984
43696
69260
52625
71104
50911
65317
52696
86722
27774
86513
58042
81943
45302
65115
81317
79918
55619
3704
78174
12754
32556
25834
68345
92786
26507
7478
31283
71660
89773
7184
65465
33477
7174
22164
51492
17711
95016
55609
2868
27697
4694
26159
5307
99889
72077
79002
24405
1007
16035
20669
29885
88551
75157
64822
15858
53297
25414
20454
11928
85591
84466
91508
9411
67048
79192
20562
59523
37885
39405
46508
92138
42669
51117
62304
71629
68147
88519
90584
29856
89126
12165
21180
990
43287
78537
14706
92095
49340
12112
56083
64829
71849
86595
2917
96560
91988
75940
57907
18298
1342
26820
27964
59582
50400
94791
42660
34618
38437
56054
75802
65544
22556
23575
14647
90169
61835
1874
61125
45951
34471
95392
99006
97750
57536
17571
16985
73559
36119
34916
52506
61128
68653
51437
45008
86564
64295
38557
77049
44581
33516
33368
30336
80818
38514
3479
34832
73714
18481
88047
30399
4374
48281
4568
62306
71349
214
62939
54711
82124
74306
7387
30141
45573
31858
63009
35669
85965
17076
49344
7038
77094
6196
85674
69916
19503
50249
49475
20665
57742
97122
19050
30838
80871
86114
14962
28285
1018
73333
53147
2249
51364
6675
66125
55424
72972
86220
97759
22599
98138
28080
65098
41006
22495
26368
56731
87345
22441
87702
15411
40764
12893
75201
106
80863
50131
9854
47904
20268
65947
56158
73193
27974
2844
38521
24224
24501
95623
13601
13840
8210
18539
76928
66059
68974
32605
7002
32542
57056
42573
58760
89945
31637
84974
67337
79633
46214
60328
5810
44522
88698
98488
20102
70366
96730
19931
63720
97489
98802
94832
34457
41393
28358
81922
95830
55972
12564
42769
37952
1495
53752
25381
64933
79716
96919
70629
16299
43668
73816
60595
72886
73582
10898
37105
97234
44766
79791
37693
18049
9463
73283
35389
48183
19259
72189
79976
95122
77081
64983
83141
50341
71692
73215
25131
15018
86648
80484
43640
29495
95690
88640
692
32751
55753
90193
38308
77489
68753
61203
41608
93488
22678
31207
41617
29609
69292
53567
42649
61494
54715
28784
10461
24385
27712
90357
76597
57103
93481
79203
12890
67337
57924
59762
44861
951
91176
89519
47168
16680
84777
61130
95283
83351
91376
45796
29481
86104
28241
69238
648
93247
80262
92229
25077
70829
8345
78427
42790
24021
90246
77553
9993
61031
53005
99402
83913
9186
2424
46111
3745
20156
75598
52804
40674
40106
46261
63212
79571
83665
20673
64575
62572
94307
39485
71659
31113
97253
4935
24998
65052
24868
33128
52879
65417
69948
73453
33389
59673
39912
19144
69270
3382
50265
16509
74606
59401
13610
47896
32779
55751
92610
85275
52409
78780
46371
64279
87613
42573
56817
37624
97172
38762
74935
1812
72338
99913
37186
30126
50138
41230
7402
16940
43685
14615
24640
18454
30301
51326
40125
77396
32607
55152
927
68936
30066
28236
32583
98536
37877
10131
14259
91613
64467
66447
6927
13443
36409
21211
3714
80936
58924
74984
30690
38910
13312
95683
53970
48207
56174
73346
35306
43631
40262
61497
45353
28720
38944
29838
33580
75096
53255
42794
52424
76419
75663
35180
58917
50814
82911
26294
8215
53928
46084
25601
30306
13452
65193
6744
23107
71624
50012
62276
60766
40677
23328
43434
24845
85595
38590
96448
17336
48731
91390
30619
60366
72572
41532
61332
54855
65756
73487
4427
24330
76276
94578
81083
27867
88066
71052
62939
44853
18243
92162
712
14176
612
47621
86586
39808
78459
58357
52076
36125
29534
15241
98497
67685
2353
22120
51386
308
99130
53842
17366
42728
77569
25183
35706
40800
6554
57485
29365
14782
85567
97059
87377
98107
90167
72923
18624
41310
33678
12380
71733
91213
83237
11413
62843
77871
76290
65933
30386
36466
56559
145
33180
64347
55848
61477
93745
17558
84273
44277
58824
91566
22374
10418
34497
22869
67264
30351
9355
49357
56860
66190
13699
71070
85225
47291
54785
61635
61180
99944
24748
99552
27210
20119
10808
97707
67748
13934
27190
88920
29963
25876
98001
89573
75551
64845
71266
52227
41055
53679
23497
70486
88167
96050
95697
42080
31353
11091
219
10598
44091
13876
1806
79009
93571
76964
38190
44880
12721
41938
71682
32093
34958
12429
51595
92760
11023
47535
72769
82966
92131
69546
23703
79444
48608
60269
56177
38315
57988
91359
1369
33134
56587
86829
90773
19384
41830
21908
986
94539
90205
99306
46152
36239
73742
45621
74418
68223
74057
62026
83467
94942
71840
77392
34287
58506
69304
63595
37319
58470
2220
69128
71897
23783
10701
76154
2338
35873
97459
68450
61621
75526
72533
71946
46037
92196
24308
79947
18620
5431
4785
96100
42580
29023
66625
51412
24752
48336
30391
73582
53283
65621
5965
55744
71306
49485
15310
15790
81574
44379
92091
47190
3220
80044
76281
84852
14930
39583
79549
97507
97819
7695
62690
49605
19247
4920
1129
24435
89975
45661
38562
13676
93328
54879
25321
43734
13782
71547
72078
94794
2514
747
99979
44862
56008
37146
46947
78473
20737
53821
77839
60945
35179
19902
77953
41202
72956
32792
35655
94628
65441
22305
66783
1684
99979
8128
42937
91565
62773
18781
77780
6651
78810
47799
10959
16970
90990
15519
39778
35503
32626
12763
93485
94754
78467
42102
91538
37429
68403
60809
61328
44223
34512
14298
19010
35816
56435
22733
57253
9925
46066
7141
81615
71623
5257
21283
4614
24224
14296
43075
92854
61207
63722
14947
84683
42143
41192
44403
61598
11906
95888
32330
48820
59944
70607
86073
37373
66960
38739
3438
80156
73337
5285
84649
93453
63129
93852
7886
43115
89438
44654
2285
91327
94802
1722
50796
5348
29702
54626
35079
27329
30197
40310
59084
8645
21994
94588
13977
50022
87938
25678
33715
74379
34205
85538
48465
51187
40799
79078
50729
54954
95355
78575
57203
71215
25602
12696
18950
87922
27058
33656
19969
17770
75850
38439
71853
15634
39845
43956
4796
89145
38420
47096
12377
86489
9088
47653
26768
13291
53036
86424
68430
22678
45865
37376
16669
95636
11142
14619
43252
93955
2295
44396
81914
88678
19549
69613
69361
32064
58058
26259
44276
71825
82012
56183
11939
10519
80946
35044
37430
51934
87231
67494
79201
31973
48573
10104
78803
71242
41237
41016
17870
74883
86945
47141
46771
85527
90372
11436
87220
86558
30441
37420
67476
31751
83489
44698
9066
73038
77388
84565
26875
66190
70031
29009
5939
95819
20937
71444
67888
27708
9772
11645
5683
70160
72910
66114
77098
85678
94312
415
11921
29070
58150
43060
72749
75108
98451
35550
42242
89004
81161
19664
51138
77794
35425
28575
84292
81542
59226
41863
98428
87521
4904
21069
33626
31113
79706
9475
83025
54954
16846
77007
59933
65637
53037
89247
60
61801
37623
78112
71249
60679
45162
44538
94030
75860
81872
77578
99959
1436
22222
49975
23977
14134
38205
83159
39075
25109
8191
11688
18754
44872
71592
20532
99324
95970
78265
55698
83052
5702
73165
61544
13101
24609
3146
89935
37659
53661
97299
49643
56960
833
58717
15811
30851
51752
96899
18816
75730
31698
86646
89824
18443
92904
24282
72079
42461
81931
17531
71057
46810
803
79432
37398
75250
95031
4567
45801
68209
97557
36541
60093
20932
97768
7285
53418
56840
25962
17527
30963
49032
63749
88051
48723
80976
40266
93616
35553
7428
22625
63129
4384
68358
24334
46038
19846
6897
29613
2432
52473
83771
19351
1242
81812
4834
52337
95355
41136
13539
45711
1887
73642
93040
31491
56866
19573
77341
14903
15449
88771
20354
16126
17213
8782
76793
92352
2005
63889
97329
99895
98045
76837
85034
1271
80247
72910
89056
61220
21260
90171
33934
1266
41618
16358
41467
54940
41479
14586
82921
87195
71724
83472
96413
64317
35814
22329
67817
15392
75348
1668
4239
39869
52404
91455
86298
46246
28964
10754
47730
51984
47872
29822
68900
47949
66383
71917
22507
51610
67360
30071
94202
90670
3041
20394
6460
17170
60986
73416
53276
60013
27899
85375
68728
34338
40011
59485
78661
64844
78081
50026
7986
1894
17657
44398
82293
68658
52603
62142
15019
82946
35909
12447
81312
89864
44805
55946
81727
16349
18959
87964
54919
50447
61467
18311
54834
60688
42465
94125
81309
11864
40495
78234
84908
98080
47381
30965
49619
31287
46385
9003
923
54469
13261
39873
6576
73027
16674
50013
22337
88907
95235
80064
30849
42529
99846
85892
49848
33290
89640
9535
24324
78904
26688
50177
43008
14977
79742
98215
54874
88130
55809
6413
2979
29616
74535
59532
62109
50605
87298
72777
50673
10883
37390
16501
91518
35406
89095
96286
43239
2827
78890
66747
24132
474
67100
68928
32265
16301
83097
36665
89061
29271
17447
75427
88686
3103
7103
19025
35062
46968
23124
31413
67715
84500
2869
86749
37193
81120
38208
71444
79037
58583
36079
80315
51731
71938
67850
77631
51651
18520
3079
61687
9206
95868
43367
59831
89626
80702
90004
92180
88429
58142
42334
63869
74596
17142
20972
32439
31354
61258
5730
68638
30631
29840
88810
11381
2058
99607
45157
56244
43242
4213
6921
