39949
71353
66116
4297
41427
12915
6541
79534
29014
24952
37282
51296
47845
94819
32482
29396
54611
26619
31211
854
41381
63176
92887
48275
91738
39670
25364
61010
91824
6939
380
75713
70813
36938
15666
53166
34544
30578
59093
58848
4327
83859
84773
19232
12569
60611
1406
97871
35332
57782
8060
14591
24109
44697
92244
91760
81580
22233
72326
89124
29357
27810
82259
74108
97629
61696
12129
58862
84141
70658
49036
49897
69362
14214
59509
49623
79316
58255
49149
4825
46479
79208
12373
64695
96928
31032
90364
73768
31324
4002
91940
9069
7499
89868
45504
94518
47591
77289
11006
49601
79506
71854
24800
32421
94041
85258
9652
63980
77183
27772
49256
37687
84356
65480
3661
68044
78927
93506
33778
94724
39319
5658
50556
45926
92302
94028
82508
38800
46524
19562
97000
43785
74834
26560
48315
61222
2813
87025
65204
50096
48323
880
75570
34205
51375
23584
1619
61470
70515
84939
41988
55756
19295
85532
94535
23893
59005
14505
76149
86723
20987
53828
3417
99627
16866
82783
86200
50204
96944
8501
15897
73547
57162
67179
2618
96929
15407
3459
79478
28873
57149
424
77023
85113
8914
77276
36483
74944
458
72843
8814
85680
61257
6418
6422
25731
17818
65483
90479
53244
87396
22032
69125
3162
45184
87599
87423
90481
68667
60534
60941
64350
64981
6522
11093
36377
87953
77159
60837
17581
91444
50555
66391
16967
13181
13787
73816
44021
55942
84867
85989
96371
78630
52591
40097
56888
3693
64338
58930
26514
83328
41673
77939
47451
51164
91143
73785
89896
14690
77706
21921
19569
4840
46413
15746
26825
48287
52596
31479
95596
74572
96801
86888
60236
37003
95763
69553
87847
79930
22900
46099
5884
6385
65011
46783
13873
55630
61208
97912
34824
94697
68806
54535
83751
61982
24791
47594
70955
15814
72221
17134
95791
14812
64234
95282
65096
34360
66794
58888
36983
65422
59131
79589
31295
48997
80507
81652
87382
88880
43660
85801
72099
40226
28333
70392
30828
48870
50677
79222
75850
77366
61562
98531
16279
23258
45963
18953
4732
10520
80169
26234
8072
91361
49803
33315
55809
83941
75751
16134
19491
50008
64344
14672
75672
11672
74528
55081
76713
75393
24793
27633
48440
31323
88899
4925
27904
82198
10002
32155
72760
62704
72983
28410
5192
42066
84069
51553
69517
17381
67581
96737
94857
62580
49010
30428
30858
43179
43449
23323
55513
90381
22501
6982
17794
78411
88544
36277
71941
64352
33238
62922
66084
16239
14908
24419
73208
20663
52853
77450
87092
77233
25817
38062
97781
48286
16020
59253
30246
74788
21654
16717
18016
75892
28971
10841
57737
84514
60305
66937
56558
43994
1059
32021
74405
85331
36295
89871
94532
57591
48959
99358
84433
84984
7272
41454
42685
63224
90797
86530
64874
94998
63245
73734
10339
60121
39408
26718
9721
16455
87729
39488
27746
39559
83983
41847
27053
45842
32459
65917
91183
10026
9006
90432
43310
64875
46101
4150
77020
18445
60219
20700
6576
81121
35609
67577
4541
96086
24655
49878
77533
91991
48911
59076
84365
46182
54750
24439
80192
33631
25832
26145
75579
13163
53339
70234
49489
60374
625
68270
70400
41344
42535
2173
52395
75056
99486
35688
29863
75919
84308
35729
34869
13914
7923
93960
8842
2051
39301
19125
63804
98131
77727
62121
34137
81558
25291
45719
36492
76617
19695
15039
184
14000
68757
9307
66183
71526
83936
80604
54482
80124
81586
84083
14893
28067
20398
99964
82269
76838
32168
48459
58760
42069
27544
69294
40198
65903
83121
10167
13205
11686
42592
93932
65469
4927
24728
39265
60039
48423
51855
6975
84283
12126
54007
37525
90062
21152
50378
24560
39570
43821
42381
37203
54556
21322
426
23314
16180
30215
44786
92937
32855
51038
81656
92956
91196
22233
18886
86981
32763
74661
37289
520
64251
10927
98403
58304
32260
87348
38680
30026
36202
50453
50204
8135
81819
44633
33973
61904
89808
6500
94470
86769
6638
54673
6649
32747
74801
68877
10092
6747
57868
75772
46855
14203
51274
24889
44211
17494
9773
34048
82891
99949
96750
11195
97022
23242
60
22343
21687
38151
82983
13985
63912
44297
52345
8831
50197
67450
5454
79610
44229
57164
33174
87092
11259
69309
95936
44011
35365
15971
25133
28618
88358
25829
56984
51389
47141
95790
1617
18413
67881
44636
78287
8827
43089
56505
91311
99486
41877
72342
15280
57573
84777
80298
12964
87423
48918
95293
62056
71933
22340
74164
7805
92261
43149
23289
96696
39849
77680
23368
22307
11226
76664
15224
84296
89860
13454
85251
37112
20976
74768
76402
79640
35434
66032
14799
38037
14439
37257
897
98446
11022
28364
67271
47425
90882
92180
52006
75661
76164
24847
76086
15860
37292
22074
54027
42133
20164
750
15822
21272
93141
4002
14166
59012
39580
5631
19943
6769
81171
66335
84752
39679
91992
40269
57127
81038
65955
67305
68233
51250
52855
47709
81821
38968
71272
9713
90575
71102
19252
60733
24461
78625
16335
32414
86780
50540
59909
87560
42854
79518
13341
54571
40917
35798
90945
83790
75592
16221
41073
25086
19600
94284
14901
73368
85804
3335
12466
12895
24994
8079
67815
41242
18009
28539
13415
47095
52776
69943
22391
30910
37988
23991
71192
32861
93752
1622
95325
16435
19340
95228
96309
33004
51713
22827
51520
62471
10706
82541
31811
20723
1315
18277
41044
32362
99297
33180
20831
31686
70373
55563
57805
5159
58745
62140
50446
3885
40756
17645
81144
95911
25940
85435
83163
86654
86597
77339
98474
70158
64684
83859
92548
55917
92843
51792
61574
39635
6791
70659
91856
65433
63806
17576
9836
5206
58828
85235
44308
23394
38288
90198
6785
2683
31602
28661
91614
4692
48546
9574
2448
90168
88240
98872
78427
93676
64625
18959
37180
60549
18032
45176
36243
23967
56658
45398
37925
8485
57262
97641
87350
69711
77675
87938
27181
77795
23316
63622
56938
98626
94886
98755
93006
93495
30663
76144
72209
41821
91661
24286
28775
72818
86189
13553
72265
22186
67016
75571
24999
49982
84949
25128
87900
82125
21812
60218
71996
85317
55900
67630
2798
62667
96678
5208
35940
23678
85291
30442
46175
59849
85255
30276
10365
68297
80504
78917
48132
75867
30837
9277
10571
95089
55887
89351
75838
77749
24522
88404
10601
85302
25057
41780
32696
40955
92683
61287
94361
7475
45375
897
