19400
86359
27597
15656
82918
45436
14207
14431
1048
82945
73105
10280
64682
67183
25948
10267
29899
43250
60104
9298
81106
7705
77467
90270
25836
90761
53720
55744
94267
14478
63433
53675
47252
66467
66487
11243
68921
66857
31451
60999
49506
2817
55176
8874
85206
92077
59071
10142
17335
46579
44736
90298
7252
59081
45116
70889
34816
75195
25654
79879
15296
87829
62740
70203
20915
54921
34871
7642
71682
25851
35353
86699
35809
40224
27149
35991
8052
23998
67826
68412
43895
90151
40998
77803
77905
11129
7402
67007
59862
59316
14190
64031
41132
57241
49534
95390
89394
32375
41085
64206
76262
132
25517
97066
66526
8983
70644
55589
99711
68133
26462
21171
7996
1251
61301
95755
26723
72555
96206
89773
51488
43115
37994
30584
58317
438
13835
16060
17327
51597
77979
76692
23426
68818
79851
60166
84957
17878
17488
34365
74986
58335
53410
11809
80061
89017
28718
40671
70118
64807
62162
84359
89255
50014
5719
12670
29076
13351
2920
93539
81916
69893
56065
17254
34219
47655
25863
10399
16161
41161
98887
64546
13923
71433
18261
51187
43989
17624
23639
59768
15328
90681
1224
52751
69484
34065
53635
55465
57183
46838
54717
47996
71007
32793
4261
37154
24068
83406
93571
75928
10994
84481
8149
28184
58004
35000
76429
59145
25372
55615
39243
47596
54397
64976
9657
20918
10316
92114
21208
39243
79715
72389
95521
58425
56701
83878
39430
9801
42141
46106
62154
97293
87711
17849
15887
88926
32511
8567
91158
81413
10882
32448
76370
49611
68875
31686
77449
91917
6272
22128
65759
20950
75597
59140
56757
63667
95014
23128
23424
2144
64925
11043
84295
10061
28228
47966
3633
84119
93296
29821
24761
53320
54095
68073
98483
77374
37667
79734
37752
79269
18451
64826
73471
26945
55888
62342
63085
36588
38847
64272
24580
22179
37996
43484
59186
14986
75012
43281
47919
35559
74139
99653
57039
70787
33168
62341
20621
59850
90037
52674
5568
34150
9049
95823
22814
71232
12160
62673
65525
14467
63707
11817
50491
76798
77333
37571
35611
40629
24286
84699
73531
24663
76358
49614
27943
22754
35664
64623
5258
1456
40669
21961
76668
89344
86241
48692
42233
94822
93058
35538
61527
15124
21657
6508
4774
57802
30403
11560
50184
72821
5586
70357
5729
49892
73487
23760
35385
18484
32144
81091
83159
78688
62127
83698
57391
51348
90896
63161
41933
25957
16668
81792
74432
74254
70308
29102
75699
13256
72219
62970
91916
44637
79592
75191
6717
47521
65811
69394
39404
15351
76517
99820
84903
99282
93758
40610
67206
24039
36132
54715
38738
89475
15111
8748
69336
68407
527
30452
95080
35338
52606
59223
5985
92036
2358
55398
14035
98454
55383
78900
28147
70765
34774
64280
31266
67002
9561
3843
99691
90577
51947
32159
65309
591
89749
57571
22029
9240
73672
48773
4800
73533
16740
17941
51551
8504
52384
32528
40202
6032
45047
36951
51085
37444
80177
66500
42826
80585
2659
98999
14666
62396
45511
22351
40549
8026
91534
1031
9460
59546
47986
47471
3222
38391
77604
87195
31216
42673
58969
71854
15090
37817
12271
19832
61840
63636
3133
9923
96001
47283
31423
25371
68271
64867
78313
17716
86755
70626
31290
76839
22076
77884
16297
20197
31563
65827
88095
16224
96175
10530
85972
72528
64268
36435
85553
5935
7256
64978
33034
29289
98797
18795
50681
21566
70333
95289
82602
33094
27784
21913
29319
86574
63748
50391
5437
95261
82737
27913
41873
49417
62115
18166
77703
36601
35841
19074
37451
63076
22576
18142
20610
55549
37560
62766
19561
65737
32432
84106
32109
28743
39937
97862
30941
20788
82937
49647
5767
89959
88115
28423
23623
17845
19655
86314
58393
43296
49214
13147
65392
85254
46386
69163
28065
40004
89363
35665
88010
9387
59819
28701
3320
81680
66482
91149
10975
95793
67574
98508
10933
94153
97488
75276
93018
18791
37878
95889
86446
18648
36697
14345
22356
78586
57321
29678
46689
78971
64524
48563
21096
18005
67208
91230
66622
29866
19524
4083
99718
81211
28885
77160
64236
34307
80979
71726
4730
3481
79448
23096
80086
30213
53413
58027
57518
69941
48202
10878
36123
45814
45040
35342
96375
77868
40853
37240
35831
96099
40097
18467
78704
84671
60722
29163
64128
19245
56147
73683
24663
21441
30296
26765
33258
69860
27945
26583
63595
88267
46268
48748
90395
58641
83613
82917
28690
64564
70959
44601
12108
30391
77888
25677
10007
14039
51039
43241
28257
14924
19017
55065
33066
45397
49969
91055
97312
80660
49570
58303
46137
58091
4578
46444
62612
14035
62761
12270
47408
81538
84625
11384
85489
70767
29243
30146
29689
30449
47980
51835
21876
82877
85643
48749
44141
2244
16043
26977
43940
99907
72227
39989
14844
99727
7214
92668
95729
31821
95513
34129
10901
10229
30542
57818
25240
86754
18203
3097
86751
83235
85866
16788
17341
4204
10882
59650
29952
70788
22931
16528
82672
56374
5153
52011
70641
51625
82506
72914
91190
97724
84232
54243
55208
30195
97
98311
62995
2162
81874
81590
54153
37201
71295
70764
53419
29931
77981
98184
80030
66797
59377
40993
56257
73494
12926
75520
22159
81919
74620
99776
43519
75256
10603
11327
2360
16871
81044
68877
40003
76265
85162
27210
68947
24909
41921
1864
74526
32090
19188
58101
48379
24955
16843
80963
94241
50930
79509
37996
65620
97559
51946
25051
90080
86561
16453
7233
91333
10717
31787
95124
99073
1714
51948
42327
25846
26420
22501
31084
78713
90586
51383
79840
9278
12811
86687
73150
49449
49829
40516
89469
14531
9687
44428
12209
98144
50509
38461
91970
87660
33046
54113
43677
79307
19300
25150
81505
54442
49134
77978
61919
73591
19837
56693
76638
2464
6788
69081
1937
467
36938
59681
408
26098
24554
21006
54553
5252
97369
1681
69238
66056
69647
40115
86521
24874
73821
10600
26374
90988
35048
81217
60230
32135
15427
2813
47859
27875
73687
67863
69333
84589
86474
78704
29053
13218
99949
21100
81679
92201
1069
40768
96458
35703
21142
65914
18983
31220
96684
55172
16325
56540
4360
11200
2735
87007
81461
64493
19436
97793
73229
81762
82728
27109
93379
69683
22469
8988
16569
97901
83892
12387
5141
12763
47435
99229
13050
746
54392
6175
97735
78579
64245
67469
39647
73843
63197
88644
3427
36898
88356
83896
20241
91704
4402
