18256
12109
25520
19368
96882
48063
7823
68749
54766
22626
70766
53449
70287
41122
50586
38296
81935
27568
39067
57443
50673
6625
89814
89140
68663
70552
22917
27644
2659
75579
22283
47383
71353
57589
23212
68245
78380
85337
83870
37943
51782
61189
87082
27980
51503
27439
10229
51987
26524
31993
2156
72629
38472
50784
5490
13518
61485
20670
97547
51660
19956
67391
1872
30883
27196
91882
53114
40842
79779
6436
67577
37223
87490
65485
36869
74838
10583
82797
11837
56769
31398
33309
85459
92716
29173
89105
4532
29982
12455
8004
93498
90397
12835
50881
54009
30785
49198
56562
23452
98532
18833
68703
35930
47558
41702
40112
9486
38025
98322
349
69917
83318
43423
59470
80652
49593
19958
21344
75359
46137
9956
13644
83081
241
67037
40921
69082
55967
10460
4770
50155
95829
54339
97971
5736
96964
86485
7882
23942
51049
804
38823
54899
77482
2306
83512
13619
57960
34321
80280
86524
43975
26117
66993
83127
81823
13888
94249
49773
17577
40930
36367
9515
3134
54581
50969
82115
64436
71525
71349
37735
41871
61688
28948
19334
9982
56437
45764
7338
23292
89561
35889
20038
27717
68791
75005
25565
45423
34876
97326
33325
1834
60414
9997
8870
84180
2007
90049
60825
99084
22484
80812
67609
49134
3143
22143
31967
86668
86348
3347
45359
83715
98177
3989
55791
56849
58263
12359
33107
70896
44541
30669
29148
86122
26110
15999
65486
10562
33388
59649
75355
99662
41523
46771
33485
96410
8650
22375
73782
72405
91096
21737
38366
98795
99410
75890
23302
20528
759
23581
66539
88012
71943
9467
46733
85666
23724
6234
66718
76876
89138
46428
18179
14505
57736
51443
71768
470
15755
20700
54665
79598
56376
21791
43800
5963
42941
99516
7478
62552
96557
29881
93383
17809
36512
98283
78662
8305
30368
78747
38712
31276
7102
32384
90178
98357
22121
47891
6007
97239
99047
22071
63747
32847
78690
52093
19918
31420
73552
30193
66300
36925
38757
6197
99443
89021
30405
63155
84196
51510
46502
33672
27589
78136
76551
77578
34868
20233
95859
73682
99290
46710
96650
68754
2512
25045
29461
3448
68517
53856
83961
33379
12587
37681
72958
53932
85900
32217
16783
77436
85047
6136
67547
41855
2668
43608
7501
98822
35702
87959
66999
64957
86612
13869
43855
76619
3635
41282
15456
73020
16418
27710
61162
63993
22335
13733
7780
80517
6814
63348
33179
37872
33706
61673
75025
90555
30344
74449
14054
90678
9401
61823
16368
63495
32955
93620
1296
3875
26269
93065
33581
46734
51706
69190
89077
66077
90153
36313
69463
51922
43196
88370
63802
98870
27278
62766
38506
36456
78496
49593
53066
49420
644
57998
17708
28721
51611
49604
95632
7609
38298
61600
34514
13571
19397
876
73182
13845
71203
207
25292
57195
67733
77885
27618
65677
83809
20166
46608
17401
69925
88917
76760
81940
36968
623
40126
28305
76136
32384
47844
15332
52712
2388
17922
51895
79653
92872
43072
63328
57824
48952
17354
90432
56435
54885
73485
37968
73259
6727
28447
87352
97068
12930
56015
25730
52479
61589
68583
9110
60285
41301
19592
34292
84873
72546
8790
32571
44343
31996
63896
50525
35080
20544
79930
67521
30152
99073
80384
28864
1498
27420
81805
99992
46911
31501
78567
48064
17780
97059
91513
52053
5475
68409
85651
70425
45315
24669
23704
78655
73251
61341
31030
38048
92382
3958
12189
11022
33287
81187
78960
64073
94347
39922
59677
43129
35696
95357
64153
26438
88076
85748
58921
60715
4842
36106
99727
77132
80735
5224
75488
54659
60139
69994
8894
79057
40637
47789
51035
44092
75362
62820
59077
30542
79902
50456
12333
4106
86944
26290
90069
32876
2784
44974
61623
26948
52621
70967
95591
76095
12658
6709
68012
97756
2645
38449
14354
92506
88399
65132
41127
56272
81907
83772
36427
28126
4155
62103
93509
21175
13642
89746
65911
86539
66356
59811
86738
59497
8960
88793
94229
55620
75521
77096
13221
50752
41980
66362
60634
23730
30357
53764
32408
40397
9194
15561
4201
34563
70521
43492
57627
72868
93570
54996
58885
14468
19057
50468
42952
62530
90996
20948
71987
8740
72513
18819
76920
15424
21791
64297
99371
73691
81762
84062
69997
66702
48108
85004
21576
33850
75688
88313
76350
8387
81858
52997
3386
83647
69446
38300
13097
94247
91186
45571
88787
73435
43875
48223
25337
60975
93489
29742
8089
92558
36452
28116
59734
54569
26635
16251
69418
42057
48289
74120
52896
64753
2858
64626
16156
57044
98485
81561
33483
33459
71754
93060
12515
35519
98270
40033
298
627
7748
97826
96238
35617
4747
58270
48444
53779
5917
19530
31254
16127
6674
95235
55419
40941
5289
58266
79596
63737
20829
76587
53887
68689
97070
21146
23130
96073
73639
65969
86734
43279
98194
40044
20168
59435
27019
97340
35046
33899
77161
93217
63626
75462
97105
78540
19557
49131
15062
84159
78193
62973
90395
25547
53877
53460
82716
42167
36158
58374
96045
48002
66681
60483
73439
92045
87425
95295
31902
87403
63481
8773
7844
91863
42286
24578
76936
97630
91208
18727
46479
84877
93579
77345
7228
56383
90860
64955
60240
15778
73171
42443
25565
93680
52600
266
83255
14001
62321
37943
29413
91835
2625
33710
8031
20684
45901
49417
7717
6127
38472
15849
26343
13056
53610
89402
52016
64777
60929
46154
19355
62954
79
57386
14484
20415
58705
75453
92619
96336
90248
61436
13447
57551
56358
27918
97163
42703
1216
53797
99756
38749
23390
91266
60100
20616
74642
94464
79625
3083
90120
38550
27612
67073
71796
82455
13198
63843
94279
53373
60537
52120
17760
22014
57463
4542
18853
96763
45580
40896
32320
9420
51940
83932
30427
75308
8749
41756
66883
40499
55183
35745
63242
16530
43970
54860
7102
37062
50326
61263
67158
20654
85639
5873
89399
26761
57127
81312
2811
51221
90926
14091
41979
93065
92136
45996
4302
86917
24220
51495
8477
31138
33734
3869
91957
81767
61770
29680
12268
17704
20281
88083
7265
93352
56618
50316
57548
57073
53209
42333
37551
85982
558
42510
30712
96454
83221
23431
36401
20549
82210
85450
14932
90651
53986
74082
36378
29001
43902
29317
91918
21846
65612
97703
56930
9605
61127
72110
87233
1577
47933
72617
8885
31426
68065
4198
43638
59387
29407
24484
15171
29305
49567
58142
73128
99249
85658
73413
