30875
75540
83777
11749
3219
50194
94100
63024
29686
28860
27928
68119
24159
58281
50332
41938
28365
99749
38731
70811
87798
6877
23332
90736
39315
75561
51014
51277
68307
80706
75345
92317
22449
30864
73052
47474
71807
45232
94969
43412
96873
23911
3568
9625
212
89142
14668
83161
91668
90780
89103
47730
88940
40646
39681
40394
72165
40638
64395
77940
18508
513
58535
35524
7464
48030
13743
95397
90619
72007
61111
1825
24744
88936
17652
22291
13459
94710
85423
59253
59804
43019
80655
80255
7164
17557
45141
32918
98070
82198
78250
69419
31602
75258
9757
3415
27369
23062
818
90589
35954
13871
94779
6847
30088
83874
63804
17202
66611
99869
8857
7182
19685
98617
78309
59492
22587
78046
44770
58727
42826
46819
14998
20416
56534
28129
60727
7319
84358
7311
64733
99960
79594
55883
85883
97606
27729
27244
92006
3028
23683
20757
45738
13563
61206
50742
56285
57267
69801
81657
80106
22844
15477
21527
64108
37444
54775
21022
12931
27251
28061
39702
47766
75643
93984
45564
73626
23211
83754
81601
48173
52149
45936
52136
20922
8380
76029
22427
78372
95077
42752
78416
4310
76476
96203
74295
39839
38928
9842
98397
39132
65334
47774
27269
99747
57540
56046
25687
98997
59226
99726
72829
93058
22987
45725
54713
38288
66592
46386
71225
56153
40860
65236
57275
54748
76488
46938
87037
42371
88734
65099
63715
94754
587
42148
15416
73497
53325
47888
6850
51946
60813
78523
95643
76163
54206
36707
44186
8733
13034
49029
76795
84039
688
41028
80773
18003
43435
54111
65940
59818
365
40686
21718
55673
34386
49533
80001
65473
80915
46808
6080
95615
71495
6175
39244
90262
52092
53377
882
90784
82323
51085
28885
66483
92291
24057
66130
48665
4151
93851
38765
13397
54727
18641
60908
43286
8
82529
83784
21334
3618
83808
80550
20697
23661
43861
22909
14406
24176
29389
73542
1640
22880
76134
88079
94554
36924
34794
91743
50103
17619
64568
49550
31914
42492
94233
12573
38489
67043
60823
34545
77348
61774
82582
12008
41303
87867
12786
17244
88202
78299
43098
36150
48458
98802
73441
78420
31510
95700
71590
41045
29309
82847
29760
43450
65566
86607
38443
74775
79837
82224
79030
89458
80496
98609
8722
56788
77384
45541
29209
45637
99852
84559
84901
78650
93364
44532
18764
17495
72106
93782
62061
85496
89070
42165
10377
17007
920
74887
90834
5789
8618
71855
11773
65083
87474
39575
98837
75389
59968
32694
8293
16057
10429
37635
79592
55480
31303
27519
55527
3337
73995
71144
79975
94109
12623
7052
41224
87747
384
36941
88154
98482
42235
79321
98556
51054
83246
13369
81062
85775
59282
85045
35284
8074
3670
92387
47468
80873
64324
48107
68135
27255
34305
88132
38124
46873
78700
96391
35724
22025
11667
2160
93859
39281
21353
2189
88593
66706
38589
11771
67329
24507
71480
82207
53355
42014
35578
74747
4724
60977
71722
58058
22816
42524
43117
4566
92549
48925
40742
15655
43856
15834
79459
6312
75205
26878
60032
48454
58687
99501
61064
292
58041
75925
49686
86163
3884
89361
52681
12148
87874
55544
76935
36123
14778
27690
99673
47848
13183
22523
71038
34414
72956
26868
49792
78768
41048
47190
77067
47775
70530
20988
63489
60690
96609
8073
90856
53639
76419
81184
17223
17887
54508
78519
86021
14473
49099
50943
73840
88188
88001
33008
78386
3752
57012
2733
68645
84542
23344
65187
55669
16308
2548
1412
22245
93277
29533
46415
10087
86249
18024
3556
81778
99983
33925
47899
76855
92861
50298
76486
14376
43822
61517
26935
92262
34200
78762
34257
25517
73724
45363
83201
86567
55460
26272
26807
62477
46993
74330
67098
91094
94523
35203
77629
90795
11145
31817
95996
70860
96400
62070
92634
69304
65276
357
14811
73553
67616
11609
82560
86811
90245
92407
89230
11457
15727
94485
30210
30625
62031
79968
42704
87622
20951
27324
26482
12290
34859
30819
21814
36109
10688
82510
57957
1633
87709
60990
99412
99884
12883
18947
64183
65959
63591
78866
54560
31456
32203
97738
66833
63611
99545
80778
84657
5366
67197
94982
8991
25164
88483
22567
22634
96517
6621
66518
18575
23731
7102
40009
36953
68035
38502
86352
93888
31356
41689
14709
79132
64332
67490
73634
12858
54446
33478
76826
46303
62366
14603
99469
4508
38131
18512
87637
44658
81548
77491
2236
1948
92184
82838
24429
67006
38622
21505
17448
36044
12780
65348
5730
92603
16306
70671
85653
29249
82159
12541
31269
64806
64513
88601
36146
27475
33744
4577
29382
7770
44748
96844
87500
61997
75232
22357
43529
92696
83771
11912
65276
29260
29225
32235
45538
68231
15102
30493
53544
65646
21404
99623
21267
6145
10709
82336
43867
20442
80374
90293
63768
80776
54848
72488
48237
37717
52959
23028
10661
12113
50512
59204
1140
83084
7018
54666
21513
5710
67392
17945
13864
17396
35105
1293
59908
86039
49479
56716
37288
94246
83456
83380
44283
87533
27930
50971
19971
75372
16761
15240
99138
91241
32144
94864
43608
5745
82967
13162
13746
31434
35503
33593
79396
49412
71011
90268
76018
42759
3547
77320
17379
73849
10830
69028
37396
66681
76737
77789
33631
46658
35596
87635
94566
76540
36439
96376
77831
57564
18455
46112
38633
61106
19232
86339
7218
37860
64160
32861
40192
16457
88984
14125
58690
47281
53992
30269
74581
33703
76914
249
34457
50368
42673
13225
37160
39461
33895
39999
55135
90934
47593
63569
40562
67740
8942
38327
96895
41708
20979
41560
17647
92185
67059
99118
66953
70011
87339
51630
39059
49665
41682
2252
73435
80004
30060
3263
32769
31226
10776
62346
73152
38502
20350
10020
31143
78113
12835
29336
57261
92132
79871
80931
65438
44596
34162
69067
28678
80642
28136
63921
63556
63402
17368
98095
57842
96707
15989
47455
32947
19872
21395
33737
15151
21518
41595
99950
197
93924
26682
69083
88789
27600
36052
99257
12838
24385
37746
62234
18016
23650
30092
59679
19168
5711
58268
38997
9023
78539
63310
45291
28382
62588
6462
88447
6811
56309
30961
21129
30768
78088
79185
73014
87038
82184
72815
64168
59776
27491
29638
48867
20880
12711
85
69597
44758
69396
24798
83907
60299
47934
46712
89442
71575
23492
54403
29671
20856
11484
69134
79118
36851
48439
13120
95324
7988
72978
68593
45439
66506
73915
92515
90319
