28888
42701
87838
86841
78958
47423
85222
31977
68185
18157
86149
73552
99224
2294
37317
403
45179
53409
86978
15441
18673
91114
74222
79955
56905
44741
3925
71992
19300
53246
77400
47019
71369
88678
19217
56905
86628
34871
12255
72171
50127
75093
49585
45183
53337
82622
9543
28395
1958
73636
63168
55831
12879
88082
89873
19100
24942
69273
41117
74909
44152
98360
15754
33022
25172
35003
52255
70972
19524
31537
77020
40730
66720
35639
82057
5317
3861
21528
62708
98610
29326
129
854
87519
67358
56918
78695
51207
51025
8206
7229
15308
50750
66048
26485
9838
10645
87598
25341
80202
43889
3341
6281
8680
49178
69182
7339
80225
84973
36602
10500
38409
82558
79500
9590
96696
42126
7121
59394
53450
23225
82515
68395
25677
76345
58107
84158
53889
82180
18829
6593
95680
48282
28903
83559
36674
35406
2205
64916
57757
58025
78491
36897
51215
21275
7627
93627
58855
18315
95162
52851
53956
88001
17044
78160
17983
45161
2551
72806
12068
97762
64500
95026
81972
62147
50394
6252
21099
74111
91657
78879
8755
34544
2980
52073
68680
88426
69932
34446
8803
25595
26010
26564
59490
30424
11690
17389
41183
46908
93706
22446
26558
45186
52601
14250
61236
71394
10375
60851
1395
26859
21532
88872
13325
10302
79027
21415
61
49786
14762
28688
98349
55300
31192
67279
87771
41649
17349
61307
64979
71581
75162
45216
49281
15895
24955
28607
58654
9744
87540
71459
38893
40252
34682
77668
6447
95157
22112
75866
42340
6264
18462
51851
38538
66882
5637
12389
56513
36097
37325
6934
31000
59211
26856
89398
32785
13319
52214
61657
70017
14193
18583
60714
97114
65492
87462
67292
22324
24465
9854
1837
21166
83764
12094
64432
77201
70287
23907
13414
82349
25348
34223
68083
55033
22495
75042
71582
44583
96279
64397
95844
90018
79495
57401
30654
99337
55840
30361
70695
31855
15072
67542
23229
71240
89330
41739
53534
3822
44365
30004
75029
98340
58936
96835
3004
64596
92120
77151
71382
94265
83448
56190
52794
89227
15597
59451
62695
91766
8008
52778
65073
30927
53096
67932
19208
2027
47853
296
49299
70861
18826
11057
86365
22406
23652
29349
82468
45784
42978
88328
20869
11297
51559
88965
86450
47978
1945
43916
70658
58627
13750
90014
34723
53076
74637
19706
96009
9551
68530
85368
22835
9536
74793
18186
42912
74432
52158
59864
98955
77880
5169
73077
77416
70027
89374
35196
30831
56356
81716
79818
71023
37855
71661
2119
20754
16630
4953
43370
4445
79321
90675
95635
30121
86811
71079
56774
94266
78411
93946
90625
32870
66501
38256
84984
17038
39078
79377
44266
96394
79919
67136
72554
82512
8654
84840
11012
37168
45454
59227
82060
71525
66524
60016
98458
4693
91132
85831
57856
12015
46785
23468
30839
71300
52646
58666
51184
62601
25689
70684
86079
24480
3437
80686
59246
36032
49867
10223
80482
8321
94295
82290
86992
60478
64868
80011
69757
64550
50394
71038
19650
81742
75314
57209
66297
65173
94181
20174
16973
41959
67649
75603
25711
64738
98274
5005
84320
69749
41715
89334
68733
86
52245
84352
24411
89436
81947
31128
48324
6799
91161
35302
3919
86976
47233
99034
51139
49931
95380
81205
43500
89865
59853
74606
5023
4016
88213
16362
22010
36648
71011
23057
97842
44910
49091
35170
32927
23928
68628
51535
60384
77804
51652
25705
18397
46272
80136
38557
24339
83664
32326
83093
17446
89592
69823
96910
75505
35292
51300
29124
25503
71590
75052
13514
44589
53072
21552
34175
10435
89715
89199
42976
24459
69867
99812
44288
94690
63348
23318
45004
50998
21979
75425
22526
52908
77218
29053
91043
29134
45001
69435
79684
89973
48504
13399
29302
66124
13922
73392
93142
51278
48396
47947
3364
84650
64178
68018
34453
50631
73228
42517
2049
79939
42001
99089
63933
89143
37658
34303
29388
997
25449
40190
82330
81682
15726
88530
67150
75624
9767
14837
63075
78513
63472
21603
6146
26103
68360
92365
43728
76281
30936
35276
4941
11274
47740
27550
51712
40316
11562
42631
38490
59465
14094
42831
42961
26516
14054
28390
95543
22743
47987
81184
28111
54983
62372
95400
68751
12764
31215
55870
58633
41592
6003
2105
81366
34833
19620
91374
84321
14301
37157
11422
4613
46382
23243
59852
50192
80704
69365
15993
91237
77560
68646
61983
73596
7883
79308
96011
17254
99322
62655
882
35610
47316
17010
30804
67405
69047
73113
45655
52717
21338
17938
43371
73061
56119
54537
7651
42527
76490
66381
54463
98867
58954
70637
57961
36640
39145
21967
18117
64581
92551
44288
66875
44209
97099
87729
36650
70956
82861
44504
96062
77113
55308
47673
41593
93412
80433
37754
23302
65803
16895
39917
80529
15553
10877
90857
56113
43555
3329
17843
821
5165
5620
20440
40219
48825
83777
30091
76852
84849
30421
9536
30989
17188
84234
15170
42727
41600
9076
27309
731
42465
44556
62984
4429
68392
26751
83024
82970
55796
72817
96752
23875
89391
13156
37213
39750
37273
68133
68786
80860
50210
50571
76866
81260
93945
64308
18884
65482
90487
29110
55453
58852
83536
57812
94289
38361
84299
54170
19623
97898
835
17005
48011
67544
96830
92234
21982
48344
37738
27414
9122
68922
28632
22659
92743
71220
13876
96607
17528
24960
8247
16554
26239
79506
18772
84561
929
82171
39960
81798
12138
7732
49435
96770
1064
11777
68104
32080
54444
34393
64165
20992
26734
94051
72450
60711
45221
3176
69798
21635
61822
52957
67985
92559
11416
87184
59773
23193
23681
45887
62925
60852
42055
34124
97889
47604
73668
82279
34817
63418
17783
49665
20285
74871
4286
42656
18671
81083
11828
66969
87790
97243
59451
50124
86204
72588
31601
95625
13403
51446
6960
72008
23810
94148
57611
15851
84597
61443
23010
8300
59922
90110
28190
25995
58052
94005
95461
28479
73989
85905
76357
24399
3837
42707
23828
22616
20342
75583
74302
80585
28063
97124
53994
22439
13214
96051
55981
42855
86147
76701
9878
83933
39741
30969
72501
72176
18858
30993
21832
42612
85632
47670
92075
32050
75708
70801
26633
41970
72869
40379
34968
54772
16012
64108
95000
84490
60690
96616
97474
64632
28688
21177
51523
37991
32393
2564
74848
43598
34215
33279
75709
65290
80113
93781
95032
15268
23654
58567
79117
76319
57514
353
24484
74848
22850
57691
9160
21246
