61510
85911
433
64962
62848
49147
804
94794
73216
72297
38999
74232
37035
86327
75743
79879
80211
52364
25929
45417
59778
49531
66135
54546
92321
54343
16417
9266
31154
71675
1506
42645
75865
46977
9563
80071
33713
72411
36632
96974
47055
36426
98075
22455
21350
48600
76376
43623
44125
13215
25710
24764
92797
4532
97321
42914
80260
8824
46009
38555
12618
76263
54195
27286
86436
90278
46451
14384
97998
92275
13042
3397
78205
53835
65259
40452
44909
14059
88150
30199
56216
30066
52679
99132
46594
96225
79352
1287
43933
96204
3990
33006
8505
64388
31111
65094
18660
18438
31098
34186
17605
55026
92021
63815
65842
61096
5183
92979
26047
88924
22609
28375
83009
71434
14685
18341
67628
10510
57849
8275
68987
81539
85701
95091
74738
98320
30155
46309
40267
88441
58081
97220
89390
98190
41964
18223
15730
9255
21133
57834
98200
41573
76198
55459
32004
99277
65280
28503
9219
11493
40084
79473
26981
31275
13783
2117
70129
66044
52790
21231
31554
7057
56622
95946
43822
76214
34003
88255
3454
3507
30786
69803
12521
66773
2453
31911
92404
54721
39039
71715
48789
93751
12148
88803
4907
5837
16907
8877
65641
20063
39919
9936
92593
33139
3112
71300
11436
58687
5970
17658
67869
34314
55399
8216
55655
83154
72110
61681
69856
58408
84087
82882
25109
24081
99548
8419
36904
74433
79506
75228
62685
1409
27476
87129
16825
2701
36714
24604
84441
40815
87071
64957
33530
27925
94928
26861
40212
40035
17002
13694
5687
53918
47347
8696
5897
2728
38566
51787
255
8604
1572
82446
38312
14487
26120
15986
30725
44071
48024
43773
97675
59666
74872
39776
17454
6203
94471
61913
99594
19234
89737
89255
16765
89000
30412
78224
46838
55478
98963
90761
60851
17102
86106
11153
64111
49516
10061
93163
68516
78632
99419
73309
76292
72656
65119
93758
72578
59501
64371
55512
62407
96411
57404
48637
8332
28540
65550
62965
60912
86021
10022
16882
27930
79492
70392
11014
69866
75204
29257
80574
59831
84309
83344
21069
5469
36404
66412
62463
29469
5091
36034
47350
15324
76930
33150
41824
44772
96897
65706
53725
66822
11075
84568
96541
59801
94922
29275
36773
14873
70589
72814
89862
4014
65357
75857
86157
52788
40855
95410
88780
5250
32503
82101
83058
14018
45592
63500
41812
66847
43445
81241
25259
74545
13900
70692
83567
42637
31251
86728
51289
94411
18378
4322
47409
36560
40065
78768
25063
30873
76485
23947
58728
10637
88379
73865
41445
32986
4076
53816
29872
67707
41159
55113
59781
1106
18386
7150
96847
61376
83216
9792
46546
25850
60115
73260
86079
36583
24368
7232
90019
45399
47061
89449
85051
45645
94240
44116
99060
28711
88313
41892
34994
37017
99526
4721
59006
99464
67653
92827
77789
88806
54157
59774
61340
91560
65974
68896
70523
77047
21594
84456
93823
95672
17751
13875
99915
4101
97029
5073
59708
18329
89016
87305
1200
36338
2840
99104
81075
40679
64814
99591
8920
16358
22779
38673
52761
13848
90189
58143
48112
87644
64459
70441
90814
2048
36634
12423
3013
90972
40715
72346
56037
53590
63371
10725
68396
54846
33701
35838
19522
56808
16526
38319
39403
65217
7772
91188
33917
73788
71908
54320
61607
10770
15071
2055
15398
65809
60711
61106
1807
30269
31745
20583
42769
60719
6162
90825
37391
86457
38504
29378
98923
3821
60763
32018
17643
40365
49311
86430
55463
69483
74226
80422
63293
86150
33603
78738
89040
7844
98929
28022
83767
7478
34182
29830
67296
13252
60823
57975
81832
77962
97084
65564
77318
75159
18709
34226
52946
75185
21083
37176
61226
2928
37030
69127
15888
13800
89141
25120
7758
12222
67064
55838
37803
32121
17813
32436
10976
34641
46829
90354
49671
48705
12701
66861
16345
21765
60781
48131
77946
10575
62211
7454
2828
32209
35551
31724
99475
60332
35496
25928
95531
20259
46413
49983
89474
61473
38800
3714
90286
43333
27524
49800
18098
41315
11982
85119
88049
20295
26936
16184
9574
44114
33795
14316
83492
8712
14883
77578
3542
83897
18024
3640
49700
1518
64069
13430
32486
96601
52693
85147
76423
26726
6916
4332
47249
16856
23139
9882
88461
40540
34706
21490
84769
55553
57376
85720
32027
98077
98845
47912
26237
73471
34802
87789
17838
41414
55630
15719
16213
53656
14244
89840
40983
87566
81419
74826
93772
80100
40775
35408
96281
18569
54145
91984
11177
69985
36073
43182
41234
27480
57487
41515
70165
20215
52623
69464
16680
94351
84038
81903
48333
7868
69974
13955
35352
80222
76092
86103
40757
4116
23983
25101
17507
25540
45527
72766
48555
77747
30146
45589
67001
7336
90920
27035
87775
96576
82390
43681
84521
22466
66583
67879
3967
44049
3673
64991
41439
5974
65153
93857
87249
66648
11539
76797
89932
82635
59122
27764
47280
33981
38626
17238
46941
23703
36766
92242
91912
62045
64533
64050
63233
33176
37392
35845
74121
51187
34675
76979
32150
4447
40124
55986
37004
6930
6398
56985
1142
50664
74489
69740
66983
17789
51141
39014
71610
56937
16503
97219
88028
59963
47731
47843
27249
65122
60639
77817
29868
73725
46090
85405
38045
85620
49787
2713
76391
13196
18313
15897
2902
33314
3193
61314
20600
47247
33199
46430
95832
25968
79044
57025
5705
12135
99047
56904
7923
75171
80544
29171
18526
82869
97410
33145
61438
4074
57719
73881
18786
52054
17836
47261
87613
13652
92624
62512
38883
26384
16303
89868
51675
7442
28523
17262
48724
7697
85077
30296
98242
89182
90774
76611
38948
32313
88341
83182
78314
66653
69621
33903
35054
20258
60284
72983
75132
46857
20355
89874
31824
56018
11903
65455
77534
34682
74700
54283
95147
34415
44057
40147
79233
91574
98102
46445
93226
81682
46405
59824
96082
66464
15202
22715
58803
95046
25303
95113
14313
64621
93013
37736
89268
95405
86344
18839
57600
95598
13956
69349
29961
17397
19015
89493
36682
3103
21156
27955
78605
27351
51661
87250
16954
62364
50786
13417
60512
53564
35472
93126
3985
87336
36278
5300
36460
95473
51045
44087
87003
48049
13016
10587
21414
72409
49516
30331
66145
10415
16092
2086
45904
859
17808
92714
17205
69717
94170
79050
21226
4963
62499
85178
38267
89021
83419
44370
77027
46729
22244
68930
94132
17673
57981
55051
64274
63114
35771
23929
27038
81914
27551
41727
91648
