93131
38778
41900
19522
7870
26806
5291
87139
17762
62074
82664
50557
81653
34351
60717
26540
3372
67226
95768
71687
18547
39346
7430
24714
95523
47498
89549
31716
22585
94830
12002
22090
96709
37292
37452
1260
96572
92043
22659
76383
26251
57214
30613
37954
84409
2891
75482
32836
11830
23073
93920
11607
72310
5084
47409
94167
86513
21597
46345
62679
74931
41548
76415
74473
8013
92721
3528
37004
62712
79664
33146
11606
17865
85906
31021
20168
42588
39648
53299
1070
11318
72574
77902
11399
14923
26732
39663
97127
95665
30570
34340
65843
93068
48089
61996
9000
26494
28094
78752
89866
81712
56677
90690
23056
60514
56036
71679
54528
11428
24333
64694
31355
38058
16833
15202
15270
19758
3398
21683
81166
11314
91201
92767
26715
65864
10956
29333
5169
12094
38011
77603
40019
73464
4505
21334
81012
68898
78951
6651
72884
71439
84506
69245
93246
9206
75812
49788
88792
54024
39587
47247
20681
24676
15338
75010
14116
88618
75461
77345
4732
67258
20196
9189
87911
28438
25192
42066
51453
73609
95298
91252
27119
12334
57970
19872
30606
99664
56498
82056
52258
64102
7057
39374
93261
91197
9071
63473
11152
1488
85878
28529
90543
71809
73818
12091
81053
15094
66346
99973
62802
38085
4688
42082
3955
14682
31350
94658
26994
20826
3005
32639
35709
34538
77652
48219
56343
3646
64631
10042
33568
68058
62227
51229
45213
7607
93790
65003
59479
45450
98453
92191
20120
46938
92732
85593
60193
19927
29635
9863
49457
99078
97831
27390
15424
51692
3421
25670
86788
65204
84213
66038
95433
10071
12167
85502
88060
97564
7192
41348
90444
98966
57606
4061
24637
99575
75148
80223
49692
26972
7921
55644
52290
60511
2977
1792
45269
77832
79631
36823
52769
78276
52023
52064
89971
79246
32187
93810
17948
32483
28600
90443
60453
7769
3838
64639
14169
97281
89285
41718
68540
1167
3464
76022
64944
8612
35960
85979
6365
73327
55163
25940
32722
23935
28339
39092
28246
4014
98650
53245
44256
70061
64346
38425
37397
91206
71004
90898
68962
72360
25258
81665
85340
22427
31904
61358
43917
78615
95973
683
75730
64604
24446
18631
68761
42602
71007
90762
18531
89902
49000
72144
44259
97347
35960
46671
41467
14755
27732
81292
14986
75512
55160
3137
28151
40740
68077
21640
98434
30830
56147
64961
71128
73505
27026
71802
93119
64100
25619
51955
73741
83219
25233
19054
31526
69716
2228
4266
33830
91077
30853
53897
33468
57538
47723
68011
40790
54172
55194
35845
67799
56457
96739
62864
93286
34833
12880
51498
30263
64369
11579
17075
5059
52472
29883
13848
59949
43637
45247
22107
75378
57969
63018
52382
4892
15969
34099
46970
67291
39572
639
67224
13558
14537
98212
35305
33170
10417
48480
57595
23366
71310
14778
92633
40843
93237
28073
92150
49709
8971
9528
54274
70650
49966
15501
13367
40229
50687
4070
25985
49159
9979
11709
67686
79636
21809
52386
98110
98087
2902
43627
44787
44537
92967
82654
35339
49688
45959
33844
22997
97193
52198
65638
32349
49778
66396
98706
33488
30340
65514
59255
11732
34986
3579
26006
38020
88691
35743
82823
89914
41257
36807
44298
74266
46423
88417
53776
55574
3757
1163
30261
911
11303
12153
78771
54220
84349
18045
19948
65083
19640
28908
68507
49337
76946
61811
35004
90046
16477
90501
12975
85411
95261
58330
97485
27219
51194
69518
30377
70134
48189
86262
7256
76144
42578
89022
82704
59112
2815
76740
25386
33901
3851
93866
79241
75182
11146
53267
89519
47280
4345
71251
14877
9127
24770
53984
90856
34030
98779
2525
31530
36058
69166
82362
33015
73659
35653
24749
97715
62110
60739
4447
2045
90575
55047
22639
63834
74766
43349
93393
86608
75551
43960
93039
16268
39962
23756
77846
46583
33435
37367
80355
98153
50751
56066
75508
43163
38494
18113
11082
97240
98511
91318
62388
91137
91510
46364
57033
17096
62214
44931
22093
65601
1017
1571
14713
54383
97320
94169
8761
84982
58567
26830
35508
40113
60419
76017
86805
37299
91373
98470
41803
76688
24134
30702
41032
88364
15407
53648
93271
27900
72195
29879
21274
55387
36504
95982
67422
79435
63756
94167
11941
90028
89590
6054
6950
11862
58322
1673
60965
72901
13559
16443
89534
93337
81653
37208
83396
85999
44282
58783
53089
9817
96688
96789
31380
5368
35466
74224
39550
73327
36942
11779
91600
37804
22772
81988
92487
83506
32142
41076
93538
45955
19629
71018
26476
83874
27954
63360
22149
88409
70108
61850
93447
47082
53135
86303
64480
75207
72719
16344
86448
27279
6328
18157
54337
42692
49593
35904
83521
59815
93189
61913
12565
10852
44781
67850
73449
17026
95521
95545
8487
68772
61440
4918
88492
68386
77925
36385
9567
94573
266
63917
95384
75610
15837
15204
54595
15632
9971
39413
52603
33790
33369
50047
93398
85150
10712
13510
76353
66171
31604
7911
99386
75572
59963
47611
39772
22605
95874
39581
64157
27904
95902
87886
67657
71647
85398
44104
93120
24213
31612
65149
94584
87701
63289
38325
73344
88434
95422
64957
60096
621
7407
61441
73442
73468
15860
82907
19272
44648
31753
22621
43822
12427
20556
11344
98431
85171
95300
72736
4037
72169
21421
98954
21758
53239
63318
74941
76750
7918
80545
53622
87274
53198
53994
95423
2560
19452
70929
56411
47263
94231
26643
72000
28182
74855
84750
47318
60212
8281
53723
40297
52758
99351
87640
69417
17511
14211
94016
153
1819
24762
89505
97652
61917
1262
99224
98208
77822
2776
58592
6114
32240
63887
68182
7966
69171
82774
67125
98542
96099
54646
93533
92413
56970
98496
76028
29465
21525
4796
65367
98627
92577
4604
74795
67483
30747
35778
66140
35563
77840
20258
88132
91128
90645
57042
64450
94705
39908
70888
57706
53657
89669
23069
80700
53720
45563
7769
62230
37539
88238
35262
44606
51770
41506
57887
17463
55977
61721
51796
47245
88734
36200
11772
78392
66825
20993
65818
13496
58557
76806
35580
65328
62473
75681
45879
458
5290
25406
40283
43758
17351
98933
19552
7997
24367
57340
23535
52063
80145
29592
7648
28405
16385
97412
50980
86941
33514
45261
22523
48657
58105
29188
31657
1326
80189
93815
99476
4327
60483
98761
33805
99694
5141
96003
49952
29767
43911
11344
56713
67495
44936
19221
84843
19463
35621
60947
52392
97601
62736
