35532
37821
89568
33531
72002
52342
63061
18440
23668
69920
70248
29976
75061
105
39413
61450
98964
31615
30596
8665
33121
47343
36175
49542
95842
96854
91195
10970
48994
89999
63204
38327
76056
25949
19506
46872
12163
15003
34173
91316
77118
60030
68942
67772
61153
77287
41526
28005
8327
17566
90205
1059
37948
1831
76437
42236
37410
31964
57779
64953
85280
57075
55696
12421
67350
25470
6786
91537
69251
49018
65805
6764
7835
13095
94777
91320
70244
62971
31878
11243
40898
27018
76323
11051
42543
12072
8510
32791
29995
56772
63096
70106
54075
22392
82747
13617
1938
63686
71894
10174
71932
59783
12756
5943
80628
88001
53136
82689
68748
41954
55476
39478
16892
43342
99744
59526
6931
53287
84190
71817
85420
302
18716
56075
75785
86055
25943
32033
94567
9451
48797
34509
23489
92633
97393
25714
1604
52986
4357
6920
24208
25591
7109
24251
65825
56589
43941
84808
90621
43928
91145
2473
88511
42788
18102
22047
37789
97112
12528
12562
37916
20107
3580
52916
53590
62967
4807
13514
41293
9882
33567
41912
96802
77179
74238
18569
2503
12511
52665
55629
32749
26976
97018
68067
18436
16873
17785
17909
36422
4897
4130
41880
30423
76954
17104
24143
87142
23082
6186
48817
49517
18329
85855
3609
12532
86935
96884
80472
99289
6077
9900
14926
99375
27229
33558
70017
40206
27404
29312
75482
13243
25224
29862
84115
22848
47661
23795
67768
49655
15302
28139
20752
31885
96068
78343
33314
43980
53966
89034
37134
43681
16547
28388
39883
24337
65615
52394
39113
39053
79877
58028
56125
653
22710
34565
76501
67109
56368
56283
25340
35078
22790
97705
7145
95641
76460
46742
32443
57314
98351
59483
83448
87821
62070
81934
31786
36272
86753
75085
72109
83490
81932
47255
23246
81505
61853
30416
46690
53054
12074
43858
90225
23274
50286
52991
48619
43584
73757
8695
35064
63954
51130
20671
48462
32282
83832
66965
7941
81211
54599
54591
39341
13793
34944
61962
48428
28728
32665
52996
76233
91485
48611
20874
37820
57873
35494
51618
56925
94330
41653
87415
30583
44311
27313
73557
76096
91586
90362
91713
53441
16684
99863
83073
75575
72279
44445
98034
32748
20198
37964
26549
92678
98957
50890
64731
77646
19758
39035
13535
44402
62236
10722
20533
84012
59988
84524
91468
54834
25758
97642
81959
71704
29440
42465
35580
27854
86423
37568
53848
71897
43061
65564
98184
56252
32290
87656
75727
3426
54128
13274
51551
95779
70570
19283
38802
74123
61655
77364
83744
30981
80729
79747
98573
99473
71615
86151
10115
54432
12607
46464
29440
88318
65549
10919
13305
51597
67538
85955
25787
91048
60543
11585
3831
32093
3031
65157
27292
62127
17145
49748
7725
61805
90589
21765
534
12507
35897
70295
80419
55524
63174
72600
93269
2504
72868
18342
50673
95934
36058
75215
27264
15444
17278
16055
37418
52198
25751
77615
39040
57937
52018
24110
42378
84207
36435
18895
98130
75780
82947
21555
50935
92083
38868
45151
98390
53145
26885
25069
78362
14272
60295
18179
98049
76688
77154
82656
39397
1488
28211
51828
75060
34376
66274
87156
10476
87526
14397
23793
84153
54213
92081
50236
94190
38291
74339
60315
11591
81320
53740
59179
88112
3353
53962
89382
72182
29386
28633
43076
28925
78654
14541
4308
13747
51070
14082
22258
45863
74871
3610
14889
52607
94165
32362
74408
78858
35666
95864
76691
4442
99801
98875
10657
25519
29678
30360
35675
35639
28239
62422
87279
54954
63181
86087
26886
89870
35866
69925
13159
36890
5976
73840
71500
90618
34774
11615
95469
8137
9327
56907
64701
78709
28379
4942
9688
32906
71357
11947
13597
52489
1367
37084
75805
85781
93111
77374
86890
86206
10884
3266
6234
40836
86004
21175
5067
19730
69421
73640
54688
54657
15607
52980
71342
4323
98041
9484
81376
78935
5185
32303
38271
18925
15990
26290
33793
65791
97350
43140
39632
72551
34228
20439
7854
27464
41845
25885
9790
55767
8046
91143
62660
74118
87989
12605
63657
77553
13067
26924
71244
50091
7702
10465
42458
62987
12961
91999
11326
64948
15206
26645
17726
92462
12814
76411
89371
40559
2127
17742
39775
60809
87689
565
21178
68257
72830
85879
11570
37923
12061
15628
17370
69943
60212
82838
39201
41565
17920
63515
91384
9842
79636
27935
57166
62448
66857
48301
64338
49882
38610
56191
24579
79325
9405
31306
72629
10446
4917
83513
65447
39540
80566
14576
86196
49670
16006
75707
37522
22194
32703
84072
19891
15594
45660
37220
6277
9980
93060
31126
10801
43977
28547
43450
6737
53866
78226
86961
56800
86756
24320
50927
8708
53284
71811
33197
45141
44189
21918
42360
23004
99309
85982
65123
96941
40880
9838
265
18210
82969
47617
37093
63775
94459
8521
92745
61151
76514
71147
78278
92378
80424
36166
68236
68907
47041
55827
51175
79235
37006
66413
74739
78366
28955
7649
4015
48398
13890
77444
82401
91850
95745
44661
56714
59169
45596
86955
52677
27291
47923
47719
66174
38830
19090
24148
58754
83644
94950
11328
59728
20456
51081
52981
17468
99670
85644
47399
53097
48098
3394
33947
50172
1048
62445
2957
86945
5615
10880
38544
85710
35974
14580
29162
668
49555
66748
84972
55179
23598
34168
5312
91808
67103
58338
13449
675
450
83647
53983
53632
70975
78579
7733
88122
35645
99575
13146
63683
17771
70294
18445
1011
61829
53431
22086
25189
65733
94387
14592
15954
46030
86456
21147
18351
30064
18721
72380
19410
23722
22937
72885
20320
37213
1727
70262
36402
61741
42827
20388
68946
25246
46913
79430
77471
78053
38950
4188
169
35773
12094
5114
95197
98476
72646
35125
59294
79344
15182
29908
48894
13341
92345
15134
32280
45486
87427
3894
41212
25460
41771
58065
19087
21592
84297
69549
77602
17204
1004
57237
37915
15422
83828
91778
87151
47106
64144
72945
5366
78486
99507
60865
68707
31492
3829
16729
70838
2254
9541
3111
39335
13413
81535
37710
93362
43179
31797
39490
10119
80382
43637
99491
16548
99892
66918
99740
12532
85956
34425
37738
61543
72833
53739
59525
37728
96045
82420
16895
72169
4773
22976
11142
84091
66839
88361
72806
79986
29265
2959
50532
29100
99092
45136
65238
73302
84211
93110
3269
88302
29799
60904
73179
76702
15127
87509
19125
12760
29088
86594
81339
95078
94205
58279
32845
