36770
63545
2350
60827
95229
98642
82572
2495
54979
56777
6708
95335
47031
64623
80833
49829
42102
16777
61942
26961
75712
73065
32288
9254
95800
12514
20922
95887
42637
77675
65999
20816
18249
11216
67555
92579
78353
70242
58844
1115
14409
56602
20439
89583
38160
89717
33387
35210
45068
9244
51877
79731
53921
10797
28203
64024
1904
31938
34289
3879
70939
87709
36909
79387
62248
68273
42365
29458
15971
41648
93554
5817
18204
81977
59694
83378
38185
31727
73818
31960
79388
93578
15184
73737
13268
89611
97046
49824
46190
36361
41290
77551
36837
70777
3120
53770
17642
7181
75772
88016
41447
17187
96659
98811
64837
80396
43825
65597
83084
51767
7793
58880
20578
46374
7962
77999
24907
24918
83413
87262
93358
28781
2821
19456
6581
54725
71686
24340
18677
1750
42103
28137
66875
37037
44144
21198
72836
14609
27078
32803
75097
61395
67434
41523
58583
41782
19631
29286
18981
49442
49355
11249
4242
27501
72086
20379
14806
15585
68743
54116
22692
977
41884
99175
5644
88077
16804
48767
41823
8628
31752
6149
73904
99072
82507
76907
81378
51403
22610
79818
38948
23602
87230
53398
38110
84266
80319
65301
64415
2169
62251
2676
28672
38223
44273
49527
22880
9471
46658
47097
43322
17916
63571
33557
20082
14425
52352
74669
13504
76569
46759
99453
63569
46566
74357
39910
15027
86888
74449
95627
2001
32884
42304
34631
75295
6435
56987
42230
39464
94220
65124
68960
97368
19202
79814
19240
39417
7349
85902
80588
65771
68549
50739
56040
52846
9674
86477
14157
69217
58204
7536
1750
57451
35314
80331
99826
72655
79588
1663
1756
54467
11977
72143
5170
20040
4233
24855
15057
48961
48450
56617
60903
60539
41547
24331
15098
53856
25611
48162
81187
20622
82030
33635
96236
36734
39480
46578
3777
59060
56947
42358
40182
59833
69195
67124
75683
12773
41504
48683
81724
31608
81625
70169
76662
61120
64374
47524
89231
87408
15406
40294
17480
41828
94067
65553
2759
65171
97475
38768
19011
20797
14965
21165
165
25164
61476
97430
27984
54207
1595
1451
13916
39581
42212
24462
31716
23184
32015
17178
99838
81701
14309
99428
37770
17530
83580
4436
34615
98632
13184
63896
77110
27812
94181
75062
42996
28786
66983
38230
25193
1956
63368
9277
90383
66927
39820
53803
56498
1524
79514
3339
31945
93807
43303
14430
85086
35304
78298
6659
85743
27301
28628
30493
12736
32391
74605
25577
49983
96912
4670
46627
91442
62031
19433
95841
99652
6912
89087
59072
26409
11632
9318
47346
88125
99873
94063
54108
64176
54073
89608
22952
31195
65908
56026
47042
69726
17383
53093
30708
3428
12656
92754
49363
10173
66044
7423
24762
4511
88006
28206
68645
57390
76116
99821
99692
35980
20663
52149
27680
88435
37044
1003
95950
46448
38648
99097
64629
46890
48823
9536
43601
99308
86795
52697
81509
68174
29485
20528
24563
79827
75809
9471
92034
71754
8777
21354
66440
82354
898
79766
8929
73870
11073
61389
61583
91446
3767
10502
75417
90163
68948
24500
63895
60694
84722
15159
59842
77428
44047
53003
65056
67994
43192
83052
73530
57361
52003
57259
16107
20262
10513
93224
59046
64129
93641
96494
97166
37076
95332
33845
40711
14204
45291
49493
47181
58948
37483
28094
63081
44028
78645
69196
24078
38404
69852
9789
28268
19066
70608
15264
66289
1852
12429
23716
80733
89975
47982
46107
65801
35751
87493
36003
41532
58647
24801
42564
21761
51188
34552
4576
58615
14169
91482
94347
39925
82209
74836
10985
25905
14106
5441
34695
56542
95007
48710
18757
65319
40775
7259
95482
34380
46639
56598
32945
42070
36677
27664
8810
83046
23306
75365
7361
31174
69225
23133
55352
41825
13001
20066
99182
76915
33459
59100
24315
75095
76317
17222
53135
29373
25570
58917
4266
85805
4391
78520
45717
15891
9104
28612
89498
79513
10893
89019
24182
19077
20462
57683
94350
56774
12956
46023
72484
33354
19828
45501
91495
11061
11414
70953
98461
62122
90832
38795
23755
20626
31269
15743
73447
43039
66490
28292
11474
91554
99156
28441
22456
81672
63253
45962
64345
3441
26192
38188
3775
81661
57996
15372
95594
70182
12250
35090
70100
48425
40443
30000
52680
19027
83687
57632
85557
34960
68227
95659
13908
73564
60896
24844
15201
62759
95002
72552
41197
17673
77657
62794
56634
38096
21271
66640
33181
85885
98435
51149
72083
41576
16287
77430
20063
52797
8622
63892
90483
87217
46158
89941
70763
52272
78676
19485
59051
91992
93271
37137
21070
86183
80222
6553
84379
6957
29426
81258
15675
51424
15925
5440
18086
67094
10752
14194
13908
13299
64214
4400
39326
2679
37973
93239
65068
71323
85963
86255
61535
30170
62399
39224
66904
6461
48973
17784
15469
95097
90038
60679
95449
491
16831
6094
65481
31716
74070
63313
7363
82372
10469
54558
88987
29818
16336
55436
16999
75874
41357
67431
8571
6789
59175
62745
14664
76261
51849
86058
64982
56921
64246
97965
33580
8691
89929
52745
50428
6659
53100
34929
71848
44340
72015
89101
97921
99908
68625
70907
85628
37614
82781
40902
34837
87262
17849
37602
44727
7634
35726
96105
80821
97870
66465
66996
52958
38197
46405
29118
65808
55427
73271
97992
38393
41442
13963
22563
54641
43241
23267
64680
54465
55259
58277
31119
14233
44967
48347
22538
41421
35373
12036
91123
61103
70658
27894
23928
11616
10309
19833
49789
70632
14322
72456
54049
67819
48525
3131
51232
28128
39089
42707
69112
88543
44682
54621
97866
90202
77313
64434
63548
8308
170
37872
48139
85559
49358
66174
98168
72690
24064
56926
91589
30967
39680
23145
39834
23958
27002
47129
80778
24224
69536
68149
83710
62197
1517
2156
43504
17789
45775
10760
27487
51687
23854
62404
23057
42926
70015
52821
15390
66421
24104
12915
8542
82192
33687
1366
92949
71908
35816
95328
65730
61243
33907
20311
54117
14899
45478
82851
40842
61298
15310
22336
8990
95591
49217
16453
61893
49044
59607
82658
25110
31603
92945
24127
4337
3216
55051
12474
14806
84557
88580
80273
29251
56982
72575
79920
45272
20377
80426
91042
87521
61551
37181
70729
1285
22123
94154
25452
30279
83231
47018
20971
31442
41817
67711
82574
33270
89340
48977
78313
56777
30878
73206
28118
87296
85873
67643
40373
51286
8171
59033
37803
76443
9277
51525
97987
