92825
33342
82351
88527
42119
91805
70740
14348
77425
23637
96463
974
39651
71137
63322
64572
5433
56548
64581
83106
50097
75312
25989
27391
30734
99295
22303
77190
77276
73164
56361
46438
12488
46920
80939
7493
21749
44603
61247
93902
71160
87231
37990
56793
36037
7515
68127
43719
83433
65990
47092
96370
69114
69522
25180
96839
70974
22518
42027
91682
57311
93140
62630
17692
53023
22532
2358
96949
66574
34882
52154
63211
16428
86306
76612
22058
47503
39996
28405
83578
41797
96615
48921
10506
76757
51353
22122
72804
20844
22625
24061
45923
1131
98957
13932
69899
24033
46225
95596
86991
83314
53181
22021
99213
39306
58619
22558
72414
53896
24734
77200
99678
33024
23630
84689
1667
11881
22221
21303
32203
35852
11429
37680
74676
75157
22939
77860
1501
1763
79363
92035
85869
54724
51698
22314
90915
58116
5212
17614
53728
52233
33
34378
44918
6897
76116
47358
56402
25455
24263
8750
62550
37361
84806
5157
2460
94002
30357
80547
9814
6541
96643
99649
11063
75357
28785
32193
48594
26319
70615
81159
23284
17626
21014
39044
60776
12275
11383
77580
29124
50112
759
91073
6132
55034
2788
69321
18818
60478
63682
86387
4886
41992
52426
36830
52460
14536
89796
98090
54787
7195
62129
57138
17014
51239
36882
28625
92893
68908
93485
46398
1354
1931
75032
42673
29920
60691
22737
26200
35570
55530
11814
58287
55786
86382
19217
29221
88251
14592
26947
25983
53788
15030
1630
84269
80901
33945
37109
93396
12210
57053
39279
17986
26221
93772
12995
50999
45740
36179
37711
15245
98156
25773
60263
23420
60808
61587
86310
50904
68598
47450
62471
55080
98573
4148
55312
90774
27320
32901
79221
38315
23601
81747
5899
36366
56174
9105
62048
42965
44589
13119
67057
72153
57853
2592
11344
64804
81229
80675
74008
24745
22602
39293
91401
23954
5398
22112
37622
73448
28731
58366
40325
34945
35039
10194
65040
22049
28708
35215
45266
56152
43941
25739
65665
50951
75052
33493
58804
74747
99727
1413
21694
47047
38460
70264
48461
97696
29543
49611
99755
17933
54791
73324
74426
5435
36815
90206
61291
22670
25934
67597
56869
96200
92550
34895
8287
85569
1585
422
78070
44421
29772
65649
44200
82028
41020
63139
97245
35117
22857
11977
51225
95174
36508
30731
42112
77329
79090
2098
4261
76226
28885
62516
69945
10179
34322
88076
56013
6542
39941
64059
84875
83243
53814
96606
12303
38483
29115
59718
66217
68492
34331
36151
27824
59905
6715
51929
95387
49176
10795
71072
98625
59163
85437
46060
54479
33608
54277
61258
17220
89056
50817
98962
30650
52971
72543
8801
48201
86393
38920
90965
11421
68088
48860
67834
97852
79814
74876
4399
7840
19550
59351
62309
91198
21881
75611
14418
1454
67768
40379
43847
5376
91424
59563
85173
73676
50471
2679
38019
30958
47624
53989
98684
56152
4361
44232
4785
29871
92523
32504
58224
34998
55681
77613
66742
32198
27693
3546
51952
63314
84491
57676
87278
27655
2917
53026
61736
91861
15761
71827
17779
23991
96325
24040
55133
53781
62309
75319
84198
36859
10654
80519
2117
67096
59261
66596
84810
66463
56480
43136
28578
65849
99606
43187
88638
78355
6120
50753
61700
98492
26903
75058
54357
26785
39936
89095
22173
91276
67507
90912
80992
66023
99083
63122
52404
3155
97242
41277
83583
42291
2872
87916
83467
39674
74843
18095
18219
15460
91026
59692
7692
34389
84924
73536
55390
91772
10191
71443
52622
89496
94803
58037
3899
53364
51217
26993
24487
8021
99948
9140
52720
21347
75744
88627
1944
62203
25121
76051
76200
23241
66712
80703
10498
88199
74272
70322
20938
64296
15729
73644
20175
54878
92069
42318
26749
30590
60772
11854
59971
96671
797
69979
55429
40366
80052
34396
22495
53114
76981
38265
20675
3960
27034
94105
91155
77511
70198
90042
87146
30726
11417
88418
31118
42839
39648
90058
83852
78841
90745
2527
14806
36999
47028
74132
80019
54860
58936
3511
49858
78488
23545
8325
80863
44562
70597
57566
24885
262
48217
33878
79595
69534
21287
35594
30409
73586
67192
97321
36430
86336
32160
7118
91407
19229
90930
88906
97044
9876
61068
94986
70619
14634
54302
61798
65798
732
50642
83102
49402
84004
35531
86944
29071
88841
14929
45055
84568
69168
76009
99039
99435
6791
13495
49757
85262
33109
76143
94728
86268
18602
85728
66979
12210
43067
194
26177
58821
6080
15000
62385
7131
78523
20458
54037
82682
39105
5575
58494
6282
26685
4075
67264
82458
70704
4122
67841
83968
8598
59541
20885
52706
19690
69297
21707
78727
54345
72125
22788
85365
38796
39210
69020
42763
98601
3958
86575
2522
59985
19308
67678
66538
86478
75951
44418
74049
24098
84094
84784
61202
82752
36125
11642
9865
54913
70758
287
55442
77639
89840
14724
94272
78623
50447
14442
22478
61899
53235
51369
17359
2039
73069
4338
69519
17495
2195
31472
81907
15735
59807
7448
83310
99276
22968
55218
25510
88149
34677
36781
35301
28619
42738
77970
50003
82604
85323
24102
84139
33172
43780
68410
89191
63512
770
10647
23416
1436
96441
97830
38698
86760
86213
18692
39094
21274
86197
49013
28174
53455
78207
2434
76752
11800
20475
29207
60101
47741
32591
1174
23939
72263
34900
74695
59160
53094
92303
7707
32759
79960
49378
85070
99752
58833
101
17284
98857
38489
31757
49209
41714
17428
90402
40415
5509
46129
46513
29139
91541
55695
33534
65698
98816
10376
91739
69834
57622
48132
36489
89086
2133
31860
52443
91972
35649
66850
71669
19251
15579
46174
93959
74706
59215
65328
32607
67866
48424
36235
93363
52438
53886
19959
25898
16669
30255
56085
5039
49960
52853
60765
79210
81911
69330
53445
37186
76718
9659
16954
48868
76216
40687
74311
63518
87370
22831
17681
98107
6619
33630
24379
79277
68739
50719
24186
21730
53836
73883
81250
16884
1453
50310
54651
52187
9526
59469
74606
76469
53502
23190
24792
45188
49409
79990
77334
78751
86155
20228
77069
96632
79063
96209
71849
32500
28225
42024
98501
72463
96313
62582
52405
72874
67472
60817
93077
64938
59106
80074
24549
48781
56863
1620
39467
15915
32383
33399
68838
22632
6404
68585
32961
79693
32378
12537
42910
26234
79053
69191
97785
24852
78577
11094
20285
16523
52751
1291
3845
580
8717
37958
38993
6511
85508
