77820
92600
73989
49232
86477
35412
41363
88937
75326
99583
99991
85414
50380
23044
82968
34433
87705
26544
72465
36432
832
75327
93923
18496
64640
58558
87142
9760
46498
59044
29953
87263
83384
54268
69199
43439
727
84812
58288
7706
42008
88331
14393
70994
20455
45820
11623
84714
15544
4001
25100
11751
85594
69633
56959
59367
17116
2483
62504
46548
75898
13817
35900
36415
97232
48928
54297
56314
10116
81166
53502
52747
95447
60178
89955
49341
1253
12091
94362
43634
7156
93898
35432
30749
35667
193
10640
133
24297
51408
85728
48764
44849
59455
49610
91015
39859
60482
48516
54953
84201
51749
47547
97787
60029
25242
95043
18255
77064
84265
62470
62875
39435
10957
7689
44245
356
56784
68112
42524
80519
2755
98608
95230
19909
31629
31938
7146
80211
38924
55867
99714
92099
24356
15373
40714
92141
63601
83424
3071
54810
12803
49180
43833
28876
60668
28801
1664
42203
26718
38842
21616
71195
78173
10
64323
92975
69231
9215
83224
54770
19521
75863
26529
8181
75433
85111
49524
14606
46088
7362
62784
14622
6617
56601
52178
15959
52076
79155
7155
28870
56816
60246
7561
43472
75522
7682
35284
15521
15680
60310
86104
75252
83858
89267
61510
58074
79795
56459
88439
26573
13620
77913
75400
37368
54056
58087
4231
74412
81518
50757
88225
6382
72025
60449
35540
80726
55076
9074
19493
19606
79310
67014
28704
2412
67256
87757
98430
64237
70918
67775
40760
93343
61485
59287
73818
70669
66643
66158
20072
33550
28416
59674
45642
81491
52858
69604
97100
51343
70503
89989
56467
23196
58589
33245
65828
24563
91230
30715
1601
4687
74696
93459
57708
8494
42527
33731
63980
43641
77387
46522
2092
15160
25481
99759
28323
50417
59288
19843
95267
86229
11515
8604
42930
50051
58469
95929
68405
8669
36311
2329
70216
20891
70086
23923
38506
98611
53178
40447
79840
84222
15601
83980
31455
58902
10451
55069
42737
7332
74436
36511
87833
83870
21977
87021
28393
86595
13872
48982
74719
53519
83714
30909
61497
70607
11246
29192
15488
85677
80119
8223
47786
13921
67196
95306
9773
92952
31629
49966
76050
3072
3452
36146
57685
77876
6313
39829
56651
96163
40014
36887
78437
34305
7863
45498
89438
71609
8508
43072
12877
79279
99692
29195
80771
33419
20410
64817
73365
74008
12206
92186
82048
9522
81560
89874
21042
56888
70112
78188
7124
2767
81741
65606
55831
88888
6552
83951
55411
68503
9518
38208
40410
10581
56217
83714
55921
94702
50953
12586
13478
62510
99516
61158
89763
19938
79865
36479
21390
257
53639
61446
6574
73023
3906
44865
97044
68011
97523
45173
72663
20130
36718
88912
1527
33417
81668
84874
62865
63508
93283
89675
77255
92043
42245
91969
63461
23153
37339
887
4389
30209
7697
25860
10947
47907
8455
97835
68148
54215
12107
58632
45554
77265
73189
79805
57044
23341
19967
89950
40648
80056
39814
83057
61374
54965
34599
84577
13179
79957
35453
77306
45382
66330
27771
23744
47566
9868
78524
75051
4968
10847
1314
17864
52890
30462
27821
34388
81627
17550
18996
58074
98555
63744
91405
99588
62060
7192
69666
42910
75662
40101
88998
21683
55397
66343
22585
30775
80872
86340
97457
47240
97177
48593
34593
26019
90981
36472
33564
70545
23834
11981
31594
68497
83046
549
15361
15823
41072
84929
44417
62560
53137
78909
36237
13062
88107
48583
13456
27620
81601
71522
99983
47514
48289
32561
20591
26842
61677
47398
1826
66092
99365
28274
79927
64877
31748
15389
60667
41893
21868
41914
19616
89317
94027
28884
19295
36538
30767
32915
91576
18973
12584
96832
26807
74572
45802
97277
63250
75512
56683
42716
57302
21730
72314
851
64335
25858
29189
48993
2492
1615
55092
92991
33952
90543
42690
42739
94429
68578
5807
39954
67964
22373
80361
38353
5462
62372
88964
70918
20872
68078
49682
24535
47883
96295
45522
68363
57762
98108
23554
75569
24809
96016
98194
59220
3054
56070
98655
20609
82581
83860
47344
66407
60691
94890
28520
49877
2552
68627
7929
48129
46146
70582
17430
88663
17811
54797
18823
99056
26590
92633
87084
10839
53579
60318
48926
2633
8326
11057
48509
25948
17784
83351
58883
97946
3206
28185
39419
12512
37434
58174
62496
44233
99238
49772
91484
71411
66759
91305
88559
55238
27728
96484
63905
11764
30982
57617
77348
77051
70403
61937
1036
68815
4067
90479
43617
32529
66307
24159
70730
76458
72189
96811
9864
23048
92335
19666
85816
29230
86372
80183
51164
43267
59363
90169
98010
47680
25593
99545
84563
63796
99571
50977
35368
37769
43539
14913
20780
82086
42952
50260
20276
22156
20080
1577
70996
86089
26937
36783
53458
33606
88685
35236
17238
77082
74158
90076
96181
50679
15994
27486
67870
7456
58664
9853
73270
88838
49294
5815
95538
56692
74751
77677
85485
26532
79327
78490
34472
44548
9731
4842
50376
86249
69374
26173
67987
94430
19919
80787
18467
9255
49956
19098
76313
67673
95766
49508
1929
40125
90967
24320
63537
66434
48924
91895
64929
13869
98331
7502
32174
55249
85319
24989
83097
1635
47225
49363
78447
43655
85373
85264
99039
54417
23096
41416
82124
4531
89992
76189
50243
80413
39333
9610
18373
28084
41826
22035
71712
69298
71605
80538
76341
88489
220
88784
71884
67427
99575
68026
50280
99946
4071
68851
8991
12028
476
60345
13037
37008
78098
97590
22862
26783
92274
52463
3365
32046
54264
67023
3847
66532
85217
43738
73185
86815
66269
37514
34220
35651
27450
63960
17608
14802
26006
22779
56562
93580
93172
64796
64984
54615
27842
73279
29315
9524
93731
76984
9952
89647
66100
7186
39903
30532
67172
38934
91545
31548
6116
77500
61470
74711
63991
43182
49257
67190
93844
34266
23145
15368
72788
15930
72895
99516
4319
8613
68893
97895
61935
36605
60641
21776
78432
11993
93507
90768
29937
13736
16128
20905
50653
46768
81149
90670
57772
40524
50810
967
28470
7506
17190
89921
27855
14011
17424
9459
64137
69184
14854
58691
98461
2224
40426
23296
92177
32047
18423
64741
41251
68929
71362
72274
12045
10402
69870
41611
80090
21858
3169
54331
28659
3186
34304
15251
49946
45098
17078
59445
21950
51937
11722
72514
74243
13491
1270
75340
45106
29524
12697
5574
2439
9103
60252
78901
86352
23708
99319
42449
8446
29558
52030
