6673
55408
64948
49689
22346
48928
14842
44297
89007
32738
70664
15449
38020
39214
63325
38476
34702
27927
293
96735
82730
74560
51593
28504
39954
84276
67572
4644
60694
80970
63999
7537
46629
773
80679
60340
43064
39106
46386
14047
676
45839
94691
24401
52700
46470
1162
13283
56467
64494
25893
11108
69350
67413
20148
53834
16233
63887
906
20399
86067
32786
29635
61696
51821
49062
39228
47776
56144
23879
70311
35322
14247
57485
86020
57588
21212
18334
46366
97923
56881
762
47086
92959
26014
14506
24847
37343
5277
17522
51714
55189
97508
43413
4143
21013
87321
26083
62823
87195
34839
15571
55194
64104
72106
64956
89357
93628
16704
42584
98447
52413
65780
95158
97242
50968
17226
14383
14140
2773
16532
20388
45105
65537
1789
89711
31000
6821
88908
44846
56318
78262
96657
1053
56929
62940
37941
36992
63692
10829
99733
56224
32473
80952
19988
95585
67010
24493
32699
36850
15076
34542
91876
32422
87338
56251
26007
62115
92598
13509
91901
95743
65842
80099
23749
24730
77490
82433
83163
19494
30066
15790
17341
52597
5029
35896
25190
19164
55877
2315
80802
26168
11920
6679
49854
53386
68810
40167
91772
83010
30334
29069
44064
55847
62810
8042
66829
55978
84394
6771
39884
14426
35291
47655
36774
46010
93269
54798
32371
41923
6234
23823
5360
71
6833
86564
97617
42158
27785
37398
61874
36722
79499
13208
56480
24228
33065
64394
47656
43816
39893
14619
12700
87681
1791
89518
72322
17080
43413
47261
97163
47368
97378
77190
69320
79262
48706
31229
85230
36169
27530
76589
50339
11434
13942
17103
82518
97333
78884
15776
5380
76882
85768
24961
25288
92362
58428
12929
9815
71642
81135
44945
39516
95074
62155
99745
26477
69935
94473
20143
5743
16756
25128
54816
72155
93272
33100
99531
73446
45527
47974
58784
82558
94022
15392
57164
8875
63285
54920
68651
66044
2868
21881
78533
35934
91319
16900
37966
5957
74210
7969
90939
24929
97088
52101
64885
89745
69792
67304
9829
21695
57377
98400
66753
50352
73728
51151
52541
79590
35586
27123
24126
472
20972
74960
28549
77610
91321
1162
67214
59696
66037
92767
94448
68823
33926
39769
28880
38845
92833
35195
72372
15612
22428
29351
5979
69936
31224
38253
5124
83836
19417
36407
17429
35447
6753
84203
32638
27522
70071
15229
184
85020
45543
82928
79320
48381
42541
10912
92467
71995
34609
94645
17513
53523
80149
38653
42551
7506
82046
1365
46594
28742
95746
36660
23166
33553
2050
70437
86156
76450
13952
94713
97750
90193
50068
85699
33731
82082
83140
79213
72205
27022
57959
28920
42502
35232
26729
76240
82550
98684
51835
20401
58466
30373
95658
95196
56873
48319
19443
62785
12281
65007
23792
60214
24252
23084
24755
74667
64294
95615
23647
84878
36969
2759
40654
21355
23296
51669
90095
79669
24622
9104
18812
9444
55889
32146
59641
84558
52758
13138
94937
69046
17996
95259
98363
1546
79075
13072
49529
50331
2716
14423
1777
84474
5734
17325
32551
10958
35083
18696
82233
78596
1770
1232
13939
71090
96487
44354
92728
11137
26519
18250
62971
99572
73775
58239
21384
40290
43484
62772
20253
31957
7324
71242
90708
35057
82246
71253
16132
2780
5837
13477
71388
38895
13444
67049
54433
18591
159
29402
3146
29711
55986
50513
19317
46310
85900
37598
29608
89708
50430
90016
93697
14734
64464
22225
14436
29429
13335
36938
46834
10000
80701
43742
15513
47251
11116
5682
79234
19806
23340
56182
69532
43889
78593
23772
89055
55738
19690
87461
90068
39527
81889
37619
45664
13622
35533
65438
86735
48381
34787
93233
10010
286
19483
85965
19214
41977
19370
51197
58550
94548
62710
8823
14833
75740
56028
95252
36501
18962
11856
42344
16717
23839
50466
46218
41854
64777
55553
63084
90889
54257
78872
83441
43708
18117
85716
32232
50225
54875
72003
65157
70615
69963
64567
69793
70283
30162
50414
10960
76149
93707
55292
69068
75744
90899
98080
28749
92156
11437
30828
47410
376
26645
2249
47501
73188
62119
17511
14439
7809
45790
47299
18265
38627
60345
18893
72287
55192
31785
27622
29438
7323
97911
18062
15367
91198
92270
18754
49475
96087
3454
91243
55668
48718
7089
91935
13895
86868
76233
9670
62499
77848
20733
3957
19253
47874
18518
10354
32119
10102
1636
74604
54591
19624
23911
61574
97460
18365
98056
69134
91563
39258
61629
53940
94708
44216
58193
84522
91128
1732
37588
14584
20433
7865
84208
4210
79191
98453
22752
65968
21018
1425
51956
55525
89117
59546
72635
93246
33824
74982
65782
40113
92977
29795
55532
20553
35629
12051
68355
49488
16402
97405
27770
52482
81140
7340
28693
51419
24078
97780
73308
79310
10120
90758
61399
62576
41051
85551
84134
53098
49869
21604
7166
48691
84758
55604
25524
35379
14209
13684
10199
47541
79062
43971
3677
31396
36990
21334
70985
13955
8562
27776
78265
1439
99159
40517
24608
72312
26441
83675
4243
31502
35281
11147
74728
74030
5882
73891
63414
5988
6298
41233
12218
40450
1112
46747
98525
37016
52185
65565
25544
41219
98546
51203
95118
46641
16977
92099
88433
12764
43427
53384
97184
66006
13239
65822
19686
3105
76963
50085
62516
76856
4904
38027
21132
19863
89441
60701
10323
82045
12228
94171
30353
28266
89321
85750
18464
94183
21109
65749
67673
95515
79789
85380
68589
44750
58653
17197
44437
38122
47228
81720
56480
5245
93424
89506
50808
31341
27371
80005
79545
9831
19976
74305
82286
65212
12768
1959
18694
40573
71715
11426
65394
12336
59613
41120
22246
38746
21165
8935
36716
75565
47623
46317
11696
9324
23487
93147
60391
33810
62032
33558
57940
85236
18409
16249
74546
63998
5190
47642
37569
52552
53613
81224
89206
16907
57781
48069
67172
81872
41111
48980
10944
89418
54159
66315
58995
34450
89464
5594
81346
84393
7479
97130
32089
91718
73506
1042
20259
13802
38098
49260
20737
74729
52335
9566
29236
50886
60592
87707
12256
45736
61064
61406
84212
70139
60930
14303
11249
23629
95916
14202
52029
56770
26146
52629
43087
8451
41588
44883
79216
63740
27871
92051
97162
62420
14985
36488
59583
5018
71445
20414
61600
19073
83915
27980
41968
74476
4106
78785
49845
8179
47382
56376
62051
27974
7089
27721
3008
99434
89611
55434
35370
33040
83321
23083
10957
18578
