21283
30647
50820
17568
6843
12310
30423
37894
18543
13334
32962
93764
66774
65445
57297
30042
4081
19299
92387
77614
65605
51641
17172
65833
14362
10626
72219
2338
26494
15687
77081
51201
90125
68252
71205
43228
25179
47805
77318
9045
25148
96999
45764
66136
24470
88288
56135
32720
65257
96168
36945
58540
68810
68586
91765
69399
18548
38931
43421
89856
81220
16328
79671
68252
65322
69964
14787
94867
28386
27965
74458
15787
64433
19475
25912
99845
17056
72566
68000
20677
84292
99915
29499
81104
23998
92224
91691
59957
41896
40133
12148
26664
69450
61902
6495
48819
41799
37436
36892
3524
43970
90334
38970
63740
42332
46123
25187
23973
38661
14784
26406
55184
81210
5317
62497
4485
20729
95001
84014
39240
76530
80486
15374
36363
88404
13783
1652
90448
61569
12852
61863
72221
60179
67399
74052
55143
64978
98417
46697
96947
26703
90239
50161
1352
72
36170
41078
98417
39822
44806
65288
79510
36958
18310
65043
48462
30178
61085
28130
59605
27216
21782
51969
90206
75432
45258
26362
59116
19298
33516
40937
35911
74634
62431
94848
15782
21421
20842
49502
77540
41219
9584
38025
85095
83511
31737
54571
78311
21260
6097
7882
75995
12636
18848
45341
94174
66971
48988
30898
40892
97579
6699
17619
78841
63501
2212
66586
75480
46483
30944
66531
92577
79856
61888
2893
57054
86967
34076
4604
10042
26912
64760
35327
72672
75332
51383
65505
72972
17073
56160
29181
64261
49840
79771
16562
34460
52127
9076
824
43376
94392
74904
82567
78611
84730
31937
14639
71536
3016
38605
87454
39337
63489
79839
37355
3363
42939
4991
96945
90329
43006
13554
43706
76732
35810
79307
1673
53628
99792
7956
31789
43267
55028
83038
21128
60464
1398
50495
9887
2325
86088
47448
5190
7629
78540
12984
63631
13750
81278
82410
47623
32065
57782
19568
72886
12594
60454
63299
97794
34353
798
73138
80636
73109
68744
40826
62055
75687
57858
47647
86087
27816
9819
89199
94279
15399
47519
96671
38071
42254
98032
8400
55190
39186
28123
97711
31978
90400
84017
77255
69301
17093
68098
70066
30789
50561
60535
208
5313
77741
59654
33050
13769
72372
71853
54410
72279
17997
72379
90086
93113
64382
95722
46213
64166
12582
77018
88354
71028
71675
60272
24525
83085
89872
25347
6814
90028
57560
44694
90918
45487
62045
71990
53327
85226
12338
49748
41504
72645
33053
13145
97424
25761
864
4852
95998
81266
26783
21102
21509
2851
53451
38313
52670
23319
2821
55057
85323
56123
63978
22543
80753
65698
31510
54623
11128
77622
82180
40008
93515
10798
94840
3797
23799
65948
91941
87441
91497
23273
78213
52864
26378
94613
98427
66969
90068
599
23153
57093
40897
99299
78158
85790
96555
20142
73292
7149
30267
9769
45415
14065
82346
21127
22251
97440
56470
41343
84194
68969
11160
91771
57890
60653
22886
76227
84587
84670
24187
45214
61372
69632
25847
55604
30685
54447
69628
14035
16705
29168
2275
42650
90521
28861
19465
42903
18140
55787
6374
5344
8976
83244
11622
70706
83714
14023
24267
32039
2173
62936
27847
68803
68982
73593
86170
8020
10022
82531
18583
21819
11444
17853
34592
81992
26060
97830
99328
89424
54436
45898
16731
12470
7889
10150
4160
58057
83720
35751
43593
23393
6174
95082
45616
92259
6715
4514
77213
75580
10483
8761
79662
82397
94864
60491
15303
42148
66120
3687
66932
48691
82284
16172
10920
90930
8286
42315
3048
87050
91769
39687
14062
21698
21182
95080
45034
7812
9937
14881
21832
66017
59719
43451
7861
68328
23817
51811
61280
5446
25575
74202
7207
77205
63573
32281
73101
1086
57518
80803
77253
12413
37258
79319
31538
64600
14087
78685
12223
4131
36158
48481
14527
39714
16026
33531
49996
92310
70527
65758
15846
64857
41690
98547
53680
8417
5523
74190
45789
72816
29803
38778
70707
94738
31382
44475
78139
8576
20866
61286
44000
29864
54661
97655
24232
39476
61998
80493
80959
97426
7336
46395
24013
30089
89496
25286
95943
86574
94513
40353
62453
44250
1771
99445
75651
9179
63443
72176
25330
46669
95839
55275
25094
84763
49433
35408
4600
82675
82752
87749
48379
69135
43331
66322
72435
9577
13154
71479
48642
45906
59010
62280
11124
61722
3067
58001
59155
47297
61913
55867
56808
17274
60541
9348
7648
93022
51111
13555
4421
37364
22616
99787
4326
32754
2748
61967
27100
92288
96189
45733
30675
73642
51187
69329
18868
65616
8585
42190
81605
61199
70303
2774
1228
94523
61203
85436
73571
50350
15262
56214
79291
89
8140
68252
41631
32162
34160
93603
61126
42896
41246
7966
97841
57512
39001
68799
13036
33885
39210
40065
31062
99971
77428
34362
36793
53834
97688
78928
22039
52414
52279
22879
54273
28400
78233
45065
12554
76693
91304
68460
14096
93662
29917
70027
30569
24722
36609
91827
80702
84522
39879
10413
41793
44195
23630
75213
97111
80898
20866
60576
60445
61734
88869
59489
11668
24932
48433
69913
80931
79270
84821
53949
15386
51417
3058
7661
10603
26874
13685
15278
31786
88237
82002
64562
65741
58312
8848
70905
61807
86303
79385
60453
87286
92846
68745
84025
75901
21714
74924
31650
7659
75270
7539
59073
61861
18452
41885
72643
39165
6376
6791
79444
84047
701
54349
24508
83021
43408
3402
76761
35637
53518
92379
50356
87380
51752
491
43815
245
54563
67752
74325
3448
23933
47629
97120
48449
96225
20504
66263
68274
98374
78260
59657
25902
60302
83652
73230
34515
3350
57925
86369
1450
34484
15079
76219
3516
22723
35159
15815
53781
89014
13651
64988
58693
17916
25014
65325
74723
82983
57727
99777
30027
4217
74478
1952
43077
29405
25519
99633
7349
15191
88502
77455
20998
43216
16295
69057
56037
36992
58734
2564
33866
69237
48853
97106
41616
5999
22358
26760
10798
32565
58957
98873
95676
38503
92984
35481
64029
15763
45156
49590
46946
6787
28606
62053
12988
42399
96565
92758
4066
1399
63467
33640
72711
67492
29046
66932
19525
57173
70506
18971
7239
10733
18754
4513
18935
94042
14095
41774
18781
53023
22746
6293
63408
86422
89075
55777
89818
61843
75048
47834
93357
64539
41031
89037
60615
13629
95685
99146
66265
56790
78613
58787
18441
48154
2060
3556
57177
78027
61112
32073
55551
44922
67464
58759
94035
84325
92808
76389
34206
77260
91266
