62810
82477
35751
93741
21175
78828
90184
52631
28728
54348
33379
9459
23938
22513
53993
39743
59276
17781
41979
90714
34989
90351
28733
91667
75353
96968
23371
37406
44640
27772
78605
94883
52146
1719
37911
16580
33228
3430
70369
10966
59448
37117
92778
82458
36235
18119
48158
88172
31103
74869
91658
91988
95980
52451
69196
85373
44227
98497
82018
24346
59272
56690
65945
23191
2512
74501
12832
71839
84872
71949
13384
21688
19978
40195
50355
51093
16113
34035
20915
70373
5129
79357
63992
210
21155
1050
79690
99858
61348
76929
92529
2007
79613
57059
88353
32354
46918
13306
89954
41702
81625
10147
9805
61497
44772
85118
27948
30899
15375
57654
7193
17731
87912
45913
26713
31359
65387
78455
62123
224
69650
51024
6742
40420
84826
30890
61304
62731
45297
72135
60393
23603
48208
25994
61236
11327
64533
18135
4651
89739
15056
42380
30202
31474
29775
3253
970
26175
24427
44128
50175
75417
54489
35601
58333
32955
8802
25015
30919
9169
13160
46765
11986
77968
54338
65950
29728
79979
38100
70699
98378
90749
39471
20695
18484
54035
85985
56670
25887
11392
48229
39667
27823
2310
77727
80596
3848
27047
84153
85609
40788
90626
74501
15401
32344
9972
46634
49936
83964
44908
25689
92994
49698
56637
65030
11529
27153
52552
40125
54882
92517
25658
43084
10941
97897
39516
42575
22121
24085
67508
98942
83744
17783
27859
18246
42616
90039
28356
40475
67046
86501
42074
95051
24507
93939
78065
58571
99910
80261
74466
27752
93328
33510
78131
53259
46569
57427
59779
41325
72061
31445
84058
28994
45420
23106
15635
87691
79617
65038
17
89571
50799
38562
855
56783
37805
11579
18831
25727
90712
96742
83973
10001
42398
36817
5363
20391
40393
34248
60322
65935
26788
1094
59317
43781
1906
14032
52414
25799
18579
65202
83152
2744
24848
85294
35304
74859
15077
33121
13397
2165
88574
45384
16433
49863
79326
82384
52019
26347
54187
39006
21907
60878
20027
95730
9718
24576
53245
34276
89682
41064
37343
26569
50793
63760
54812
66804
84919
63054
80112
56820
62753
86392
40079
51101
62829
82520
24369
50647
78101
67348
53522
92964
25492
625
11665
90561
30470
27018
28915
17380
63988
80616
73524
96555
94212
72110
17674
12404
59272
153
22416
84015
54662
87332
63433
15811
79040
74275
50438
9243
38878
79026
37109
81670
12324
70788
46116
15680
40396
96305
60249
46490
55374
16146
54501
96865
5455
27376
71398
37115
76437
42767
90578
19692
52210
3834
54884
67560
24108
20669
65763
60086
74228
41077
93152
52950
9389
40220
11093
98740
1413
74136
49855
50140
9167
88135
48315
80611
22246
81350
24903
20713
95908
44217
59218
69184
78525
6026
71718
66150
43908
5674
55517
74509
1958
25065
7189
92204
29174
37435
96459
98100
63261
96563
95572
99799
96263
9332
10270
24119
6458
17999
61441
27863
3214
85194
18216
30718
69228
81963
47532
83681
75142
43327
92043
12762
90995
90056
18258
77666
82068
20193
4613
60909
19982
19290
25822
5992
26825
31788
48719
96466
72542
19674
29176
29401
75543
70903
80910
88572
47104
8863
13837
91586
15725
31601
82114
81271
76358
65160
97177
61551
31936
70920
86692
59996
78855
20623
57542
72260
61313
51121
57359
69921
20497
32226
51315
1008
83207
72268
93622
38411
23901
17071
77747
50226
99349
53491
43128
13639
39924
33520
89955
34108
66713
49389
44409
60229
35489
25947
3099
52814
20346
3044
50086
69185
8466
40557
88597
88637
73019
83358
39160
74191
80532
82083
16170
77019
66289
92148
57547
18511
6601
22699
77355
67363
10373
8252
27327
1324
99511
618
67859
35611
31145
84788
28633
76679
15682
37956
11033
75918
92466
72052
15230
98933
9891
91849
82966
57412
77449
53768
32661
25562
2772
82006
44251
171
59582
98703
36644
74903
44534
6921
37000
37077
31333
22389
57806
12691
77411
21770
74761
73198
85209
783
18624
92558
68169
36828
85179
34564
99902
14612
53656
11334
88366
49515
77582
27932
89635
53540
23446
35784
7631
68109
97122
68975
43313
15029
85824
85419
56079
30494
17396
31527
66315
13601
25666
64228
1829
96489
41961
63279
93314
87128
38569
10022
4937
31838
62369
53861
20806
22966
54316
95600
43858
78772
35095
16014
94205
42770
16860
47203
70001
27570
68995
45866
10967
56576
30707
41265
64628
67768
9604
15548
53919
37077
36444
93659
56850
53811
65593
36006
62766
13945
24913
22362
89736
81235
7694
13169
7714
23299
79160
85051
13239
44360
68343
88357
44688
89804
15831
12904
72210
48188
68899
10646
15826
6971
12289
37387
50330
5983
17255
25077
97720
48589
32766
44283
83080
77601
52064
66765
21366
66880
77619
1933
12764
35479
6305
70498
14902
18427
90866
31763
44119
56204
29859
10693
52313
64905
50142
51802
6432
18725
59375
12463
52042
73529
76417
23603
60708
69295
82956
72713
72876
36000
61412
67186
89970
60278
11749
71472
10055
80700
26052
69703
30088
40262
65359
87752
58147
97934
5991
45625
11629
1655
84988
99990
97261
93924
33491
62171
30487
220
82194
72713
4016
24217
67785
21576
12369
28256
14908
92315
10306
91390
39069
67001
22637
40770
82454
12106
96921
39439
96727
30680
2741
35918
99647
38741
40519
50043
74330
60876
69800
82154
77163
38886
19227
42946
73744
54094
28976
39364
75975
98389
2058
99711
2791
11985
77431
59192
55024
68938
94385
95734
79832
29633
32342
36276
47147
948
8020
33859
13631
81063
47715
11704
87376
11358
25967
82527
5739
28112
3451
58104
50979
51144
9246
62484
545
50738
92123
13929
50824
89821
94809
52683
72924
96170
35080
54233
40739
90456
70579
88396
17759
84014
4058
78554
68447
64062
16578
69591
40570
68585
9288
67095
13841
70065
51018
75248
51537
79216
18310
29665
36804
33347
33567
7308
42804
48482
57663
18637
40513
65335
99096
60452
22431
10872
29156
74804
53730
25695
85214
52920
20017
3356
92690
76403
9750
53500
998
86641
35718
76575
88740
38607
14355
62531
96418
91860
20654
25392
8949
81799
3746
8197
57525
7327
91588
51167
55507
69079
49270
31823
57394
17587
13091
91431
71506
47582
72715
75493
28241
45328
67319
32794
95243
94322
98394
85881
6685
39941
63102
5164
47997
90943
59848
11581
20832
54595
41633
50892
45412
50345
90827
36473
13217
89207
56150
41357
51779
51087
54997
59973
12469
