48581
8436
5043
85923
79115
72963
12122
8143
3989
84472
75793
34709
38654
28962
1984
4653
18238
60219
63980
29529
18131
98306
1854
88780
49162
44027
52033
74169
37893
19142
58520
84312
54142
82380
24733
72563
1117
82956
68963
22693
50155
25910
21622
51587
58362
54681
96547
29666
91092
84063
13168
11498
40554
32308
10376
97859
8049
60135
44526
29974
78215
65922
62357
10276
36218
14258
34883
24373
56607
94531
38252
17568
77585
28933
4029
49336
87853
33722
95753
50000
14683
36869
26051
66351
96168
26448
95396
66357
97778
8290
54137
65172
39383
92888
94925
17612
90509
70808
95193
77997
41023
40716
6700
46631
69770
37276
86068
62204
34022
32261
73092
76541
38381
64038
44047
17509
66624
77259
63482
21226
85419
40002
43743
79577
60064
73915
72857
77281
71199
23398
24529
37715
44548
45197
90694
38680
3458
95432
85358
36644
19842
16007
2796
1236
14781
39349
83386
77536
80097
52358
15526
14355
99755
62027
58396
69042
42169
36670
48728
27361
74170
96851
85054
4109
94543
45403
57696
92205
81258
71617
49844
50376
16785
97527
56508
77930
23164
28175
31053
74255
44356
31620
95812
1101
4264
97788
88038
82423
16758
85768
45405
96762
46039
25603
77968
43867
86346
24026
83834
48397
52470
90859
27020
59564
63897
87582
97825
28600
13830
23031
47029
20725
40824
47468
69578
94293
64160
4188
16124
28952
12449
96743
15332
8194
58315
46014
15981
64296
31145
87430
27033
47821
73032
25706
53905
18622
38534
73809
82835
23116
16297
44159
11344
44538
56196
75910
40505
40825
28873
72509
64943
71781
62338
9165
59980
8971
30276
42423
89666
79767
28279
45684
91267
87694
67306
89242
76609
10988
7394
45851
36518
70585
22821
43359
56783
20847
94580
63427
27909
80074
55645
36782
26098
88253
26490
16341
56422
10807
20213
26
84426
78574
80791
18508
72010
55142
86631
69932
86667
94680
92232
62344
73185
38439
20077
87379
91049
61882
63100
43322
13488
41221
29129
52038
86155
57638
17927
6179
90833
77323
57618
98125
46363
4736
50310
49218
80735
77698
13611
89663
84103
16834
96052
71634
41122
96762
51877
67894
43206
74105
36083
38183
10319
55099
37439
74955
31009
26931
13022
10984
11424
41923
50007
99194
83522
92736
71032
41644
40918
3734
22302
50704
98110
16408
13027
67882
5412
51535
93923
90858
86027
1283
93817
32182
98330
53586
32745
22254
30264
89751
48409
96955
16044
72072
42643
22508
18955
77948
86400
11662
56039
46414
52295
12226
26119
91129
8105
57700
96296
31517
81281
67576
57382
10294
84933
87840
38140
67000
37897
89341
42116
35514
40360
26061
3887
522
60845
84638
38306
44162
88535
59078
96743
64049
61457
38144
15874
84968
38470
55065
98078
45395
13144
65723
27521
12726
52610
32046
26299
99323
22941
48089
29058
31749
92510
56827
25802
5212
43584
59869
96286
46293
60730
90113
66277
49774
52936
7311
59404
7649
24490
44114
3045
59833
94250
50043
56058
55936
5848
50667
75443
83983
88314
46809
2528
67582
47321
93302
19397
55908
10732
6194
55164
67227
80778
53708
48819
45370
96371
27419
17819
50528
33377
65072
35540
14064
85002
92949
34038
8404
23677
88145
35655
1836
88392
98640
34079
25624
74555
57142
68209
37164
67476
27572
41728
76424
50827
6565
934
701
8816
72375
86519
89968
20367
1014
67325
63999
13852
50788
82861
28408
69621
72274
15959
77650
28250
93183
88737
76248
82760
84009
19018
62490
10647
74238
12464
66317
77649
75459
28887
73274
13866
80001
70030
62637
79159
16853
12626
54175
43578
358
12757
68778
9701
60996
96603
47454
59848
55180
97579
1044
13441
67033
4193
68148
56498
93428
57611
89611
41866
98226
16401
16534
53936
17193
40136
78264
11339
43751
16869
89932
67939
80567
29471
22028
66895
14072
52915
57211
44171
98234
10542
63897
64126
26335
10184
27031
10938
80517
60410
37965
74627
32241
15168
31365
42750
18039
93480
97496
64083
88653
55932
23904
45172
44917
80852
32380
64469
55454
86408
48483
8207
12168
67984
16717
42008
57317
98757
55557
82057
44245
14451
50250
28115
78138
14381
59738
22218
61447
12536
43217
33009
70098
90863
25467
54187
22565
70125
12190
96740
25589
37661
15924
30707
43745
3080
24620
26436
37127
52724
1623
93534
62049
40786
77694
54503
83192
66193
57800
42699
58439
39522
84637
97636
38768
56085
91731
41328
39921
92912
33155
70628
18666
15061
67540
64020
28531
80582
73103
86446
23186
13859
99372
16659
43244
42727
66861
71212
64174
61745
36635
5242
46054
7614
28566
8536
44623
8689
27263
40678
87208
49709
48945
7064
71495
92357
86869
54499
42365
90874
54805
81220
73749
56208
90405
97661
28724
71502
64277
34930
38425
62826
64482
10252
29947
40361
11375
21672
44495
97553
31242
84045
67979
91238
83903
32625
34554
11439
3344
55566
48319
60127
17740
80069
95727
95021
81366
58398
55258
50128
48063
55288
20579
93464
5588
55181
65384
82808
6457
30974
79546
30553
28050
49265
57751
89143
63832
59526
33545
40815
12447
4388
96386
89614
73228
33021
26605
76731
61489
15992
98219
99866
14677
68128
24381
92356
7205
1605
28553
87985
36093
4611
81563
96435
32180
43953
96609
98999
66997
24010
62568
96470
89677
14858
63653
25966
90110
95669
17723
6945
27678
10451
87073
1411
57298
52086
51717
36889
57094
92055
47139
12642
65741
34968
62245
66687
66613
65324
93867
84214
81552
61212
68938
71973
67108
39920
45831
65611
82016
92346
95070
64436
81163
96006
46599
60981
91826
76150
62534
11181
12971
38309
78485
11352
60045
78856
38497
54623
8787
84844
80234
7099
49228
77190
92862
23190
29531
83705
94078
74852
46446
12640
2720
70636
85105
94727
96456
26768
17420
99868
64642
87899
67731
52129
51444
68187
55792
71041
86545
79488
74882
68833
39541
19150
2326
2737
30013
24548
50498
43380
7926
84080
29926
6515
41531
18326
34279
12293
12667
35728
98948
22073
5156
96251
58063
53347
49011
12477
29224
28312
44212
23303
73775
36993
78668
48964
62441
57311
6953
32599
93323
82634
98715
74674
54734
90355
9261
3969
70772
35452
82918
89092
74349
21573
98982
94176
77410
62634
7044
39456
41595
27002
68356
55596
71139
58225
52224
9157
18806
91063
98442
74423
58805
53894
64346
49382
19968
14882
83451
25712
43945
39325
82710
42057
52957
98386
8946
36798
94537
