78092
57062
94926
16948
28536
38823
86312
23632
14653
80022
18470
93699
57163
18984
23468
9844
25338
23990
2243
40061
90463
8384
5961
37267
21378
80182
33153
69717
28438
14781
36885
96042
63649
66989
74496
91753
14670
11803
61743
80609
58526
20110
99661
53249
77088
79877
77865
80343
36397
75415
90526
69055
12654
85419
21088
67331
91529
26105
14536
96385
72031
2609
7473
28750
56622
55345
53717
2745
96666
90203
97666
22033
92568
280
8178
706
45592
25783
98042
21142
70680
44127
25349
71300
51909
24714
12631
505
42175
82813
6084
42814
23523
35410
32018
69398
30795
72068
93033
251
46568
72503
90324
21213
54779
80734
22403
86506
73998
80146
8186
7818
59127
52181
69991
91424
56649
21498
59951
99128
57167
31991
29772
23241
72852
27107
65746
79878
50511
88235
26719
28114
63394
53414
97909
10919
66278
44070
83231
14949
82721
71085
98310
52756
23205
52121
59622
13731
32484
56893
72372
39939
14243
108
9750
24887
20324
87009
66302
20559
26362
29572
93966
79794
19970
12996
88215
70853
66598
95826
29335
45788
24489
60436
96623
78655
95463
8297
69253
62505
42647
92832
96507
91792
2594
53224
63214
64620
50547
12449
85282
5695
55377
99028
82464
94812
48528
76285
21896
823
83206
70547
68505
13167
85746
34918
32423
9839
81418
16704
61223
79522
58274
53707
15307
60378
65952
91068
14506
46183
77781
54920
75964
69893
84313
32369
70913
90804
39179
45868
86605
65206
23357
96263
88547
2181
93873
95930
19750
91947
51222
49398
48319
91218
52331
69975
50394
22390
80169
46387
75334
12348
18136
42425
58749
26758
40377
80838
66484
77749
74122
21301
45014
42750
29297
78951
35761
87971
57037
82350
83423
1184
58241
96754
39042
17892
75935
79670
2946
58334
35143
82235
62283
18707
80917
54003
55451
77368
39914
8249
57393
75248
81099
51952
63496
2831
73720
505
72516
78026
59938
40239
89916
89092
65278
33412
73289
46130
89861
80978
74840
37255
53167
36150
9866
66724
25368
79727
66070
39619
14752
53865
60561
31790
37877
60075
68025
82565
45006
27035
52255
96086
76222
70312
69890
14001
49915
38400
76583
69954
3665
34764
38013
41424
1295
79290
21846
86886
83888
67472
51708
1300
42817
22401
15502
4116
21500
52229
18290
60121
5123
51998
52457
37995
72467
78883
8023
2370
71351
23481
35463
70077
33118
46999
68169
13681
29025
72
72913
70730
75122
72817
24898
87258
5394
43239
63238
39993
87394
70892
72230
31059
81115
77989
96587
62093
34330
97454
13892
72527
45565
54526
31007
1910
19580
58600
48570
1668
6193
83
27900
6020
89085
45209
94399
51168
99585
88975
52861
13347
77618
78177
46648
84548
26648
2266
46850
50778
38376
12726
73133
34218
74100
25112
57446
70958
87159
38561
56623
58829
74644
6788
65884
99769
62896
94505
2557
85673
15508
69576
61880
21234
54323
84246
4577
4094
14811
82710
98320
26745
56064
48807
90169
16106
6240
30268
35571
38749
39717
33039
17240
78834
78028
5671
51564
63433
35948
87198
44951
55305
73221
52543
49051
21606
39438
5062
49523
18582
16522
15314
42416
45115
80122
78297
57173
62612
17948
41344
55768
23365
24149
23698
16369
79822
1038
43488
30922
28241
83258
84872
86496
38653
57617
3854
33898
65393
40279
62968
50961
39791
70935
37824
89750
42688
48807
78288
29208
78746
57289
42764
22377
12634
30378
70042
29521
40966
801
64108
10727
17981
37680
43650
95507
45574
28595
13321
21788
91950
78111
7387
436
97128
32655
51694
16742
86300
24227
11981
8912
93996
61906
31042
83899
18768
83009
60728
64836
20586
55785
35482
70264
84219
71510
95881
32294
80936
45418
72835
42073
93372
88488
42105
72633
42563
22410
23717
76606
87634
40013
22324
89296
45388
18343
93429
40977
13292
53226
15160
65845
42952
64128
48267
80603
11015
58803
8725
7175
44039
6846
69350
83458
6182
47615
40438
78550
12157
33860
58752
59521
40273
35291
61816
30189
47989
83707
28158
46744
18501
39003
57457
69328
95919
97433
95978
38771
14698
60457
15609
46715
76098
39359
92056
74853
60223
26141
34074
37931
79041
26631
4804
43696
30326
64007
66919
70034
3970
29131
25590
16360
69449
28544
55219
10899
8998
90228
26351
31411
84451
68311
78758
23884
55984
4907
67238
62186
66327
70117
22949
72984
8955
46220
22819
62904
71213
62288
25730
1264
37388
72726
56990
24112
41415
89689
8205
41086
23795
16021
58350
90638
40073
53556
42824
86625
27880
42918
95544
29679
63260
67091
6554
13308
67094
73994
14075
46694
55687
89858
62701
24641
38344
36598
50007
65086
11485
96367
62809
58025
97296
49664
21311
77659
52100
77182
8560
40684
29424
27513
51912
17899
77026
79247
75444
33680
49293
82459
56363
34340
44756
6903
79901
77011
75382
76787
3801
90374
4841
14702
6321
69766
78064
72628
44602
62875
29869
75687
2224
69638
30665
89622
92914
44615
21460
12479
92311
11140
70819
77916
53687
86976
68429
38078
37682
22309
85270
38642
51101
36299
96486
67450
67726
39000
81167
98446
87818
80619
94922
60008
76394
48590
57415
22374
73537
48620
64262
43070
83246
93059
74845
45683
98859
68145
16570
67937
97242
14571
77639
6730
23482
18804
9367
57817
97674
76521
60655
95831
70624
79850
86552
86845
82733
9697
18044
39222
69314
70838
24581
83795
79749
59226
10742
60572
1886
43014
98385
76101
69353
39224
34432
43088
12961
34849
27016
55766
65057
99687
20956
68561
51278
68600
13738
10879
23885
95174
28527
83650
3891
27515
69228
65901
44790
98565
56940
70304
14953
10737
75776
32213
79922
64447
70618
10458
36059
44114
75555
1489
2971
96717
80898
86074
94390
75086
82612
21880
13811
58366
61344
75641
6160
48550
41370
19374
73437
55736
55439
76704
27228
28969
48978
11722
82314
86114
41037
97585
66138
70578
98417
2709
98900
94623
60907
98174
1559
87679
41736
25580
16586
88256
51717
2619
97797
97572
15931
15973
75455
31606
76611
10463
1368
32588
69814
16470
75171
62169
40289
17617
84715
41308
45818
15895
31897
94832
55915
5540
75232
7743
90451
69615
43004
70126
13247
65836
94003
16125
5599
37147
42958
7995
17778
39235
27811
93669
60430
27078
52490
9133
44991
91379
69591
65037
26954
49692
99291
52699
18332
57655
10338
28447
90467
45703
66802
94454
78589
52553
74495
32158
27393
46299
31719
81092
7911
