82501
98586
1688
38109
67494
2604
67501
73651
799
41220
85524
62715
34348
89122
76373
68523
92945
93267
63544
47215
69462
92854
33173
94479
7011
22186
39336
77318
31959
65759
60268
8736
28247
70578
78639
78430
99388
18650
60091
74460
90237
30139
44346
87742
36868
99135
34491
89952
35224
44126
70966
98115
80952
3051
44817
96286
57365
26509
85460
8151
16360
77523
97860
78702
42256
17332
51880
9823
36340
91769
46212
89072
58355
83897
67845
22340
38675
48204
96128
83902
52672
55654
29926
56959
28084
6161
47018
14485
18124
67748
10984
53899
25612
57392
80912
76728
57075
29961
11700
60378
31766
25794
98853
26039
73385
46147
51904
72210
82481
32754
51705
74857
83149
43703
58642
5197
95898
95529
82933
7859
15007
43156
88692
4442
92473
31775
35451
26773
15660
56153
20128
79877
23227
26367
95281
42170
53100
24142
16223
31277
34326
25475
31366
48449
58567
11592
22679
2174
42297
63886
40645
80865
16879
9026
28732
83878
70098
55682
342
49794
66089
24505
69568
80130
59092
17448
87417
86993
66998
58858
4356
18616
33069
48503
52610
40588
90125
42906
30575
15623
88560
6568
61659
52206
83785
76618
91987
7295
62604
3894
1968
88279
75649
50546
5333
71978
75241
57169
60932
40111
34589
29862
84459
42323
76823
29607
36407
47707
85883
64593
9308
53280
91884
88198
14811
47538
85237
84296
55798
27091
32229
51029
2476
53452
88985
10631
2266
98350
91273
88162
10321
31796
89809
21448
27926
9115
23570
24896
2823
29886
52308
65144
20911
56004
66027
37111
57826
29986
5148
71105
11319
53881
77942
5537
25917
44911
3756
27166
94970
97869
35630
16769
5752
52475
19111
66535
94253
79979
45013
95733
69108
97757
1160
35987
17910
38254
72677
43267
13068
82377
10061
86405
56467
68866
94315
73178
96289
29203
76641
20972
9563
8546
40953
32293
82987
49476
64955
72144
45373
69219
59191
30633
25437
97428
89309
34654
50688
49615
63239
56163
96418
52328
69596
16870
80707
27229
7138
3452
96973
63997
27364
61846
1917
31466
66201
59373
64765
38095
56692
35227
30436
66529
86990
44783
2210
68789
67924
21899
48762
88130
59109
4014
37025
34820
96333
99160
44180
45664
33256
21467
73139
32209
48133
83058
67093
70693
62834
82403
33293
22539
12777
6160
76207
34932
30594
71296
5872
45658
36897
89921
59670
77393
85019
95405
34602
97639
66966
77342
66985
30460
865
15723
68294
99708
55781
6493
70215
3757
93782
61439
48184
93692
28849
75169
30060
86458
92164
95260
77325
72413
47277
49260
59171
99959
99963
55533
1172
3780
99259
92303
33046
23774
62795
5220
77330
67473
31415
78943
53897
98334
43979
38232
96548
68886
82395
76649
39297
82828
25832
89378
98445
28340
67360
84588
1087
95837
48125
28456
53870
30318
33001
58159
82641
10425
90276
50759
64935
65903
5338
33775
58204
85449
87197
72627
8104
45183
82601
89810
92092
40637
32817
45617
17189
76775
22482
48581
67459
24430
34351
76067
14097
37619
71615
873
73195
58739
33935
42776
74949
22663
12677
85305
66414
75116
26535
12815
93349
5208
45426
68323
62981
50967
68230
52403
78826
95602
33684
49798
8588
72062
36648
10849
50355
42245
96105
65291
8197
34092
13595
86758
65402
72308
88557
59320
100000
40921
87908
93952
15516
3921
42848
52581
53920
25432
17001
53945
23364
36252
55426
28589
4179
23624
44581
98768
96265
89556
83639
64607
71151
96560
54335
44172
30503
43938
62987
72305
50273
54931
51261
60324
27977
55906
3686
28695
19033
12643
14577
83674
88650
93969
21810
36344
42146
73626
56296
10753
46917
36009
63242
80120
75757
66478
39114
34800
90355
93125
13277
71410
88918
45624
8694
78387
77901
53881
67201
26666
90509
20799
63027
97249
54916
18498
69884
77145
82752
7635
66984
18848
28766
63567
14366
3623
48984
77623
54891
1476
21549
25865
29605
90467
79575
66794
2664
36233
58420
92813
32179
19968
64322
24048
16895
35739
24919
91591
99059
64152
41371
70827
97445
93489
94137
12829
13451
55839
17561
45081
75150
51191
97587
80523
97604
58488
8473
65999
48276
9242
15600
35181
87790
57901
57876
61042
15625
50311
26550
15244
90163
41405
80670
26000
68631
6613
77847
52633
18656
85288
96431
60900
67037
98435
51699
14588
12246
67957
97929
75202
8585
74188
21593
73211
30214
89954
93707
36766
93324
89689
35192
4806
17119
56846
84034
93517
5957
87576
67220
29452
43632
86730
72776
96049
71065
97846
74262
60891
36975
83122
83886
27830
49114
84616
40028
7966
66726
41294
71905
38035
20861
187
39262
80083
99790
47501
82383
32905
80838
23487
66022
64929
50940
61294
87784
44438
56818
59145
41397
29820
98310
68254
53652
53609
73472
67762
9987
40879
44895
84599
27858
98958
77554
17054
88139
40198
11421
26202
97367
26580
64019
26702
24655
22702
51808
86348
39720
6807
68217
12671
78736
83313
39220
40651
37559
73667
74785
7884
19116
3133
68278
38882
18413
61286
30624
46732
79979
76226
14307
74936
16751
12200
41376
62458
87561
66433
56100
33712
92371
36186
93261
69571
98495
21388
73873
56783
10393
21985
1652
41043
19425
88473
66916
58636
3587
4665
15756
75350
6248
49371
20688
37483
55929
98677
48840
19948
8610
82355
87061
16522
19842
46236
53150
20130
33086
38068
28692
60439
54375
20094
79896
20479
94787
4989
55554
54874
45919
34131
48115
54337
84249
83540
55122
64931
7062
24857
57722
6290
57652
6161
8797
6695
74184
49115
93829
47851
63384
46308
30624
66538
69272
95218
16927
44915
91837
59390
72828
33412
90149
26984
60154
12191
13478
62335
84808
9405
88642
90264
72918
45934
91297
84212
52884
80971
14012
90194
8203
94089
94295
61923
71630
10602
65698
73433
63924
43126
66177
99786
11590
47111
72071
77279
15673
69270
82650
56275
18220
30914
78909
26921
61145
67941
35039
7476
65990
84918
60677
8870
75376
47718
62498
10360
45180
52730
23177
99821
13914
1255
6404
2440
33864
63856
92654
9172
74879
98958
38194
5841
56914
85939
43060
56796
67622
44461
77558
5040
7219
25388
58223
542
71032
54652
8291
39661
55447
26904
77211
10786
7088
18577
60279
83020
38459
22721
28474
61717
66362
25441
58475
85047
55516
18071
31065
14505
94856
36053
61828
542
12167
19088
51613
89838
2360
97988
48524
53333
92435
91969
20566
81835
16884
52815
50818
77070
