80937
2422
24554
117
65149
60942
65375
25428
6696
69881
65925
11851
43217
30125
2621
21338
76010
28890
27104
26587
50775
60941
58828
7945
45307
18493
73972
64643
75796
17919
46324
30681
70877
40316
13255
92443
18902
91248
58835
77063
82851
13626
29407
18802
48990
28883
32583
18338
92111
46857
68166
99240
73480
66751
34086
84539
90433
2278
39824
99341
10352
55370
22650
63731
36080
23244
17975
12739
16868
88046
14691
11576
97572
99986
42737
39464
85377
35594
40638
84804
67407
98645
45944
2017
19100
88772
39147
99153
53430
91507
9593
2399
88958
90607
9247
50971
70000
12270
463
64849
13408
32349
63181
63518
88912
76096
97488
64190
30340
1938
81243
83122
82672
43891
12496
92479
39785
83138
51611
1365
58571
24943
64674
22537
7474
40326
5207
31894
83208
23334
88471
39107
1185
37196
39767
2688
13448
20737
9873
58322
72845
44884
55673
92761
83888
26901
85983
99149
40683
26213
52421
9090
35900
44187
47796
4278
11114
20497
78655
2076
32934
31304
10869
20902
69323
56985
70274
55686
56081
59930
57493
45251
50254
38465
52348
79987
65745
87880
26378
50175
31730
27040
19753
4559
74529
36993
68541
97526
12401
53274
66507
46488
24982
11193
76328
75847
86477
78186
221
90151
68831
61884
4356
8814
99114
39888
49861
14815
67524
61554
7451
82351
92468
21444
62440
91417
29941
81454
16961
34936
51110
60498
70539
30306
11686
39955
90417
50872
36725
20669
43759
3777
66607
67798
96202
23037
31163
18529
34709
82889
26001
81820
53859
74877
56605
82152
94702
39998
94192
88004
58695
88845
64308
27915
19467
32654
64498
20576
33517
77514
93503
93761
21586
79227
21718
85100
11370
32369
30214
18120
40079
697
51568
9427
67767
52809
89809
80524
84632
37826
52980
2634
46869
51927
77135
19599
58695
33069
48617
3538
48026
94557
92056
53303
80955
46993
87331
68662
22009
50117
10941
56294
96566
76415
12422
26175
36245
29157
82397
99564
68464
88502
98564
9256
20467
44430
73451
6167
24302
41949
51371
22181
10928
78586
57993
35411
62302
57125
6230
39286
96029
38937
7641
38971
19286
34911
14229
37831
19198
90824
88775
54591
41301
49180
20313
55366
9219
51792
7184
33605
52938
38915
32280
3492
94263
3549
57500
20999
40053
60692
51564
50721
90377
1340
46785
94153
28561
9408
28545
80836
92161
63002
99178
69328
27496
60583
37212
62619
49316
49786
94605
79072
29395
64614
61920
95401
63113
24306
39994
97690
23101
33677
22135
63267
66841
40881
90677
9454
23091
70624
87440
64431
83943
54031
13892
17515
98838
96479
66148
18956
55924
13843
20902
36647
93587
76445
80287
72576
60499
58759
79858
74350
78684
37562
86340
66193
9603
76393
40847
90837
4874
53354
92645
72277
15962
23267
60045
45481
52651
11831
94812
1401
38575
4826
73273
55757
61893
24593
18770
42418
68316
51480
65971
34882
68241
9401
3959
49602
20935
36164
60313
9730
50749
45537
51333
80697
25459
82435
99173
91560
70185
96884
54967
41541
9118
23903
3358
44078
34451
14529
46509
16880
65841
3452
95584
63374
65690
55193
98428
39241
60893
63369
1017
14888
55094
76188
49195
18155
2168
97636
19787
86955
31379
25311
49846
16451
64433
3973
52433
48651
31997
88292
73375
9458
27319
61896
70786
77713
43392
50741
90381
18036
26433
42961
38617
29604
47897
85167
8896
21324
77121
2509
40818
47107
71428
74172
54473
28713
92786
72263
46403
79042
47696
18082
38027
6295
44505
5126
7494
36380
41421
11490
97862
2874
96034
52319
84231
49971
53403
1663
48943
72897
67307
5803
75847
41382
74550
20498
84060
34215
27675
75916
83847
85584
66048
11171
44156
69014
82052
67028
32266
21375
20352
49107
64110
7351
22094
14515
14066
53964
71159
98171
51182
52741
87079
5680
21065
70643
79857
87447
91823
23848
68769
12284
33726
80552
66309
79426
51624
45858
56951
86130
77264
86751
12386
93551
63207
72343
14469
47952
33838
88572
98307
72401
91578
24647
50322
11367
97043
9037
41410
31628
73102
28891
29172
49526
50938
99856
83799
40057
37344
77373
25785
37060
61123
91872
36960
29978
6875
30511
38595
84275
18574
56390
61037
71730
97934
35160
44718
51870
56918
95926
8458
14278
43135
45892
52292
73698
84563
10109
53617
440
78153
50187
40288
88050
7542
48505
57506
67030
64670
56074
54725
3600
99933
95951
9980
61736
71419
20654
88613
81626
49921
12574
37260
98173
82360
61745
29822
2235
59307
38321
70939
94295
3734
19587
59821
78455
65277
95775
93407
91733
17544
65041
26518
1643
14658
76994
80506
56013
81914
76636
39949
51809
48885
19989
13854
62288
38294
48744
85511
51323
41198
72862
76288
90795
71578
70203
34919
25603
72481
55538
73668
38777
39758
29667
90257
73066
2956
87536
51350
68487
35866
13940
39802
49003
61114
75435
46359
45517
96534
94598
59571
25822
72473
8602
44870
83003
55593
93990
59244
75775
78070
61450
84304
17176
69392
10541
45059
55626
10993
24656
85055
2797
16400
82198
29711
21121
63054
52784
28262
77966
11834
51681
93221
82799
81198
37233
78929
65452
27020
75739
59093
51547
68607
60795
89102
91010
50251
48036
76458
53547
38731
65473
14336
69890
10511
88375
63223
46714
29752
34893
5107
76146
56658
14119
83048
75271
83731
80955
57828
82672
45117
14873
11409
63628
41428
54942
28594
37113
36614
7662
54062
6536
19971
15454
4567
77114
13278
50182
23934
56794
80600
54437
81349
55010
62969
21307
59630
66104
91321
31314
28140
22951
23297
49714
27260
64505
26143
8537
73989
54140
67713
22849
39923
25358
55105
76230
65553
9346
98878
16558
6050
5857
56431
61962
72920
90228
80630
58818
20704
55326
60119
15807
48558
55312
76661
11310
83674
39548
94944
93524
61432
1949
9556
20668
81089
71176
27708
88542
76943
98071
33494
89883
46763
38362
10301
50052
36135
50676
3573
63894
89894
14092
46032
5528
152
56561
83874
91119
88845
51554
45516
21740
71913
43468
26242
6564
4137
34125
42964
49086
61531
91086
85667
66743
52439
69989
43986
81076
23901
19666
19860
16515
96877
6849
2417
50446
45412
94510
88989
81785
62695
84766
59216
40081
84110
15119
38916
35670
17764
83695
7368
10876
66533
86283
329
27641
37386
18865
168
94032
49620
96141
72018
61240
22673
8871
65481
3598
36777
94954
56238
54757
68804
61946
84151
3608
86763
94046
