48248
16014
16403
44906
92811
73136
26229
63202
99623
82953
75335
77799
3241
8107
94388
46945
27518
52356
94809
53503
78707
27377
25445
17827
64562
56948
30219
28456
33800
16977
19589
69834
46525
91378
52462
20886
68110
30262
60995
18326
28720
65182
88365
23163
24411
44174
98424
75987
27250
13371
4633
30550
30072
94040
61806
96122
91615
93636
6974
906
71201
90824
76555
40920
18688
85850
27213
32897
4461
26793
97395
58429
1461
35010
25889
25047
30569
99833
25776
89496
16226
82872
82149
70439
67455
27597
69911
36823
48122
52249
83181
10813
16762
47193
84630
63815
71753
82043
1657
35309
60915
28721
57658
13242
77653
68651
93175
84112
82091
48718
98664
90058
88806
14900
62590
55177
74891
86341
50547
70826
2171
85531
82292
50616
38771
48435
92540
46733
40261
39643
95409
90592
18885
12565
48189
64156
87254
91322
70698
29158
60761
81360
87651
20624
57027
37928
3948
42364
27035
93493
19067
82476
59023
25981
84895
78976
56188
68472
69379
47535
80838
26763
34482
95136
17405
68967
72889
27969
83318
74995
4983
28961
79067
59876
80427
79586
61440
88728
88098
67880
28534
88831
27686
10526
90884
48798
2996
31199
21625
12400
77839
66822
49039
99296
76239
88368
55130
45279
47554
10578
89252
89778
95353
3913
16747
43467
1532
51921
57136
56938
96527
85112
68683
53057
83611
87962
4827
52858
84703
59998
29250
39016
64778
54730
61740
12272
39039
74481
75630
88938
69717
56173
32325
18655
73337
76491
46973
94917
80693
11669
95777
128
30293
69172
43903
24275
40688
19220
61565
49956
22138
20016
13522
42632
46199
74185
99533
52487
31722
88737
57904
38661
26988
75073
88692
54347
29866
78194
79131
33708
80621
44148
78182
37884
947
26354
72920
73779
45596
41994
97531
37487
54364
47487
57080
86839
85580
48235
26003
9764
61595
7630
67312
64304
28469
4105
7023
19611
96775
11933
2058
86795
19199
96509
61308
26742
49830
88013
49289
29026
89509
97375
21987
45997
96447
51187
86090
60451
26856
94348
92338
24365
22284
95646
26805
37367
66191
59247
35115
73962
28027
78433
8561
55848
87495
51307
667
12588
76056
16233
4376
79064
1361
39632
71922
68079
56465
51948
94372
95324
3003
98015
57982
27247
97765
20219
54179
40573
39873
99019
58626
73089
74845
82307
90552
25914
87094
61477
67384
46846
80484
47588
82589
36621
11976
63484
56459
7639
80788
87936
3043
78574
25930
64966
12679
54374
38357
92702
86106
86751
47940
83690
73300
14083
1898
37430
45885
98465
64336
32365
93818
35639
54850
57060
75321
39341
33416
64718
27972
90265
30646
70722
57735
71972
7466
97544
93263
42675
17141
65690
75052
3932
86401
43484
50986
57245
45190
11519
72500
25085
58000
71084
39708
97013
58899
58005
11872
77781
69294
98783
70746
65859
30985
58335
35841
32180
34607
46500
5689
79460
52859
66600
41801
81130
28092
65977
5319
51783
20676
97899
42385
7571
19635
31424
5909
67044
74797
84532
77555
88221
51110
36756
51549
79726
83858
21680
34763
29137
39082
30435
46967
32917
69258
53176
77971
43251
23175
14693
24467
13386
89920
46619
50971
4220
30820
66114
59228
8323
670
68304
71553
5900
27470
43270
40678
54999
81514
38108
50039
55990
91
39277
76993
7681
27780
62514
52739
34021
57842
36203
60235
56402
96293
76394
16060
86124
97214
10738
55841
10626
24414
23255
15178
44307
5804
98902
31162
95293
75308
89205
53093
91587
41027
46026
72254
53579
93083
65892
93187
92001
9193
83687
73798
83733
5822
5559
39676
16073
41138
68307
78929
29047
28162
28401
48865
17174
71279
54524
93671
93733
86706
52573
167
13162
29285
67584
41130
41374
98201
43
3397
21935
76825
44399
63167
25300
67982
1516
13885
4086
8989
24165
38575
46376
61040
12410
71039
12143
49124
73261
7183
50433
98000
85731
11878
78347
38693
79638
74476
75812
15196
24864
52583
81982
94900
48979
4743
46694
44046
15836
75444
12438
88060
96954
77741
29179
75549
53974
69764
57413
10681
65755
56768
86543
64548
10067
63312
1021
70290
1504
84150
40789
79996
19347
78309
26740
92686
21357
98464
73204
93768
47926
2264
64278
92012
13293
78665
55387
10975
20146
77463
28837
27203
18416
9729
99931
25522
36628
75562
46271
21391
17665
5517
73733
34759
5420
87258
6837
27945
62653
88634
9574
61760
65016
47608
68440
72833
45713
50510
20251
93894
58847
33409
70898
906
50943
52354
13923
8952
90506
23766
54332
97080
17211
94479
4303
85154
30088
7805
50900
77583
48576
9625
56273
41682
64276
88313
12230
22023
14440
15451
72663
56574
6301
84309
8320
71047
10731
15918
87455
95665
17271
87579
93121
84551
30150
89070
80555
79784
29053
25647
7771
23870
42539
46816
76509
97720
66581
64923
76128
94457
17781
7808
56255
19746
28989
15077
37289
86868
44676
78648
56424
72742
86260
90116
66178
91897
79339
13823
2643
76373
92261
50713
83004
14122
74806
99984
53027
71772
6345
37776
47096
4043
45060
21402
11673
8534
18479
98899
6417
28463
55338
772
68009
16050
53078
35925
13530
90314
72981
1748
33184
33438
97931
53356
5571
70926
91943
9880
90675
80110
65479
13397
33641
5000
72327
30945
35806
55687
73915
42688
34553
36765
74192
46190
3911
52946
1515
77415
89143
97020
43571
65733
4553
54260
17263
90743
59865
34378
44628
52216
56650
77873
73073
28894
89687
81034
83582
71616
45664
74908
85703
5325
63847
33803
18568
79743
35938
10247
39984
18754
87184
81090
86236
2108
38058
81304
47067
59547
85268
58074
56503
23481
41445
24974
88406
99759
82196
69948
37704
59525
53247
98665
51189
79275
11217
78718
45272
25592
5885
12548
51216
37447
64930
18217
68739
82578
52541
16183
61527
38469
88120
93350
49195
67994
41966
76343
1878
17663
89966
50780
16971
79791
58457
50868
11116
15855
99426
51149
50718
17971
94262
70798
52301
57067
1033
24857
40429
78220
68432
16709
35399
52432
71879
77922
82750
88490
54142
63324
85258
6026
16376
51883
48442
49608
20631
65227
97782
64366
89630
38713
5873
20728
8246
47701
65175
17320
27038
11369
93953
19336
42244
19394
35851
23503
26618
44592
19841
44771
97357
51155
4437
91
68289
42078
97666
68483
81174
40489
78670
51181
8195
59326
23561
14156
47444
7415
44497
19687
1082
82043
47184
95965
29841
43314
26112
11490
24697
94240
15602
