91066
82265
33695
44911
23185
47421
60429
28511
59382
72105
61051
91079
32848
61509
64857
71757
70300
34193
1848
57871
473
91342
91630
79430
35729
54602
41692
62725
61356
60051
6929
56883
11327
18649
80586
67365
65553
79517
59476
20075
71534
40150
20325
52283
68479
8035
78478
17870
67194
19219
52567
90049
94314
9333
92727
84398
99076
49501
33707
15667
57351
3519
172
44775
25674
64579
9770
84604
67627
55607
4362
43869
50751
95504
94010
52143
71140
67543
1387
26381
9735
90437
84052
52615
49546
40058
61860
75659
48193
83359
8403
18920
61108
76367
68642
25023
16150
22833
99742
99845
34408
17503
72961
89747
47313
31225
48901
88114
89873
35397
10906
52286
2361
11108
75603
79159
11220
80846
72925
89249
34301
72898
2585
68459
57671
363
92072
15533
61772
154
90721
67429
94888
89805
52480
63688
13471
48106
22355
5166
62855
61256
85048
13561
94966
7185
61774
37386
7631
37354
29634
29483
55660
71824
75889
48889
95946
58017
78264
49717
59378
91671
19880
84950
38493
54039
10911
87778
7040
42930
8831
12005
4586
74797
67
6717
88643
61471
6685
13912
65060
72781
96589
47464
3681
95226
23149
1550
48789
6301
19477
45616
87180
37888
74102
62070
21427
89926
99956
82146
30100
92187
89480
80973
23020
4296
10736
1567
88419
22564
81279
61692
47773
81838
79043
62046
35263
84990
60387
88401
90810
85715
86981
43747
83887
30156
78532
55347
42113
77989
98104
59154
98064
40532
33346
99626
21889
45423
19838
50277
86915
88894
89189
80679
97255
33806
87681
84994
21727
7361
36869
10929
53014
37253
14812
45774
94215
27681
57778
38237
5158
89121
48024
12179
24597
31242
60108
80296
30117
58215
55542
98513
51836
97198
75161
90011
79682
58628
49719
69937
15102
97458
88613
49378
629
69494
41974
45024
65065
11588
60006
39477
78475
86154
6086
47602
68284
39096
80659
94843
51248
67661
66734
10334
36050
35766
77101
80253
4570
67569
7644
27714
44225
65971
52530
22403
37126
96269
5916
88322
46595
58224
33488
34804
43346
3514
74048
80898
75702
73118
57244
27408
23942
33874
49006
31915
41595
19053
57852
96553
77485
14324
12737
15278
11866
90633
7439
91900
67906
48752
90831
9283
70023
32806
53787
88792
55613
67067
79914
72602
87597
95276
42141
78179
29147
21751
10011
31820
46789
75613
54009
15439
65547
87296
27479
6858
86387
59502
94793
91023
26026
85307
36045
90857
69714
1090
99531
5228
20474
19373
86068
54866
34695
20299
45373
80767
64926
86862
17598
1135
43903
43501
38864
71651
21492
75294
67770
63475
71836
13367
94144
79923
18469
8420
99444
36952
61667
89534
33474
79804
95532
70757
36706
58571
39984
50672
645
38626
22873
76530
32494
59726
13592
63148
94511
71781
33040
89417
62186
23625
10565
34374
56333
10293
60033
24008
65410
44034
70168
6216
35577
45107
18882
81461
23715
55552
58460
56081
81222
65988
67957
85073
81089
59638
77291
71010
68779
60428
61688
43339
38430
36541
43174
67204
33815
59234
99418
38655
9080
30881
36391
560
15145
80004
17852
94640
76185
90692
27923
54520
428
90605
43031
78915
57012
23855
91145
59465
43631
86965
8389
91527
76209
27368
32922
49399
32663
67625
79012
3568
14534
20080
36543
69205
37532
38615
62721
79174
31773
55304
94211
87698
45807
53363
15576
9163
47205
53686
72665
52700
17840
92439
17343
91912
31457
8140
60993
3700
86145
54905
43947
80386
33073
67956
3966
41429
30418
13388
49646
4604
17213
92610
17110
58919
83318
39258
31625
32516
6929
27942
57671
88499
23103
85272
93779
98364
64496
8836
70372
54245
83328
85027
21228
37260
39093
59844
46157
54837
24649
8209
13781
17048
81992
10027
27487
71252
91558
1880
64428
71373
24381
73086
63999
70725
99392
6225
51786
54552
10168
41806
91352
39166
45445
81604
66933
43428
67319
52605
49376
30363
46353
56756
42744
92885
38857
10474
68536
3765
21660
82376
72218
89216
68453
23072
44380
18286
9965
22460
86871
68592
92392
70818
49969
56727
76547
5440
41432
80407
35719
51133
77245
93684
79394
68941
99770
40654
23017
70367
65733
20490
90791
69811
37560
58853
4720
43036
20201
5827
31791
10387
87799
28865
88410
21963
80858
70831
72809
60329
11950
96153
98912
21966
27474
97753
20886
2199
27262
56701
50022
68545
57211
38402
16617
58002
98170
62985
71453
51014
17850
56031
70986
92069
86954
44293
24400
61761
18878
69362
60656
96834
49640
3809
94684
31877
19601
825
66299
63324
58830
73537
29688
35211
57362
10485
97437
951
53307
23855
87273
70379
29827
29081
34860
83589
83008
45477
98880
99189
83442
92306
48272
62959
31814
44843
55743
22739
25281
85246
16917
59365
65498
84452
93565
4791
7332
33383
43332
27914
44520
69566
46721
92500
76548
61580
28617
7982
16493
60593
28918
97710
83366
87713
16589
22311
72189
45141
58742
2969
40918
92955
21394
33368
5474
95266
19975
43394
44851
44270
38058
53811
68316
79120
95217
91798
89645
29221
75871
58966
60052
85098
5070
38427
13666
13632
54470
62479
73128
70443
9064
47145
76518
55225
83576
37420
52394
84532
60324
30520
69160
51246
44994
49823
79787
1332
38932
36509
67489
87976
34676
97797
87967
56523
65466
97795
29920
27162
24565
93281
23373
81737
9248
90412
21370
37149
71351
78944
43293
46171
70079
60981
90371
57371
3803
1386
86408
55475
21192
31347
88787
80605
34311
40998
76374
77703
88800
36576
20927
55280
35991
4165
63989
54078
3150
83386
72766
77941
42341
27044
7754
11160
16879
94164
6187
29543
32105
75488
67064
3793
90939
15379
31631
94548
66133
65379
11943
99511
49273
18846
71343
29340
32474
46643
55614
72054
81862
6992
42005
71843
9922
5006
70889
88298
2217
15332
47970
28634
27094
59905
36727
25917
42740
52914
60082
2776
16948
83348
85975
58963
64357
21719
67043
60399
9291
41782
49935
47949
79712
56557
86515
81396
48247
60645
91336
76201
87529
38774
46328
64834
44647
74495
44992
80165
74717
48609
48215
3332
44906
42495
85006
31457
90221
82470
50689
17565
73813
93071
82778
10877
58080
15039
39370
67364
47783
37517
9740
73290
29394
81824
45217
21031
90398
41019
17169
96872
86876
48100
18798
8088
59393
87653
69415
84573
65618
21500
99524
9740
51690
85212
41070
12620
8796
79988
82465
93031
24245
12129
39239
49056
64413
38719
