89992
43493
83968
8686
92524
31481
53431
73051
74582
76301
6454
55922
47152
62196
38244
9759
91494
54118
77813
71930
32901
84465
28745
54423
53041
92847
31941
88534
32322
62342
97169
48698
54590
11223
66480
35699
46340
29024
44913
63158
59361
63133
93648
65008
68758
47474
73775
18101
90177
79874
36252
44460
66205
30634
54264
9662
70219
89279
67248
91470
25147
57647
38226
40902
70953
74131
21784
24918
99430
81195
49458
4920
36969
17109
35216
34994
42520
570
23910
46060
51110
65082
83943
8158
20370
15800
62835
67769
22684
80983
43630
77033
72797
71639
9388
52162
99487
14212
94803
442
30691
57431
94473
53876
27306
21214
77215
38241
335
29202
66576
95190
4057
39849
28033
64337
33484
11801
81938
20548
57285
80078
71949
1260
67176
95834
49195
41789
41815
15745
1990
68683
54160
13327
80573
77803
60624
404
65016
95077
97818
65856
27130
81874
27083
88922
10496
30791
16765
81590
39845
4231
21820
88638
61729
48123
77078
38133
23805
47051
5611
8646
52893
48953
58761
47769
47827
41857
62231
39490
68345
49549
27812
83179
19460
72777
9338
1410
89849
87335
64935
87771
98071
98891
418
44680
51681
7776
44222
41229
62764
27549
68600
93989
81993
37205
15178
6658
75006
53049
869
3760
97828
56570
49746
15262
53481
88349
8761
86507
44941
25386
10393
57738
49607
53199
2733
90822
21565
38442
38257
90915
49090
49363
78752
60690
92063
77316
11981
66882
11092
38451
27909
30166
99503
90502
50734
81239
59186
43011
60054
43569
47441
34454
51538
2190
50398
72954
24975
35170
23680
54778
2805
48854
25475
30864
68799
71638
20631
82530
40672
79692
92332
77178
57048
77121
52463
49436
95150
6578
71662
92302
95144
89851
15115
67358
61113
99327
41973
67834
72873
4745
37808
14154
37897
83811
2576
25293
54924
29237
40083
69002
58316
34092
43732
13802
18103
97404
51163
15852
73893
31606
59007
80278
7409
21590
20732
85847
97310
79604
27301
2887
78730
84747
90158
38171
38576
28240
9196
89982
21408
11111
25861
36003
93452
42408
43301
57610
79516
80063
78194
4005
5364
62320
24319
44911
52570
50773
99062
73010
63585
17187
32708
7524
50016
83970
27492
54932
45674
58556
69060
25964
57942
91461
9661
84850
89262
48535
14308
6896
37332
12982
30952
52290
63660
59695
63344
49761
63782
79457
47353
76024
86040
90860
84379
26441
97437
16859
94309
17381
35562
78837
50205
62842
28590
61331
10429
77248
55270
61821
41106
43049
59186
76366
15502
17326
3947
79272
40074
43842
34600
87821
3135
21396
70529
92388
81865
90145
36416
39078
26658
73377
96570
69249
18121
49424
77072
58573
52912
74898
36547
15871
30874
88486
50942
50710
63820
35329
71553
68277
55894
66350
79212
76432
51230
78974
1070
68074
62775
67924
55559
30402
74036
10318
38931
16018
70679
90794
31373
42409
76558
5004
97765
95006
81688
37396
79942
6939
90047
36891
38146
34133
61141
36548
24414
60037
6986
59341
18050
47488
39343
35743
45035
95204
19735
62970
73495
53998
8356
7984
78849
43785
33102
60302
85096
21380
72039
62293
36342
7185
59818
41630
11845
80432
32203
80079
16241
33103
50048
956
31357
58830
71584
22065
73250
4062
29936
41176
54252
68577
78425
79864
90340
15093
88601
2439
73378
85482
84769
48770
70116
64856
62956
60169
56
94317
61564
46954
3854
13935
25086
75461
85728
88126
81801
28246
78726
82304
22721
42246
51602
59225
80211
62672
90652
39909
88671
51697
32091
12058
62810
63228
8789
67997
52856
23763
53259
53266
95830
57625
96315
69144
53892
9176
52921
30466
29683
73625
51424
27215
70011
15648
31692
1357
25937
18667
97547
53750
17017
39721
89764
80606
67596
55231
39736
3569
79960
33144
52744
51971
48008
36282
74321
63768
59312
3974
41000
29491
51662
38921
35262
32565
33648
73813
85176
44104
37653
13525
17296
14279
85559
60959
49846
22333
6344
70894
85479
4117
9996
91834
23152
69605
80707
32707
33380
66543
21433
69814
1200
3090
88357
77231
21352
2462
46577
32257
50505
42120
3393
37859
82967
46517
52349
68766
55879
81133
54889
78469
5169
5027
10438
78789
22205
28637
24661
11728
41437
17437
39383
1912
35702
16100
41060
83528
59792
42868
67375
90376
34982
91121
19057
60578
55464
67800
54689
12216
85414
22880
62964
58860
95451
74793
97356
25867
31656
29649
31330
43087
57133
80682
40726
20276
2612
12279
72275
35095
33620
42007
58688
51609
49573
11007
54286
94017
87620
22971
75404
93705
47711
6954
95861
54319
36877
8563
1821
28024
10200
70076
40229
8258
83404
85276
63811
32208
87605
23672
83682
53470
48314
18423
27781
33507
83171
56103
48426
91900
47449
36890
56294
98012
8330
16709
86389
8069
28886
99726
99525
70995
36759
96657
53918
59633
88529
22745
57095
34120
39678
88457
6790
9979
78905
98786
67242
80957
22661
92454
66865
78855
15011
39332
89083
27546
43771
27790
44519
83968
34361
23615
44939
82522
93728
56332
16433
69855
87603
55422
98035
84741
306
65079
90907
67002
11097
99433
32514
66426
37189
93272
59588
43660
9567
32095
96859
33727
5685
60713
88167
35811
81060
11562
65928
96369
41589
2420
49061
91594
70213
18161
87803
34136
6789
99381
45321
88031
41323
35316
54745
93378
46049
10235
17189
7794
52628
80849
3026
86753
82226
84500
56461
14241
12546
81820
94637
45716
77578
59551
28643
83779
57624
20387
43018
31248
139
30414
15576
41366
70143
35766
49622
40551
29872
78111
32803
35582
99412
16740
71703
2153
90172
41998
33316
88181
2211
8020
76606
21615
95859
98854
27618
14086
75366
46521
6270
61889
73427
65079
31843
1979
44862
89725
24766
76262
3536
4974
31444
99485
35595
83103
95832
82897
27417
24404
97781
81626
20849
50905
18637
3291
43362
89307
47751
92930
48194
92650
45377
95005
50145
19356
66191
39523
79561
65252
48689
50406
45233
96107
58009
71614
90629
28789
30073
77896
31844
78953
76081
37918
27201
9391
3865
75806
89397
46020
10414
70713
66137
66646
46333
99859
58317
71690
57658
69568
24486
69383
1983
88979
74170
44579
63216
23608
95164
66813
31753
79168
58419
67952
26028
1589
89407
9331
73513
78973
73723
56645
47365
82728
84337
77138
89184
68503
38327
52981
99074
83236
90680
95846
2324
59099
98787
38317
44758
54992
20627
87729
41863
88987
97837
49439
83930
61310
