29839
29596
23206
34629
76041
55077
98097
94708
95066
59139
43691
98951
65520
34607
44602
15246
43
39610
71152
36819
69905
5661
76894
39777
91870
57513
95075
28472
15345
70963
12155
45147
50728
2561
44684
37947
21260
63393
6746
59640
77903
76504
47171
75986
94126
39177
62564
54206
15384
13787
14091
6715
63455
75515
61953
51408
40197
58927
47456
38002
88292
97411
46019
54832
44751
60469
19643
67075
74092
59758
19884
21813
50778
89539
75579
27537
38803
66442
44284
35175
89169
3242
99381
26637
76018
1366
79804
66516
33794
89822
49837
69262
45728
97209
54639
1496
56869
49671
94840
77350
95541
78311
23855
85191
94088
53442
8871
28638
68080
17330
53709
71810
62438
4427
81894
58047
57765
59798
57545
78138
49098
61393
5359
99205
85755
26886
74646
74056
53251
18916
49316
29206
65144
61399
77236
24083
97705
99458
58202
9144
87829
11194
7232
57384
99522
31243
46871
16149
17042
72601
78260
54978
22596
24568
86598
4258
53329
70732
85611
22011
37673
26440
21492
30387
25244
89708
31701
6801
18757
28269
80843
77253
30119
33061
36691
49688
2957
52578
92848
3609
49526
74187
33894
92763
29697
89136
303
52276
80213
45062
85770
17107
25000
44699
57364
70476
51353
42352
18426
78485
40046
11842
17897
66303
45041
31778
63229
93770
6365
4327
50141
34722
33268
69608
72835
44084
37653
69693
62768
44649
32167
13977
15264
75846
82805
98756
68195
1286
33545
21853
47463
45884
40766
18766
69391
847
42466
32451
58205
53766
99633
39674
17304
47863
43650
3915
62872
73025
55611
72175
69473
83564
58541
71350
52021
3594
88964
23649
5511
29975
94648
77345
17048
22123
16036
32651
9852
62985
4481
12194
81453
93990
42734
73425
52598
54357
27375
77578
75588
86748
17265
70772
61863
74169
68746
63444
20904
68079
65152
26606
91707
10000
32978
20645
40595
74369
47487
53569
22765
75534
14825
62114
87364
75686
51420
40595
39377
15055
55983
1094
30731
25520
99647
23954
71029
72969
66396
869
61736
589
2541
42492
10300
91958
5417
23436
69085
63920
40924
44365
89755
10393
19670
2780
19286
89274
20869
95765
92185
85995
98586
476
10784
94786
64108
47298
39002
48048
35598
8759
52213
36101
69446
65312
81201
18021
86318
91250
8933
7282
35267
53188
54402
17251
61141
41883
85228
96957
2348
12803
46598
22429
53183
89253
89201
74863
58631
33144
36147
22389
6659
30122
94544
52199
7262
63083
70066
44782
38320
96331
71153
24726
26433
1756
75087
48820
66544
64673
18581
31184
90282
72797
28334
52154
70112
92697
84445
1372
55869
6420
11525
34029
43985
58384
77912
20124
30032
17640
52604
63626
9893
35114
97194
86988
69669
44859
65558
92235
13071
81391
83135
60333
914
12538
47839
5805
94683
14007
74121
56661
65058
79863
63359
87728
17333
3632
80928
16925
45928
9649
74903
17131
6059
15619
73709
20282
72052
94873
94486
46247
16559
31232
29733
92410
19582
74070
58978
492
35213
75413
84862
25914
98822
62472
76742
44626
66260
21172
77777
13519
45046
70193
82790
48753
42299
16370
10136
56277
27658
79215
84663
58148
10916
37018
78846
21611
2543
61165
43811
60227
39677
91225
14510
40603
24055
39195
73570
61309
31225
76392
54008
20769
50526
17077
45329
78813
10451
67782
71489
31161
90847
9187
23307
39372
85608
75381
61582
95371
58922
30886
99579
84642
56918
92836
60436
62917
22525
98501
33802
38938
25071
83278
40071
25894
82532
44907
39886
81611
60613
68013
64935
21600
79116
49335
47436
62463
14460
44245
53229
98656
93193
40290
29203
67965
88651
84881
5638
20538
80398
74889
6145
99995
29674
35418
69985
84840
2460
83979
38906
16432
38406
61722
76177
54888
6628
82115
4008
94503
6533
74400
37629
1244
78828
8627
54913
91620
46444
63299
29892
62637
54422
16705
37747
21993
53152
50063
91033
90948
18144
16501
47969
34302
77844
20158
4333
28944
54080
78591
30269
6954
78045
99677
11080
94088
35184
82514
7688
13141
88968
43528
19440
61180
31684
14252
93159
14897
98585
60309
24163
23892
51905
40730
8629
33899
64402
43026
55195
74918
1671
1511
83118
8622
68381
34852
16499
80004
29200
28499
43249
80062
69139
96596
35770
58770
40131
21442
20699
75394
70610
83542
31767
99833
84854
99874
42342
80801
54691
89705
54453
90904
63085
62478
10803
46257
32663
78005
2606
22127
21780
56529
21434
97224
39479
60945
95499
30970
52781
42526
1390
5598
94333
26581
18777
79314
73764
2084
75321
4973
92167
83383
7288
56666
39403
59413
53292
8855
84532
40864
39467
19091
59194
65961
64080
32692
96672
92493
42584
41694
34054
86332
6881
93638
37243
23074
84057
32583
16377
52502
81166
64581
78472
18824
94912
92449
98295
8018
96300
56737
58049
47669
35081
74830
29444
81524
25750
40079
30304
89642
75310
52461
77003
2520
36331
41873
27789
96907
88064
77328
24016
90295
45451
22875
67291
61448
73130
90953
29155
43828
59858
25970
32522
66971
12925
29009
32280
2582
63099
30467
36338
44616
32579
82454
89026
27289
6616
23697
30147
55457
40662
13300
23425
19993
38420
99373
62345
33227
2837
83040
74719
70613
49062
25019
93662
60115
20616
7205
31684
30167
45462
5875
42494
9519
52398
6318
16452
32577
17311
42816
12562
3715
63895
92891
11767
47925
46727
42503
70035
65360
7097
77039
34967
83107
91523
6859
35833
19908
19964
84887
90057
88488
39211
44681
51547
40049
9334
10315
77822
81350
20483
48672
48794
11483
17249
42041
30484
66938
4666
63743
67748
9879
76859
11945
32699
96045
45254
2795
45783
93782
97377
29258
95582
90255
40641
80117
33283
99889
8963
80803
93448
61663
14428
43671
90703
65171
99150
41165
46917
65035
15896
51424
56655
30228
22765
67494
82812
85144
17231
36395
53685
32248
2288
56438
15772
97647
53808
17581
9757
87996
87768
70314
86132
47800
93864
56699
31123
41412
17226
1214
102
60058
57124
9589
40982
5445
37902
20165
7175
41209
79576
73712
86446
50517
65664
46990
87510
85477
55054
78073
58379
60370
10138
40118
24884
89895
28282
90798
55373
3143
66216
5510
97670
77708
4974
14327
5785
10309
37294
98869
54736
96041
12590
6561
96034
28384
78630
19504
63648
67299
68741
65646
73043
12867
70510
77844
27149
5016
36838
51215
86042
15019
50578
31861
72727
68552
14927
53430
66619
62015
92763
70210
