79012
10151
72493
96082
72465
54567
86706
59504
53119
21761
20385
62040
32628
43712
29590
30760
40861
390
51175
82677
20715
7409
13679
53873
55592
25485
32224
35412
7747
15295
34316
90592
17458
12042
49074
52214
90403
25723
33480
90314
45007
23207
54474
27759
52580
22457
69230
72956
54997
23849
28463
25554
47768
60211
4215
37135
36168
34911
47685
47589
93927
15361
97020
85513
40172
26659
35507
38076
19307
11017
10158
13796
61236
44504
34753
75480
34732
38408
74401
43575
62660
84089
37857
21850
10624
82809
72642
69662
94188
39228
23545
81981
39356
49620
31148
66279
14374
48115
9778
21158
81795
14581
16125
53461
35798
98623
64372
84107
80014
22760
32988
86590
50777
37785
23336
76892
78150
65682
57955
22745
33186
57794
95479
26778
42364
28103
85435
81497
81045
69247
64992
49108
84561
74701
15500
47204
31440
276
8016
60912
41430
15628
34222
48312
85317
9869
69342
28868
36433
62929
74559
23256
90095
30751
6386
44513
61019
73100
22481
34089
42505
97013
25765
9991
3371
94925
65952
12032
18392
32899
53019
39304
31276
97359
62705
70134
83880
89202
50323
22019
40441
26947
97620
6219
83322
9308
35213
82825
54495
1737
55808
55145
96519
97445
77377
51021
14973
95079
3472
49496
77980
82137
54162
31765
98298
58442
40569
79579
13427
19273
8371
68010
64368
78345
91758
82422
4847
50563
44325
1174
55672
10162
34900
57380
10948
45875
76194
1179
13419
14088
21587
41737
292
18192
95309
25037
10669
54437
5781
216
33335
99817
6908
24543
62993
21635
73128
81394
70928
54477
67036
29732
83739
17520
14788
22630
7875
72639
51264
10479
34639
97981
92015
80885
71827
38714
18483
48750
4809
60568
81066
51778
99990
49903
80988
79235
83448
98626
59331
66225
34245
21487
4250
8082
84848
8841
37476
11112
36473
35349
17881
33737
51414
1815
84101
62350
29208
64008
22228
32335
92479
69896
55462
8878
94163
46395
75867
48263
22238
68003
92358
42213
96976
78509
92890
78594
35817
59895
42424
86468
61675
91427
57255
27963
98766
64197
92056
79798
66040
22340
77731
30098
3764
44567
41208
65394
62635
75338
61503
86518
78751
84059
70077
27391
51112
58141
56958
2080
61479
40880
94358
82017
13069
5291
48362
76891
28629
79331
35730
95652
88166
70188
13550
41479
583
36798
30132
74685
7298
30984
44696
56840
97266
3332
17481
69566
46605
72292
82926
53716
81130
82933
50210
55776
93938
1977
80925
54939
27719
46823
40273
88672
61343
51485
2241
63724
42816
10734
22468
11413
7464
11614
65590
38138
16978
51043
21653
86939
17928
49767
40738
85905
37449
13604
68996
3060
17126
36363
45251
76340
38456
7981
65761
45750
79501
82996
30689
42160
53121
48956
31511
44089
20641
36231
84006
32005
61687
59397
95669
77426
43366
4990
58624
94731
54704
89366
47517
42303
60129
29296
63681
33032
73418
98237
95257
46219
95345
98293
20279
43288
9968
22343
22353
43380
97580
72196
38069
54960
60027
77671
83916
6735
10787
86465
64458
42549
22269
20683
62954
77200
98503
83170
22959
81418
35882
73743
89870
99718
56113
42960
21248
27398
81812
52090
65058
33397
88952
76652
73891
80814
6913
18640
7894
29370
87134
67766
44489
35286
4987
57365
121
7714
73436
34371
99564
11755
44891
74757
93651
10768
16896
37077
18810
54376
73956
96967
41928
61576
41965
29017
91060
71219
44658
9069
92690
26440
88568
79728
63187
49168
92463
32461
43740
21106
80613
37267
54688
9218
40933
17150
94768
56936
98021
21965
2853
35537
7806
66994
46422
18447
2939
52150
32253
26804
34533
53428
9992
9038
69103
78489
65298
68889
65016
24754
58829
18865
68326
23536
85290
50122
45788
79067
24720
86378
28641
90642
66531
5383
37599
13424
93310
80344
8646
63041
11145
50410
6327
32141
26521
96730
88785
30331
8016
66140
48983
38257
36880
11382
69356
85211
39501
32742
55003
85550
56346
7107
87159
23690
88734
2084
82636
79285
26112
11425
29166
61765
72526
70817
6329
95835
20755
89674
8758
4118
76068
31496
54461
63639
95010
94792
54159
65362
59990
60789
59628
31480
54531
44836
59788
49477
40784
46804
45691
39164
43362
80935
7625
27267
32794
66095
14527
80398
43362
91202
32784
26483
46954
96873
94624
14555
14140
6623
18313
50046
81824
26781
75262
41306
48689
26926
30808
6464
70433
81038
95891
98450
17734
25185
90591
32702
24720
85564
10781
26972
47871
88961
97676
9154
40807
85830
68161
41275
44088
97874
3735
60885
2994
18777
49351
32821
2276
56645
18169
55390
1862
50530
57674
36890
94019
13910
41921
82870
16161
97826
38923
40070
66460
62589
57276
20603
14073
55059
37441
73727
32072
96307
33421
86626
17801
59398
91392
75878
59456
32670
7148
22842
76433
36946
7036
57250
74290
42886
62651
22135
45204
21985
87386
4402
20668
30002
97063
47347
66486
81266
27033
59501
60568
14636
21078
49053
71592
23690
70388
34665
69563
73314
78983
11093
77561
87805
94153
77263
39343
79083
46955
10821
50344
88959
95058
43754
81913
76334
8811
98192
92651
91802
76544
36215
41100
51588
86090
38432
39129
56697
32955
42131
18925
31229
76570
774
3955
33794
9510
48550
22266
39736
20475
96655
68986
49242
64949
70562
47904
43285
33509
64712
1224
9061
65813
77061
61595
99889
63973
78528
90112
45437
5906
16376
89766
39487
49251
59170
5701
98122
80749
89008
98753
29952
55512
64238
18777
99454
84107
45052
5828
97374
16801
65996
91447
3652
7510
90596
40579
87299
10056
60481
63381
93204
4254
83263
64919
31630
35370
91889
55491
5623
88202
32531
13874
54213
12812
29041
86983
39069
1649
97849
63875
76993
81014
16713
89815
97748
11509
50508
35153
45882
63103
42417
23264
63937
45261
37825
84882
23486
94052
65908
93275
87378
26375
16450
99652
73604
98887
52379
64211
90082
65815
44362
11838
46539
89137
6846
55431
51284
68298
66597
9207
45551
46999
97350
61355
14394
90777
42612
47816
54511
88781
54579
10611
55230
54341
73359
76319
39521
5656
74144
31394
55126
97815
31325
50858
32884
53390
83785
1855
44779
74538
48562
41103
15653
91175
54175
15279
9405
28716
27139
76941
43808
54438
24626
24559
17263
34184
48687
9784
66947
19477
48916
51764
79560
52965
8832
77786
16864
10686
19048
84049
92934
56316
74385
59120
96873
40881
73144
99590
91714
50835
75987
63713
72542
