51890
84228
78418
21842
45739
11152
98221
79138
87315
16291
11384
45475
86545
48903
56207
45007
23263
80792
18451
59656
87623
72764
16313
82605
24848
53119
18846
33870
89290
71946
1412
92687
34897
56815
63089
61550
79770
28675
26091
72896
31026
76426
44522
95704
7050
19788
81959
60791
73453
50648
86707
20559
88523
50502
26444
88613
14181
34633
11768
29952
41537
97441
4463
25295
90341
79378
59079
68667
41078
10667
39292
9295
23152
2072
8766
9701
76264
3200
50442
64709
63761
30163
54759
71371
41849
22925
88704
30868
59609
84154
40642
60845
54481
15995
15152
43809
44862
69658
96239
37097
76563
87463
99747
62614
25018
66487
39772
1274
421
68075
14569
9828
8144
46724
18507
11938
22014
34672
2733
87401
62723
55459
94833
54052
63157
68531
49569
91945
13294
80465
69693
50973
99677
49977
37965
46314
26428
31913
67751
26140
59741
29760
26748
16098
5991
57536
82479
39536
57402
52418
3294
25312
11303
5243
61559
58140
60009
24986
84570
48166
32313
30910
75747
53668
34570
10379
35402
40475
11862
21593
63025
99910
48413
62897
74555
70242
72382
1816
22990
59976
98776
18309
7486
80511
79869
89707
25855
43394
21489
47749
9416
20249
123
81024
69536
59474
46966
44647
40923
97916
52457
65352
94134
7381
1375
37513
62212
46373
89590
71782
60236
5680
12996
17403
97511
68003
2533
73636
60141
4263
25116
35950
13074
15782
51366
25711
70625
54895
9687
4613
11935
1166
69455
26222
7032
13542
48691
25417
44975
98628
88396
83194
18091
58844
72947
2872
5937
95273
42839
53550
4909
66691
69833
53457
25260
73115
86502
37814
11215
78791
50408
18388
71365
40870
13884
78491
34284
34453
57483
36908
50995
81317
3799
94725
47148
64957
75934
21802
32592
22022
86851
95919
8264
71088
25922
74884
42280
63029
54438
92313
70657
45124
25743
69320
79440
30403
24856
42889
49174
16520
91656
35041
14753
79728
45463
10844
61064
72740
52651
30770
12999
71291
85243
76341
23535
60673
67940
49810
81101
73310
84581
47961
54053
67181
61455
94718
74559
50378
90933
59547
92000
26520
60970
90200
78194
95472
80351
47511
50203
70051
68242
4272
95768
67870
42253
96853
90186
78400
86336
53486
57209
45728
18750
15526
49924
28616
90198
83883
82660
39861
68906
62389
72416
49626
98151
35252
68335
3121
16381
6742
43227
15247
85174
12165
66279
37296
18183
86697
97638
49172
39900
16210
97118
630
20574
19192
6619
47936
70055
31367
42216
75778
42349
83348
62458
72461
68582
2811
91183
69849
29277
45406
17573
49336
22683
95201
58663
32021
87069
70634
23622
57920
51964
2128
57189
93077
91028
59753
4722
52160
19037
47994
585
81097
10554
87839
61785
95646
85710
80768
21988
52873
12899
12342
81036
92685
70610
92866
8015
79829
42718
57310
92146
7876
49320
84942
75103
79882
31130
94995
23685
32125
18152
96385
25436
56525
64261
90858
31485
52400
91230
44579
90016
33500
94556
6254
10743
98462
73768
95987
62471
28054
15640
9140
11767
22302
2961
95960
18576
60842
22171
23312
14884
51689
31730
8814
64031
38715
87677
88722
82116
12524
81051
77875
29188
71791
74540
16806
86537
59012
31794
29351
36591
2063
79444
93309
43974
70654
51777
32036
41972
38095
57219
76737
24274
32716
18266
50247
56280
18231
33788
19956
76216
95352
77724
97312
55664
49342
29225
77455
2252
58777
36337
17249
86765
50490
55461
26696
27638
65771
82304
81806
11028
22859
19415
69173
3540
1219
24279
29165
84211
61921
7226
82884
98676
88955
95633
53751
2798
81807
89837
25624
9349
37464
8698
60066
87727
32149
90488
32626
51061
14753
20975
30701
77166
28517
26456
71751
11920
71826
77468
33676
44998
82790
36659
87521
85686
76429
57898
46043
10644
90216
89340
44119
20679
31616
69472
89289
44739
73510
75359
57592
19789
45621
2760
50142
59902
93253
9932
29446
18575
17432
89382
99582
28856
59043
92282
97386
2111
75939
2118
31224
13711
31434
40508
51316
40935
38221
29811
79119
1309
92078
10954
43127
88598
29734
29041
75772
43967
73467
29420
24780
90727
17512
87056
55522
47293
5130
80392
1711
15482
22864
69182
9252
66230
40415
85476
69898
80287
29096
83421
50790
39277
43714
78742
8174
32359
88535
6842
7503
50785
61047
75411
77671
8907
85525
26596
37227
53523
73262
96656
5172
50026
82301
3610
50323
45454
51842
8465
18971
14708
88167
64613
40771
61859
18181
54081
63572
23576
27762
39816
5067
56897
70706
71627
93966
57645
65032
19548
63099
44361
83945
26012
71836
54747
51050
72010
78014
90396
63730
92736
7251
58285
27283
95508
39264
84773
16403
13398
70440
2127
95326
99235
66898
80413
89072
26771
14242
52089
79312
66203
17667
26142
94456
65327
75560
77645
97350
48722
32033
93679
39508
17536
89113
83229
3828
43184
53842
53239
65868
3013
59825
29388
46980
22526
51905
59043
41573
50923
46210
23130
81433
99202
88845
92176
70662
984
49052
31830
85206
5026
25499
52070
15527
1180
2165
35225
82171
56995
82937
2652
96112
43555
14289
285
3013
12741
73914
94179
81549
44769
429
6093
81839
73094
97782
61518
22230
51810
35581
54849
18794
58941
13342
54745
59713
46008
17028
1241
47353
75184
32065
99971
95757
43692
34446
10264
48396
65188
95834
20644
30799
75908
64999
34066
24257
33001
60733
37104
19552
85206
42644
70888
77099
12573
81828
76171
92792
41408
80550
64451
98848
40549
56176
42729
11747
75280
69824
38856
55493
89296
49065
49633
27690
97526
14435
51895
3879
26701
24214
84273
73479
86723
72598
67036
77223
33825
87953
70104
75016
63373
73145
80174
39709
13777
90962
64730
16567
56433
29695
90670
92476
46699
17507
68039
72194
18027
65818
1365
89004
89855
69378
21058
28144
12768
40897
25243
86791
93758
4993
86891
19935
45792
19531
5197
1519
85617
16613
75382
98838
90608
67721
81761
3974
37996
21195
87851
54323
75222
91097
71744
5949
71076
62697
71220
22706
41411
30998
34272
49434
64899
86099
63
76881
76768
58139
86651
66106
98115
43144
85231
4847
98873
57080
9268
50218
8831
32665
15440
85267
19840
15875
60205
69163
69978
86810
94698
70097
94131
68197
88258
94101
82157
11323
56957
84620
24089
51423
55361
52768
80137
66586
62449
35199
99109
18345
20999
30990
29836
69488
37658
39916
40846
52397
8968
11950
60359
74438
95653
99385
