44057
31721
58276
36691
53494
96336
49162
57772
72852
45028
54941
26998
89637
58102
13282
49534
38869
31006
52045
8922
85598
92525
14881
12373
53061
67886
48373
77026
48697
18122
40726
9289
64778
15424
56398
68440
64740
39427
64316
71781
21488
41224
53317
83637
32509
35768
95958
96943
26742
22714
42553
11509
1320
16065
10733
3549
21697
86249
72965
68608
26623
90916
15365
35119
74923
87419
8864
35372
10036
6977
11120
11764
97194
16940
5957
10705
84797
59423
40044
61266
33844
91786
73414
12222
41067
89987
62269
74536
57173
12646
77076
35926
16969
24749
65622
7405
24393
96853
8879
22651
33758
42221
90895
70652
20200
34427
62632
98243
1147
66706
3287
98229
65281
5663
76634
23651
60470
67817
84379
47584
58801
35288
95979
25307
53704
90954
37763
21442
43264
35981
23392
88717
40579
88991
60531
7964
22576
50617
81858
14166
82483
41734
86720
38303
52231
53175
57197
79503
82032
17249
197
63412
91621
22841
74936
60177
19547
17242
98814
30867
91854
15223
94394
68582
84929
57367
3338
66686
53772
90740
31567
27275
39659
98947
96062
36260
45929
30223
76307
57602
47173
6134
71951
22596
74656
85742
2669
90205
26363
67319
94280
42229
51038
91810
78012
65748
6019
18143
73024
39736
36504
253
20138
59079
67835
26237
55037
90732
17286
86380
49616
72376
94058
36166
80996
38808
14260
89739
88936
38447
60005
78574
7240
34600
37532
59729
42765
10741
45380
30729
64298
82967
79377
21855
52534
83625
2346
99540
56531
2762
70762
16931
32654
89583
67840
19210
1492
89523
2134
1808
89383
83426
22583
77867
61944
70299
1123
55214
83607
63141
95781
72387
18209
82034
35140
55304
41165
82776
41094
26547
625
79904
19326
19561
23722
22288
15853
16749
67374
71775
13566
52262
81715
2737
26844
41976
70324
28450
22876
93965
19593
29838
21813
64866
18827
29557
39974
33954
18113
35118
9360
51373
7590
67601
28086
72902
68819
84447
87490
10680
33331
99280
71209
76561
84960
77971
35524
71034
87736
21857
87879
21507
28130
89885
25108
16634
23129
65813
95327
39466
55703
98871
51799
15659
78869
76508
74328
58289
10628
5951
66627
92696
12296
66720
52432
25796
19230
14540
31443
84302
29725
58471
98664
90815
41682
93806
89251
23406
10576
34074
45186
86772
46817
39574
33733
58537
17201
20229
62663
3656
93641
6721
34621
67624
80011
89302
83495
81025
64543
34521
33325
21667
22952
86197
44989
80389
89510
59303
26299
4174
28624
64438
33170
67517
47808
84903
6843
68769
27791
57403
35236
29140
19014
96236
6606
98535
6844
52450
86343
581
84950
72187
32313
259
83763
59589
63900
31873
56979
97867
87058
50048
63306
99675
47636
66552
46627
76227
68002
57904
63770
12272
95315
96155
96329
41574
61317
30720
29660
30489
43568
29149
65738
27771
65381
77310
4886
24163
32329
70015
94814
98065
77611
38145
88461
7343
42798
57255
77876
95867
37939
89004
60097
49784
99885
13731
80206
22121
60731
96778
68747
15703
20106
97405
88675
5757
60479
79378
82836
52536
20283
36683
70905
4716
75292
80439
46292
20746
20958
34365
86118
17411
98877
59579
42956
55928
15184
58966
93931
32172
58539
19822
7127
10338
62379
95278
90875
2982
8342
14725
58486
42098
83632
43269
43640
90904
51309
59595
60244
38573
62904
32480
48284
14665
5654
54872
59415
93779
39803
38941
34135
90657
79280
79364
66597
73880
5565
92964
64351
16314
91881
52241
63990
82299
64444
68075
96804
93281
67535
6857
30808
2379
21719
37535
98469
75446
17767
28720
88410
88656
95740
254
1273
73409
28103
29407
39669
15816
69920
62891
15783
41963
92650
41024
89736
2393
25687
80876
81971
25444
7180
30122
66789
1281
24953
98501
48389
35321
26975
13820
32675
57806
96425
28842
14331
19793
93220
74868
48385
91011
3780
35464
72199
67484
82176
96030
71495
14199
80799
70926
65358
91983
47839
74076
74199
60617
29921
18105
90991
23255
84168
76456
17456
63043
68837
5112
81519
77390
18777
68412
30840
91823
86877
75373
70714
51919
27613
75754
12340
82455
5111
54992
23399
4094
36233
56213
60291
73636
54362
25759
5284
29174
71152
8335
50792
75865
8835
74899
98902
33743
71478
51502
62873
5121
61302
85071
49785
91557
80259
70491
98276
53341
33607
35726
35925
76888
8423
15729
71528
46015
10730
5542
13867
44965
34436
87675
21821
57718
22976
42327
43810
60212
29958
1932
96541
13432
66074
97897
6091
68869
64793
17770
44232
65951
39509
22993
29394
2163
17200
21151
83972
95910
62311
23554
63544
90610
48803
20740
15026
90079
45069
22025
63853
95643
87397
19293
31639
9050
15803
91890
34919
29047
37642
8886
95452
50607
50294
30653
71060
20800
54782
60557
57558
99234
47893
76381
57564
17283
60965
57771
61101
14366
85655
74952
66707
91804
36060
53398
3483
46208
24733
92073
39480
51652
95784
43433
83679
57720
37544
99557
98545
7986
80447
49937
70548
30444
34022
90528
84769
69989
57233
82013
78049
66056
64192
12301
55981
91100
38049
99175
52501
20748
80511
16493
74045
12237
65209
62953
98551
25302
51065
2549
42682
31646
99108
78255
266
71267
8438
11193
1685
3059
4189
63195
92132
61721
70835
30993
15325
67950
20510
96004
53559
26655
62469
83804
32787
9267
76918
70779
63527
88980
97663
6248
27234
24042
24376
41644
7413
96093
67530
11595
81854
26066
30263
81919
88350
19673
21090
62226
33843
84996
38155
48386
34746
86483
90909
45878
95221
37172
37120
63205
21012
58156
67987
64788
92932
78605
22898
38033
37053
57407
88708
95539
89921
60256
9939
59717
40870
3111
53483
51372
73146
50789
58898
74509
75741
97740
34191
16472
753
89265
49273
15809
28666
61917
56240
79860
69715
21667
25045
59329
49262
11194
73506
17159
41570
94443
79309
26779
3896
71383
64533
67868
64717
73889
3812
78658
9174
23172
65576
10054
23093
10808
21150
53195
28477
41428
93673
72795
14635
47886
56929
62686
9826
4405
22674
50958
22461
22344
92981
42551
99083
96484
13392
79671
26186
25166
41540
54958
17110
66518
37767
38091
30123
63869
88140
24024
70925
24065
65543
33311
3679
94887
13017
21992
46510
91377
17387
7651
5654
34784
32188
24406
6104
73730
9119
70891
20532
65580
99867
85162
15428
20118
38225
63108
80977
52080
86314
54908
56498
86637
61144
67250
27031
3409
25264
12783
64251
22216
