87891
73143
15841
64087
80033
50829
18568
16303
10561
56854
63362
14247
19247
30830
5338
34764
51063
91288
44954
66512
29618
52068
47815
79151
79851
70698
297
98009
97393
88389
82868
94605
12590
53264
87836
54412
46920
71542
89631
13340
29446
55303
53440
92079
21456
21901
99809
20070
5050
71195
49304
8253
89766
3615
18269
13170
31145
2742
92944
91508
47646
3211
74825
49933
30963
78943
75186
34110
63553
72174
25452
38622
69425
71707
9414
91103
34879
51974
827
99249
88100
98733
73207
19065
34088
91260
58186
39583
2032
97080
61397
74242
90504
39649
27215
40731
40850
37372
14799
87901
61224
48362
49365
56262
50530
11710
78697
52224
24357
11477
29166
22315
30911
76507
23669
81338
48956
1297
15013
88566
76975
63345
50407
10763
5225
25470
17645
13416
51390
44522
65836
92590
602
72905
60233
19666
49610
87677
62388
88954
4443
91033
43515
86349
9922
95604
15007
81264
29410
68704
70145
28045
89068
8103
78998
2429
35467
44777
82142
66924
11471
51729
87216
61619
24462
78772
10808
78741
31861
1286
35530
16921
4340
11474
73577
47926
76771
8051
45850
20982
62670
29789
14557
10251
72072
57477
51586
46017
53888
64394
24339
24349
35994
14087
20528
66929
51063
43955
95364
3102
91682
32556
67673
40927
16366
7158
12575
88700
74315
46392
76151
79226
82367
93249
24480
20921
23765
34681
76720
23352
90516
35567
33398
34559
3589
93985
97297
52425
56640
11237
45299
75190
82517
23171
90889
16772
17600
6905
77456
64316
50457
91878
88509
36366
70830
50680
8634
72318
24658
98134
73507
22023
45676
44232
90263
77071
15575
38618
28755
23138
9748
14991
92846
63262
22343
36614
45882
49473
96467
7945
45098
10102
67076
22922
7269
69098
83686
5015
72405
54253
14925
59230
67282
276
68981
64806
14547
26179
44583
29355
67931
94173
40230
57979
25723
19603
34753
20314
7800
90565
46921
60854
7757
97885
29266
56467
47687
74543
49027
76081
24485
41410
62676
3374
64553
95387
24493
62847
85740
97340
75401
20596
78821
241
91714
34313
92852
56422
97766
75510
97664
80652
70526
99132
9432
9111
95486
57347
18796
11262
85122
29873
62931
6711
23734
92051
56509
94893
9350
50190
64116
12105
50625
90484
62265
23710
65215
7011
19802
18999
95763
38335
10389
4963
21710
54765
21237
12783
2170
70059
27064
1739
72037
27067
24464
2451
75852
11359
39825
92987
29671
83536
16005
75652
31166
70244
33451
8715
43192
32495
11848
88778
8982
92643
67652
77870
21956
30118
7040
63146
30306
10443
30194
77087
60641
18700
74428
70906
68090
61850
23539
69355
59039
60466
9549
27575
98067
5354
39669
18443
30463
66515
61477
87895
52314
66104
2950
97201
77006
902
1842
97156
63457
88350
96776
60149
80822
55955
36926
20615
94113
60369
59867
96618
4515
79472
60624
69452
48268
19554
48903
32226
76937
80968
8604
24672
68613
42290
40417
8927
29595
16062
93722
60366
82195
85024
34230
32803
70408
88163
84428
43926
91571
15919
76339
47008
33129
36857
22341
87963
29219
26894
34105
33491
5433
22965
48891
94068
72930
85535
66358
47523
43425
8332
1219
68881
68811
79472
19954
83022
13557
58160
12584
183
68587
87085
59392
35841
70180
42612
31902
10512
44506
78882
82707
98160
78037
56801
37673
88372
52022
91492
1457
73285
97709
58795
89190
17660
44396
32885
65460
65000
65330
43332
30957
67034
99426
71697
15510
97606
58976
57000
70374
29453
48310
24888
16959
36094
61811
68688
10446
93905
14677
1515
86984
15516
55984
19812
14967
79635
68186
74600
62959
33483
37351
55235
76107
26416
11799
54923
73374
90757
11648
91206
45215
88851
88457
9605
50899
37680
80725
15057
93494
80553
2477
64684
6182
82880
35509
36458
44721
15204
78550
90574
49379
37828
75488
23699
31293
98258
3274
49860
91058
55807
8547
80843
1793
15021
62757
85620
35609
67843
38455
21490
41956
21157
35226
53623
60823
15643
78577
28575
8168
50165
93690
85290
38855
63912
26054
90118
76027
3208
69344
62823
46230
25248
44589
69924
85712
73938
73395
26711
21219
95143
35814
27327
43178
87409
78967
94799
47359
14871
30897
25005
29679
9068
93790
53540
97363
78330
48853
35181
25740
17483
32074
24039
36158
54434
74313
28756
45973
46658
16162
54845
80889
65049
72304
67698
25577
86107
65115
62072
63166
20693
99626
7018
40373
30145
73748
65236
15826
65804
67216
71929
89003
35782
18576
60998
14568
96642
49274
94943
81862
55768
41464
54560
36944
46563
47105
96181
28569
78527
21277
68283
34187
2425
26631
34910
63825
56701
78353
52618
39294
97148
48624
90930
34915
40137
59
54765
51519
67864
77862
77544
95376
39300
19595
44574
28413
21172
67529
24750
52021
76268
30437
714
82029
72525
3945
9627
12851
84889
87630
70898
64141
22919
14863
85303
24877
74413
71243
95280
24785
95533
2240
21552
4692
91064
3825
46383
56106
82199
84772
44754
58646
21546
87242
26601
70375
56207
87429
16134
53477
96163
6249
9991
71444
56312
9158
76229
14161
31970
95461
99057
56517
88764
35482
7762
90473
54147
77678
43599
70908
4205
47351
97661
9873
67118
40688
6084
38837
84421
64749
63938
31630
46424
4695
30875
15853
67187
69326
39583
76965
60291
38441
8383
50833
29322
23927
21629
68994
40994
46482
53268
29303
30168
55363
53429
86979
642
24087
29238
43989
19243
95370
12157
65251
82660
75201
86196
17542
13844
15440
73156
22849
70068
75226
9097
32490
3586
91814
42276
9726
2658
20321
59425
11257
80011
2313
46089
84025
68281
11476
34767
60261
81944
75354
55005
87522
6722
92821
43625
49413
18428
31878
28434
4615
77431
33500
60123
75589
97108
92775
59026
52950
67535
69032
44139
95175
34855
25884
34224
84303
50528
35890
42580
66323
20394
80019
42494
33908
52810
26976
62502
27232
32545
28785
1293
5484
29194
95489
904
35707
59810
12989
49958
87506
53088
19868
30877
37281
85483
23147
47969
32434
97633
84605
6124
15844
16482
83024
68985
82456
11687
77723
37766
1566
98569
511
14236
11767
17834
77028
45084
17591
6759
63977
87004
94699
65888
13384
70174
64887
96179
86061
38280
12809
39762
50649
45606
54540
54737
85372
30987
59059
5824
64697
4879
82796
34173
90476
30894
83918
86457
62238
25577
59761
92258
48153
10627
33454
30934
48987
31379
42097
46075
97269
34439
56101
97057
