45201
8850
81750
56505
49070
27500
58146
50846
59945
3297
31763
81794
94558
22687
63043
39544
81373
78050
11249
38917
30372
71371
31044
80868
57989
88357
41845
113
44930
28770
1823
72146
81934
25168
27872
49258
99828
4848
13485
38406
56286
64200
14661
45935
9928
10862
83365
70760
88692
73527
67662
72933
92904
24120
63969
6874
31567
20866
97166
22247
38885
94638
66288
80229
8437
31021
49362
5112
40071
25595
58871
35092
45131
48388
58858
84524
51783
57187
95066
32413
74673
39756
2336
70272
11157
74848
17076
65116
43457
66444
35924
92916
68288
20591
64056
57765
48352
77708
39760
59213
79113
24378
22395
60855
87850
6840
10891
77452
19771
33414
85601
49203
60728
46533
80252
41244
63452
80736
82677
50187
26943
32250
62198
15716
90313
9356
78729
26326
41835
15504
60791
4024
72387
59740
14527
54567
41067
6929
69245
14394
61310
6490
26719
89193
57596
51831
8951
28436
42881
21374
37731
20011
72229
13486
56101
76063
36067
43189
31500
91979
93005
71285
33935
41243
44994
38992
21266
83300
82973
84582
60876
17502
36481
35670
83829
57400
45325
99581
26580
81246
82300
72698
58682
82577
84894
76368
90243
97415
17424
86619
4421
11773
37009
67891
19420
80204
22010
26067
63336
80002
23594
48126
88771
75065
95861
88408
78710
49958
69956
53797
87393
42166
1091
49743
54720
3350
15818
11227
52694
45270
44139
68956
52270
46380
12405
10692
45386
3818
31176
42464
47736
48493
72417
13490
71282
88802
7323
88311
89842
88287
98350
6718
54527
52414
85769
3898
46596
55496
89646
99838
63382
62922
86303
24352
83827
13757
24616
57188
2322
5263
70459
35833
96128
94426
28027
70772
4510
3194
96118
55713
32198
94462
79811
78986
30668
64756
69418
18081
31958
55299
76685
91992
14951
1760
79077
89035
81290
95075
65469
86837
69117
59364
22137
8498
75559
13048
50254
25944
87796
870
90194
86537
99586
80423
14434
56629
43316
11972
54919
71247
5504
4090
35364
63108
24129
13337
42813
26095
43315
61835
87287
4181
2674
80327
27228
43298
66663
58977
10541
63545
7687
24404
1297
6896
86544
95297
46053
42940
86561
47818
1862
85544
14235
98256
71247
59129
69337
75881
1550
7467
85520
42577
24543
77255
79394
34539
18944
29476
17181
46568
45374
87013
34707
26475
84707
25800
33775
79844
22430
89954
27616
22824
84536
10980
22684
88754
39628
26097
953
18488
43392
67549
86194
83391
26585
32264
90752
2176
28580
52416
82442
9569
31312
17706
18306
64400
55385
96208
75975
1923
33458
85114
88308
91514
63378
85849
34557
39073
65077
85783
30142
1568
79310
82954
94500
67307
13360
15862
4020
97261
58313
83914
94525
72913
1749
95434
73193
63966
54947
49920
62979
69162
39970
44505
27013
25961
38044
83616
85281
25059
95569
31773
45960
88891
60291
67154
38951
28719
59715
5164
9147
88980
9641
66512
99595
89574
6016
26111
25925
97195
52263
10946
26819
51341
27861
63021
92473
42753
3152
55258
2879
41008
7885
28927
31894
94576
49026
12782
14766
51786
30974
95304
86544
62729
72926
98912
37702
46384
89187
59113
81944
30799
54068
22017
46032
31606
1682
32115
35048
86786
85223
16471
56752
489
22128
57737
30970
24452
16827
52620
80867
79806
17118
59021
17690
83444
67838
60816
3415
17047
24175
79201
39640
97652
1847
2131
76999
93831
64125
43293
10656
9142
484
24435
74522
31075
79349
82626
92123
34668
1481
75336
75410
54115
46134
54788
61323
73086
74483
46963
82790
49786
35996
97035
46524
79478
88385
68674
86420
11985
99437
57895
8396
27642
4943
29126
21095
77752
19015
73507
38251
39084
22769
94386
21847
14068
27790
71411
38325
96525
26725
28517
16751
12236
31834
30190
4889
8035
84741
6595
37922
95944
21709
81435
43366
49202
192
24889
3787
98574
16914
78150
26052
89460
229
76198
44321
66017
64274
84192
23937
3459
22256
3135
59377
46603
20080
6582
2602
91085
22575
42676
46819
51491
77857
27775
10985
67036
56662
925
57036
92580
21248
29205
83598
15345
34823
31692
69048
62897
36896
39541
30279
64677
32190
917
45951
29881
46158
80722
55017
17314
63966
54218
30965
1878
4586
96432
76900
64246
50064
30061
83176
24442
42639
17980
60018
86098
32006
79590
57659
50561
63673
33917
72004
71871
11623
30346
75778
12402
35949
19172
1030
30278
65397
47505
51508
80735
40644
8208
40544
32534
9166
38967
3804
13324
30749
77242
69219
73521
61824
91602
73535
40463
21202
80255
48226
31584
93104
26494
94452
60550
13541
67429
76832
33501
98683
24564
70214
36958
1559
70368
91485
82282
69869
66382
48081
53948
88228
29065
65761
1062
23993
86341
71446
43993
19474
9046
19920
99533
6695
6403
37597
84103
11882
52971
34990
72643
91749
47142
92944
12184
48221
46132
74375
53124
34299
70830
62525
4138
24681
17751
15869
67860
60715
1957
31322
80420
48118
95372
5358
95194
87399
71836
72180
71764
67734
36630
21583
30374
87488
47545
80962
34743
1151
17721
96172
9058
53979
75400
70865
90991
5925
55781
72326
9101
29819
44893
82291
51061
26744
89751
93307
50339
19179
18721
35432
89789
37637
56720
24070
56207
43721
47684
53943
15945
47833
87230
64362
86089
59069
16818
30017
44304
86411
45130
11012
62885
17315
60475
36773
90264
72020
38868
59686
78002
89408
24337
61235
5622
46308
75900
78483
34789
36467
49529
12928
58954
29323
41335
29694
52619
7348
54917
92586
65585
37614
38099
65333
96181
89250
355
55344
94824
91241
64134
40282
622
79784
97047
8314
89603
20563
50544
3920
20118
83331
66487
59666
83585
7158
3064
95129
58654
99199
8513
14106
3391
56224
38834
66674
6947
18981
25474
18998
46777
88241
98853
66630
52024
73815
81441
82197
66834
2102
8122
71091
70191
12938
37308
68826
39418
70918
83323
79181
40742
50778
89993
43119
34360
9661
91704
8927
23632
36348
93911
22873
18935
78453
53893
7750
55640
81282
10793
32724
72911
23751
95801
15707
62129
93311
20775
97235
81825
41008
18908
90120
10152
73191
53983
56438
58115
67782
18813
27773
86462
76095
53290
63308
42352
56359
94296
59523
53995
92819
48610
76649
38106
89767
72958
52072
29380
58969
73010
61910
84091
86531
69389
45824
43791
77300
94868
58282
14401
10560
68381
81316
63104
91135
17163
36994
93826
67987
14911
69490
95922
58151
2371
56816
26086
