53293
37650
17272
26414
61258
69539
93694
65766
41464
4848
59362
73841
92574
3855
84011
83068
40318
60400
49032
45639
20521
25831
99107
1247
31889
27318
90736
91093
41008
82867
2618
13810
23362
29833
21912
74593
741
6621
13566
98782
15250
92441
21295
34925
80544
30907
36720
13919
82570
46484
89879
66401
19805
18227
10973
21867
10990
98710
48597
9966
13568
5726
72306
70839
36
91849
79192
71070
74117
45031
6462
50842
53369
48841
78796
92333
29695
44821
51868
12307
93173
35433
7680
3197
71892
94883
12806
39492
88524
45909
16899
84223
72263
51429
1473
52751
70226
77683
20466
11491
63375
96839
40231
34354
64507
94790
2145
63032
32965
78661
87597
95248
43530
22675
18199
38881
79615
81104
34601
86602
79439
84844
71559
75962
58045
52299
30039
74590
15841
49591
3904
6208
58827
51783
74560
37876
10804
90832
54800
42717
89013
73142
60885
3472
98101
9565
45650
16519
81331
45623
6856
99242
54723
32088
99220
44052
38913
14442
83195
93089
56814
58139
68913
82684
43548
29172
3432
36273
39895
41144
50816
60992
45195
84491
75849
67249
89338
8281
72728
82326
52911
31954
17822
83878
39383
99240
94368
27414
26061
41768
1147
70310
85946
46219
11771
15091
16657
60910
34060
67139
85271
93279
13117
50265
18693
55108
97668
81851
69488
48241
22744
3236
44531
56049
87281
54211
905
43713
90963
75447
73918
74861
95911
96704
25376
19174
84384
8433
75534
60549
35695
52613
49118
51670
27081
82696
69583
19396
48760
53594
78523
6035
20634
68929
58176
83592
51584
12032
91614
81499
57541
93682
54147
70407
12278
28999
66379
73879
15269
2819
17063
84807
5168
71408
65461
93819
40829
4266
22965
69814
77263
76293
30467
55000
43623
84485
94941
2345
5537
96536
87528
32654
8432
79995
2758
69731
41429
59869
72931
72878
20859
41530
68653
35531
18456
24149
2470
67158
83968
49428
46607
16532
6955
59516
65323
38395
68548
51030
6330
23562
46337
98396
53320
30446
62269
66637
12161
11774
90519
86632
82677
50858
77136
6961
89721
79693
57388
19515
57890
31853
22541
85992
65594
48606
48840
64515
98940
60515
77280
62346
34962
72869
33351
97828
93
68455
47291
21611
98365
23624
68684
54655
11308
78848
69199
16438
57563
19306
53554
850
49471
44419
62670
56840
66745
20868
92556
81125
78832
57187
61686
19247
68589
23352
40290
13706
96181
91561
81816
60427
65715
95529
52766
66388
5666
34493
22087
69050
70648
64222
66997
89392
78115
21209
42882
74749
68806
51827
57667
90588
20249
90908
38861
15960
79392
46864
37835
16213
81927
47655
61959
9093
62279
57160
22322
52992
74645
49859
60657
23032
70039
74214
17963
47137
63656
56106
45618
43552
44051
8657
34512
56478
47314
79511
77029
66266
30067
8543
35207
26215
7427
77949
77907
45271
29992
20749
13473
70987
75560
31067
13886
84777
47584
89982
32592
6125
42873
87117
67035
94595
49884
48308
34468
71289
27357
30297
87641
65954
73630
5828
55736
65463
14270
79160
13596
64600
37309
22733
47669
10800
67290
86392
55859
81789
61117
97691
43011
87364
53914
49555
87580
62162
13265
59256
85969
47772
96036
16412
39351
88217
5984
80388
59888
91687
45958
67764
49331
14164
32314
85806
73879
30157
35857
61670
34069
87232
87135
76113
47715
5580
6367
38940
40086
8405
70719
46923
82874
7343
1272
96883
99156
56243
4759
25382
1036
65358
85998
93209
78040
68070
40264
31258
99107
49342
30488
36245
68972
52359
10819
42262
94410
56155
41930
71480
66943
62078
78933
25301
38275
4061
82416
33659
72623
51583
79257
96661
32516
71142
93110
34683
9365
26191
62227
2158
57993
68378
61687
3772
30008
86320
24912
6767
11460
36654
8681
14699
66369
19644
50800
82778
7403
56549
90860
5676
50918
69124
21908
93281
95307
10598
62103
81154
57809
54996
35828
84386
52338
65512
2653
44951
65199
39113
22134
21
45106
4328
84848
8023
69871
4928
1216
4769
8213
69253
85713
19929
54835
519
90317
52351
24260
8154
15453
15941
80612
79076
1028
50243
70269
73147
62921
612
98299
95869
79508
5261
76344
7098
40355
21396
32239
19618
53584
96442
83613
54224
29281
92280
36790
45768
52549
40460
44413
4686
83199
81960
34759
4368
92200
62747
77575
89160
38477
19310
84444
46030
78359
18530
16486
2012
21827
8205
29848
81901
84274
42827
17070
3404
61920
54192
34341
89247
32557
45043
74430
28337
19925
47883
55067
16028
84464
66803
26502
90259
61572
5247
16294
44928
59520
62969
40113
40747
11175
83746
55296
55536
19941
15340
37534
91760
42677
95250
73891
67448
40093
89030
85876
67790
91633
82097
35286
62895
84663
10390
55882
83958
98714
84784
75045
90745
29285
55217
95512
12828
64724
88670
42201
49229
72506
22376
88068
83434
52364
70102
8391
33849
87687
15344
47976
43045
86332
3870
11276
83217
38721
43949
59671
1819
1578
36958
88415
2142
12308
63590
24853
84004
29789
60011
43792
76793
11879
13528
83461
22332
69103
82019
55160
91679
10185
29969
15686
99859
68370
67613
27546
80056
44451
43168
58644
4698
11855
55046
3754
12751
55987
11322
86593
79914
81329
97611
93595
94828
48507
75142
38948
22205
45549
90877
32720
42586
98553
17985
47338
31065
58956
1800
80367
39402
20359
3773
92799
50870
46859
81743
76734
76884
42473
85377
86447
36742
36018
478
71990
1577
95823
76741
76279
41549
73376
79482
20404
85797
86908
67950
18366
15113
84507
43777
40188
75909
84402
90310
95078
55844
24782
1519
66148
30844
79742
91310
91105
62747
62672
17921
86132
44422
14872
71012
65647
29990
25352
73489
82861
77327
43978
31963
39567
76864
10302
4443
23378
50936
29464
78299
71507
96692
54730
37725
77620
28722
48255
38615
33824
77758
81142
84761
63622
1596
58648
44452
41817
38062
47370
24978
69909
71641
22324
20423
31604
84857
95370
35588
3957
74101
15827
58446
4380
65848
90971
74228
42029
63605
40012
27861
68968
18902
56103
65158
69313
19647
73336
20846
57781
46235
76095
68081
59290
49333
68739
5767
61050
75384
72661
99966
8982
5948
46662
15980
90820
30283
14283
40213
57268
76337
20704
76179
81919
28711
26654
82177
65615
49379
97342
88346
28415
34737
46931
66103
63627
22253
29382
50413
32516
85696
49163
19664
68829
43399
98201
92714
65881
37684
84692
77020
71412
9692
13864
83854
33816
48814
