73100
5838
33331
77980
66321
63584
56174
17700
2742
79029
24819
71773
25210
58228
32314
77887
51404
42633
96462
21599
40955
22757
62289
87834
54644
319
92411
63681
36873
86494
88589
15869
40763
57221
34280
99995
35424
446
22330
57060
90937
16250
24948
46178
25072
37017
20306
42671
46298
44760
50514
11314
73006
25882
18793
56393
94356
19981
11572
27240
69909
33533
16107
90169
47198
45178
9489
1166
75451
87427
46082
35805
17371
82370
47452
18529
63078
44469
869
48208
52687
70932
65971
83705
8095
66920
35897
84834
68891
22535
91374
1736
57489
20494
61711
9414
19831
51288
24661
26939
40220
4276
90737
87027
24161
86059
81043
27774
64057
69403
13805
96116
32537
19851
53309
61586
20757
59154
32435
31961
20271
53665
16434
58829
58610
94504
56302
57537
38198
56940
80532
44007
66403
66677
16204
76105
83173
38391
99919
50437
70442
58504
83908
92587
60006
98640
38565
76490
89915
19799
75390
37950
35192
79574
80030
25413
9559
26379
54668
64093
45427
83520
64869
20577
95380
98339
52860
53592
66144
34162
92972
79107
600
90014
43298
30135
52998
85084
55404
57559
84695
65719
27426
24475
4162
25086
9915
52014
16180
93476
93224
27053
14065
63395
59007
78234
1942
44767
31894
39638
5405
27181
72690
89207
69994
29047
24827
26176
13345
85746
41799
87130
95432
12562
67121
2061
13816
52169
52798
36641
70852
1486
20647
32707
55493
17718
70484
7645
15629
78249
29109
65633
69273
90850
96680
80558
84470
47890
25422
9433
14464
46349
36180
87576
31585
73842
63443
71327
12354
47118
63529
32253
34091
11350
41619
75996
11071
2817
88310
49491
55877
1614
65551
55082
24033
30892
93812
49815
46297
7813
37973
52059
4965
18501
53792
85593
22884
18816
40756
64810
72378
83768
79315
17279
18954
44157
13732
83667
72124
91267
19192
55871
84047
13016
32076
44218
5651
54502
16433
8528
7910
69386
37892
4348
10144
42347
62924
80420
76276
65067
85408
2315
51732
17819
92943
80627
68611
8428
4872
73969
80189
62602
84223
46376
24109
55398
69596
51860
54841
49044
6504
69914
28105
54887
72397
12183
99982
51293
73028
88293
21491
14905
38131
5502
58003
29627
61741
25686
7067
68873
89903
59426
10848
36776
98885
25911
75834
2345
25561
81150
1313
79007
20324
3430
6823
44734
96854
87158
51270
23211
52141
5186
63226
954
82902
23236
85456
37296
64545
37411
67328
42778
85627
58837
81750
68608
93883
70027
69423
80747
22517
8273
30283
22052
60536
29939
69855
15363
43277
22822
20012
78127
27160
22666
17719
75353
59443
87900
88999
22893
42989
33545
4873
14698
38892
77681
87919
88601
32614
72178
89645
38764
64134
48212
38226
30766
84002
11183
66305
70387
52668
40801
47318
78664
35163
59576
71576
6831
7528
62332
82468
75234
22768
96528
35337
98766
56165
28402
52401
53883
78467
68583
31744
62658
45926
47118
83693
85141
47908
84978
2238
36719
44065
71324
31983
70735
64598
47300
5072
1785
97214
65510
98000
60919
4109
80881
76161
7106
95912
24679
15148
58170
18981
12451
82595
10198
29757
47523
77013
92618
65579
310
37061
25290
27457
30996
14417
99270
49121
88255
55131
76112
55119
34688
2410
15143
6392
10931
40945
53177
4063
11880
81014
88760
26201
27368
42845
24326
936
56988
21808
22827
50230
7152
89991
74324
27141
10127
50822
97419
36219
17099
99685
50637
52247
29717
30292
15332
49695
12386
38383
6880
72055
20469
24944
13816
1023
8364
62307
11235
90584
58836
15870
78914
76295
38680
41476
60963
96793
32775
6056
43837
99931
14436
79132
87278
83472
75060
47446
3781
72625
9648
78384
93029
1523
745
99233
43610
54142
57800
30508
83583
46939
20618
54683
29601
47816
78395
48377
11407
61846
56650
31278
47384
23871
34569
14343
31433
85480
3688
19671
92344
24343
69109
99235
49332
62776
12821
7121
52017
54292
42800
97320
55500
2845
22090
38647
76169
21969
25333
48016
58426
57712
58170
37690
10637
87071
39455
76019
5747
48131
61712
11201
65324
44189
25120
19813
16844
93501
65011
89427
81795
81021
64645
90977
88827
45597
21393
51612
15994
41407
69065
60895
68504
81848
92163
68696
77959
93612
15119
52566
95512
72593
32673
12929
62568
13880
41583
14854
12271
8742
33825
21297
94807
34485
15206
20607
38373
91976
65635
40863
47745
40024
54588
57620
28421
9747
88185
26725
58153
9746
97134
61599
93580
34564
12113
75153
72
89443
53723
52729
78265
42098
40668
41613
85807
7013
71140
46123
62337
97030
645
25174
33315
976
16024
85136
11897
64609
52864
11710
60491
3792
50719
13667
27040
85230
4820
14858
13570
88094
16479
59237
27947
69765
29053
11859
87120
68466
82768
85194
11515
59648
21278
3882
32033
41668
61621
76957
49897
46879
55299
34017
1602
4018
8343
74677
8366
87256
85192
96448
41576
38112
17024
52273
94739
7504
93010
57369
72477
19472
38130
9847
16119
55201
36722
26972
35552
99917
90244
22614
39710
86612
92716
9138
16005
33224
62001
41564
38227
86361
51873
57213
18940
36013
98684
69229
19118
16637
29993
8186
84440
55762
38516
16554
97301
9606
10386
55408
67006
34304
52473
7185
29402
67964
78329
45575
12819
82302
91973
44295
80398
19505
31204
36580
90367
55388
51238
41760
19250
8472
98772
64913
37569
55665
33702
42566
24685
99779
30622
12918
56775
98575
35434
76086
41219
1252
56381
4422
42413
84617
37748
13553
12600
90575
27944
62365
85625
13662
29330
84130
88382
38090
83987
55744
97365
31733
82935
13787
99211
89601
1558
65060
71215
78463
89646
5966
83752
63378
70193
56130
75577
89719
98227
42105
59359
98002
49250
7015
14612
73064
69061
29809
1795
35952
13957
91161
88301
42299
83100
36479
83720
37157
64023
40166
65315
31516
31211
35058
92031
29216
48644
85773
85594
79785
61447
32586
56626
99492
79035
62629
4513
12292
87144
55912
65794
47219
20479
47555
31644
10028
87263
92064
63398
41913
6394
33308
538
73861
28085
62098
2431
10828
97994
15149
67940
42923
81446
52145
73009
75013
91296
58680
35215
84445
2340
96699
81285
46986
22172
74012
2785
42933
94931
86141
46440
4262
78508
45889
63320
74779
20076
65824
8837
69552
34984
58578
95673
20096
51193
52196
66235
6505
52000
26934
97126
79475
79378
83245
22533
37752
10088
55840
83290
12433
11847
78228
45395
35312
4619
