55857
1805
62028
99960
69415
8559
76872
59563
45593
39741
84444
29402
58897
26336
90235
36126
62500
51197
35343
21032
62961
28910
57427
17497
2248
30727
84571
63689
50408
28689
72319
66808
84134
18966
14395
35085
94535
48606
68424
33399
90428
12955
35627
86284
67697
40661
97833
52916
2661
8254
74339
14041
31618
37069
33044
32021
99319
87615
72871
80426
75290
69458
23980
82251
65148
69249
442
19543
2566
42910
90393
72598
55015
74443
44735
192
63049
25352
24560
14217
96026
40153
94488
55686
32922
91230
35644
76834
26145
82425
52685
87797
78850
74084
73928
46778
12595
49798
61847
81871
25726
32098
42562
6004
44060
46778
61786
99475
31611
69795
43704
64639
29830
56469
73720
2154
90405
9997
13526
74077
17957
30318
53836
5752
26865
61222
54049
70121
96812
9517
13450
89255
71902
57840
94167
17790
28932
96735
28120
28636
48612
12696
4800
33615
1534
77005
53627
15766
36755
84282
77153
58962
27406
12253
44672
31026
80187
15569
12257
32810
78424
70372
97835
82459
99735
31616
5790
62392
90309
36318
70920
21894
86154
99265
91209
95508
834
64167
28359
53977
43352
13120
11628
66022
76400
30059
75455
36395
13
55982
91276
45739
46780
98741
59292
72914
91219
21535
3526
96850
12781
82210
74935
2800
87465
36079
25238
22554
20573
30700
96663
5926
96003
23514
25672
27404
25906
17384
38667
60406
8032
86726
58913
29574
81088
17632
4128
15451
95125
94905
26761
48057
82200
99168
99758
39269
90015
56600
20176
90167
8293
20850
62093
49557
1000
22463
49092
4605
69866
22951
89711
55097
14225
11119
20649
27760
9597
20151
54402
14214
56967
30050
91710
21783
34884
93546
68192
93550
72745
88755
69582
77554
76759
43261
59383
20631
77893
69842
86576
74357
28258
58860
55691
22563
80079
58337
36593
41384
34109
79467
28069
96131
2626
25726
53192
38737
49221
70183
60932
11931
76206
15119
91032
16618
7051
30113
96601
91786
69933
14833
73409
62826
51722
85152
76109
93383
96681
17724
6925
67890
23566
70652
30383
16572
31521
6653
66640
79548
71260
9722
31654
70649
72389
10954
44449
68823
70460
12261
34034
34229
43526
71947
17850
23372
5770
56063
64292
26910
18313
28903
91590
83395
11716
67890
19376
81900
57980
9364
55329
94493
83081
71661
10507
96698
99634
42185
60411
21579
89305
36217
44261
3927
4340
1512
3582
87148
90556
3173
94777
3978
10963
42271
21617
99295
97282
83499
76788
10626
10831
90172
24959
63017
12880
57538
70652
84876
48699
7504
82687
98104
79282
3388
94271
19632
46313
41006
49683
88104
15094
66063
84622
37993
98636
38292
34185
20877
11147
71536
19392
78689
87575
75548
70781
62493
37642
64375
68449
10041
19737
23033
37877
65722
81482
5566
41172
49735
61457
5294
66473
56976
61252
3441
5787
78540
6404
367
86775
34248
32193
49532
45266
83450
44760
11625
47379
94883
67619
36056
69473
19656
53109
49509
73794
16115
30908
54130
19566
35313
67068
29865
42159
48440
86682
6423
48000
40649
22314
75606
49195
95631
5489
72423
93624
5162
81923
61574
6952
53312
27253
31509
53764
78919
80506
73173
60297
81015
46541
2228
81842
83394
68921
24218
16485
8457
7958
35103
6159
16045
51338
33137
69282
16288
72849
69376
96798
652
34290
81996
96114
33904
84382
23259
71759
62082
65333
32639
67590
25410
49557
94134
24601
69249
84901
8411
52391
35102
31750
20298
88212
8590
18547
91311
52440
81144
88855
38687
95157
22397
68384
74898
84566
87753
87423
95755
40305
53431
39006
20788
2715
31814
55024
99154
93978
17107
48269
94667
95058
69249
56478
28033
13644
40578
33011
10770
60551
5345
51143
38224
82790
51103
20536
46489
98343
48978
99308
38092
5547
24457
52859
30026
94520
88573
48372
44556
71234
89547
24505
38514
25123
95584
3050
87644
11090
61582
49450
40335
53896
36673
38090
67238
75460
69515
66220
2949
29605
95785
14283
48284
31647
72888
91411
65664
67994
23391
36102
43458
95093
17597
61038
79967
91383
8065
88301
90212
44556
4921
37972
90024
83766
7540
38192
31303
26823
28330
27386
46539
25472
68972
33780
76956
41298
92915
16015
51737
95480
29083
18536
13393
11805
12397
93233
78625
59605
68972
61139
94536
16224
71353
6335
79490
26034
31601
77768
11983
82690
88970
25951
64564
28415
17657
53084
84415
42339
29586
5140
53301
4556
94813
10072
10993
98310
80200
99793
66177
65100
99405
42919
51032
12493
60518
65626
53373
72424
94410
68744
1099
1399
24226
27356
3483
3854
76821
13992
43856
54398
14682
72056
16766
78276
68665
1720
32033
90230
49453
43759
61902
83472
92123
65189
34589
95586
37179
78129
15690
94999
54462
403
81404
89145
28011
51349
48223
79921
45324
17554
7595
9995
40794
79128
9295
16145
68939
83793
75371
37597
14268
70678
38305
29602
30324
52036
69454
62567
44952
3458
76882
18258
99159
53383
25521
22361
94760
20668
28258
79505
78901
66304
19384
9634
31476
59152
36048
43935
44263
54824
10060
12089
33443
4782
91150
97782
95778
38529
17047
68116
70269
53379
97930
5617
48082
82639
2786
44236
31150
64537
51839
56187
57065
97486
6077
68071
90923
12581
15272
97825
16881
55905
2356
5526
25289
7260
68192
26632
47360
51196
52145
79617
11585
99974
3575
50632
20185
89773
59721
9527
41993
97670
27900
13101
23005
28653
33296
44635
46635
6823
56334
66726
72128
24040
57179
74979
14258
63621
82101
63606
55637
73581
84431
18691
81420
27638
68747
34575
38064
98260
5288
15182
31733
39847
72684
650
69182
58646
25438
44907
39118
31120
62507
87440
72128
96556
69286
17891
53407
6046
27783
30638
84560
49061
80545
94878
16271
7000
13432
87429
48571
59184
90585
90960
2367
79388
6225
66506
48267
73986
76133
92740
8499
37926
37456
75247
23827
2068
93671
59390
33456
76402
21706
52804
99120
78362
92559
75077
81760
82047
55147
81853
75067
49266
86085
38852
72444
84116
79255
99549
78684
97783
95651
88593
88904
99757
59796
11752
68448
38739
19030
70159
47997
75928
50345
83464
74549
32533
19259
43301
74101
13494
38589
2789
65594
40580
74644
81106
25488
22954
24953
14203
24243
29233
38592
18520
56345
52981
73914
73381
7180
53454
81556
91709
3010
73127
61995
20317
52166
83918
15430
59924
54750
4001
84140
57933
22796
98210
28300
40568
73618
94949
29899
68157
79526
