14858
27375
81136
18739
86465
18421
23068
27631
7618
37247
99014
23997
12693
7426
30266
64499
77919
98247
74808
71957
24378
4020
39616
84237
70401
58456
73770
93907
96623
28169
65325
94771
6023
99169
12127
22864
30376
26331
43930
58636
91961
74564
97609
28538
97014
64792
82550
61755
92841
96555
45486
78258
897
10592
23427
78690
17019
77288
89143
81398
17012
81146
20286
3154
8904
30720
27412
58189
1899
97543
37462
42088
62168
35013
93516
924
86778
72395
42186
6470
94909
61932
92525
38890
78896
83691
10261
10595
29603
79166
20371
70590
17629
25730
53935
75999
55383
98127
40914
81686
31398
71570
19370
56708
73527
29395
11476
31272
71935
1821
90140
2527
93620
89810
28588
32735
73674
25914
30825
56848
98246
59768
97935
26048
92142
53030
9196
39214
94296
8188
37206
65398
88241
54271
10033
79408
37821
47816
55130
11434
87769
94377
41886
70247
14115
66208
14577
84569
9800
1532
52166
91680
79895
78955
37809
86700
19809
75826
24169
21514
30928
8323
97318
81321
64282
97422
66138
75947
93326
44951
93564
88678
68502
76142
27571
84444
85137
19293
5493
8422
5082
89115
73341
78536
67879
90234
9837
942
63017
20750
30104
19389
95333
18570
85709
88172
65237
39322
97042
57648
68005
31066
4538
11882
81905
99764
40499
35057
16204
772
66710
70253
26667
40245
99832
35314
32817
19854
44472
32527
63670
38220
18175
34960
78400
99363
39333
12073
65003
65690
43457
71950
34463
62331
98140
65460
5680
20355
28200
76515
17117
66440
87864
83910
24879
10695
7247
79036
8619
49046
57564
8981
78273
12284
1390
38294
84048
31461
96856
77695
58280
75774
92275
22933
31436
40668
11890
3690
87754
97970
19993
39429
18919
45639
6038
42209
79551
90029
51124
26654
13945
7339
49355
99954
20666
55548
73447
38461
36912
8682
71850
61414
61345
56613
88207
70779
80083
54398
11457
90412
61477
56052
83067
69893
57400
92002
24507
73795
54663
16429
94881
2601
39504
22301
76902
64542
48099
92986
71575
82365
11550
7609
12254
90245
40449
8306
6157
94687
3809
69090
95351
19667
45101
77635
83292
23461
27735
6205
50713
45158
12673
15179
62751
54208
73078
21110
42600
15581
41941
19922
66194
67346
3427
5513
40632
79808
54598
3228
47802
35954
54908
73913
3154
48942
5647
66321
39397
84308
84354
76922
97065
43808
86269
11419
62224
98062
1884
33982
16485
6514
99576
37070
62832
27615
2865
68645
57674
73257
71177
57834
43446
16631
50665
29407
21111
21680
98091
68448
33335
38740
15160
30531
30242
88963
25169
42153
72352
85474
7144
22939
89566
9687
7814
28286
62957
98069
62470
1976
3683
18607
31288
28120
41637
71135
18271
25993
43338
3078
57232
22797
61401
40660
87718
10838
97208
48499
62045
6986
66593
69574
26435
21936
66521
51532
4682
34586
12549
49879
13097
40843
29459
44787
36654
28815
93492
39901
76665
14720
93740
98615
84915
92439
65930
75016
19823
40291
45347
87074
41337
59325
95576
37533
85324
55145
82077
38679
94818
30491
25672
30223
7400
35682
2107
28442
5780
87344
87172
92006
44423
71766
10661
65652
15505
47229
86854
67308
45851
30960
44983
421
56337
16441
78948
19923
47275
70174
86976
4379
96170
98193
78190
78248
36175
80250
8259
74633
85816
32961
31485
58095
25668
31223
28016
8810
23091
80598
26829
91382
69516
49943
97139
46249
44075
52820
72275
44698
86204
7772
20491
17927
1279
83688
69650
2365
49049
24903
71302
92627
38943
99020
65003
88367
88514
75570
91226
20052
58971
77864
48441
8562
27834
24139
97391
36699
51932
42637
9964
71585
24756
89558
48459
77880
13031
33425
56986
14851
82500
21921
5844
14987
95705
34782
5326
95546
59432
77282
66381
29599
35986
2389
727
58945
58304
9892
90106
85463
55203
82737
7853
13107
96468
4087
73612
95051
96021
28891
14390
57841
31667
40502
79544
95189
74040
56416
26597
22951
12496
48246
47108
29040
85266
99770
31597
80827
60842
42004
26483
13335
64791
42906
17207
71607
49235
13114
24240
86621
20784
33473
3018
84023
87916
6168
4314
17659
40998
75219
25864
64752
92897
43794
70742
10962
69867
29881
45044
5021
83761
5914
24254
19056
73484
61991
97825
35045
1676
87947
69537
77503
64360
48756
84551
63999
92182
67739
94701
34235
17873
30005
45405
10626
82350
73561
88292
4986
92743
20984
56862
40737
23757
14490
83358
39529
76732
18283
69794
92944
66917
38923
9523
50811
94628
30478
92992
36496
37416
64384
61388
85193
77525
24499
63560
84225
81469
54536
80233
97484
26049
80959
88046
19755
751
45344
48327
10554
48082
97099
85195
60989
731
32901
46531
93858
24739
96573
96961
30283
1456
37939
28721
32788
81724
35711
72779
14631
47405
74335
73709
67046
18743
90523
51008
67699
61663
38368
38158
28901
31333
88216
64550
27037
14601
34493
82663
1484
18715
79867
2765
29793
2637
6640
71430
13929
90058
973
29109
79591
11903
9206
15226
84266
39278
1634
64432
45133
48983
74850
61368
70463
57272
22049
9419
54568
28176
33077
66317
40064
96926
96498
37741
30708
7780
43724
27955
39473
34179
98663
83126
62753
44126
46470
2760
67474
19376
30042
72694
19070
69238
83259
69900
73180
12776
51662
10510
30539
59923
85583
11174
76182
42873
89671
67555
70174
3781
64302
29588
18813
63512
15997
40315
49919
29264
45704
44988
38564
18678
69998
40038
56990
68127
54278
28143
99735
82808
93617
71172
58184
23228
6891
27431
21867
26137
68849
29219
20305
98579
16622
63106
7937
40919
79901
34287
31335
18430
62511
91016
38339
3725
20969
49776
46212
44939
72043
42432
80883
23666
34382
48065
73363
6595
21693
30885
94524
95240
32487
15819
3819
66549
13032
66110
46435
84897
36622
94474
70301
95653
3129
42701
97817
89352
12179
33182
30887
86429
67660
68416
93113
23046
62095
29548
63973
83332
34941
75787
6047
76847
75132
33976
86073
36711
65190
11945
70012
84064
8649
94633
26461
18907
38823
99568
5006
53273
19633
9397
94670
37359
53623
12444
30457
28392
46019
34162
57388
24791
94876
32408
61878
7710
22122
42155
42216
45499
98951
98320
90396
51215
25033
38115
82623
72011
15685
34753
15018
84753
46334
60733
59561
87052
14517
73177
7408
97933
58995
32993
73998
17697
18878
98504
86742
84614
24708
81138
56201
54275
47270
17908
69790
83131
47930
92110
13774
