66216
55362
2622
89945
12573
50379
64409
86795
38343
34179
73791
94792
89535
23685
26793
37236
91003
27196
48227
80046
83842
57009
75430
67781
42948
2445
36470
42495
99546
2181
84635
43926
53604
53547
92722
75578
30059
63501
44979
40746
5972
17789
93315
98225
34642
23324
73531
56969
9451
61818
92145
70394
77048
21997
43403
58420
16302
39409
4364
17047
43312
7301
89456
31552
70637
42432
92501
64292
56077
97593
22601
99035
49335
39434
67393
9352
82469
53907
99693
99075
32686
67804
84781
37687
75101
32047
99450
98128
53374
73307
6786
87973
50511
25673
42347
67129
45980
28933
2484
94384
11087
2849
10416
18521
57577
71995
75774
49463
78786
43708
11018
80006
85004
27315
202
99496
38529
84241
66023
48349
19324
92814
64190
60250
45912
68706
49290
99482
62240
6393
28343
50764
42933
54389
19226
6765
25468
97958
55373
28264
33257
39852
89130
36866
27694
82427
78006
33839
52818
66673
78349
49483
97939
96830
94206
32061
30492
13757
70415
9430
88378
19732
25714
29144
48600
57639
89081
55271
11637
62493
93594
97359
6268
58785
28815
16258
58524
39513
36693
46836
60423
60497
56100
22684
88501
54196
17814
50873
32114
51435
58262
70541
41047
91308
5393
66774
80512
72650
79359
64014
64999
34730
64985
49065
80384
35733
89672
37599
85206
31383
37390
65856
93437
43816
18133
76997
46419
24938
58475
98292
60254
33260
3605
98729
31461
62417
51026
61045
55037
73083
62302
36883
3280
34753
19700
2953
62917
55215
61243
46491
10554
40387
78221
58347
45972
26178
39066
11570
9966
41562
98879
61760
27224
85425
27258
7786
81526
77118
7627
4237
84326
94061
6097
74839
36407
96794
4391
53614
48838
52223
46802
95155
66354
19663
31742
97631
38078
94681
34524
45011
32004
68857
43717
85813
86144
55400
47902
32244
44821
23632
26252
88714
17057
53952
56340
4181
82746
89593
87964
99968
1767
4826
34109
61134
3789
74793
96583
10313
9194
7856
96419
32181
40327
76666
98759
87252
47406
55236
10197
10311
78645
90366
78362
65781
74410
77539
96417
52312
41204
10532
11373
71778
13344
89503
41718
65849
28186
98157
58697
36266
52664
55888
10028
40890
95705
40163
61655
58810
55713
12191
66942
84258
84923
53525
66994
63814
87678
8
36788
94444
60498
96086
76488
53951
52416
87978
85315
50253
71770
19302
92822
80493
2074
97043
48873
93326
17455
48348
52969
44970
78696
76831
49143
2199
69043
84136
81111
8887
36206
94153
21506
91932
30497
90657
30351
474
95682
23656
75269
92324
24371
65062
55419
37457
2274
41360
36470
63070
89183
31716
81677
70128
55356
22903
20391
8794
33211
7183
46473
8813
28349
11566
69722
50928
49296
4225
40414
63512
40309
59123
31934
27947
72321
77435
11835
33205
59479
96107
97079
65581
44510
21976
34230
59665
39221
39643
16804
350
24639
42902
79392
34401
36966
13516
2188
97820
88107
21822
94635
29614
66133
63027
84560
29578
46839
10760
70422
98006
89386
91709
98931
53253
54214
40645
65130
62793
39643
12519
26711
11820
26681
48034
10008
66255
88384
24629
1136
18528
46576
67387
49007
25638
35067
54842
41718
70060
10294
45779
27531
81527
69105
70513
47800
83585
21993
90934
15589
64089
72140
78947
42975
45054
81608
81249
7588
75673
68488
39792
92522
88791
9959
22389
72614
49167
43293
47318
68004
14497
49387
60387
45242
99340
81374
23307
28198
70522
26940
12728
77018
28881
40770
69795
99904
74966
12020
71793
93911
5381
95990
7273
25701
69845
8524
33843
50487
24783
33963
16664
92220
79522
22682
40863
20577
13474
90327
79727
48494
75266
60728
97592
31741
6819
77022
96405
13318
22727
8299
67504
41209
20282
61890
25323
38692
11886
11424
38761
94861
52636
11551
25775
32698
10991
43561
84033
46709
47507
25661
7075
8228
42039
29289
5111
24879
7719
40280
38907
1346
58954
57797
69839
11528
88044
93351
13083
6220
80825
97046
53382
47260
80467
71963
39726
86986
41008
41913
59850
53318
97180
92789
56644
31114
98214
40033
42669
39791
15687
73186
97254
24087
78334
77466
12882
18529
53296
80462
78375
34984
44728
20015
7219
54654
40212
89711
10753
81019
96174
13498
3003
54966
13716
91066
98070
50128
83980
49878
90443
80722
12227
2264
7717
98797
92055
95252
69002
83421
17356
20977
87052
32776
17564
97001
16188
53019
70196
18533
54710
65990
16508
19916
90049
10974
82945
65434
46641
83629
52706
22348
85248
49943
81040
74512
49999
19138
3995
69348
25370
82763
35520
65087
75096
92854
11319
97748
509
1458
45255
74542
30199
18239
86777
83119
83015
83041
46098
64524
16975
99624
17390
72256
82222
59752
6444
92204
26377
20697
19107
3999
6112
84593
86640
60726
35040
73251
44513
80700
64664
96341
16885
33304
25084
72942
60697
16004
18973
79962
45830
11584
38698
43867
24415
94008
5859
43409
88722
67073
84217
3024
92602
19323
82806
67635
52355
2089
49821
5757
37754
72407
3760
22742
23846
34361
1677
54855
47005
39379
62536
34537
59134
52316
90780
79560
44705
5461
94112
75966
3054
33709
10936
83174
65887
95510
76602
66200
43317
57102
51399
90153
34025
26770
4624
12291
50978
43153
82183
46455
56547
17635
28909
67479
73252
64506
69579
66671
66906
58039
95422
49928
45560
55781
91391
80393
81716
31150
9709
27002
51034
86377
6877
54617
84824
16775
18095
77540
3019
11559
12805
95279
25367
72878
50095
1196
36628
63176
77218
36320
87217
98729
58618
10439
98785
75684
80662
2022
28092
66708
2186
27174
43159
15893
99606
94507
95719
33601
68296
76922
42291
95664
32230
73416
22085
94144
74651
37991
40376
9624
77218
93232
98761
15996
34029
60241
73841
95824
6263
47408
30587
40322
57738
16797
73505
31375
77140
46978
12187
96393
53588
62159
28188
83835
7379
73977
43435
95514
28976
16528
86181
95703
51622
64675
1026
72954
33535
66917
99502
67774
52955
82155
69301
98070
54247
43481
49808
90279
86617
19563
77726
21863
48177
86971
86826
70097
86973
24324
20821
68884
21595
93967
70323
212
99633
14521
69068
28618
20220
32175
48958
27482
5471
57251
66841
67403
44938
55981
70147
95354
39063
89327
55366
63565
53675
83774
64909
65849
2422
80061
52328
36510
42461
72308
28680
62867
35233
96216
36796
75306
42658
75346
62252
43873
19210
10401
30285
46847
83386
26302
10638
62597
42255
45170
89612
