37752
58519
62018
24766
28210
92387
74052
9159
17249
79040
79125
5689
28974
58973
14670
90264
78711
14372
19404
57882
45435
78572
31775
74365
91334
47531
41296
60550
87551
11474
37726
23693
11047
96915
11741
55237
88257
24507
23236
4404
92563
51328
85649
94588
88209
42625
78387
11645
6011
506
93998
36190
32956
24850
51626
32924
28258
51420
35003
38025
32897
27560
21020
98140
73850
54841
77102
12178
33146
19315
20488
90443
99635
92740
978
82778
7390
60738
82478
19694
21647
57860
52164
94084
65566
31324
41831
20606
60532
66665
6155
82209
66490
58464
71483
41892
87642
63230
13950
7390
78851
28613
24689
70833
98384
48777
28580
5177
1870
5715
77071
5687
7864
87242
55443
27749
83118
18418
44841
67434
95799
55592
84593
62370
58451
43347
37184
52755
48455
72290
54158
15807
62841
21719
72449
86255
40510
60624
85751
3646
31632
37919
35943
55202
83588
28390
28865
24093
93289
37624
49617
46362
85002
99709
87839
54148
69254
37362
8528
43803
38888
98116
53847
96318
26306
43634
15872
61020
40975
64892
26741
41102
99130
8911
67460
48032
14186
95564
65497
51890
74565
88424
50674
47052
92227
74229
47308
76011
53529
42888
53981
1653
5476
83961
29972
92451
28696
58682
97512
41259
20113
23900
74629
51795
96570
35658
67612
33593
83549
18308
11571
1141
73919
20940
24119
16762
42739
12135
95991
34809
44370
46286
62909
77054
83087
48270
94417
25948
59397
84040
17100
30128
63528
51970
54161
5908
35785
9187
37322
18865
56315
40225
28050
7526
24234
81111
61849
6061
71451
10156
28925
63792
20350
23454
77377
73344
18710
15973
2116
81256
26256
47410
83673
99249
19478
40816
87973
24929
79445
20032
21784
79608
83619
48403
4318
11397
93887
88305
87432
40058
74419
51659
17444
73007
34119
3353
60407
56691
88719
84727
87506
77549
43047
25971
79097
7135
71536
61321
70582
27843
86407
86019
38543
98504
65383
52806
60019
90052
81750
3152
6593
57450
66294
20425
40725
39774
52330
56485
51398
49452
79635
40450
90156
73664
29096
56549
89691
639
89130
74065
83072
40541
27573
67901
53540
66265
20811
89428
97440
46660
95523
2150
69387
42858
43961
75928
23694
43804
82997
55991
21649
74825
62486
24165
49415
49850
74130
98407
19182
27619
18711
42913
58711
96261
20820
63943
32119
82839
39869
94089
54116
70818
94060
79396
93272
21712
62073
7190
95376
89395
35453
61280
23179
25224
88077
89121
31584
33203
83629
32953
56417
54551
52135
13810
6026
46326
13125
39094
78578
95535
97472
50638
11395
71677
6318
49602
67267
51886
22126
65819
71946
50609
99320
96840
97808
68152
91148
68391
61719
80751
22205
35631
32845
79177
33400
2492
98817
32219
89153
99515
85199
88584
81619
47216
10930
68176
56000
81473
92705
42469
54669
11362
30088
87454
39282
35793
6167
73590
70810
29866
91148
85954
30846
13304
71364
32451
71363
3626
15900
51779
75931
97151
24985
35109
61462
55159
76758
8929
17724
84595
26672
64745
64728
78967
32467
82791
79944
72226
310
11936
88271
20677
20965
3645
10064
50536
28189
12557
65690
48112
23643
4074
774
82207
20092
31518
76014
13030
47686
19911
28345
9594
25540
31768
51771
83514
99597
89881
28424
88984
8726
38154
639
77811
72524
23257
10427
22016
63575
5964
24064
32035
16017
71994
77963
55896
63427
24550
4583
14733
23978
81583
45572
79220
2382
32098
12804
86913
59835
63696
83310
41970
52279
75406
91422
90343
1802
1023
91640
748
90474
13789
86004
76263
83736
98543
98132
10379
60676
49312
44926
27862
99322
22829
38539
40490
69416
31256
33709
28668
66888
63041
14908
48853
9533
40976
37314
94213
64594
39905
57064
81109
15109
14886
60975
82098
7679
93787
90434
72411
59271
1415
17482
63260
18433
69867
24429
4349
33360
6977
6107
81690
31119
86087
96047
94240
68115
1268
71476
95302
26491
37098
82196
93507
74436
84085
14947
23426
26857
21985
14845
49865
87303
89295
1654
3278
49108
78683
93086
28141
23325
34774
91475
9972
71616
30597
18198
89554
96473
98846
45915
24498
93245
59097
50382
20995
47310
19341
85924
5628
21500
11569
28868
14642
12941
57233
61253
73925
45394
95099
38029
21709
69355
97664
28195
21951
50631
64764
89081
3483
13306
98213
99282
10937
52546
58450
66262
14525
14804
56756
61379
97252
70388
53928
96582
17787
78356
926
23530
41925
12564
43660
24747
66480
52033
33632
98830
22189
56664
57990
30653
2064
22366
22429
5348
80582
75154
39174
10967
63351
89886
44304
27357
83980
3036
37083
88305
1564
47319
25872
10172
79736
68408
36833
9734
7950
87130
44921
3601
58637
42252
41908
345
69156
34008
65773
41932
21472
71795
38170
54115
64146
58535
8164
30499
65087
66088
32834
57169
59256
79951
64506
6490
96186
910
73287
85859
95169
29783
3106
85251
58918
51473
35731
86492
38551
5288
44531
66839
30448
42197
42949
94095
1020
11038
65215
21420
57917
21889
59581
84049
77981
58025
31769
95039
18029
71893
24563
74018
3382
15441
90388
71716
30967
17097
1427
47318
14148
11796
98489
20664
8286
25334
33505
3630
55992
25618
50247
70014
4068
9568
80997
78190
5183
47695
3863
23432
39696
5434
52590
41262
8417
8670
88397
61482
83629
93489
35805
62210
10177
94243
11629
60410
6426
87595
51496
35589
70880
46091
57663
74284
57099
66875
72896
53155
25591
82675
86162
11740
21434
33374
7342
58699
96768
86540
79190
3309
40358
83195
39029
71176
89751
10519
32304
71095
86199
68317
15791
75701
8185
16292
13081
98706
35963
43945
91581
53330
65517
91122
52707
60913
57538
54539
9336
76608
44346
16941
35124
73990
52312
96705
3800
12640
63431
5114
74481
20091
12394
58963
55335
40164
43399
9844
63331
61172
99403
5259
16900
19998
87226
26954
72761
551
32976
92271
45877
30147
40021
59260
66166
21256
57728
60352
86130
17824
42284
24851
95490
19500
7776
80907
46310
83377
77078
84454
90404
23932
69746
35098
68700
73929
72828
62168
30897
47286
92898
65803
65386
22892
60107
22466
81186
79651
24927
28176
82395
94995
44493
91828
61945
89714
82185
2084
21419
91755
33415
3934
80270
31809
75410
65934
52545
87292
55534
25618
93569
79486
69273
40415
50348
37511
69956
37487
34940
17737
88779
59627
32567
76748
73039
30477
41825
94744
99457
51499
88741
45457
17154
93076
31425
