63194
8850
43923
2314
79762
76682
58840
50119
66982
83964
97232
30465
65985
77001
92358
1743
30489
2781
80787
99476
16261
40482
30985
96720
56165
99254
31923
81234
10406
7855
18030
49090
65370
38878
26479
19880
49251
26790
84154
4969
31204
95068
78391
58161
96896
43083
17599
36455
41621
84359
99680
5192
68272
54381
84941
37809
98377
3106
30017
96060
43421
44923
31753
26977
70689
7088
87164
32551
90093
91263
94307
29157
79701
50003
68351
42158
24058
57982
82547
793
8470
64441
9174
25227
6830
83148
18551
26768
16458
12028
22765
77678
71939
26788
30974
66510
10246
55869
95026
61221
40825
21517
94592
25892
32103
55577
23126
79411
32633
39729
37402
75553
58756
83310
26399
35634
63069
10488
47132
52199
49509
21990
61698
57853
55404
66230
79875
96329
56811
99658
20432
63177
2597
99868
49994
56020
10910
99466
39352
78012
70412
20028
72464
95244
23030
33724
49867
60772
40089
59455
37123
49172
73682
79433
63026
9430
43678
17912
93699
61507
25653
20281
24855
548
1683
65628
95731
95073
49055
64416
53026
54503
51728
97281
48909
50337
64167
40346
84024
77111
9337
53581
5090
16316
50440
74136
21282
25458
57187
33458
98511
94667
45689
66796
92947
64045
83229
90242
48259
91286
7564
85316
50507
55580
96425
32348
31766
62617
4523
47372
82701
92611
88661
3704
91419
87252
84586
19384
34254
79356
59700
89269
19316
33331
32430
78925
75805
86849
21159
1618
15301
12099
84463
93273
50378
52123
92546
76830
10532
67966
24750
55437
21735
55951
33145
90681
39613
65621
69888
86310
50173
76819
40368
96199
53951
98627
95375
11649
14323
83386
75054
45141
18706
35262
98138
27463
98080
52163
91621
40384
842
22073
64452
207
12698
9155
91268
54768
68808
54637
85790
37794
96082
56486
22366
23122
49107
24432
92281
17608
25955
63763
23854
65879
14450
59070
74330
27863
24332
26338
7731
98293
23951
99506
25151
33994
53582
57768
82161
81845
14313
83419
21775
10461
38421
11234
49510
16343
36276
8424
44847
3889
76762
30774
62639
63596
88186
99685
13214
1247
8003
34876
98540
948
87206
76343
5487
12694
27666
68464
952
49240
79035
68168
99794
34844
63692
62028
99210
44176
79217
56290
44113
48600
89373
44968
41318
31405
47345
87174
52229
49603
80060
7503
46666
43288
13131
405
59890
91529
52666
95057
18202
3366
78894
16109
69551
36631
91655
98493
32577
48291
59234
81049
89940
86361
62286
67491
54150
86538
24634
411
83634
42230
2180
83071
47213
5998
96445
42668
88858
58237
30613
79530
63510
52451
96890
80294
10666
45657
56088
62407
86290
91685
13167
96244
50445
38518
79584
25570
93316
18765
68165
74960
93935
66144
4161
16760
65265
11416
39499
88220
71926
61185
22028
58496
15163
63199
86854
70867
31576
31898
27741
22339
98731
86475
91739
11723
13825
57003
93817
3831
21003
42796
50265
36748
28886
94264
33768
87286
62430
87898
16135
87226
17794
70064
83041
95082
64483
11855
90674
43621
29335
75494
78733
8477
84409
44988
49416
94037
97383
96470
95031
50024
85711
84162
73650
57274
30588
29302
33960
15164
38139
11493
14600
11684
44596
97070
77621
24663
97599
15219
75084
48201
16701
41075
49833
75618
96590
221
40738
8112
77341
70203
24886
50876
55536
41897
47845
89038
16556
68125
86999
78856
77435
29117
13971
51815
1205
70556
60373
41410
18967
38906
28693
65515
89127
59741
19324
78836
37145
19120
97919
87209
92140
4502
78497
41962
40488
65848
90257
16183
35842
92606
75232
62690
82717
28273
64884
38207
92294
49376
7709
43666
20015
93948
27606
96031
29501
91804
96434
6890
23465
63899
95342
51356
39204
86410
20866
2827
71820
51418
44226
55370
88854
62053
45654
99316
51297
51258
9415
69186
95258
37099
37011
91276
25572
91896
71829
51613
12756
17158
42392
98602
76073
7095
93008
39856
59970
85805
21456
75650
18031
57919
91221
63235
38153
18983
27495
28592
98092
25645
96380
85360
1198
47478
95153
75456
13363
88909
19347
49356
55983
89057
22050
7384
12590
46608
62112
23545
6878
15381
67560
85210
44367
77778
56862
19474
82179
94707
52953
32113
4456
15572
31570
51990
64046
39675
90176
78140
22609
85564
97675
49201
90675
87915
86314
11746
60775
85238
50083
36074
82882
85616
58343
48146
1521
15729
15287
10832
15998
64123
84071
87660
66814
29483
3019
76920
75102
75056
62849
35878
90929
97696
12394
77710
23737
50327
63464
84489
92110
56841
39108
74898
16415
13034
42629
8323
93556
70453
24234
53128
91848
2589
51616
72884
70310
69480
64037
8380
68014
76641
70646
93553
85420
16265
98764
98696
27193
86322
15379
23681
78526
91124
23585
698
72709
58620
41196
16128
5131
16885
75378
27031
85543
21131
11511
73728
33655
98707
4589
11091
16347
66342
39136
47653
71360
22493
55451
86267
12
32551
39401
6052
68085
38457
86398
70006
58317
18332
75638
64284
91109
41018
68507
46153
79453
70545
66925
27505
90169
12978
86851
5864
31078
4815
24652
18569
39284
28209
17591
78925
72362
28317
77567
47064
36359
16842
95566
81568
55315
9747
72070
33420
34168
50041
85167
21407
52437
59778
10913
33316
88674
55751
91032
18776
70243
26708
9249
82519
96034
35311
82985
91332
84617
25249
93644
48778
73878
86156
84905
67034
79292
21502
55010
20119
41466
56837
49669
3397
79117
32441
10162
35406
16335
69661
14417
89651
71876
53318
8646
43170
83910
11663
47556
43715
35816
19180
29592
35868
1293
12839
49435
29128
49629
13763
16188
23034
69007
95464
40181
77179
64176
12523
69332
45732
91811
74994
36962
72292
35528
79622
12985
6287
22381
41681
98550
51061
23682
45243
97164
88843
69689
72309
77938
52777
62504
77636
16722
33956
1245
90002
67315
93484
20381
86189
16564
18701
49651
74392
96394
35045
6930
95083
83781
48517
92734
32652
88896
79784
54821
92640
60004
24000
57536
46400
61429
65829
37595
36153
56069
68236
94171
29985
40002
83314
11396
40064
53283
40992
11815
83189
10417
10053
95677
31463
12273
21642
75408
7526
11087
97441
37468
72635
64599
1402
55573
88741
66675
95788
17882
62870
65249
67504
89801
88707
69784
91473
16344
53146
1822
80778
24928
97769
956
93607
55703
92091
70036
98261
45228
32012
96860
86662
69221
89664
79849
5552
79610
58806
22090
88411
68619
29501
22914
9847
48111
17475
67330
46307
