81075
20398
20544
12839
77818
72083
32269
52045
74345
9899
42240
58020
28552
89050
60360
57036
63445
14931
3527
47053
17945
74040
67351
89450
59143
63875
129
57944
84341
38276
45385
77970
97057
81101
95551
10614
48911
25756
7403
33332
35936
41655
6701
1357
23276
771
17162
84699
49452
97309
68255
31987
73461
64798
72739
80337
4485
27925
97620
40591
83618
45380
7247
22296
77916
41447
65930
52399
59322
99777
51984
6191
31162
85010
6230
35678
1116
79245
94219
26964
35802
53489
89764
90411
60194
89053
45612
39007
81977
9019
70317
93191
94844
19163
31470
55570
71003
66190
12617
5853
9899
31928
72019
87167
17323
58512
22613
9395
6353
98349
41101
13125
31941
32056
36808
49191
7879
13180
71499
40699
20930
19517
383
12916
30805
70179
86185
71684
22159
47404
30940
22782
4133
72113
97024
25820
89803
95841
10066
98601
88096
50691
68547
15933
94853
83516
53881
29133
54439
1185
31138
70448
74101
88702
87500
89158
11267
85002
91936
62769
32183
96768
49857
78674
1656
61061
98185
66884
77662
92594
40142
84937
63714
56153
63196
24142
6052
5603
3033
46346
16961
10590
33683
91587
94015
13071
6601
62114
1159
59868
14961
56847
31647
35258
73483
47866
3616
85749
87988
69879
79516
42028
13658
23633
28403
60133
842
69349
48669
10608
14435
76565
98760
10552
81556
34712
84225
39838
47423
34019
47628
55092
79366
61947
18582
80850
51830
45105
44359
51051
15059
78649
24388
59444
56071
65342
10257
30976
57566
58478
96255
89700
15248
90191
98992
88570
65671
65599
54431
98315
18530
55792
31526
76632
46449
52533
13966
17626
97280
52655
50028
57753
71291
28674
3311
48793
47639
64805
27194
60132
12904
25638
71365
68781
62630
97969
37552
6100
21742
95609
18323
28498
90098
85889
94030
99802
37840
87454
49910
9024
39575
38945
51247
49973
23057
64781
55609
26843
95358
28628
112
38910
89126
14477
9388
59911
54539
12683
89680
39085
22822
82079
87942
13405
49099
24323
38735
67025
29723
14772
78770
52008
69713
96617
55247
27160
54482
34332
62810
3567
32802
50896
41051
49429
70602
74106
50791
77747
66915
63313
2864
28371
49468
72248
73235
30321
392
3711
36478
70948
28822
63757
89511
79083
83978
29864
52634
95544
29756
90453
10323
45157
75584
23741
97888
19002
92661
77839
14892
86681
84391
21977
63250
7557
50241
43232
78422
29237
36722
8443
5726
34633
6538
49430
97364
89862
19026
75892
12346
10743
71201
59201
22327
16815
67314
20563
36801
62891
16264
67974
25242
2677
11470
70317
14971
58504
91295
76466
52492
85460
7003
62975
43866
88755
58747
68921
80324
95565
95313
68242
86006
33036
75570
62530
37338
76237
80518
58825
81826
78679
7456
41383
21133
17672
13954
64269
16285
14468
36590
71603
53638
44008
54724
46655
67736
96701
12442
72469
81240
70063
86889
13371
1234
56711
10089
64556
27691
82817
89747
92612
41076
53266
31884
12415
53469
26230
12337
22042
78169
60424
48041
46190
58804
23332
97629
98736
54319
13548
54861
78209
39989
79797
53808
28564
63964
73473
66469
9311
11624
75230
27691
68886
90406
93131
77330
84971
76122
76710
7020
51376
69521
21849
91449
6208
14920
27156
84280
1700
65483
10075
55840
64718
45621
24711
89558
91175
22511
15063
50990
29073
90578
25490
55259
15799
31730
10078
61631
80468
69060
43179
35096
75812
4802
98870
5952
40695
90341
78913
7378
31808
62420
88154
21410
78824
46827
98270
38779
48703
67619
43635
65998
29480
44794
91075
55195
30726
89140
78342
76808
71849
99419
16209
20074
63155
36498
96013
28552
79136
82853
20202
19071
42226
44830
13873
57403
35695
9141
78670
91825
96963
24151
42294
73093
8752
82491
96870
33301
64689
55178
23528
13933
92172
23881
92625
24625
53192
4892
15928
91255
71042
51796
30576
74901
78412
34226
46925
33844
12802
27252
94809
72727
32990
41726
30639
12297
41151
51068
28525
6911
79051
31767
1138
61643
78357
52422
68330
86702
96585
44260
81496
6048
85278
76959
56184
91196
86718
40089
47496
75930
70567
60925
17775
82528
36382
95602
4209
73716
98207
80122
79345
23048
92094
14105
60412
63368
83369
24666
43074
85309
99672
12183
54859
52490
66614
8438
8722
27027
28285
81488
61666
25181
56203
59353
3773
62682
90756
17837
15863
62761
86097
29670
92618
38501
1469
92583
23627
40060
17381
85257
22499
84717
22379
96335
35439
12329
90223
80836
68841
94614
30086
8039
53975
88305
32196
24226
96144
30762
56870
40983
40442
1890
12340
71340
13092
85042
40633
38036
35187
22046
38867
99717
72450
35488
20356
87740
87577
4040
20624
90850
36637
32067
98821
48216
960
91450
78765
40325
57570
53917
46012
91954
11910
15469
87597
96448
67470
55811
86163
8537
44088
54596
35910
1058
80307
75492
37357
13507
40492
64880
46079
25219
81396
70668
81271
92627
8514
25235
61271
5103
41933
40770
83400
17595
39333
42571
12235
89703
83026
81736
7315
66660
23473
50534
9974
87478
9254
3561
84280
26167
41722
50244
41881
80807
35019
23756
98219
75748
77809
22994
4619
83123
22873
31702
62952
50100
93209
50018
56726
76427
87028
55500
78637
22711
22005
74692
45479
30636
30372
70420
50296
12226
74539
32775
12173
8576
81935
71011
98894
25150
79801
88711
2129
81411
30212
40049
16623
36759
85683
82697
19504
38543
289
49617
55659
88258
23289
67160
97607
24619
35411
53755
25077
26421
39310
88415
67816
70622
79235
30157
31213
33732
27354
61950
48619
13439
96676
69051
49972
57171
80255
33345
95900
4887
66550
56972
47445
37745
23034
37261
32649
95350
73666
23147
50295
81294
17505
72678
43224
45027
2730
58952
35257
26766
44568
2846
75710
45534
21377
99500
73328
83048
68559
81457
48919
79794
35649
62863
82780
1083
32603
74622
55958
79306
55306
37144
42829
27464
42300
78767
12600
61647
53066
43010
5873
33898
60019
16332
72018
68556
26400
594
4933
99880
77584
77163
44594
35910
17875
72153
66671
59681
27823
36015
37330
96938
95647
80023
84549
52687
87421
49453
67679
56838
56322
58979
77208
70634
80124
75942
33845
59898
2150
53554
91855
13959
59976
91788
84211
2917
56785
76578
6749
11142
34192
81426
57713
10753
10590
3450
99447
28167
68630
34172
93825
58725
13452
44135
51405
62972
46989
54898
56641
95407
42703
7
85541
44395
10037
71149
95417
