7267
43400
32308
87389
78106
61409
99582
69075
65235
94210
14748
28081
64269
92789
42845
18125
75967
73180
68020
31855
17127
19562
3681
88503
98665
12918
17658
47751
52053
95579
95173
7116
71825
24700
22711
4936
5829
34775
99746
72642
64088
79506
89918
61028
67978
65990
66312
74570
57459
45786
89601
27602
90875
96991
94640
92400
48785
87471
67415
46841
24204
31038
83549
70123
51688
7980
98384
5301
26476
2273
36456
39598
30971
50837
84595
10750
75061
75216
42040
14350
60322
8705
45468
21366
27532
95415
74779
12265
2994
19558
84268
75654
21952
95652
76924
98210
45646
87033
3150
12121
39688
26063
62649
36332
85689
96328
67028
25278
7431
80227
25734
644
75570
54472
61617
10833
27580
90017
77790
65519
12181
79784
15096
19030
52143
6347
83007
19783
95913
19896
15147
27165
20632
15477
90019
91804
60339
53755
61153
98653
86532
18303
7013
15096
79409
97783
88269
11697
15196
14774
50146
52783
13698
16975
23686
5486
15855
80939
94591
4184
58523
17825
94765
44950
86733
97332
69358
99609
57362
32595
25946
81655
97882
95641
28062
4853
38485
74958
25225
56551
49845
44213
27316
70275
1758
86552
23441
59683
85279
87182
39514
68288
13583
19613
36969
23087
13168
11810
37284
2977
73189
89528
51746
81966
68789
18431
44192
1146
75554
87153
42814
17647
19678
78162
37581
49228
16884
2244
77517
25383
91833
48068
45872
94579
49873
8654
97271
96467
85873
163
28131
93805
87419
74563
78146
45252
16804
91038
76476
65085
2240
12737
29998
59472
15552
18597
36106
25003
55557
47057
72050
42814
70732
48063
50774
40232
99952
17084
27789
3545
33995
9824
97341
20470
3362
18461
63158
7054
55373
16137
47425
80512
21228
62825
30253
73077
64862
36429
7905
21805
78521
81190
8064
58080
94220
94575
11191
56522
55863
77439
2934
54047
29911
17038
16579
36884
69606
85210
14030
44878
41870
34218
20788
89713
82803
84154
994
29077
91908
93105
37416
4245
32729
7688
16344
2210
80759
47604
53155
65063
73981
83865
59176
48309
55469
40405
81646
8505
48614
58041
77349
88745
45618
48755
37362
55728
22608
32257
32936
62859
13950
17939
32913
60522
56910
359
14492
5784
72738
7786
15534
67395
16075
5077
27161
3493
96559
54077
72594
30128
13157
58895
52251
36199
11794
64093
21218
55550
67670
5587
71353
1721
67745
12771
95259
87844
48005
58689
14078
19416
77693
3996
94345
14180
44921
92315
7970
60747
11068
25623
66633
5565
53555
59371
13326
32310
7063
60549
93405
30041
43535
10448
6266
37713
47333
69560
36117
64492
39353
26149
52510
22936
14970
92284
25763
3250
2285
74073
57029
23820
45736
69690
69223
88653
46575
58566
55825
92198
56294
78140
33261
65035
3891
26813
15794
73566
717
43747
26079
87956
26263
79556
52767
20524
57604
33322
57341
51594
57254
19519
10346
46300
76697
8399
68763
31530
18118
91682
62260
2488
4206
7548
34866
52820
54370
55780
13130
40712
43298
82161
77243
3269
98972
8889
15268
6630
58581
77138
63656
87365
61258
16296
33072
4896
2576
98176
85866
34432
76752
30927
71288
72357
8906
93704
73784
99260
91742
92735
82717
91284
35332
75258
397
41294
32676
87519
92764
8622
41507
22561
5544
33492
80028
79804
65777
4968
77287
39011
84750
78373
65131
51774
79444
69362
64596
83740
29319
84939
8536
26040
60719
77375
57543
89805
15766
54340
50099
79035
72948
98292
38354
13377
53856
50071
13052
19457
28349
63565
37573
6437
63573
62901
74845
34888
32538
30579
22833
99903
42248
57265
23989
27648
96596
90294
67553
87784
77461
78004
37894
76398
74510
14935
80026
58468
1922
8782
93257
34618
21646
56465
86550
18294
3449
28095
61246
6683
67577
60391
70852
22483
13854
11669
53837
7199
20757
86607
87210
86412
3596
82684
86566
82284
34013
12463
71533
10970
30830
48415
89699
91989
98426
80637
74916
67235
78050
66121
76640
58797
19216
14675
10945
58256
2938
95808
70452
66015
82046
77025
37981
86703
66614
4003
9255
71647
52298
34084
39861
70138
18120
21066
99331
15761
59152
46669
68413
67259
96659
30558
74854
57719
66434
48995
57366
1512
70661
22620
8090
3368
34014
70792
6138
54892
62169
41970
62034
87371
12282
23571
24762
49841
73850
11158
39264
78078
52853
11994
84929
87554
11015
20688
66965
65495
88388
77389
35444
21673
78631
87873
55506
73360
66151
19719
60734
95186
98587
51394
75838
87855
62540
87109
83282
6557
35014
5654
77181
46484
30060
93505
15456
33902
11592
76150
55512
14745
46480
55988
5770
64797
72332
84192
32521
23204
63899
37240
88368
90562
72511
73163
29378
43688
94748
49465
46406
14026
60325
76158
86329
87822
84041
52188
23820
38385
83886
5921
79266
55265
92014
83841
37099
79931
49325
50297
71670
32592
94419
34712
80191
56271
3359
34819
59384
67070
40947
19883
8489
58189
1523
20048
73510
44305
13397
50586
18657
20947
46606
76022
99622
31872
82617
53298
36074
71123
71659
16392
45
65868
75219
29099
34855
70074
52446
69823
91317
65774
29879
80489
5386
57136
18018
33887
51799
62853
19837
98684
69103
58350
78898
75465
8933
55695
2891
81690
8312
11690
39309
9681
28109
14805
76874
99181
94998
32544
46891
86663
99024
78603
83899
21397
26814
93682
53397
14151
30494
27964
62274
94335
53430
56
44792
24456
32588
5740
33360
42103
72915
66984
12373
52509
43575
91794
2875
21703
47228
36493
98367
39596
64959
18959
34365
16328
80778
12762
56220
41666
85235
4138
25330
91360
37900
35862
3704
74347
54578
52700
8282
61610
99039
97038
63471
97980
8564
67606
16617
91776
33908
77929
70549
75136
98699
71647
82640
5483
71658
70916
95616
374
52522
60520
72241
19066
12701
35586
10436
58046
35504
54225
67761
13709
29685
42789
81599
24211
51711
82129
49353
34738
71555
55337
80802
86923
70570
80925
32634
91604
76254
51882
91289
81074
72031
57718
40845
66418
49960
74347
40941
90268
11836
42904
44602
77117
34239
41099
86496
6462
14503
16269
80439
17665
94684
78527
89067
23670
7680
90106
62621
47359
32296
91356
50003
91065
5832
46041
14863
9226
62192
10304
55376
89492
95447
8110
29763
78120
70493
98659
72777
51759
27151
55214
41208
32579
53844
92977
84885
16485
13109
67459
75926
34067
42947
48810
78577
7316
49675
63637
1007
6443
3248
77873
85992
85371
