21938
97006
33620
89248
93720
91098
52194
37331
70289
37545
37317
74726
34276
14221
99745
15651
51762
26494
11339
72713
65270
26318
16662
67925
4679
61468
62760
14332
14603
29969
4985
50865
24180
10959
99948
90914
8835
31687
57141
80652
48615
57424
96777
18712
57937
78251
5381
86885
66011
24769
27582
95016
41671
5736
74554
1863
20017
44742
32874
23007
45891
60560
26300
84429
7397
51291
49812
20067
38248
66270
8343
29523
24113
82211
25473
44026
86247
94527
57524
3318
57742
9095
32215
78861
69279
37724
72988
21116
18791
71713
41623
7434
14597
89754
8537
53730
67902
70029
2289
81080
94436
22272
94907
42161
48546
5038
18808
13605
89695
30627
774
49967
449
73756
7657
50794
74312
15682
29429
99900
82351
4614
73878
71511
9690
2595
85048
62447
74907
84514
50601
37024
89865
80747
50695
58940
98051
31152
89507
64299
80296
32774
45240
83454
59636
62801
20073
59536
70315
47204
29340
18928
37600
83506
95811
22853
50916
33714
21014
48245
96995
2745
56589
39303
18873
5578
60285
53789
93152
70976
29752
52722
16388
82117
46261
27277
53189
55200
54753
60370
96135
59286
58182
50914
60755
47653
44277
42731
87212
52283
17448
94806
69460
26990
32245
28438
93401
25031
74500
25507
95592
86420
81118
47634
60736
71855
53505
49128
84411
40226
27986
51489
18525
61635
14241
71150
85491
59287
39364
81736
54018
6670
26138
28466
44261
72312
20542
86462
50370
67830
56595
23635
58063
3125
90960
27061
50590
74370
87425
22590
35825
97777
89212
73842
20429
84049
52675
75376
25928
19751
53909
41484
61418
32205
96793
17113
99959
63791
41447
80001
80259
69546
96380
82325
4628
88630
12723
8567
11240
2814
1137
6915
43452
11790
41065
46753
26609
97464
19740
27920
40313
8654
47572
81689
41354
76474
58539
62271
44384
92223
22967
37977
39747
13304
73648
20947
19926
21399
54420
15525
69771
81041
53698
20747
73619
72394
82403
61548
91733
36862
90435
32689
14859
87015
19222
58315
12724
99048
5162
17774
49932
61973
49725
62506
22343
2616
76832
90194
47499
57795
76663
74962
23834
58633
2603
64457
88050
74290
45067
44536
11143
48493
9030
23231
17688
81794
39336
88785
51593
19594
14546
87675
25839
83129
42035
38319
93246
10889
46493
79012
64848
2092
81509
77375
54754
22160
47870
33124
25169
67296
36733
68215
3073
64175
41756
21874
6818
85119
31301
91818
40192
34487
58843
56748
44240
5303
35762
98304
99584
86075
60043
86431
10518
43637
72257
4113
17125
81812
1400
96291
75190
2519
39677
49896
26168
61620
49810
50908
4717
91133
88068
35427
91339
49171
43993
48077
67186
55642
53372
92705
44844
17347
45383
94257
34287
72402
25285
64072
36916
34954
10920
58966
88056
11115
87324
41762
66689
14880
3016
16847
99886
14032
31846
9754
23214
48941
8515
20186
74962
31057
11454
9885
1265
94780
1763
96535
44714
80932
9226
20480
76383
82068
60394
82707
43372
87155
13872
80291
15988
7362
92295
18182
26152
97789
10638
24324
12020
94144
12005
504
56751
89864
30550
27554
6554
93976
10409
50712
41997
81980
69381
25250
62397
25861
92831
64921
79359
92573
24388
61501
37758
95888
88626
77570
8031
58002
24239
66531
828
10428
23050
25916
34507
18861
71041
75424
24818
91747
16255
92127
99834
9933
24668
24517
42128
99128
29848
21290
51730
83270
77636
38892
78847
54039
66409
83965
37409
28608
55906
32893
45189
96397
31559
69541
916
85832
89592
32987
36891
98868
21138
8475
8077
8230
64740
45119
96065
7918
81245
99045
56374
10480
88348
93862
58450
1573
97553
88409
11565
41734
77089
47380
91499
89271
79365
88893
8635
74607
34399
95309
41821
59086
46939
97281
62974
48555
65497
39354
64106
41088
71555
97645
24942
29900
76970
22355
5597
90554
46255
53705
60942
60509
42516
52854
60769
60869
59268
20013
18624
96713
98377
50537
54998
3209
18276
41514
49999
82863
19581
52353
47935
1829
56936
86740
22647
19797
77718
24106
28442
12432
2149
51288
61904
19648
35507
44213
25921
2842
65186
51411
20751
39784
72002
36395
29851
24897
63772
79538
94861
65423
56736
57031
20949
63877
87267
7833
46317
13896
8770
42374
92540
62483
79668
37922
18544
30822
67996
64780
28365
54572
64292
1700
40372
82774
20789
44379
82636
40713
89661
81066
56230
80168
15971
78528
16965
69421
36949
44709
94996
48937
90245
16795
48440
74099
62066
8274
2322
58600
48498
54658
32259
27454
42756
90215
30598
40965
83083
62415
36770
72745
44664
75658
43393
91532
25478
16664
42184
82927
75010
30006
92813
77705
79874
31067
32650
64041
73833
61572
2543
41086
66973
12529
50351
98330
19446
81738
42160
10658
69368
64349
60646
78984
95398
34867
8773
58915
51063
25321
36204
93312
18755
47682
7737
62095
32321
29273
82978
401
42889
46684
81351
63250
73647
19153
35751
41948
63531
41179
79269
70296
26223
84652
24668
78327
79310
15777
38748
96131
7939
96403
25552
68617
66078
37023
32536
49285
55443
91836
1431
39083
34209
26771
18883
38811
3314
3778
85412
84409
99926
55237
10317
48318
60941
19349
58548
82037
50073
72780
20576
77837
58215
99414
41169
14123
35856
59762
36170
25924
92576
79501
59420
37325
21352
76872
16848
42311
2223
16242
6872
42800
72428
62535
48343
18580
41323
94438
49156
72107
3338
82430
56920
84716
42453
51844
23331
42810
80358
99685
4527
84361
37082
42470
74137
99155
74519
5162
67071
7322
94736
94015
93542
17285
65101
8373
8900
18339
19867
13403
68522
21415
93567
30804
12041
98915
47228
46804
44324
10638
54086
45033
98416
9120
64548
52503
71449
8147
68771
54573
84125
51904
91041
20315
71841
11728
27166
58786
20849
15106
99978
34178
29806
31361
7408
84510
89591
73097
3176
6880
84267
91395
29560
62744
5557
5529
28705
99422
30496
20006
18046
65613
41873
42330
50794
99086
83143
87853
51880
2524
66880
37964
64518
3082
87772
93683
91374
54387
72094
8908
5260
26231
77290
4720
27373
30082
76381
64418
938
45795
91990
10568
76230
48250
66736
21520
52060
27890
19957
70285
964
82272
97551
81631
36886
34819
72911
49061
66963
50911
20954
26423
98851
79642
33591
43842
25661
42869
34124
51464
15620
85258
37406
59199
3778
58399
79085
85382
88061
67084
53175
26817
24227
14771
5461
50785
13990
97363
26947
26234
99584
74739
