76234
57358
88239
60014
88209
53134
55933
87910
31598
13443
4346
6612
79094
40627
43788
26364
10057
78228
95328
92911
82866
36498
18299
17625
28143
50287
42865
97455
31246
21553
61977
10419
33888
63124
90987
23416
84369
88927
45362
1699
63158
49548
19984
25697
29909
16697
60076
48817
5182
76228
86787
35815
40455
34012
67449
29117
10902
64956
87287
37550
97913
76166
28068
54420
1191
9636
52198
10711
57182
93695
67169
62184
97721
93250
50263
29294
96459
4057
63558
26228
60968
21317
19923
86192
41435
63053
48783
71467
34255
69553
31588
52803
27334
78607
15591
58186
4280
13403
27752
67285
80559
73055
71465
13353
774
18822
74579
42113
57889
72770
68105
16582
22716
88140
27352
30419
88812
44135
69439
56279
17863
28094
35857
18562
86059
17204
29845
38236
99817
17188
18897
54761
39598
9980
2184
15940
33888
83349
36003
18497
25206
706
47616
49943
51182
44233
98950
57404
59244
55206
1647
95420
52932
14160
82876
83606
19833
46815
16288
63698
33828
31209
39557
22607
16348
3675
70969
40787
30737
80896
70325
67104
73785
26205
91499
74332
3498
32628
92412
13144
57052
79256
53991
34248
51090
56616
67776
1364
19662
51435
87150
95851
72719
62321
38269
97370
73319
45293
14542
82551
82128
13466
58381
55599
86960
93516
91880
55972
15012
19316
36744
64439
89672
49240
84168
72312
42729
90542
76773
59788
49552
55807
39599
56077
73872
20658
56756
48183
78386
88807
83706
5262
23984
72108
20979
62015
59631
91526
38984
53817
80547
98637
36407
93749
71405
24023
43523
93577
38136
41083
61318
49683
31880
38593
38655
59268
87559
73203
22464
5353
6268
14299
25110
64274
86890
50644
67072
32396
47455
20871
95619
97141
88342
68451
10137
30741
63579
16919
88514
34599
22658
98682
6061
37715
54990
98011
48063
29793
41035
20760
8717
85903
64554
83393
8098
44232
62295
17630
49543
64877
59580
75018
72171
25284
5725
6224
19009
94564
97889
6418
25208
5048
35189
25018
26316
6391
63677
60770
73998
2326
94671
3663
83459
12068
17062
11660
47236
25572
23658
32261
65880
71208
40482
8170
74715
80206
44412
48562
44372
1285
56266
21147
63640
16089
73029
16179
6658
50361
26198
9285
78095
70058
48008
37343
36137
97758
71207
7058
56609
50986
58978
95732
49989
35511
92542
56744
18375
83412
80223
89602
4320
87194
93428
55292
42281
8232
52302
45622
11192
17346
52595
41841
32778
62449
25813
63240
4879
35727
21534
85230
8473
39763
15638
47622
18934
30878
72735
58963
57476
98427
69285
64592
7794
3523
818
74383
69431
44709
35533
45337
7341
53326
83506
78286
26889
44632
81985
62235
52229
31483
87594
27127
67497
85842
15355
24405
25449
42463
38942
84582
25376
85553
28072
56383
6119
51487
20261
749
27073
64678
54118
7355
16967
83619
5115
82570
65287
4203
58416
32308
61581
31106
51853
54955
70397
5683
31712
11872
56934
79815
84244
57964
57069
2129
58831
93670
79462
1850
35201
50395
84410
56567
2859
5811
44125
43941
77560
99415
30994
96920
8496
76536
75931
36512
75194
24663
35878
35166
80378
93012
79649
8851
85590
85311
50956
11197
47709
80947
5721
24476
73325
57500
79890
91588
73582
19941
54593
85982
22657
18272
42523
44083
43667
58388
39931
14065
81261
34194
94251
45194
83006
5698
68334
83052
80272
5006
56868
50311
3282
30427
54472
30532
34819
1731
76297
84564
11545
93001
99074
49898
10245
54532
74154
28604
16166
32162
25909
32561
49505
26311
38206
42318
22620
70005
4071
35229
87287
28780
24755
23320
97084
99578
50626
33785
36355
34980
49086
66939
12495
53115
39582
76688
35832
54502
12575
43032
20722
83299
66106
53754
72297
14864
42973
80243
14328
47402
54092
61123
39540
85402
98472
2388
82588
63796
90574
77021
33069
74862
12517
57524
85699
90992
80025
90560
3826
55521
2152
87715
96178
71133
12998
18242
45088
57626
8136
51500
4018
20357
91237
80829
69597
94610
21716
19385
34806
72090
76612
91763
57394
8773
40905
62385
6741
53706
63989
45795
79786
51454
43167
4315
2397
88343
86327
2476
23930
14833
89054
74607
97635
59091
81332
58427
98923
90974
55238
39772
84567
58316
918
85384
40670
90386
72978
53693
86872
3764
10757
52890
44733
52214
9090
18574
40686
57203
53966
17631
43548
54031
76287
45459
8422
18444
48720
8711
55310
17759
65786
95010
82532
3856
22941
50069
14317
36017
23468
19942
68927
86883
38326
65423
37619
50402
76816
63791
68350
45066
16034
27586
55344
69149
9657
79564
35928
70730
2868
84065
36042
34941
96183
49305
30404
44124
89885
72117
5113
5580
97669
83609
85065
17570
59006
17964
80011
12264
58538
13343
34947
16303
13843
17557
14319
23666
79965
5332
45436
68426
65818
95596
65976
38186
8846
76479
25689
51224
82999
82918
94552
22073
49162
82598
91268
27579
11904
29046
90163
39508
76695
33455
55577
3603
61099
67127
9039
94320
66958
20986
81774
44251
16780
14219
77273
86794
30953
71318
44900
21459
17555
21775
80655
28605
15943
8587
40777
24276
29463
10397
10396
47512
40738
63326
76287
90644
59261
82564
95559
1120
33763
81771
95971
82059
90031
74908
69915
86821
66865
86123
29841
10245
93183
22799
2268
49646
86645
4671
41176
30146
76356
44836
40627
32047
99277
92890
21880
67419
36291
45464
84458
10033
17051
78304
87107
99410
73885
27400
70222
60044
91257
68401
66904
35436
26460
10053
440
57437
38353
74961
10509
34441
69141
59135
54337
36846
23409
57914
28430
593
801
76672
21871
6837
98695
13287
69882
73594
63707
7974
54823
83496
78447
97749
82130
71319
25835
19369
98402
74809
19369
35608
7328
10437
15084
49468
22651
66818
2673
11509
54457
70869
4514
60861
31708
22516
67969
13722
75266
60784
48077
82039
84628
84046
94486
4195
59589
64327
19702
9723
66006
72949
81386
2425
56473
54946
45903
84282
7328
87021
43809
55796
47405
48551
30585
36643
3014
6577
19669
57076
89490
64632
10828
54008
9002
59586
17670
59947
58326
41617
30675
88502
80043
74221
43392
33958
27531
89012
12269
91567
82237
82549
85467
56066
12319
9643
70763
53368
77399
67788
14543
36571
93655
22568
85461
15143
66460
48511
75568
23627
74264
31649
6757
3267
38675
88610
35981
79464
18978
20549
76257
34935
54094
72288
81912
61364
52563
82468
13363
53435
53885
16340
15269
70188
