28280
98857
98243
40354
96595
75959
2410
18537
27329
62958
39276
30370
23312
56649
75264
93862
23015
99339
36531
81726
36885
12802
72379
496
11835
91319
49721
88178
75658
83717
46198
80059
80370
15444
15465
84524
90999
22878
75021
39391
55120
34452
5168
32412
8936
14022
71094
20407
72522
60575
78585
12378
34494
56970
46823
77349
45729
12569
10763
85659
19017
3604
24716
30211
73779
98219
7807
48162
79003
50433
56653
89126
56717
84713
75978
33268
20210
28423
75230
38022
24758
73089
88561
27238
94505
63134
46826
88597
97761
37617
20843
69456
65656
39310
50451
31764
62134
94308
62829
31631
40173
82289
72076
82565
42534
7040
96353
31935
1276
95818
23503
58793
62246
17910
89625
10397
59500
75427
26785
9781
52564
20760
46892
6106
43255
46203
25935
20702
55643
58133
80923
79473
19096
36428
85805
83059
40008
88549
92138
66982
32255
90568
61061
18820
51718
73185
94201
60473
99916
92721
63887
77226
31535
96181
66873
87296
69010
74632
35180
77925
10389
22475
69019
57174
57992
21725
66379
63910
62932
33701
65256
70566
50273
80816
10940
6817
38610
2361
58080
49729
92401
21679
78225
49435
81321
49926
41091
23940
98219
36923
13151
97473
41517
63712
28889
9740
87258
67344
6580
18446
2393
37443
2647
34587
10158
92323
1043
60319
13407
74289
9053
17649
78007
36678
32684
90240
32571
59821
7371
23598
55357
47765
57384
69352
13067
38156
81308
51860
29101
46872
41662
3928
10348
76342
27462
48501
27398
8271
86734
10415
3979
14917
94277
42376
66999
39603
48416
51861
58055
29524
12010
28692
62541
7542
91018
6072
94883
91404
93825
8599
87043
90841
60447
36076
74348
24977
12095
59115
47116
54376
3640
65493
30569
893
24234
13587
92491
91777
58367
27933
59395
27929
30940
78062
63056
83050
86372
5806
10935
747
12807
86577
37936
74145
22519
54229
20511
10060
72300
80817
20718
20879
95155
88771
34220
2039
12
54517
10138
27357
68711
49974
43862
35380
90763
77800
55884
52804
6948
22423
85240
41038
11143
35501
32710
44747
71105
94617
5430
36274
61730
10940
8408
73022
93222
4056
4266
39693
44429
6894
10867
41397
97827
31775
9182
92764
14747
74997
42989
80118
82201
53274
7618
19806
63167
53246
78699
24975
92116
35918
99169
64802
63536
79555
57282
54676
6513
42905
33643
65854
43554
49287
19618
41527
61892
45868
1079
35831
22170
23523
40582
52523
34202
99238
7458
50698
77420
34532
86891
97801
90735
65567
54399
99205
14370
95540
99626
64491
44239
33798
13880
96827
67925
20888
65359
65405
14336
15180
39336
73631
73149
12732
50159
7277
48378
72921
2761
9915
74387
65434
87971
43296
46416
64240
5511
72963
22336
52625
64475
96734
71881
49994
42743
6113
34427
35499
96223
37971
11982
39191
36569
97859
18010
81807
34155
18999
98137
53007
64709
82465
2462
69473
70624
7942
91748
45423
5719
8494
43045
16235
29797
57443
87698
67083
86236
54402
23171
53833
66827
33039
80927
58229
5637
38446
18741
33396
8228
53869
95109
73852
87201
66180
15257
38642
19644
732
58365
50090
86438
70645
10302
57559
85640
1391
5780
56253
70108
10199
34692
28832
55829
47180
75600
61920
20207
88041
29574
78115
98074
85270
61280
51307
53886
96627
13733
89545
6210
41011
32975
15926
60161
10950
42264
4950
3840
64791
56679
1823
10529
90153
59921
45596
99323
14534
93109
97333
70371
783
714
58823
62031
72562
32824
23465
66441
37218
48199
47526
59842
57253
13455
69400
81938
56085
63334
63206
5996
56816
56082
63977
17201
90186
12104
79183
95175
20883
23184
72514
99579
30482
39243
76834
15378
33941
26910
1399
83243
77578
19798
14516
47498
20768
59307
23162
97691
47651
81548
63607
70089
29105
25727
55421
60800
36752
90193
7129
68666
88850
75528
13404
22358
90044
5891
45259
77727
76546
35076
37562
90188
60991
82320
51260
77451
96275
69915
70714
3835
11876
23117
87972
21650
44859
99005
53085
16916
7973
69746
28335
54388
12588
97385
1909
73316
70742
5021
19494
46882
64342
86269
5045
9158
52879
85057
22073
94069
6196
96368
85692
52196
94146
31583
59989
8162
29686
48715
44178
81141
46104
81625
13843
41687
16155
51305
57425
49649
98734
10078
57095
92443
54179
19881
75045
53199
45511
71001
51979
97808
25279
50563
7124
17401
47153
31913
49246
67297
63987
24643
18913
7945
81112
19422
23304
42760
36164
47132
6030
72035
2572
50753
80537
35158
2405
80286
57566
73289
60698
26779
85124
73250
65277
12701
70231
26227
83362
37685
15370
98917
7331
6671
83850
586
57281
51054
42286
70768
38388
67539
37644
31569
93259
98992
73868
30336
3581
99152
763
36262
56439
8124
29511
91956
41050
85211
93660
54276
172
92920
69951
79852
91268
82408
65078
5001
50308
36166
74087
89554
32110
61645
48886
81766
697
37307
37048
61274
80033
6677
83291
41273
97987
72673
31796
7561
34447
61590
1935
16580
64039
85833
69438
75622
3094
20947
59697
55765
34457
48278
14888
24652
575
89867
6261
42028
82652
6545
15502
81682
71490
42962
64349
43045
39162
63203
27493
71057
66578
32
71034
37061
23587
63533
40299
3194
50176
20961
66916
21576
65717
42665
350
58251
21470
45151
41253
29321
24089
1724
48556
90895
18355
70287
47282
9564
41891
48470
7352
15345
24712
43186
20579
33148
61357
10568
12042
57373
72465
66866
62126
88145
99716
45289
1765
94314
47376
16002
27298
81575
97803
90653
15777
69547
83245
35027
11508
67225
3213
47037
98129
12136
37945
13347
16670
2893
93479
425
64568
33855
82831
5468
36025
96335
48980
8880
43414
56076
76085
79130
27898
28347
20189
61974
53369
91772
81916
19058
50158
73631
74940
76535
34765
58730
29639
66969
61010
80184
26617
5511
74364
19773
88394
48449
23353
26694
79002
6349
49215
6716
48100
54104
26044
53932
5947
57533
10611
19492
39541
16135
26685
62546
26894
79921
38939
80695
11345
17945
84566
41018
70151
9112
74383
29076
56395
51036
75839
37640
24864
56450
38992
27206
56037
45868
88866
90878
25554
11016
86218
40139
96894
41304
90831
78143
36694
48868
55144
72342
99698
15381
48256
4159
98848
71179
76502
41893
14269
38476
50001
91913
30502
85602
14129
70007
58688
80920
72168
75883
62774
53852
29920
31439
88315
99570
6078
16873
26015
1027
36857
20402
27551
31546
29101
