63089
77181
48395
54668
44028
31272
6666
3309
6484
24434
18760
63510
47789
1773
80729
26439
90692
53631
86379
2066
36820
61649
751
81107
20368
73442
4674
30784
29114
59324
11403
34717
18614
89420
14610
28302
61902
37839
58927
23141
65382
74546
29842
75863
22994
82689
18859
89816
53431
94869
92194
65969
81541
36481
74787
42957
34083
20684
65372
54603
97181
16511
80052
32294
95543
95539
99727
32316
51803
95809
75250
66947
28085
18522
98567
40551
3904
89004
61779
22789
67511
11204
80880
45302
80180
65843
13739
82658
87435
54585
9871
87136
65691
3337
77271
66345
98457
4039
78617
70027
73572
94874
8179
34443
2545
81917
27245
30294
51648
94789
23200
57356
19215
35218
39602
43164
16650
24338
63427
47107
78944
33947
17838
51080
64033
30484
17545
90375
92241
93176
92545
63488
23521
24297
19360
13358
41337
45654
31210
19138
41955
6578
12627
51427
81068
75822
24589
24367
74279
58012
33241
47382
12662
11187
92357
87177
51726
44336
92054
8978
55324
553
71650
52296
22740
38820
77712
42598
13926
29457
26122
76161
55737
55850
94576
610
96397
44699
60856
42429
19522
84071
75362
53229
51789
97501
39955
62771
8612
89155
12256
67114
11236
27814
17644
86292
501
59438
20322
25338
96577
75151
15556
76409
93038
11439
70430
34484
52379
43204
47835
7107
53844
28484
56706
76061
91103
87087
66662
44594
8304
49574
60048
96655
55119
85041
47274
46557
81272
81090
98597
76083
9861
78243
49689
54062
76717
58042
53212
8054
97078
24089
18077
25863
49577
36011
40154
74987
92962
75151
45543
89953
13650
37922
30736
59024
87377
594
96725
35249
25835
89112
33023
20327
38897
79574
13578
54801
20360
56339
25891
15682
65202
61331
61522
35597
92826
35837
19388
23738
19022
12946
24371
89094
39521
17196
84635
14119
93929
77378
62859
25140
67268
12144
87577
96021
89454
75542
3704
30485
33735
58165
26740
13626
59468
42817
13230
4097
86722
23155
77454
47888
70838
30987
95518
73338
42852
1933
66338
96409
26974
30822
22059
62123
13255
3198
39115
41167
27168
96476
42288
11479
28520
41659
85222
55901
95927
26445
88091
92926
38635
29514
8578
91328
57606
10204
79357
88305
82941
8456
49902
30178
25638
99576
45645
34235
58490
82342
11157
91957
46992
34141
27680
31865
83747
83069
66311
21808
42422
39675
14124
63540
53762
71371
74901
18448
90353
88349
19283
4274
52175
70701
17427
74661
84538
77578
95137
33385
44695
72229
90145
5447
22771
67138
39799
45426
60407
15532
88380
72963
54739
75092
90006
13105
99160
73950
87007
84464
67401
11178
55997
97459
23069
48385
38449
78240
79305
25622
13996
39642
42238
32612
95637
54819
44396
13083
26255
28441
67803
56836
14547
29234
54300
61073
90746
38115
50598
10714
56503
13169
56276
1422
41775
35744
31590
29691
59334
89385
2601
63452
98611
87582
91008
31055
50143
61555
10254
16654
65295
91855
34035
63424
533
54737
79361
98683
49135
31371
10238
22817
14159
59432
69291
77964
39660
54
86907
90108
50839
81500
59121
18407
77868
55861
58499
18457
6898
35764
11675
72695
56366
22244
80329
25609
8544
80723
99079
13857
84524
49417
58169
72346
82944
59280
41094
97438
90377
73165
50480
90473
33797
64409
33881
1871
15339
79631
18851
83649
47661
45157
32344
15819
59383
43893
42757
159
34144
51262
13476
56946
14706
38662
92538
30668
70976
96100
35633
6405
29714
79038
61088
16476
49629
62491
44080
36877
45311
57673
54810
77196
82872
7526
76268
38571
11668
33817
16978
46634
86518
98620
8102
80808
46221
51422
25772
53568
88766
95846
7370
28583
66775
43266
84716
42222
21033
66466
99056
68532
24386
24882
15190
27542
19474
80969
81221
56034
63727
67076
28336
40460
26565
47047
70226
91657
89539
87969
47811
80950
75885
14166
79492
60719
61098
53647
32406
67142
47445
67085
51356
92224
86183
75442
19403
18581
43792
93406
84824
91442
35359
29699
63929
90744
53345
25710
55173
53117
23152
65876
65186
12708
10070
60485
15188
57308
48617
27812
83483
44892
78246
99272
43626
45495
25595
79364
35304
48406
6247
55705
87226
74465
68338
80654
44157
65871
86157
16839
79550
34560
70533
54134
30864
8014
79527
75201
95816
60519
92259
19723
68225
43716
42634
91027
82297
36270
15913
58547
76073
26788
91857
80773
39218
28750
11161
40925
74184
92382
15560
34513
20826
9336
46691
33087
40636
94662
4349
75995
52610
60636
51037
19272
40801
18692
72122
47282
64832
34302
4325
40533
2961
48504
20826
97596
87784
90673
63555
83443
90536
60981
2587
26354
48259
32963
60540
56493
49855
30339
6553
59347
86364
57877
74756
79648
64029
42005
10082
87439
84511
61
76386
3691
51804
92274
85930
46352
12906
81456
37087
3030
63920
22228
29946
36765
53496
13441
47521
95210
5473
35645
15512
93342
97050
8198
65409
6537
67289
20047
73871
19864
18240
6901
77010
18814
41643
11540
99230
91750
27605
81027
3720
574
23507
76696
90212
46649
5868
8392
96481
12278
39827
57830
33649
88401
58428
23133
80859
74999
7185
92838
45540
48516
42206
16587
31541
63123
66063
24614
90994
81007
3659
33090
80373
64820
45211
62927
92045
38399
41066
49381
71328
37120
37166
17879
50093
30395
25636
27622
32196
83172
73152
71308
40310
95723
54314
44912
8679
74807
5511
27156
93448
38137
73591
26193
6956
73290
18072
38613
11692
27323
5393
15403
55344
6428
53162
86747
33382
86702
96906
34465
76239
5377
26391
47991
83732
97554
74183
31862
38098
15566
63613
89503
63443
96900
81954
25488
26725
37317
94149
90082
85382
30635
98428
92888
82639
5567
99367
92215
59492
14554
71703
94335
19905
13091
81993
69641
20920
12062
50189
87889
2212
56864
87183
24688
74577
21622
28802
8786
69218
49311
60465
83201
87269
68293
14876
88495
11136
86694
3575
71307
7963
20219
30873
70998
73022
31588
52314
75654
89120
62870
822
88572
18408
87836
46646
58948
79712
41480
31428
46886
55455
40582
35447
86424
8368
9111
79394
85916
89339
24807
45703
38271
59161
90960
24225
68600
51209
32639
77573
74130
91935
51400
21305
40130
2184
86975
20554
30349
65825
92064
34397
81659
18861
7548
29554
9217
62245
83058
45221
81664
9871
34256
42045
1314
79588
5819
78841
84241
3090
85839
25068
81540
88459
47870
62818
18146
68314
49324
80703
31658
80592
44564
