27642
15351
88314
5439
17108
39123
20620
50752
38755
41589
78825
95055
56264
30256
74959
36669
56024
69249
37581
48652
67312
28014
92897
13048
1647
75044
1909
25216
45377
72718
89037
45215
65985
93326
62421
17727
49547
24957
89295
24569
91103
62069
45872
4518
24552
64341
83080
9299
79422
20266
50970
40069
24152
14477
97767
878
22675
30846
72063
57523
21283
67672
71743
4065
64044
32692
56977
54288
96652
93594
83559
40314
74595
64702
5487
49645
85021
81919
41012
75866
93116
81330
347
95440
96199
89558
82668
15336
73820
53044
86905
82653
35010
28919
97665
86782
93222
31416
45285
54271
18815
24761
76173
43688
3490
22566
9588
10133
15825
66687
61813
704
89978
5788
541
5255
70462
18351
23434
16755
7217
47048
30906
17205
98278
21865
5573
71014
76866
30807
75480
94176
47103
50264
6462
69356
74875
69251
3975
38204
55663
50197
9291
58588
15275
2033
12080
37488
61626
70326
23771
34546
61052
46196
74090
80459
94503
13058
15962
63844
25095
74414
5765
51403
54882
42493
7640
96498
52808
67489
69580
82522
95376
65885
47850
60562
93975
56310
5077
23962
60929
25803
15876
55669
2608
31277
45664
6974
20150
90272
40026
44600
2047
51632
26116
16600
97255
60689
7970
90546
91095
88122
45806
20249
36096
11537
86644
56029
79747
33707
83324
97410
41152
56528
39293
50016
70368
54485
49663
61186
51977
83294
86526
95950
93278
33338
53967
80482
15743
36445
21735
93623
66195
39979
1096
2274
662
1772
91435
14384
27752
99621
58144
34485
25083
58635
66923
35550
64108
95901
12796
2260
99343
62221
31491
66538
23370
24967
23652
19303
42614
94836
86904
89800
71066
90415
29232
29256
63031
56034
21553
84175
95725
18519
27405
94461
30843
35203
43189
5821
15153
44868
36169
15547
61698
64725
53067
48376
60532
70649
55253
57291
10291
5545
91530
85393
6615
4685
2491
46072
78441
11310
16067
69426
49967
21323
84427
95910
35145
65481
79743
98587
31292
81678
28213
81986
27016
39503
66612
87126
75747
11173
37379
7353
16829
51743
77181
84168
88487
50976
29530
11298
41948
91661
45567
83016
46004
88615
68905
6271
85000
2473
65979
63035
48568
65311
44364
60415
43057
12913
90388
27786
14372
66712
99920
29278
96391
94974
72295
17802
25242
64384
7107
87202
97255
70452
36815
35995
33571
50878
70254
83651
41902
2167
13816
87507
25958
82709
70999
11488
32055
66395
48087
93705
88647
39104
14306
71980
40463
23196
80759
29593
21082
52816
96975
36678
42360
59451
6021
8615
61596
58825
32717
29956
63853
86653
4983
8753
6190
55344
47364
25244
52643
5797
45351
38604
94933
74052
63753
10869
24097
61995
75708
30534
10357
82186
4990
69993
20421
50865
21631
84841
84938
62980
61326
41098
54841
95329
78364
79361
92226
80498
98241
35
56922
91120
2889
39411
15182
66249
56841
80772
50884
1401
80049
47110
50361
52813
13151
11134
96603
72893
24494
72176
75656
16996
11398
92556
2281
63022
41054
65885
56463
39875
28754
47323
73675
31124
2931
76699
64625
42176
29257
25979
90580
49470
25983
14796
34322
75793
17648
65746
82507
77561
53486
75874
12380
67635
89922
52991
15739
86412
62242
41913
84776
51734
71496
56621
28567
32813
41571
86453
36027
77525
50076
36670
87492
89664
22228
22616
3756
54533
74422
99621
75155
87080
20077
44346
44975
69299
31537
7140
1422
25972
45836
70085
7742
87015
92123
92795
72324
60296
48266
53178
82103
32193
33288
97582
37991
80886
12697
94246
5137
66448
67861
45612
30476
38046
73076
71609
31457
11200
79689
98831
24435
57758
94995
21442
59345
57998
66333
27487
37822
6172
65104
76408
89862
82092
24630
18047
65791
10355
72996
11657
50609
86790
62106
11276
64367
59234
87225
12294
15625
887
29611
37289
5697
22874
6983
64414
28676
57247
8658
65288
40751
41858
59639
99203
34304
13827
62093
82134
80393
8697
65795
35651
83734
69267
756
2356
8149
3706
98523
2014
11827
29841
31300
7731
90080
83649
22088
94561
15393
36214
71769
77172
2416
33459
1053
10446
12276
95243
32406
84219
74806
21190
14280
46561
86574
83393
73214
95232
10226
76051
19661
61089
64491
19302
34940
37826
32743
84555
58759
93151
55117
37880
42245
49469
9896
67858
95871
97210
40666
55874
73516
75158
12932
48930
90215
83266
71479
97564
25699
27048
52059
43031
81401
99639
58082
40576
63883
5833
82515
77405
13667
38208
67548
60475
97273
90129
15559
79071
24265
91403
88251
79820
98813
1958
66966
29391
29201
68443
17211
97764
49267
45554
55321
15898
74261
61618
70084
83239
76107
49624
71232
9239
17776
49414
52844
53927
89589
80868
76058
15491
50468
95638
75244
74257
20687
95514
93993
59975
59378
88350
3515
88483
65846
83109
55618
91231
49392
46543
59763
38856
70652
96120
55604
48649
78269
58972
57976
86981
41911
78704
60815
64284
56844
63230
28042
90685
87213
82138
66449
2055
5143
60604
41695
4456
95993
53934
68745
17447
25185
85939
95814
32531
62254
30803
29358
74178
31301
36576
61293
37032
90599
12234
87070
94228
23031
56886
65374
73714
65551
52998
44281
58825
6842
58558
32229
84512
71385
48246
34278
52775
396
97502
97443
98995
47108
20370
10664
60282
27540
17734
8744
32578
28555
398
83649
43552
67366
57517
89187
73461
76519
21949
82394
66574
68851
1974
21547
93619
88630
20504
77126
86056
45419
43735
98545
65527
52213
81068
99169
28573
7230
67118
68502
70449
28219
65296
89612
4179
57494
78441
95935
76299
95108
8970
91091
88121
78803
95201
1331
54714
16699
24698
89783
86801
85096
10893
45325
97110
36968
29472
40182
38484
81875
10321
73789
64496
40670
59524
401
83646
71560
37391
70941
97330
52036
63962
16259
14655
92178
57652
98891
20756
38424
79908
69263
82738
41445
76775
49432
31406
33568
26482
55378
48977
94929
6163
80870
32849
13680
54730
18518
82725
91218
90979
51354
59658
23397
34865
1421
66251
79542
49734
21490
73354
87128
64551
7446
10928
93500
32322
18701
13244
48784
52185
55555
58828
8109
8261
88725
81225
10044
66954
60961
15568
60918
14576
952
35097
43728
93823
79970
75009
78458
20801
93904
5908
62434
10291
67596
79724
72132
87600
2930
19642
22607
10325
31758
13715
72779
76366
84915
52113
4241
41050
4581
25009
40953
50436
14285
83099
11781
62087
31185
38714
11784
63239
