39496
57730
74473
87109
46250
11499
78000
51243
8358
33328
75190
80646
2339
8745
86410
92232
34687
3677
90796
77001
2814
43874
39784
84525
39414
40798
74904
55415
22278
85088
97458
49040
18963
14356
55182
45792
32266
72307
80612
59868
97044
28455
76293
88209
6312
59964
52914
51168
97392
52733
63710
46744
91957
19890
33655
84446
38995
23821
1849
31538
13604
42044
63022
77231
77821
64728
1187
53004
45504
73062
8612
13431
17166
36367
48336
99236
7654
61971
57366
72177
30643
57090
29326
42900
5587
88554
81781
55249
96329
67054
6398
13492
74557
18227
19172
60231
15698
54847
54412
22456
27043
79594
84691
30007
46941
23621
54988
161
11124
60439
82476
58647
22728
54613
44999
44011
66183
8826
26741
16669
56965
12923
24893
43971
85942
34074
17898
59297
714
10779
88017
72200
16779
28028
26510
84688
17383
84364
82282
7531
6755
21768
42507
89662
29198
5648
36099
94751
52306
61741
96236
40485
2238
59398
12307
71375
94165
48785
28847
30468
14837
99638
10161
44581
52902
38669
91367
66466
28826
42435
54358
23293
96784
72817
60391
44497
25340
89973
13959
66723
33901
71163
31038
31163
49637
37708
73756
19749
14518
45171
19676
92230
76930
54390
33216
47690
68278
61187
98524
8275
49573
50332
25442
85127
80154
27426
94196
6180
27197
17377
21101
12593
56891
99374
72363
93444
67306
6075
61126
410
12538
67096
20440
10969
91854
43832
44069
64142
34454
88237
11484
17544
98753
48193
13164
23383
13611
71400
71585
24961
90755
25564
38059
1995
85383
10218
61494
75373
93499
9488
77712
39861
34886
91403
92948
44809
82510
47934
62057
57276
96584
50885
76273
98987
93238
49391
19732
45066
26429
53868
59155
13535
13425
63637
16102
98278
17870
5663
29905
39987
48076
90436
62857
90697
35179
16010
82846
58244
44668
49890
45156
81091
94519
22639
27288
763
6201
17101
24238
38346
23366
16917
30274
58996
12002
52746
50471
40779
29884
28470
86779
95709
25247
96464
90937
46609
11073
78557
81602
81292
59200
82167
97479
20952
8578
8659
9007
41515
17497
80427
21194
57925
98561
1143
80678
89342
75814
27829
95085
7281
55270
61756
56226
82648
33642
16474
6222
83149
93589
91541
15285
95381
12247
65361
99544
90885
32190
9852
5258
10197
5259
80289
15038
4048
89264
34395
51428
4702
6299
43457
24372
84974
6137
40808
76730
44619
50734
54736
70103
52495
93070
45404
11659
2736
26246
71868
78273
46966
27599
61890
89869
82956
23801
17755
60212
92540
69377
30160
75196
23942
96708
78699
1070
21827
44635
28111
23775
40305
35109
69312
71277
71355
2913
64451
53637
78456
95042
93174
57110
46780
60641
62013
52286
41217
40878
27963
74945
46204
78135
21522
72631
74295
13109
33596
55536
30938
99951
9559
21783
86008
38725
44893
89619
30994
33970
59452
34294
76280
92196
89185
8626
9991
53243
4465
95299
66753
34782
89004
61013
71321
89221
15800
73141
20727
19006
21412
27982
84268
93543
34940
89002
35524
83147
75102
37956
36496
59520
87511
39594
70238
39816
68847
46544
87144
51784
81171
96368
40684
39481
43067
10536
91705
34404
23216
15474
82487
48232
60748
18409
81349
97379
76864
12197
33650
17368
49734
94097
7269
62869
8417
28760
26606
75935
11183
35366
30712
70134
16994
57761
52851
36914
86918
51978
15108
17342
27730
96123
78785
46085
42280
34595
48093
96966
83555
19307
43917
94948
74856
14653
27263
57868
22649
1376
54167
61420
57856
83696
87453
28540
7901
81292
88656
60406
73615
3460
31615
80156
80199
95005
28031
33467
52473
73310
51792
21090
6668
93641
62768
45045
27801
73816
15172
78562
11432
99715
86416
83961
76310
24944
71960
20736
67764
89663
73982
10992
66858
94534
27626
94812
42004
1725
57988
30964
81581
65584
39766
69760
83698
42185
44529
1429
47612
4825
51277
66773
15594
45315
12311
89744
11357
34751
54331
17448
60373
65828
43735
51811
83179
53344
21108
9359
61536
92567
98768
51469
21242
88463
60561
93781
23220
40602
30153
66244
16139
39980
35276
47527
53679
45995
10917
92991
35200
77696
78976
59296
44952
26687
85223
4585
9135
38805
34026
50454
98251
27844
31997
71316
34290
42133
42511
37214
43732
433
11700
16399
85910
18649
18323
9621
80881
90013
68320
84810
65902
38919
73380
13125
26801
10342
16796
7035
46910
79514
32119
7329
72572
75226
68210
80955
93388
30698
3120
74171
91935
19925
85685
24292
19863
93357
5189
21617
94042
40470
9056
65511
55932
53417
77611
57498
5981
89089
52935
69534
26388
91324
71761
20828
72444
21579
49565
92733
53578
58769
37949
7913
89612
2411
87325
937
78426
86930
63027
63929
29018
42958
90545
38488
76066
86325
53675
24286
47887
87259
78341
45881
77493
2389
95778
15107
18497
11896
28494
47743
43571
24760
6790
15489
21207
44316
29065
33094
89729
26023
56578
95534
33876
50966
56300
76217
29184
60950
8066
55862
62334
83189
43026
56975
39118
38073
2998
27595
82554
11313
35111
67505
23002
24049
15666
9705
81208
95307
34127
43317
98912
91470
64722
23665
2466
45483
49150
41979
29767
21329
13216
51990
96474
96633
85045
72299
42517
46111
41578
105
20203
50792
78092
37375
48155
1802
46222
68532
27336
95325
51356
7050
60632
20838
19503
73472
65916
36953
75790
75577
26123
76018
19633
95530
69741
83135
73276
95794
93202
93296
53257
50875
66249
75825
69262
1906
12840
4082
52418
82894
88921
44633
94869
23597
69500
45153
37369
40848
96241
25647
4193
41159
22896
86540
27697
97886
55739
13530
33370
12531
56646
30613
85539
58349
2342
60360
83622
21217
65091
34171
92465
18259
3837
5909
86350
83531
45815
6940
24014
85175
81335
38510
611
58006
74728
80448
29727
78919
58045
62087
96232
73525
67188
10921
6181
34418
66561
48424
76769
13147
45623
78325
3242
97146
47027
34766
22369
38786
72894
99238
58605
68514
37039
82967
5774
40412
13730
40279
65462
13692
34116
832
89114
67140
99247
67921
60680
63959
75548
99536
45780
10162
42372
91506
52506
79938
77174
21050
17538
77534
15026
84647
26153
59783
82823
76326
4440
82386
8267
52163
72703
68617
36957
88382
1808
40391
91590
62612
52926
90391
30885
30115
1503
81670
90648
76257
40615
61728
84034
78168
13115
39947
13432
41215
85783
75556
24376
65705
39581
18165
61246
49815
64269
59864
36460
13431
56810
