67507
35678
48689
54226
2184
43174
80298
81747
30139
37770
87017
19584
31746
19586
16630
95107
94088
93207
16198
869
79238
11167
19253
75846
35504
33836
97540
29652
95098
14288
36329
91535
83975
9845
36837
4060
70550
63633
67109
29157
34766
91052
25800
89249
83254
61025
63140
77561
99885
71303
19809
90332
39812
5916
99134
19476
12671
15042
55979
69587
19304
29896
12155
28445
64499
81620
74168
89320
97759
67771
10592
65831
14294
85609
2031
5589
89269
74300
50184
19740
40729
21316
53530
45064
60708
68069
80813
98936
57046
28449
89035
43581
47399
66052
62059
59200
36994
45460
16712
54659
27946
92049
39389
65834
68509
69886
18836
25615
98172
99248
64749
82113
19543
41231
40740
38723
98023
24338
16812
83807
42196
26556
42853
15304
8862
61072
68995
89072
73021
99252
24454
72554
3309
43401
6038
32707
33000
44094
47910
30200
72617
96498
69110
24470
66950
61831
20820
933
34341
57853
51998
61973
57036
49767
49659
92877
5802
69767
16844
70823
71563
64900
39221
42068
92638
91266
65609
58556
10359
94760
87180
16959
7290
82021
61950
41079
27212
9471
89656
28200
93951
51122
72804
47174
79191
24849
13465
48683
98313
92976
17861
51922
16829
12489
86071
85832
4518
63015
38737
93307
10775
33676
34515
28819
498
83306
15963
1996
50816
10699
36355
37508
46593
18657
77448
78316
50064
40094
46207
92777
60472
40880
35550
26836
27989
9061
78009
80260
62761
12673
16054
89592
47504
29725
29765
31856
36259
76105
59104
21579
81556
56641
80644
61264
3735
12090
3297
98305
5992
97821
27004
82993
39656
29660
38600
39522
78612
78598
65056
47750
96849
93250
71138
91884
46655
72293
93971
54180
82169
9021
96163
69558
68616
66400
12101
62412
67075
52884
7037
93134
17149
15153
48020
75064
77433
20113
65424
79562
33441
28489
59814
57293
28783
67499
16721
64363
37810
76464
5903
27612
28101
15405
20995
21939
24408
30031
78917
42139
34609
72975
5369
57537
1807
37990
59044
27098
89885
15422
40921
95924
96706
68861
28619
51950
72821
60729
40587
60272
61814
94773
65061
33534
836
60168
2360
28991
52782
50463
53888
99919
46302
52720
1642
490
88108
58889
49497
93985
18252
21241
72041
20271
15748
23723
90105
84544
70618
16654
15850
76157
27857
65988
54440
70410
21632
63015
72824
34288
99950
57720
17520
55924
34266
92841
28246
78473
27000
25895
1455
39239
94624
47206
84391
76839
56478
74701
21772
86804
99679
4809
52730
52546
86525
52048
4255
35805
71183
46179
30358
12387
23817
26527
33080
85647
34685
26947
44572
68296
95290
36323
75797
73718
12003
14742
68270
86223
40539
56754
46070
12856
20188
34261
23766
15513
3813
50961
98221
30808
61301
73051
89419
11580
62108
99241
92737
2488
40230
73284
93104
95138
29560
49318
33086
82041
69341
12432
10901
90348
53841
95239
44309
75942
45825
47374
96746
72416
81976
93029
48795
75068
33818
21879
9602
81614
32342
65489
75211
98921
25865
13685
27339
53755
25353
90355
51627
44100
75524
65084
23235
64077
52396
60453
56056
68114
64537
62422
63979
47987
74444
27473
47302
73270
55725
9425
27345
40449
11705
63639
33665
78069
9565
76655
45357
28844
72798
3079
71792
85506
71359
39031
23483
56670
64408
17076
25165
26278
79667
79552
1703
89074
64227
53221
15071
47622
3614
4347
12318
9830
10748
29353
79927
13929
43819
40364
68904
30
40347
37102
24043
98224
26059
54094
32915
65457
81065
20485
99372
9777
34282
76681
79130
1674
11408
333
95175
68758
51614
12747
50394
32780
60329
92280
79378
2432
40877
82424
86334
79009
74802
11740
44909
63073
29383
69510
86702
3508
49994
59532
80360
75012
49925
60528
87335
30300
50739
59257
23791
4794
76551
88551
51696
15489
5906
23754
99835
25385
60041
23751
56669
40050
29324
88425
22735
7489
47689
66705
50719
74399
74175
57519
20740
34991
47589
81324
61470
13574
87107
98687
84621
47715
47437
89395
58187
81011
25621
20573
64081
61199
933
15538
15157
89299
43994
40404
88845
81079
12567
61151
88596
65423
26949
81966
23972
95704
54226
604
76840
55576
66582
44608
53255
66636
72329
90160
70260
83998
90003
72129
55064
98871
8237
4579
99116
68649
44961
88284
79293
62166
26276
45452
65662
49612
62764
77485
38450
27858
91339
25500
53835
35889
35592
65036
6693
22049
50159
26315
19711
64226
51854
64592
86227
55614
45961
77926
51605
34582
96385
43881
67928
58255
85960
97179
50758
50465
81137
33985
76464
82971
34745
58015
97594
10264
45728
46345
82361
96768
31276
36055
58112
33128
41906
84906
4729
93966
83693
17002
33186
3083
47782
31633
58024
64901
22237
78711
84864
729
73290
95024
35769
89028
98047
68711
80104
52215
41265
29753
84107
81756
33909
43617
3538
31068
57794
45797
36656
72610
4265
63182
68810
956
49100
30091
69743
28301
26047
95604
69951
48743
52811
76068
24706
24449
94584
79583
15843
32464
53358
78753
49778
39708
97037
68795
5623
91309
36268
3825
62223
29021
60110
27399
7257
36024
11451
46105
172
94597
50637
28630
23158
92606
33760
3843
41187
13548
6015
96744
18502
53427
47313
67703
30207
69857
59239
82791
76209
56608
26998
26489
38189
51717
61248
36849
84898
55974
34928
90657
51655
56608
97723
4895
32459
28628
17891
63661
25765
74761
81177
62199
34663
14610
43998
77941
19220
7037
92893
99341
75441
37183
9151
6996
11638
2772
23468
82351
64125
57176
5888
63300
69904
14441
89400
78162
42979
15072
51347
39195
67863
34390
77582
60488
62361
74159
83080
61517
26501
67944
25732
30941
2848
55983
11429
34549
32980
28176
42131
58614
85892
48655
35336
92513
62005
69220
77338
27575
44748
3006
45081
87646
99275
84061
89950
24042
53726
4156
24344
99684
61256
3801
95185
52886
69188
61653
43794
56717
99119
61663
7925
63031
11167
83429
91698
71009
89156
15696
20962
78606
23899
31347
94212
52315
12433
28629
74710
14391
16696
24590
64486
60519
33234
47700
78411
84491
77104
68278
39007
88103
13429
91736
96524
27146
32567
65304
53901
65608
58445
1178
43840
90889
66195
1535
64131
75862
8669
99418
5882
82310
98807
53014
84041
47628
15612
3928
56010
35040
5352
65007
4695
59647
69169
26868
99792
70497
89225
84606
39504
57851
69588
95782
35246
67147
25727
1394
29885
33333
67836
46042
60613
27928
56736
43066
