98785
28210
71366
15184
42943
61489
48821
6965
12129
41153
35332
28951
89732
71238
90214
97824
43650
59515
70839
13964
73377
83324
6465
63031
59520
81396
93379
35880
81163
94895
13976
36969
69535
68108
15003
45555
87780
99313
83179
14962
38662
35534
56058
53261
12145
78201
86222
77846
44712
33101
14487
59526
12217
4658
489
53304
47638
54399
18547
51845
51235
56125
70298
72521
47453
38076
41118
87432
43586
30795
83073
89782
52304
28814
65225
65049
55779
56828
47262
79232
81359
46163
81040
78582
5971
22110
86863
29968
36115
36907
17404
30539
73538
13407
56084
23725
24190
49965
56236
35308
66896
40597
80466
84703
14119
69009
84952
51391
12674
40902
50454
20994
71915
67729
30632
52940
28564
93367
43929
70451
7839
86404
49028
98549
27085
26315
11365
86280
47287
10757
82569
26170
10124
88809
25818
45287
56489
14901
14323
58233
632
21477
63590
66422
37950
62236
24597
38943
40203
59801
75713
25092
58408
22389
98062
23031
29710
81343
97938
14450
63254
49842
9981
79974
91611
53388
73082
21035
22304
45383
68452
71603
44712
87331
68508
35831
86708
25825
15745
28242
83177
92428
98472
41169
91255
89323
89235
64957
39900
1981
69170
58646
40298
58588
35897
3619
59196
25600
79965
62479
19856
75328
82374
55034
13678
97761
63846
45510
53390
44768
57579
63584
77303
74939
7284
50446
16346
66426
31840
97095
37902
34412
19574
43097
16296
11316
66328
4926
78292
41453
34171
43745
41056
10215
76681
86839
16521
37932
13694
48383
16956
67355
56622
31051
40800
71717
32913
795
8739
55827
11421
87929
59169
6286
85208
87491
49891
33020
79540
15376
39884
40100
42655
27833
32172
64521
90322
45816
23491
2631
12632
47109
49961
80351
12535
36188
57067
88236
14310
49755
89769
39163
10040
45968
62133
29872
24614
62282
55766
67857
35407
945
94875
81146
11617
26426
35014
9399
82483
64409
66432
9018
2045
81088
756
63828
14586
75216
49066
63167
84195
13387
86113
39203
45196
13326
40846
76399
46981
12929
36671
76339
90515
85395
47074
42847
69759
24829
71125
63746
27877
50288
71965
4756
61211
22917
77958
51649
55882
95221
10209
67825
6503
70137
33718
31621
68218
67972
8990
50151
70895
40755
69398
18340
61395
93523
22270
25609
85478
3041
77925
79187
4124
59727
2292
40860
94826
50485
36107
32866
44615
421
30947
2871
86901
899
49501
88024
339
34304
46874
93482
94860
16303
88353
79982
80567
6237
67060
10964
67273
62837
30248
27657
6916
3739
23246
64616
83644
49495
31348
93651
18181
59898
24032
21801
27097
65044
29096
55932
80362
42465
7767
34305
27203
19156
85065
50573
5878
43510
76696
6302
34127
60861
30648
46746
27636
42910
18461
21536
54831
99303
86102
47980
34102
77294
27005
6872
99806
45086
27423
73838
61373
24882
40007
48386
12655
25525
88742
86323
45446
80554
76993
56931
38795
19015
55157
7765
83029
49788
8118
93719
3343
79963
73619
81547
92614
60083
20492
61218
33458
1452
91837
41191
11760
33865
85817
91648
31767
15002
50693
38137
11945
9026
79694
80600
11668
91909
26230
56913
48128
55036
40695
94003
6473
84006
99773
20499
91507
47279
37819
22720
56102
5338
5525
54099
16668
70782
98629
84664
75390
86362
24007
21923
24818
68243
34047
26693
47186
60621
79852
80743
24593
70487
84709
78238
41838
75121
39402
48141
73701
74087
21919
20397
42735
8362
84013
63254
36534
63720
42216
23061
78183
35493
81615
58354
60087
46579
52187
48001
41247
13387
21286
67491
67252
88237
80993
87986
43664
57101
26457
70264
24660
56120
64285
53457
55499
45490
59516
7633
27549
10524
96364
427
10260
21975
16728
82236
9357
32164
29426
84412
99637
91728
67612
64621
46719
27554
84018
89167
34305
23404
9660
39493
37650
96613
67021
28113
44014
37818
88592
99333
43457
98897
59516
37820
73912
66386
68994
93346
82406
30287
81060
55699
68203
26241
73653
90851
16672
47451
19752
48713
37533
28198
4708
81692
25205
44774
90342
32624
99031
44516
22660
8398
46134
8280
64250
25650
89166
37556
49779
55048
2786
56696
69806
94865
75237
83929
74066
93440
96321
19876
98150
33523
61633
13371
46916
62368
42060
54424
13815
2253
71506
6085
87093
10071
5099
27963
2656
21278
23529
13448
93814
18335
27480
76301
44336
47631
13974
23445
12653
54726
78160
67113
29421
17878
25039
20093
72809
46543
33996
12940
34310
16590
21532
53646
30236
82302
17441
54062
97495
97850
16727
14915
38663
34614
41869
26597
62234
13947
44051
84673
4765
34954
42186
16337
80986
51481
64029
71246
57750
64716
72149
65542
4226
10283
88998
16340
83738
46263
99819
79365
13163
27271
23411
55407
70351
39127
24406
25650
22924
92572
89934
51544
24927
44263
46574
35222
54333
80063
89192
5325
27214
25200
94014
50712
96482
73746
92498
24678
11345
4601
44726
58253
10862
74393
59637
32420
23068
26248
92171
71853
13133
46401
38442
44661
44374
18042
59516
73294
95628
61512
57284
83735
21187
82576
49933
865
23875
28216
43219
56296
37249
2871
88593
76452
30504
1907
81597
80211
99596
80732
70003
56832
66694
79566
10263
78605
94931
48900
1632
63138
91209
73490
57230
64939
74578
51378
74646
74899
79522
74215
28486
87541
68762
14187
74645
84683
16166
82270
74470
38063
73658
89390
60310
35766
50958
15429
22719
30735
86434
10941
78463
91218
86789
1151
4734
18615
37890
11934
47486
44152
14822
64808
42844
68120
99684
51964
28541
59387
27623
43678
26787
26569
21735
62065
4491
17114
66152
77744
79238
52670
53530
56949
65749
56723
69867
48363
70693
97789
35204
27857
9123
11652
50491
21177
8786
7783
93375
87982
90971
53098
46470
98898
11041
39938
91852
80708
33169
60511
27099
80431
52767
96215
47666
89708
38035
98180
26340
10247
2387
44554
46356
57534
64917
8703
86903
5923
26858
89172
7214
86660
18862
60418
43325
75140
54310
5439
73037
82528
71539
75788
43342
71829
50207
79931
59162
79680
24780
43482
68342
39243
26714
33535
21117
24687
13085
34308
74367
36247
43703
21898
97228
13294
22128
45301
92695
71856
56786
5948
55609
18213
84240
99781
642
99169
81864
67133
14089
72294
5834
89408
35722
6259
85627
75268
94446
95534
95457
81111
76645
15131
41546
16270
39582
97669
13609
38249
280
46960
7810
73185
45700
1870
87194
10381
92280
31738
88409
34897
