59931
41810
69478
15669
3105
4673
10137
97954
48359
40208
40424
60222
47157
8323
23541
34226
48658
64257
30813
62489
88937
74722
91389
70910
35157
66980
4972
92274
7474
19226
541
89572
29196
22031
67962
64773
84333
99729
6754
57911
68476
75759
50384
93646
8895
62737
69028
94909
99669
30749
19650
86901
17446
48900
87215
7607
78406
92361
13662
48273
94396
47287
59292
30070
20811
23297
19069
24150
31784
92101
17685
52668
4846
11810
59437
47043
37507
18864
51554
81677
95352
92971
69580
68238
27009
21901
7912
80479
75303
82715
10488
17832
35726
19543
27300
40747
72396
24692
85734
81386
84966
99311
4931
94253
54812
10306
92231
67748
35481
43492
53151
91142
92179
63413
18832
57467
66980
45903
62859
25808
3034
17538
92693
93812
27526
86662
97610
77572
38135
73085
38177
62924
91397
57921
10421
35214
51638
61708
30634
26989
84527
77213
95179
94947
6361
81628
20174
16006
31822
97998
57994
5202
14752
68425
27837
20489
63677
34374
1460
25381
15313
57277
77374
37882
83714
96608
62631
35142
31689
34121
11260
70541
69568
14464
99798
98676
47242
82915
58555
85416
56205
88520
48652
10883
48995
7975
18645
12683
67060
52593
34175
44656
79716
73423
18198
11268
75384
39695
15338
47835
11069
62300
53505
99530
32256
67062
53545
11585
72329
85743
79983
3553
71914
45884
39467
1025
82672
29230
8073
25523
18806
47014
29089
48505
42291
43255
77329
79124
94878
47271
25680
78312
58864
23731
1450
92588
98380
91510
42536
54253
2076
405
83352
54742
92876
98633
38513
18351
294
79464
22737
18631
47499
74430
64463
32350
81021
54341
60794
6203
58425
11344
5597
51008
92558
2892
13072
97411
99075
11196
92175
30488
82722
568
29355
17795
21262
27670
87304
20910
32737
46506
93018
39950
29332
26060
90180
64747
94471
34006
41764
27232
56323
91975
43906
52313
4931
18024
51144
62335
92378
40875
13087
22570
10590
51833
28900
66622
21666
32886
41191
76517
50168
24459
21979
29738
81395
83398
63936
18758
36486
90455
70444
34422
28545
74993
56053
94829
96533
91815
94244
6479
78288
77139
49795
91463
7106
60114
76334
24938
76090
10399
535
45858
12540
46295
82575
4044
97181
60258
9141
82264
7833
69575
10151
54034
99285
48545
26223
90612
44749
75369
92494
86604
69828
47457
95813
86582
8262
47871
84329
26365
81969
20302
8123
93667
80878
22368
73194
29941
85736
48769
31143
35675
19768
85264
36061
83816
79117
43452
1178
92329
10495
41844
22334
93925
95481
89473
69790
1909
6924
95323
54639
34476
69104
53610
16012
82027
41119
58573
86250
59858
77215
76274
27746
88636
24246
35137
52806
92900
81505
85483
52462
90186
34853
79311
22337
68587
77238
56816
26366
69225
80993
85212
73735
75681
53954
66709
1422
13543
24217
93119
55225
49439
74730
94621
80341
25252
7100
4448
41973
40805
58467
52800
36654
22122
96919
37729
81017
35652
40232
18604
97251
73712
23373
70796
11846
67437
25129
20262
44209
47646
10797
20745
49215
51811
95880
77863
8598
63486
84973
70348
23852
57534
20608
79384
60107
24280
14739
31345
56853
80704
90532
2911
72993
51649
56107
2531
22071
16926
76826
52733
29997
9713
53796
46616
6291
15360
93312
23677
36053
7813
38777
87123
1299
98246
88886
27378
40908
12691
62915
54752
530
87142
88214
80862
63982
14964
26278
65533
62567
62959
81715
28386
68127
49637
39016
2890
34310
61040
4016
35615
19850
5678
86547
71255
55547
52989
94506
38944
64700
97397
69620
54865
24716
47685
91591
77799
89932
35137
32672
1797
92085
91284
9955
19487
16968
50809
79221
39443
15449
42520
31983
86250
42381
32953
25982
15954
66116
61744
1678
84707
84899
45441
98633
5276
81384
72040
21251
19216
8557
98837
53303
18186
94812
49123
81383
29098
22745
23701
36012
1142
92593
68229
38625
83200
2154
85011
65272
38613
75262
26086
69572
31848
34733
10482
53358
18358
31777
99281
19073
41991
84743
98849
17411
66830
65495
36215
40401
3370
18379
74636
14723
25779
27622
17826
19904
62724
55441
2683
27132
76845
23631
16142
73755
13560
53840
42841
65603
98776
4958
50919
33816
27963
82007
67102
48670
43473
97032
8266
18197
80394
76267
66459
55611
52892
92072
30938
14747
67743
89477
3958
42331
66650
32077
1103
80462
59176
51206
76619
3794
86339
38823
49238
26231
41421
3025
65267
62100
30490
98235
14327
71768
70303
44285
81429
30924
61327
60217
47420
31451
28582
46052
77996
87700
90969
33790
83514
5836
74718
41302
85768
85722
31984
25330
22228
84538
34842
89047
82217
96884
32473
25836
94321
42916
2506
51542
75480
98413
68969
38041
39843
31882
28585
95858
67835
81157
2629
21056
42459
34836
65406
98017
11722
87023
23073
62042
71262
627
51598
49502
32915
98810
40535
72339
47835
84171
53302
63281
71694
90397
49393
67525
78323
22369
52201
98158
65572
46754
93753
41421
14438
19325
62946
6920
96990
12493
13521
69135
93808
26710
55192
7339
51829
29672
94971
65117
1574
91592
85808
95277
42008
44147
40346
46824
53680
93161
44146
13622
43819
35771
81921
11702
36477
23058
28920
91535
70530
54797
9960
40101
41294
2813
79672
39964
16378
29460
83620
85505
72747
22300
20372
46527
67464
8427
35032
93204
4418
11109
83351
1204
14297
87989
15909
75644
3259
45129
4554
87040
39680
95320
40368
96105
22370
87617
71142
13338
55006
39984
41583
66065
90177
94262
4582
85040
97995
69178
14289
4499
82957
96228
52027
91786
29685
43453
46731
13246
75887
64328
18770
52277
24955
38233
92921
35750
46825
41737
54562
48753
72313
20791
38058
64762
54746
73035
17838
90477
94232
41453
70054
33201
46800
77229
65383
17432
19533
6285
48567
5695
15869
90057
11249
50262
2841
2939
18346
56084
67947
39552
88416
76664
57195
62355
60070
64771
56753
97136
15906
76559
23170
6245
17386
75896
61075
52661
32462
57610
58512
44751
45505
47354
86963
58042
81635
38951
94844
30439
13592
89134
89701
78180
24831
50194
50080
58273
12080
12006
52465
21530
46957
26586
43947
23455
17724
79523
29767
73243
52140
21875
75290
85245
10672
70304
62434
83569
76658
26337
86324
97245
84081
89735
61202
44561
79473
32734
81986
59514
83197
17186
62681
46447
12948
28398
10196
42873
68176
97102
49717
18702
3046
61839
9490
26940
68725
74946
33019
62388
87310
61070
87771
