75026
39471
17811
39153
69515
76070
32797
23453
6155
38446
49328
49158
89445
35911
97067
72975
80399
57005
56537
65209
53800
6554
42845
57122
34359
21212
1882
40730
41255
55521
47735
64230
99126
58078
44554
70454
3826
74870
59064
40439
41804
28932
25204
66378
79772
3787
55726
17152
31788
48435
33829
53011
49973
17146
83039
24160
54885
44107
91829
37905
7104
14209
51969
82920
43779
79122
79724
45486
30003
7039
1201
91068
88509
55771
21007
24477
15521
22926
19944
38550
23730
99882
59235
56123
62701
90958
86068
62122
40714
52591
17608
41420
80383
8826
51137
3638
13587
10364
23184
36823
92949
13097
12098
48826
65977
32926
69915
67774
83810
50889
7861
803
99680
70367
1968
14202
62205
77177
67669
51916
63072
93188
64820
73247
16758
25675
10373
22661
75739
78057
46972
58208
1786
35809
58474
17683
94147
53550
34488
21511
83702
55705
9980
19304
95742
14537
21578
7009
26725
69306
32930
29991
96393
99579
62748
44847
29882
56372
45315
91284
77168
95617
50577
98640
69769
6304
60451
72628
45922
83304
22126
48300
34699
67379
22916
40602
16767
16176
88048
73072
91058
98459
30483
65990
42507
33190
47452
98622
35174
6180
4121
88582
56261
33354
40043
85567
48160
37383
85487
61240
44374
96963
19090
25797
10054
14602
18343
25369
20207
93445
58649
37417
70421
80581
96532
95810
64390
89414
81369
96134
11124
59081
57461
52186
27038
31837
87098
38466
84550
84085
88935
97290
21805
64132
22246
4025
25118
72757
70635
49743
89796
22246
9539
62225
46352
93614
1654
85860
71160
7967
8818
79527
50729
32367
5467
33415
43117
93685
83276
25476
4352
50675
79808
30087
42599
94266
71477
65935
18983
34966
81806
30073
43388
30084
40054
1549
4688
91752
83149
97034
13611
67464
9061
93737
51949
57743
62151
66212
37566
67396
8777
55704
45265
22578
36550
33306
33344
87822
47116
34296
34327
56033
7011
69696
27560
70135
47400
90235
8646
62274
79006
81205
28501
59027
92351
72414
14045
2041
84121
89947
85317
99045
95162
87756
42009
31579
84365
78087
16166
19279
70338
59834
65843
67174
86648
33484
70631
96383
50594
81540
74436
75928
55783
76851
69166
67436
20317
90519
78493
7986
40118
41223
63078
75862
92154
17413
62829
13718
35946
58906
89264
18027
33266
49394
30481
4775
11737
95539
78410
70838
98003
49983
93124
33114
22942
35102
17328
26704
72974
85027
29673
77647
58921
21330
68350
30863
31231
74451
13528
19786
14776
84682
86447
72052
65532
3944
51367
20594
74263
27537
22598
67775
67461
6472
93283
75770
73014
27800
21992
19098
15877
5870
15332
1954
24264
30150
23034
277
2134
8262
90658
68423
50586
60465
56882
49730
15023
5939
3907
66575
82757
78233
88012
73153
88702
63026
93699
50625
15952
1469
71794
10960
38729
24819
48847
50295
12182
37849
8089
94963
30833
72488
37928
41855
85181
31978
84038
11148
77285
66891
98975
6209
63254
36224
55200
98445
72134
84085
18122
25558
41270
40545
53565
77163
41471
88642
12801
4571
479
26026
96120
2216
59906
98514
52990
23905
460
48505
36563
43179
97281
77114
49702
57349
9770
43439
2562
90313
6040
57136
56735
87615
51110
55324
35216
12063
9677
1710
84844
51510
48624
39203
11344
92925
11836
92286
29465
36988
208
58592
70996
42459
13183
52275
80494
77527
35241
81083
61530
5500
68524
80633
1972
48141
73623
99643
25513
56348
55010
71859
26517
38562
72609
18459
49535
70032
95108
74380
74004
81505
53118
20881
50911
79552
60177
2022
69201
30682
70771
56814
73143
72801
68163
83268
74155
15508
61929
69356
89408
86562
83997
63609
80527
9523
47722
4016
48628
77511
56198
23673
47582
59446
10163
74626
59569
49422
3064
90861
77949
31031
16582
2920
11401
17394
56573
91953
46991
59580
82715
68417
75670
73279
24481
49826
1926
39679
10311
72522
767
99753
74926
48306
18246
9548
60423
47345
43990
66912
41204
15438
60368
63788
59890
38115
92546
11825
87945
98036
18084
64000
38902
50476
78922
24233
9782
12658
71017
88209
84539
72277
18961
36744
12046
79765
93425
77624
52798
18058
57114
34901
23204
21328
18470
79058
62591
43814
67139
77023
9759
58888
6999
92686
34647
94504
95868
48031
34918
17288
13794
72556
45432
89263
38490
48870
63715
5947
41807
57032
66296
16570
379
75757
18552
16559
48126
65136
8
93102
75304
2368
96249
6525
8306
82854
52337
28778
92292
44850
53741
36060
6926
60209
22503
27692
17828
36497
61605
23282
65943
21359
73400
80089
43005
94519
36700
663
7657
11661
63633
68180
85453
67727
23956
21092
90289
34317
93989
59327
31506
11809
17859
55009
9502
51051
71074
48909
819
63108
8640
7723
46063
73723
84081
91491
98705
7734
11989
15227
75283
48733
135
80009
23331
60795
14315
86107
11295
41286
24371
56021
10600
97981
5718
97501
47544
29808
57749
6979
74648
17848
26164
5748
4303
60605
9291
56386
77811
41145
89193
1928
604
63422
33611
91838
85675
11354
66084
75236
40929
73633
93242
42891
91636
38409
29754
84655
18462
74382
68407
61385
54160
77739
72789
75116
27963
54019
45170
17237
78012
33698
36573
61895
15148
54188
96037
11547
81843
94497
67459
18515
62146
26501
40745
70572
10833
27947
95074
9270
4656
33793
43554
5952
20150
46111
73595
87031
80056
52859
29070
89733
24010
9008
61378
38899
27963
95470
47179
57390
33559
68685
31714
44224
19843
55139
69461
7927
53167
35784
71523
57072
5102
97693
56265
58695
25397
77108
71822
28709
94077
32948
39266
71034
65980
25590
71718
39799
23184
41671
29865
50152
82657
39049
53202
18075
70805
6218
43365
43778
6957
58395
58240
36268
92365
6570
51574
47200
58850
81249
43983
46195
10494
47740
52045
20901
27000
74000
23957
95576
1276
77866
4459
70890
43688
42540
14044
5572
64669
82437
91730
40564
95764
3612
87305
78655
13333
30615
13072
10923
13123
60647
66521
50843
12420
78778
90005
2504
18655
43062
38658
92296
58352
89389
50996
7076
90013
92104
23220
22046
83080
3119
53232
93990
81394
48622
30646
41305
35134
91572
10900
89469
23217
86
10839
87407
17726
23887
57376
41124
74173
46838
7802
1387
20698
54747
99556
91703
6656
10347
41879
14549
44206
28128
94303
23999
45486
85810
89966
89967
77097
34031
57692
83063
80955
44537
4194
57418
37031
5745
64529
13094
