8739
84903
15040
69675
7265
35594
52012
89611
64459
36147
13703
30975
828
63645
87688
41322
30031
73255
39963
15995
85617
73622
42462
19464
1777
86507
9403
28804
50511
22875
52599
86652
7515
66679
37595
87028
52337
30047
74831
94385
62067
86095
47891
50610
8292
41135
95748
36288
62410
5903
47387
41737
32956
74538
9532
22844
82079
86467
8821
48273
11335
56115
94422
35084
9440
10158
74217
88242
44856
43247
56134
35602
2217
74656
87888
11971
75528
94490
49280
77651
27725
77455
42080
59096
71713
65098
46892
24231
7891
62543
70
17969
2381
33243
22116
56964
20749
87381
1955
9322
81626
85463
65029
12596
17820
95547
86722
11771
19618
40303
9607
26449
74918
31936
98553
93907
56361
81305
52892
60655
69728
74257
84839
59495
53214
4763
74239
68580
62203
28262
9725
21624
55885
64298
63423
30321
10474
78898
24298
17283
57390
85464
51040
88468
3712
60344
44449
91155
75600
69523
70093
81480
62280
85033
71395
55097
46192
31095
83546
27264
82702
89777
74930
91526
90829
40471
26610
15112
78987
12019
82571
50100
43099
40471
24691
4048
67174
88096
95038
75789
83485
43893
23815
30563
16344
18971
5988
20781
15867
76821
9078
46134
3083
45758
63739
49564
35690
37066
73799
83898
59782
37237
62907
903
93188
6546
157
18387
55164
73566
60853
51858
40131
40526
71403
87213
99945
57051
65066
52549
39026
75026
58698
77737
59001
40569
11669
55023
26386
50549
45556
55920
90522
4427
33677
43336
4329
3022
53308
32017
46269
41253
91624
28914
61638
26107
4933
77184
96878
50610
35704
74062
55919
80801
24442
60871
57853
10365
14407
83230
74113
85207
46937
18004
74621
91219
49828
29195
42087
26987
6495
91059
48623
77800
61074
94243
1043
23495
48236
45845
14434
21170
69340
21116
60644
54202
88398
27050
55911
39284
30772
10272
41159
80489
38009
68750
81365
73347
74701
43962
80180
51574
45703
36923
54257
86175
56968
32508
39130
43308
98792
34305
38294
97692
29021
40291
92935
33738
9568
40024
80215
15901
51842
74631
79100
77213
32059
98695
79622
31780
92496
33880
36149
75802
59100
37368
29677
75356
35343
53729
34577
2252
68921
99493
88608
86165
91700
73579
22458
19151
29430
6258
77768
43017
65603
55068
16818
79357
94759
62526
94837
28643
75448
87689
69885
84220
68471
76368
35339
13076
32661
20670
13581
1046
99648
74844
58399
16920
8023
90607
22720
15093
62750
99836
5683
62775
42838
39500
67971
45580
25260
37627
82615
93030
54107
48568
44130
61947
76757
17290
16471
4888
32039
1332
5625
39554
36457
74277
56733
39897
50005
8401
19449
94836
80077
29288
74262
7158
3590
18539
96639
46632
13978
17874
15047
26744
96186
60486
43689
51575
46693
69307
92666
77976
51329
24945
43355
76330
44222
82314
88807
61782
304
72795
56393
10340
75192
79887
28627
9016
34222
92513
47251
72424
39105
24793
33997
91196
42895
51977
50842
29005
11095
9500
29206
71047
72186
48626
6300
26831
38880
24061
24969
53399
20654
87917
97107
17791
4390
32593
25547
40636
59968
38372
24001
34751
53291
27252
85987
14128
2454
39487
30408
86939
59083
93613
75950
54485
66118
97184
90853
88448
86250
51937
70815
3673
4283
72374
85345
41130
93161
92779
18464
74591
36777
49995
98732
76359
6570
20053
85698
11754
84756
86857
63871
57430
37493
8443
61056
34537
24684
4921
39597
27242
41752
7661
20338
29935
70329
48053
6152
21414
21232
73281
79889
36744
55329
51229
44347
23747
58780
98515
44142
95661
98815
99455
20904
26080
26351
17496
68199
20096
81738
30642
1222
17865
2129
17622
43279
52596
75186
14131
28250
26793
1306
30111
2880
28766
25857
33245
53516
61401
57800
8877
96216
90736
16103
87862
56070
59808
47868
1404
57350
55951
18612
62704
79911
79949
45531
98423
41313
32654
98094
7428
22749
36438
84117
48523
27605
7347
10256
22681
30256
96301
76248
72893
33858
63916
22365
30801
3807
28415
35502
93945
17277
6117
16654
70803
38798
60091
8927
76222
97177
2148
11911
59536
94071
21371
21419
86759
17355
38362
6832
48930
7667
57587
94662
54210
33941
86581
71627
60630
95637
13316
62428
84174
83370
90569
64906
42090
34138
54254
13877
81566
78738
23971
34565
6560
50636
47155
83863
70992
29805
70363
57765
20197
88820
61494
82435
19443
44497
66295
8401
23578
20389
41505
78486
5257
76669
90190
44990
50500
51669
99386
69964
36930
93404
33387
66471
94989
96928
19325
32428
63632
32651
82209
24593
59162
75158
10002
24420
13072
17039
11081
11266
6180
15628
69589
60017
67308
5501
30895
91343
45437
90225
72457
54517
97354
80504
6554
87768
9691
59562
6486
63535
38188
90910
4726
82481
29562
78416
19799
46206
13575
77039
81190
80905
33007
91023
46526
23358
78405
41726
96367
14339
64749
13373
22632
23004
18626
64518
50832
98100
33362
32739
28877
73081
59560
23828
21437
2814
47280
37915
19616
18920
14810
49242
23089
49399
89015
42009
89798
34167
77478
84679
50136
25213
25599
96999
96462
198
90749
70724
25625
26524
37998
38592
39590
58042
2428
39942
65825
67970
65418
66660
78542
76037
43332
1540
35516
60900
2728
21786
1354
49046
80459
89538
49483
66518
89700
45792
9355
80227
41055
24834
89375
58746
65122
33736
81778
92012
23811
52070
55986
83187
86237
27421
20967
78347
97135
41489
54279
30563
35129
24247
59291
65275
62150
41800
22348
20974
47015
74350
20135
2299
54836
10559
52346
45783
71138
10973
18581
79245
17541
3641
85737
48351
75066
95044
20666
19780
77664
37466
15339
9351
42282
53807
28622
5511
19876
77518
41648
41394
99281
87142
91899
76227
52721
30487
57134
32030
60723
87606
94399
20208
84641
53557
22592
81583
94729
38884
87043
23578
5603
56553
49412
9962
43939
86933
33976
81724
67420
3548
84713
87664
72251
44518
12727
25498
26839
94877
14021
29234
85814
70558
99652
5302
5716
35732
75222
70050
29420
92324
20583
8420
84197
10972
23171
19902
12369
22662
9997
48774
98197
38807
67026
86868
14766
93223
48823
70560
20140
57075
71230
54678
70227
65471
52621
39054
1106
13630
76396
14384
69579
42824
34360
72912
70417
7667
51048
40542
40055
98315
17507
88306
126
5582
50891
23287
74714
65861
65252
57966
83661
68737
62973
32054
41115
68260
42899
96568
50819
83599
52656
36933
52337
98165
40737
97696
15566
