86275
91541
61134
52285
19241
80864
94946
97910
8827
39972
97150
85468
86683
29731
4425
37257
95826
73928
9270
28538
39390
15494
2187
26756
67710
75355
64974
42127
19964
83306
71247
61614
17354
4348
77521
80334
70799
56988
84467
42891
87997
50299
38945
20942
97293
87442
91396
17752
38909
1489
43190
81407
92986
85062
19836
7290
67973
23941
30610
44150
30426
4061
74741
63502
55919
56113
79775
13410
81578
34213
73230
81323
52518
16398
74500
71461
4451
85071
48500
52731
69986
17264
566
11165
62110
86361
47776
32245
82307
365
58795
80700
53542
53614
13174
68970
56442
74957
43674
62953
20046
99313
85412
96016
84143
38061
882
40583
32494
40286
64324
33768
15797
93169
21413
41680
29562
9509
86069
25451
63198
86570
81091
41386
53046
12706
1669
6794
65039
64251
64995
25750
84196
22225
9605
65055
45825
8141
29591
54925
11294
99297
75445
99851
86933
23507
5897
19217
91097
43716
81529
97546
76524
78332
94665
9304
77436
25989
67586
63476
25347
27521
60244
5285
24888
39095
95914
24098
38526
40700
36053
58793
37567
72084
79815
12
35512
64669
56526
3365
58187
98277
70064
54524
16866
29556
41316
8610
674
90680
61661
54204
42121
9990
99229
79732
9345
61764
82559
4472
90186
73055
46830
11774
63350
91106
31313
86169
21819
70545
77738
45497
10284
35126
46095
50270
25243
33528
4855
79301
9618
73184
46402
66701
191
45130
45393
71383
97254
10362
95541
96549
12510
42069
59231
34154
35554
94151
81154
51433
87698
47939
32621
78942
87348
15332
52216
6147
84753
64474
61971
353
6630
37363
1483
77049
32222
1652
93956
40827
41804
40863
15366
70724
36215
2409
99765
32591
79195
93303
71557
19610
23359
10674
70731
3164
89257
27395
77145
50151
51598
21014
96786
95865
5231
31267
67338
48726
71302
72704
52343
89718
36530
82359
90882
97484
2758
86517
58303
70016
70843
1632
19865
51347
42166
20638
79703
91464
44296
11868
50088
37026
90709
57322
92969
78685
27086
26703
94684
31029
44899
94482
54726
17322
26226
7274
24888
79286
61398
39320
34557
2709
65948
66484
7003
99889
56624
63883
5580
66269
94351
79315
73190
63304
5579
78196
22045
5378
89064
93801
15399
78576
91658
80627
12145
70891
94751
90801
82471
36982
29145
10337
12043
26175
89228
19040
51092
49621
13142
12616
43947
70401
36134
72555
44369
73516
6167
44946
21366
52343
31585
24442
86264
15638
14607
77857
86010
52859
4240
38702
59615
89620
88112
20832
19234
2372
41097
29608
78725
61655
88883
919
62397
62575
35736
47627
93215
36506
38833
62948
95212
91518
7433
69708
88985
88987
18034
83962
25781
10477
58169
98398
8327
37916
51171
97767
9625
80949
75012
44428
95578
31966
75574
35691
55211
63691
50789
53501
17337
53405
23568
32532
42824
92160
99477
75527
49274
364
47619
30421
1784
18071
98179
50380
9657
96976
70074
39480
2156
17006
49018
63723
72814
58776
779
28323
50891
67756
52598
6347
43339
6794
51560
31000
5444
51935
51880
31288
56882
1097
48624
5770
16944
95805
69587
84027
11499
84801
83007
56222
34863
1051
81769
71437
77040
15819
1436
28359
76893
5742
77643
15502
21615
7695
97096
31098
83768
3777
18765
47820
17729
3055
79733
34380
44430
20720
90251
26219
60303
99219
48632
74505
61275
91242
78310
48060
30313
14695
75298
85101
24468
51436
5461
6494
81695
93928
69920
56412
5636
17439
60748
45721
64619
38703
86716
42164
33789
35830
82597
77403
17966
5747
41815
37465
97933
72986
79296
36899
90897
37397
43173
29509
67345
11871
16300
73065
2136
82657
73540
15831
94158
71831
78020
51025
45595
82478
45927
69389
27704
37145
37093
99889
43277
52185
53235
20566
22004
78266
89893
48628
19584
16168
64661
80810
64887
6860
41275
91674
53399
49793
1583
30768
53529
13442
55051
18290
40580
71010
55451
3996
58674
1375
38841
58840
83932
20220
99323
55260
53229
2102
17182
25788
46311
8243
47969
66057
47864
3562
9307
49082
26090
89247
573
8894
57832
30199
89050
95137
83206
11819
55465
65150
12307
41424
55476
7074
45464
69018
57677
74984
8106
48945
16902
23494
33510
39613
9838
27419
32152
77429
42782
40317
57979
74340
34780
7421
93016
49202
34632
95935
97693
47890
28023
12724
89131
41927
91016
61282
76484
7133
41854
94724
60324
16137
75061
96383
10480
99415
84278
68776
83523
75443
69668
52149
56981
97465
39367
94176
53034
76119
28156
56320
43267
50901
16130
72579
30809
25534
42241
93518
79597
64868
34583
82209
87891
73344
60294
51903
71689
907
49055
90003
61435
6446
24345
31836
97792
90973
62688
62135
95819
11627
71050
34782
32029
784
84200
13142
73881
24329
21489
3347
79099
47171
56687
64078
31706
28445
24859
18830
90467
92599
79129
91568
62792
27880
89472
17467
27569
74125
53068
37893
33958
5233
24386
73489
17482
42227
31467
21479
51746
60318
49292
80913
77823
85557
24489
33855
21672
57580
62050
31033
81521
92945
20900
29339
94494
70113
44322
85421
18441
6126
17913
31235
89917
23903
2844
75397
12311
32947
90275
18
8554
55481
80852
24760
29879
99765
22963
67668
36557
38449
18128
27843
38919
64834
86487
9254
79253
77463
68849
19576
79706
1192
88168
63344
43438
42085
11024
43026
35223
90446
44840
16625
50988
7547
58008
42416
57203
74501
90404
79869
81571
9102
26443
72236
28985
16295
3861
496
93929
51557
37270
32225
27977
88269
20281
24158
99401
56689
81975
94989
19733
16815
64588
58904
61269
61193
28619
26707
9888
54286
95156
66353
91730
4427
52223
52666
39157
95698
62672
3707
58059
453
27176
73206
47384
6863
31201
49605
4529
43917
80526
41051
22213
81777
65985
39877
17731
82599
37705
11117
95411
4928
83928
61987
92807
38996
95411
7032
17338
65020
35423
2426
88526
84936
56929
62029
99433
48081
66367
21890
56103
59434
55083
18052
48661
74603
318
56322
20959
1808
5245
32128
92614
53063
25023
66632
86817
46771
83139
52893
34390
53953
95543
9303
37058
75193
58697
35032
41296
77990
63662
84632
76835
27377
13696
68514
28520
76950
91618
74808
89050
63492
98116
75277
71000
92808
36412
78402
10144
33776
78479
92546
66334
56001
4507
77238
97006
81294
41287
41102
1863
36975
78279
92039
86749
27203
18734
54650
57216
38876
28375
16720
17274
97689
29155
77396
33720
49940
