13295
17140
13218
20572
94189
71835
76772
92261
69949
85317
9782
86578
13675
43195
80730
37791
73713
44491
29882
32962
2135
536
91725
9599
23915
89792
59039
57271
97166
91621
21411
18019
25312
77540
69607
92170
39871
65236
39345
22627
83490
21184
44697
52127
93734
60437
97849
66063
91238
64448
8417
67292
65692
68991
18527
16878
26874
59016
68926
84275
71571
85057
63319
7578
43232
86149
71652
38028
8834
50848
68441
6485
50387
91427
10098
95852
26206
91477
94810
33479
75437
84206
48507
52536
40102
61282
97989
75361
78573
70318
35523
51304
3212
98703
89057
42542
67544
56149
90007
58173
81728
35303
74367
50702
25271
88903
70986
31647
486
81383
58298
20207
26389
51770
15641
6645
71173
7780
75227
18443
54681
10968
50357
52531
17356
972
12971
54880
42291
46705
41767
96005
58933
89704
66397
53262
36410
43326
65440
87230
68517
52245
42268
42963
98515
99438
46986
64689
46146
13091
22564
33393
61638
56486
35993
750
898
6856
50649
68653
58512
44248
68292
54386
69594
17406
38165
89561
7536
46847
9345
54359
50151
46256
33470
42611
13961
20173
22954
33645
39655
34081
9007
67148
77166
80167
61907
38812
648
18838
26440
26423
69375
53286
70047
55811
2227
67183
30590
41718
61598
5492
95708
8327
59328
2606
32133
53505
25427
5975
81555
39099
35099
20170
27809
67200
84278
53899
7965
22723
5928
90923
43619
95856
6359
70852
80146
96454
70081
29274
3985
79786
36436
97873
9066
27865
35274
87553
75811
1589
76531
56789
83621
8679
79614
62342
78169
63543
75479
63830
17686
35749
44124
20036
72777
35223
14355
27492
47524
51019
79875
35429
69027
1728
39168
41652
5537
60823
26824
46392
98765
49499
98539
90611
64507
39211
66774
1857
75110
42188
65309
83915
83776
29200
75110
32928
88714
2470
44143
76609
82305
99781
71894
5919
18397
86228
56649
143
22097
94009
80871
32896
35425
19286
85286
5806
30575
11800
46370
69527
78705
99970
18339
43533
68235
36749
80023
2302
61427
25063
40918
20129
5357
29801
12632
73862
97531
57675
87162
60272
61757
37448
69808
57251
60330
47524
79910
47881
14901
86024
40471
8742
67304
55753
96707
35037
90012
68509
94587
20837
26407
485
65649
68418
98909
94885
16927
79479
41944
84068
68158
51962
91270
67411
36236
13897
74784
55088
20864
32073
84765
28808
22062
56278
4081
96578
84257
47264
94709
71911
49381
93905
81620
99188
36694
21725
60195
55049
62989
38344
67680
27498
12932
58125
25228
91724
327
50325
52804
23829
77380
28002
86141
84180
89311
11332
48698
12095
69420
11840
61439
70895
65622
19606
38654
19226
50002
47424
44550
73811
40949
54306
81640
71927
77821
3068
55104
20023
30877
17501
60316
95019
18929
28845
85691
62097
15604
59024
81878
65876
75927
3536
19858
22448
29885
61804
89039
75132
7421
4708
92856
99997
56153
41466
35748
93647
71062
82273
83593
58724
7292
87963
72377
36775
61082
58541
76143
42332
92179
34012
9254
82198
58350
55145
65065
41152
41141
26546
77772
68791
10145
71388
70883
81831
89849
5216
59302
98166
27543
60657
67396
8692
46235
76440
8494
41997
64765
78975
7613
73116
76157
39650
48444
66838
79761
99891
93351
82207
51198
21974
53083
72081
27538
66261
34548
72155
67074
58104
53874
26918
68830
2996
20389
2215
89817
62782
52245
10391
19784
31169
77815
52318
89294
14258
23647
15010
82785
87544
78988
3652
82843
43744
96761
11563
71721
71674
13077
20276
74328
84809
70782
68550
84355
50721
85940
99932
12884
66945
17540
3481
85047
64023
924
52664
50860
93752
99671
78118
4804
15522
6171
59597
76827
17296
28764
63052
19233
77265
72724
18872
50807
72520
79521
30274
29348
36032
92595
67028
86869
57234
86685
39819
79623
59523
6059
31800
93566
41443
5799
55146
64335
42979
60325
66983
80503
54234
67970
95631
29529
25036
44345
46441
90508
58471
1740
63811
57968
30950
96959
13312
22389
86272
28577
13127
42324
43159
44600
82854
5598
89306
41720
57669
88621
4291
46856
16644
84373
12271
68787
62711
80986
79103
88540
96882
29183
67709
35894
93181
36721
34526
5861
40787
48188
66729
70438
27426
13720
10008
40812
8375
40445
63360
6738
85381
91955
13423
98638
19974
29730
84958
42298
6452
26012
52507
70223
58192
14921
42507
82286
98311
51583
69969
78872
9785
97473
4912
76387
83738
57398
59027
80991
58512
70481
7005
18629
30425
83731
39657
82256
34998
46814
55883
67159
38263
34525
54004
62001
75302
38463
3243
99783
30396
55478
95110
56004
39081
2838
8703
56624
28565
17658
80368
41852
62884
28657
99403
65354
66327
86758
27304
15601
46540
76323
65303
47980
59377
92592
20994
78830
92184
87735
19308
86842
57565
30609
13692
66722
51578
73343
97392
27313
93149
4948
17919
74048
11630
43441
73297
48273
92435
86756
39886
84219
21454
29724
29707
22945
39333
11859
49272
96520
48870
9041
72089
45477
82160
96845
33331
70457
32433
76426
56736
50996
3142
61154
27172
39308
38226
50372
61728
92933
33372
50958
23159
95310
16035
45270
97388
82863
75013
46759
71405
37151
85237
10792
82197
63840
35093
97089
79923
15061
55666
8342
57928
386
44129
1721
21177
21704
10083
67322
87085
12327
53018
73996
72328
9412
84611
37576
12961
29875
39303
35843
87510
62851
50673
91626
7678
92437
77438
33443
73722
26660
90964
63813
58950
37723
3386
96462
16838
77528
94237
16434
70257
53094
37830
87090
83483
31637
26383
3759
19866
55674
83155
45598
98187
3876
75385
95160
84648
76696
50394
92679
24533
15280
73116
24722
54476
49429
59300
60252
16137
78615
97814
49487
54459
54246
57083
10219
197
18292
41085
97860
51663
31525
36423
22793
4204
17620
16778
17517
89136
91613
28860
35215
80442
77121
71332
5193
9486
27363
95054
57373
55493
72579
28929
55179
63993
46935
80898
97042
2117
12293
62175
59290
80514
9460
42913
19625
83318
39903
36187
52902
15768
35960
38505
3527
80843
21523
27695
32154
45936
8214
60021
39852
51833
47251
56923
40262
18365
49401
6888
14424
72036
50297
32288
64175
98515
16809
49757
28598
8715
74398
76619
98362
46754
96347
84260
49990
80261
83062
43891
46664
76369
99344
20703
83803
23948
63697
89825
57498
49235
34434
12148
39143
79673
5896
3451
28356
71772
42386
326
23449
97381
43847
44994
8330
95501
94635
27301
