53314
58456
10999
83336
65593
26668
18661
48930
70837
22045
32134
70456
55543
72765
59211
5478
132
60903
81361
37913
85598
21940
72
7888
63202
35823
78364
32885
89129
49828
46062
82865
27887
76698
66890
36873
5962
21158
96887
70005
73805
9167
39406
11760
51814
91545
16119
18305
95037
72939
36630
56619
27637
80013
66168
41721
89405
44910
83253
34258
98658
92767
59339
35785
32235
86806
42158
44779
27607
60267
78580
43052
2081
90682
17528
84731
269
79795
62460
561
1256
88173
22746
54155
72849
91291
92183
64092
99938
51484
70534
10637
85079
85363
10162
70602
4057
88030
58351
88113
16177
46268
49333
78816
46920
50693
23225
91362
1106
16354
60647
48560
25296
58272
1228
29036
97406
2593
99408
36849
89202
92956
46901
25102
11793
80406
81952
39739
94085
28987
30705
64725
47580
4823
36800
64598
92281
92664
79434
27406
936
25702
83682
51916
14542
36353
74594
65579
64752
22345
72324
25398
86487
96838
74149
88104
89442
79033
74075
23007
8567
77092
16810
97777
8527
16703
34030
74699
29880
68562
95539
35957
25147
88865
3031
90832
88833
69854
80539
33151
89219
73416
59498
257
55983
84013
88225
85201
6798
42337
56695
53331
35919
15954
89152
67934
61157
64956
47379
67798
99487
5698
94532
29432
6156
36430
55059
69785
58834
41451
677
51362
25508
43871
10723
74950
3326
96659
29574
90381
55551
9758
32766
25806
21559
43153
40738
8238
82051
81959
12679
3654
62911
56617
3149
77665
82091
43818
32822
32395
14135
62073
31243
44670
7135
43725
68115
31031
9557
78639
81208
57479
12540
81966
58518
75883
16362
11212
7955
4371
49466
41063
90881
8524
16717
8127
57924
7182
39515
80051
82076
56603
8624
13347
88810
7313
73304
6843
38656
49999
52650
12561
80912
98562
53885
30555
78588
86472
81790
1391
59430
50322
60845
56113
81293
81164
13275
44515
85318
88576
3405
59517
67793
43018
77046
25229
14157
13460
1611
78011
93494
8854
77711
25378
75133
16513
83541
66703
33592
46582
55183
63098
94978
81377
58278
24370
31871
18046
5777
7929
16736
40851
76615
57128
67257
85421
98878
46891
40789
76503
70929
19088
19322
61542
40459
79080
44945
38151
48344
1060
67854
76866
86204
88907
18954
7513
31115
66468
73329
7158
55321
45065
25613
26264
83959
26380
8966
44768
24820
87538
62355
91067
90681
61264
78613
90757
43404
75814
74200
43996
80754
39274
54880
43073
21271
13743
59547
5531
65003
28758
485
83725
29233
90862
30183
61150
81779
27937
31329
63013
96284
43453
97004
49272
26912
52470
24150
882
47556
1297
9665
46909
3935
72705
15099
18665
38087
57726
25481
82751
76768
47175
5755
3891
26100
25930
37238
22826
28698
34341
94220
22844
44541
72681
32240
23402
25689
2818
23079
34314
13264
2752
88796
17989
49667
85836
14545
44353
27557
39987
59796
31477
48450
48805
86627
22461
69066
81685
56849
93185
8570
15532
18932
17144
24857
25125
69804
49571
91011
49055
41675
78585
56301
83381
32054
6055
80745
76982
24786
70185
38560
19473
42950
32398
6981
82505
36710
16576
66620
76557
64093
27426
95329
10671
61692
86967
80595
8504
21946
66666
50872
98476
84551
98453
66737
49056
65351
68013
60853
23462
42183
93388
49006
68876
91031
63347
93802
64854
62097
35172
76178
52553
83638
76544
85163
4798
27159
28774
26608
59256
30722
51892
28652
40108
55709
49426
74891
20606
49035
33362
72162
11110
17607
98517
11014
38673
58263
68003
46082
30170
76542
5393
60982
67144
81413
44090
55851
59134
61283
56690
53603
48171
65214
41553
35786
50119
3240
23537
57893
30644
34816
84588
9947
47068
10803
38604
65768
67213
71651
84366
10245
36232
29851
12899
15544
9352
47217
5018
71569
26255
43747
25775
88488
43155
32772
39678
97677
89593
35975
24988
92490
79172
18071
98617
93872
96970
71189
34228
1119
39253
36943
45434
52929
53184
76016
99328
85893
1559
61867
85734
67194
99767
19567
52102
29830
29744
94810
98191
27509
62186
30635
67611
76940
72433
99303
61439
94701
60477
44651
11256
41036
24622
56203
91481
54748
27471
57499
58979
73197
3946
49113
18213
75696
16823
40052
96706
1269
65510
86357
46487
44542
29556
54939
55800
89885
98649
52871
99988
90508
70465
39275
42740
76934
3047
74394
4222
18237
20145
43287
74474
82555
79037
79671
75220
51235
49981
26766
51202
8351
70057
50651
24686
62231
14240
43102
74648
59184
83756
39931
12222
22469
13673
88459
72471
23284
4203
90312
79085
64044
3518
24471
26084
9109
50580
37201
26987
30545
38156
86452
68734
9173
59594
7531
48320
67965
1448
22522
42831
53853
51263
20583
14516
16927
70314
54843
62686
97406
9013
50987
27064
17031
26959
40601
56650
93019
87136
62231
20812
79130
75379
40674
77004
26605
65861
93949
89763
60157
36103
26438
976
18703
58423
8385
52329
79279
32354
68926
43109
74610
64351
60320
60647
75515
5123
96639
11942
37738
84712
59810
45454
91792
93278
38988
51261
80351
22955
54402
32655
23538
80968
96108
56634
60009
50419
86387
24045
91557
74530
12522
51584
91573
5724
31418
20701
35885
82325
70483
38259
87381
8749
91495
95229
94688
28477
64683
53908
99859
72460
15890
48331
10032
99012
13792
66113
42732
53753
59106
21606
33131
27181
66331
5851
60578
3502
9594
83738
91028
88556
98270
60543
49959
45044
97775
52343
25481
51993
4952
1408
32848
15032
92944
17889
42876
87857
98131
60850
63539
60471
8944
10820
71884
86118
31758
93531
57374
18384
61708
36588
21151
22360
2368
79560
13175
23231
38555
16273
70079
97183
51230
22080
10170
88001
1470
88786
35816
20120
57758
46936
23323
28400
93640
4515
88480
69770
28334
57942
91324
6260
83204
68535
84019
86841
93902
86513
13474
51200
90486
40413
58195
6871
78408
612
6379
49466
26443
32729
49106
31266
26213
11979
2103
55271
3663
1909
44187
25186
89124
87681
8281
28911
12662
87047
22005
94898
21896
5769
54485
67175
14115
42880
42295
73670
82155
24845
81878
27148
71003
51782
56084
15835
30463
28021
13879
46738
42385
22757
1966
52710
85721
41451
1571
51012
27888
60133
28849
8653
86241
36498
85190
81778
48363
5760
8826
28648
53884
39523
78495
65481
13345
93393
70279
74607
22474
33023
12419
78626
42514
82690
91268
50931
88854
90928
17424
43523
22981
83278
99840
90129
41677
87343
