11527
16217
13249
87895
93095
80277
64627
25634
71658
72147
10527
69625
19236
60765
32648
331
87647
56235
30606
40203
29537
44219
88758
76908
37684
65595
65889
23432
94899
8490
69237
67741
36337
76899
55021
70365
3041
53105
53105
34036
2397
45524
12890
13207
5734
23822
11942
21103
48637
40764
25700
86051
98272
36565
10783
95186
24444
32393
3842
15528
92830
52619
6680
40758
80125
97515
69192
55560
550
31421
65100
18649
13171
93524
95681
84130
66223
50470
6930
7662
26560
21386
8190
91602
26430
13768
77946
58553
72190
77625
81645
79219
6488
10510
11727
36179
4252
1731
27507
39036
62239
15307
31550
14017
98332
90422
65062
97982
12964
77293
61163
99868
85490
72716
54388
5976
98202
13758
82621
99310
50850
20394
99689
46502
89620
93755
80851
98469
6676
94603
66497
33866
12914
76263
84937
37342
83380
61166
68667
43078
47797
1236
82404
15792
10098
27006
57351
44660
29289
44263
69483
21712
92559
15648
2967
61938
21820
73153
69270
88605
58149
68497
97607
454
61824
18036
61340
78479
99675
7372
93725
29714
61335
14674
54461
13866
55936
3604
72421
90474
67107
14558
80684
61602
20268
17011
26582
88716
78083
99375
77081
83066
50358
32941
63062
64280
15810
70186
25948
63592
44414
29713
5285
58643
54949
73356
13900
915
23864
37591
71701
1957
88308
94739
93890
71964
48017
46124
61017
65602
4126
1931
22246
85372
33672
87705
38426
25449
17689
27956
51808
24409
21269
15931
51211
76688
4988
50391
78967
87673
50126
72285
46192
59755
34024
52221
87344
61887
2612
50979
57998
89423
89475
46729
8690
57270
81232
90452
15519
32232
75769
47799
91355
98117
18618
11724
42187
7199
96443
15131
53291
39085
19031
50908
9529
579
62960
1265
28520
25904
47708
6085
85037
68509
33821
20519
36972
27772
92120
98050
91074
14747
81266
70543
29116
75745
17951
37822
71019
38383
65981
8646
28888
3092
1340
39509
14043
96809
55717
78734
9778
2028
41471
29968
6141
19315
13230
48274
9342
49422
62426
94332
47806
93626
72097
50874
91526
38116
52990
93444
32122
30290
87523
80540
43254
30497
40614
72084
11891
12252
412
42711
2239
15531
99753
36194
65362
55131
34024
20378
64302
66266
76705
55639
16028
41951
61927
32347
72327
44167
42068
97578
14571
17933
71567
10009
58857
64577
43191
12909
17562
30699
77631
48774
73766
65242
66413
12906
44744
47485
34026
20286
49333
83820
5979
99933
88008
78455
60537
21074
29765
96253
50247
2473
20121
38750
38368
57034
99403
96751
48472
36725
55424
60631
61416
18527
4808
46938
8475
57874
13337
3581
60384
26683
8015
65542
60798
16057
47403
50368
34548
98920
85504
63005
69673
84046
98650
30131
63066
87108
94721
8022
28379
12807
63790
41688
40226
29920
69479
2091
24342
57974
38864
9555
39547
65963
42509
92495
60165
88044
23733
50243
6529
21234
73745
22644
43560
34022
98533
51699
89818
69217
52800
19334
59097
24372
72746
67659
39356
5990
58812
54608
56179
32857
17840
1349
58369
85552
49447
89548
27116
18851
62684
8861
92591
27070
44337
27296
95241
71892
52546
62376
54732
90654
18136
46942
79134
16434
28560
69339
56524
94639
66054
62284
79611
6832
53273
88058
90975
3960
34505
67766
68593
51562
77506
89054
30639
23117
7542
90954
43858
48565
30844
34041
790
45463
3330
90087
68791
79166
18978
62163
26217
75722
54804
97283
10985
42910
78143
58901
56239
33735
1158
41193
25147
89367
86015
96714
42162
53936
59013
7573
96567
62088
65562
78038
60736
65512
93151
44434
45124
33383
20813
57192
10090
76900
92336
3621
31620
69071
34036
19289
23715
62503
27533
52749
98249
17071
59696
95505
27033
23628
7817
92559
23078
22996
84341
19298
63196
13539
13949
99822
9832
60921
48627
85361
64238
55828
79528
15820
64464
13974
55435
21546
7499
38605
20659
80844
71198
48753
14945
37874
35155
72416
52973
75645
72543
30500
4245
49126
23033
13575
55684
75837
1031
27176
76614
23485
24535
3879
23617
97895
54161
74533
72037
1824
12538
34884
24168
88947
52104
35211
64941
10150
7937
55353
71614
3313
9366
59059
60890
99546
2534
28317
10537
52437
25431
58413
5157
44884
89818
1413
4313
38169
76455
25990
27352
24216
54168
60141
24057
33267
36656
49380
75704
29344
14829
57747
20960
73820
36522
58144
56785
31676
72773
699
70770
29137
73771
4262
97182
52128
99121
42612
34094
7978
20484
45849
80712
95490
80315
72096
42605
14251
91604
79119
28703
96753
79261
29474
16676
60558
91845
20710
99368
64653
23617
70900
11405
20981
75051
15450
50806
29126
45622
85488
6260
39121
73822
56262
7799
16442
56420
94179
55022
59319
51791
84658
43402
22498
59457
21785
72479
84479
39810
46649
26924
77086
64128
34705
81715
98163
82130
76859
48974
3067
59329
94738
75
66279
71583
56997
39499
366
54880
98066
64902
47630
98768
54105
2845
22236
5846
71519
1341
87177
93700
13538
74062
22513
77991
6090
21746
24402
10192
48681
39229
31221
81225
4270
36634
33954
71070
75029
4535
76649
29514
22722
20563
45679
25222
32410
27039
22717
860
21991
32071
46861
8813
5340
20181
49053
85456
43436
45096
7783
14880
81028
95603
29655
44256
37183
43066
94099
89516
4377
29628
53061
76140
66099
72665
73435
37335
91114
27283
81761
25381
98967
32192
25264
21261
38607
32282
51658
21393
77608
55936
17336
950
70439
3494
45459
73968
97862
97049
70565
84556
30211
16050
16558
35320
98653
35419
11858
21194
75994
7541
58240
43692
98482
78440
51488
41033
80181
78794
80582
17551
7398
15454
18697
31815
65066
52624
25964
9864
63062
60266
40500
77071
48719
36420
20979
8594
1952
50323
23889
78027
35154
84007
12178
74234
26628
58739
44814
81545
12818
76803
17360
23700
51843
58503
9964
92143
30026
13091
63127
48809
30425
94706
52532
16792
55516
35923
62057
41747
19811
87528
66676
82518
52251
33014
50214
13486
18595
91911
3330
81371
55801
15790
58795
29959
3467
592
74853
77738
20754
86488
97233
69868
35204
41341
18014
35453
8007
25042
21787
92426
13880
8231
46378
90582
30183
43499
46482
1302
41655
12333
35509
27510
94346
18295
13156
76270
83867
13772
39258
31165
87319
6471
67820
57884
63585
77501
60424
83587
18306
34201
61098
79360
16627
49069
90758
97157
32942
17209
20097
12246
65762
71468
30968
