90440
94511
94854
83396
49969
23266
96951
63959
67214
84684
80140
3399
66916
69828
96431
97666
86001
7069
51610
65838
26396
11670
99895
16088
19673
87523
15434
60339
76359
43547
78994
18291
72668
19467
20997
27482
31643
10658
24298
43166
51141
63707
65323
17958
45380
303
90457
92858
28075
68040
45094
99179
56220
16160
55656
22920
90318
60358
91660
15222
34237
12050
24836
36605
22868
65118
85552
92851
64824
24724
18871
26418
41360
85270
64475
30478
91690
64236
33343
23580
13269
88636
40570
94691
19800
1556
79850
33113
24267
4547
57579
77847
31256
63066
34198
14672
48447
85130
66609
59683
8586
80952
92919
80799
37682
18806
44877
6608
86837
43161
74263
17819
86913
43255
29652
84017
287
75325
47729
47041
90321
96888
89637
71749
64448
64799
79665
92555
79545
29326
51824
38717
88003
23873
64037
27638
60337
76674
45644
59485
19525
29168
68233
94590
82161
13048
55349
89263
9365
16733
76415
19476
11150
31373
42025
13589
13367
86469
83446
9654
31376
85932
27195
6649
14013
3852
62315
43015
24606
48885
88657
5814
23347
34097
53085
75599
36559
68849
37795
93254
95906
13578
22352
27674
18276
95589
16529
23772
29904
22299
4376
73101
63452
32673
68646
98646
42173
92258
62196
7764
99208
94312
75435
39900
27159
76647
13740
32579
62920
1565
69048
46303
73644
57621
68050
26884
62879
80999
22211
16240
29517
14629
55608
97073
72600
24354
18424
49255
85132
7089
67616
856
80907
78127
27413
58508
8862
48809
13987
81867
30394
9767
58870
71232
39531
35384
93634
78456
71365
73284
32290
70820
409
25867
58231
83618
36479
85200
57367
97050
30319
71268
16162
12546
29273
27377
58378
8022
87969
32796
75349
34942
51864
22158
40135
48005
41047
40448
4086
57623
64000
2000
2034
42058
30493
46672
42194
85199
66546
67999
17062
26800
34577
72322
94837
13254
87443
16295
67001
3596
87524
72799
23488
74010
85448
97784
30454
67827
42207
7597
17863
95573
70116
36744
64508
63078
77537
72527
21755
44645
67561
63744
96512
46414
28729
60883
9195
48641
55859
38639
13149
42091
30784
28360
97453
4368
58491
2116
49982
53867
54539
89269
64674
7977
84494
86836
91502
52638
27940
30531
11877
13091
75114
9056
94193
56460
91353
12229
13678
77370
43567
44166
97461
28865
3351
77984
32100
64236
26944
95211
14954
24945
33507
89808
7481
30195
63920
64605
81628
10116
61147
1104
28169
63655
75005
82710
85477
27684
3603
54286
12783
70577
76115
17974
6665
1910
37591
48637
67812
16986
5910
62498
18859
12649
51270
23923
35429
58821
90804
39135
16644
39133
56571
73254
35392
62677
31960
19325
47211
42110
7946
55654
43054
17617
75437
86583
79418
3156
43947
93914
28685
50409
57824
81825
83328
15683
16959
3176
59022
20829
98047
95455
4484
81448
45297
62481
71924
86696
79344
2975
30692
41128
91138
91976
42051
1465
70401
12939
74498
79232
98767
54318
70728
97971
34479
36396
42184
57074
42814
92281
58550
97533
91361
94277
70600
10413
95571
58624
34543
38591
24308
4407
41235
34119
7279
83342
47391
11131
48485
90507
87292
42708
55028
63485
36780
1261
73922
22845
6358
15342
95597
51585
84672
65329
41414
78830
96512
78218
89071
31816
4645
3151
9379
29371
33751
82271
10282
39744
4361
45760
96696
82464
70628
6838
50804
82586
62752
2505
74831
9459
33403
35622
56806
47101
40545
68046
33736
729
6426
1777
5270
38509
4904
2949
38390
93482
54047
33407
47027
33020
81694
60551
50469
69262
27664
38757
95919
70188
57767
46008
22335
47354
53253
2481
36970
72299
76148
79301
18609
36966
51946
55706
17636
41453
58129
55320
7933
10900
25221
69514
5181
91316
61672
78963
43438
96794
10371
11689
66473
14694
22366
87503
13995
50340
46256
23185
89295
86230
48873
7849
72991
88479
15402
48253
74206
43241
78862
2949
40407
31492
14268
44329
2823
57566
9259
65177
33650
9327
82832
56733
89623
35983
63050
63465
94599
86679
50762
24733
13307
82031
5226
90543
29977
20488
91828
32441
15944
76538
60106
52692
61842
7591
21255
47478
40278
49251
13061
54172
66834
33290
38342
36447
49772
77820
54975
37075
47904
99757
84363
66202
79553
99498
23595
32938
89547
40411
11010
87069
71073
29876
24278
66649
8823
11537
31730
58188
82932
16646
35633
97765
89503
89221
36576
64634
93374
78080
93093
20594
75796
59974
98064
93984
42548
75327
12101
94056
34886
39235
69504
75400
40076
2624
651
75293
86580
40572
50396
44533
99712
71358
33433
53108
30754
76027
20273
84458
98144
37906
73447
97184
65948
64794
73420
2397
84413
62468
98559
31970
62708
52075
87305
83703
88287
62567
54797
33377
74996
61607
26972
59345
69617
5936
42157
32537
35939
19401
45956
14617
73781
13057
70520
59583
16072
55504
16620
70547
74928
58507
40189
57874
57045
59996
56693
55720
90991
52466
98770
7520
90712
80035
10698
77114
15794
78826
24868
47813
21455
49880
33177
16539
44894
75611
86222
85019
80114
27604
14841
58763
57047
75940
65041
2032
69593
46536
55111
98570
58655
41755
75388
15307
3429
82360
49122
85538
57157
96163
27861
96166
77492
85475
87938
54483
63562
6083
86714
39717
36369
58371
62583
63088
14547
35612
4463
46588
59020
61351
7263
17665
47867
98287
2395
91385
11214
47183
48304
36976
33561
80964
36986
4690
83873
81384
90699
81657
70547
42036
60070
42438
17326
48524
51046
82567
28374
64306
33861
35012
97822
72034
35270
46785
44124
96019
44149
92999
87701
85787
62050
51168
98676
88227
53740
27594
31723
44337
90420
35585
24084
423
92876
43774
3459
74095
44757
28288
1293
89893
58893
21044
61660
96172
61624
17137
69203
81924
92639
91164
18732
62234
50997
74945
42859
88114
66521
72917
65272
7890
94030
72788
76162
35744
20656
96388
84557
55887
52833
2996
30770
53707
55532
79971
70820
4079
83391
24563
60908
57040
89306
40139
34630
70905
22608
84073
78652
37418
25762
90698
47233
6054
7423
63170
79058
52181
13450
56670
46516
29352
62679
64977
61216
89229
68879
33561
18294
36464
64353
13917
55061
37740
73958
8472
76864
14641
51065
25303
89176
56142
76277
43736
2846
89994
61701
22755
44972
79612
23060
45124
4729
12991
50882
79488
9694
45703
55980
80354
62447
69490
8124
62962
81905
66798
18603
27284
7009
62686
87804
6040
2771
68667
8299
25779
