83736
33949
13938
77782
14
67175
99277
23660
58694
36452
41564
86205
59326
36065
48909
53935
45741
76220
85254
98778
79182
19682
48685
2333
63943
56287
24945
29743
62266
90391
30220
54458
37811
26372
48991
99055
30226
64941
14712
23693
12858
38275
51661
31978
6952
65412
7871
85048
7602
79661
43076
69527
27018
2718
33728
22507
98440
70688
51452
28437
19557
31422
8683
6514
23216
52900
47052
90177
41917
65165
36878
62530
34630
89521
38176
79062
26226
51880
51572
64291
29865
42696
18839
13025
52436
2111
68197
32396
39045
6053
21888
66529
77616
59782
36615
496
80960
27767
89924
76695
26678
34934
80354
90589
90197
51269
36652
62319
78569
25740
47690
28703
81382
93156
44036
51061
21474
13789
97239
42554
38150
19603
92401
54625
17503
54222
59581
10626
68890
70594
79055
84230
20709
53674
96288
62604
8063
11773
27332
56510
8561
76447
12092
54052
50781
57577
28677
24429
18668
15774
92003
96522
84265
59978
85097
58700
45707
77295
36302
8783
39122
34779
63772
62803
96606
23370
3162
36710
44779
29567
29341
57990
95860
50766
77175
59818
78408
13268
91224
57042
18041
60319
52270
19710
35813
32072
75447
53660
86313
6555
98735
52548
28939
5059
5062
61041
77268
69553
22664
27237
92887
28331
83827
95339
72819
76257
9992
62114
65552
64310
98931
26812
87074
82220
47840
54885
28968
81542
24263
9733
14215
66010
59485
72630
98808
13566
97230
50337
18609
50213
84242
75183
68938
62566
57382
28820
43039
96972
88108
15355
6275
46304
89860
83552
81873
60590
27814
39176
39335
53992
68593
44982
262
4829
81294
38557
58767
80824
88658
34216
59851
99304
87265
77645
21456
76732
30683
84863
52256
85323
13000
50852
53947
20209
95822
92051
79895
5319
71386
58314
75163
17399
74647
51601
70738
50238
30452
84857
55952
95992
97581
64216
59368
56057
30235
81725
49174
50553
30186
48779
16789
62274
31285
52826
1504
2421
59353
47350
48207
1466
33664
1187
85346
73255
36137
14974
92975
25658
66895
30335
65603
75198
6670
12809
8695
60220
41600
19555
71308
84630
17178
586
84170
61492
78282
1576
65180
63356
84064
76116
86073
65868
95202
95164
70391
89198
52690
16204
67698
22830
48979
54297
92565
8995
54292
55889
34207
5261
22426
72387
83991
481
17185
73531
3426
18973
22397
23533
89055
39440
38560
50848
56771
10931
91299
54164
42697
12123
61994
91609
47108
73601
56741
52166
53640
24009
52878
46513
65257
6879
39153
28626
71368
69459
26360
25838
98847
74828
23012
25915
88284
95691
68426
34743
3316
81610
75749
93306
15520
24543
51824
78485
10183
59662
53114
33402
75499
73114
47887
58693
58249
38862
21953
58228
27484
41302
74433
72464
34324
7246
89010
89407
89158
59902
3386
94720
42198
39318
61404
20232
6302
98661
81306
17487
56799
35112
50910
90158
42911
18570
76965
54114
60203
93958
77867
32927
61778
14520
65670
79193
10192
91968
56285
53712
70861
5705
64241
30449
93696
15008
95178
6032
3767
10380
58708
74590
61737
61587
52655
50214
87629
6093
6866
23451
20992
1800
3263
84981
32764
90300
91789
56373
40365
17137
28466
67060
21857
17891
32537
45045
41888
23682
18483
3881
78961
40737
13295
21653
34069
44065
85803
92279
52615
24372
83018
82013
14236
19382
97100
3040
22198
47323
33794
84766
3453
75632
33105
13882
10450
24799
74605
52786
43687
34208
45632
20877
43168
91035
41045
12785
58281
51051
41878
54490
93905
80406
73466
28875
55289
39740
78902
42412
3424
78570
85809
23168
53427
19336
67009
80732
63187
48594
88661
64363
20003
7784
95594
86979
95197
25113
93278
13020
37586
90761
25754
1314
53129
13260
39243
30977
23245
66873
65589
47999
69278
75695
81515
38016
59350
5124
78606
86370
76413
2797
54335
78341
75407
95568
97234
71719
14898
72352
74206
16856
29234
61920
9367
7848
33798
39755
75825
7713
64874
12605
86097
13703
29304
86453
55341
33280
55562
70835
80530
7074
50463
93090
69800
69184
61215
67469
41172
70638
3367
24823
78486
13173
18644
84470
60373
63432
80989
4874
44086
25048
87985
70960
97400
65480
43632
9943
94231
90783
66462
91019
81726
44679
27823
95708
99701
32992
23660
75693
59183
84068
7056
30132
74498
97511
60627
95940
99829
64700
26617
30412
67345
421
4002
33134
11849
33580
87517
25389
21626
85584
90902
54768
95530
89890
84546
80011
40950
83319
39427
16145
1044
34607
17473
26902
18489
1840
4399
91296
89527
72299
50691
47746
71617
49172
22816
91267
90983
24901
29256
34019
73638
63681
68666
8778
80674
30020
39108
21918
12224
8337
37320
57405
84511
37050
52007
61435
41268
63746
28765
22148
91983
41511
11088
92836
82323
32809
14288
43696
55019
9173
59821
24889
11298
23269
36678
29640
19614
15179
95590
76179
60056
75030
20165
33121
62090
91173
91787
52234
14962
60615
35898
6359
29941
42928
83448
93336
26778
92771
4907
5124
43539
50276
68251
35507
16225
58845
20454
64144
27568
35524
7311
51251
74051
64277
43217
34435
15327
29777
23863
50317
25419
94163
93049
733
87556
13475
41934
7185
72283
83993
98786
75850
17279
17236
80391
66111
26495
5876
77394
19879
18952
9901
29426
27116
60903
4002
33167
87507
42193
91767
5443
28388
84975
67406
53695
2107
65043
21544
81189
39155
25410
4572
53761
18287
66041
59962
24607
35966
43907
16187
18117
75168
48386
15314
80582
57885
88335
89670
19123
70382
95881
44028
43668
71143
50285
65435
81848
94461
31721
15659
49731
5192
84590
20241
61977
67255
55725
25718
95658
93954
38789
70097
57823
54946
47394
94224
51384
97744
12529
17472
69455
7256
53508
79450
45693
41674
20701
16381
13817
4668
91305
78210
99572
43395
27794
10366
52129
14408
43803
50115
51202
61859
93993
72558
89770
44229
80397
58148
98881
13705
27650
35151
9524
14870
17095
79637
19321
82824
70307
89742
68114
8796
1125
35393
22093
27844
72215
82554
87865
42534
82137
23714
33228
59109
81265
52477
41882
90296
46884
38012
46591
5647
65698
42407
42350
34240
70876
67851
44028
78725
67406
82859
91036
5754
50724
75201
6594
40099
31498
75960
71914
62267
67508
69219
70764
79439
75828
75759
37825
81471
83951
71398
39915
36695
145
51853
5083
19145
50878
75994
99083
4581
74854
83328
47945
78136
40302
6354
45270
89073
84380
17400
13801
74145
68994
75214
