34734
28446
98568
30047
83723
59875
25366
95868
17458
93776
57733
68162
28305
79681
54819
97804
75821
24525
10462
45183
15689
5383
1563
18082
49723
186
64189
57806
99168
21645
8876
33746
25390
82318
82136
32950
91346
68410
50511
74613
87358
50156
44993
28388
65106
8951
47343
46724
62444
32588
14602
3454
46675
23792
564
73442
74422
73326
25500
8585
72891
59399
29096
3975
87198
74495
47364
6782
62431
81619
27472
30532
61221
58890
29850
13822
17063
80256
62435
25267
36066
11225
97266
40809
67790
44550
6773
20960
89701
90483
59490
87798
48906
79501
83743
91321
3513
68877
19580
53999
71318
93872
2430
34
79626
7707
61876
19759
22653
3607
73502
85880
82347
62599
11193
20529
98721
15891
68479
76592
98643
36606
45505
23592
32154
78147
84303
91708
42383
74742
54202
4955
17224
30747
27487
9882
42973
81354
81768
67646
94580
60891
45978
15072
60326
47288
58390
81403
3874
25914
21935
25771
1804
72195
68915
70573
7431
56879
397
79300
37095
8787
60930
44070
1545
22191
96239
36658
15960
28972
3149
6171
58157
67271
81956
71600
55470
64701
85148
45817
67591
91838
63517
42539
44653
89493
70938
44314
641
77032
44405
75372
98705
12710
39802
43943
5649
38886
81083
57376
23066
32520
51227
54042
81531
38178
88757
51557
16769
58369
23329
65760
56263
44449
13682
70803
16364
37754
90414
17608
5160
40432
29618
85368
72541
35441
86787
42462
6028
89389
90280
33981
52608
19168
13900
63832
50603
34183
86822
25347
38784
79269
26371
75235
37557
13975
55804
93699
98587
49501
58869
33609
4393
57884
72865
88970
73367
88083
91092
54981
73878
66945
96440
91289
47174
69849
41244
58527
35486
81343
9880
98493
11278
7157
51812
84624
57247
59996
84032
19823
56203
37972
12013
66061
58668
81896
30953
85606
75900
58985
70514
80105
41554
28394
59575
61959
6867
9501
20986
36535
75366
27888
14355
56514
97064
34862
46711
88577
87818
78334
68359
19297
33906
32355
57481
71642
1913
35443
57724
360
38369
5149
63239
82349
77226
26334
50985
45163
8949
66711
58597
48926
51631
76010
23388
56638
91389
77266
18293
99203
6577
28912
87587
95062
20846
61555
27308
44865
65054
15442
18479
47738
51039
63409
24195
9486
20225
32659
637
3522
72427
44750
60010
86473
66316
75512
45735
76937
15092
48158
30688
18595
92490
39969
23807
44620
50904
49894
2585
906
76066
70734
94894
111
43732
64371
70477
27900
53381
85638
79397
6053
91460
26941
4041
26501
35215
9592
32230
83477
53171
44352
85753
24779
16386
77111
67579
42360
56844
95981
70269
34992
80811
89084
78914
58171
94389
57828
3620
96518
65318
5703
55862
5765
3263
65369
35699
49458
13018
36438
31407
32444
58346
4114
6670
36409
96110
77497
10400
95627
86570
63990
40485
37187
25818
50793
73377
57368
10807
86550
95448
83484
50015
31243
66026
92083
60088
57235
24440
10399
46896
62654
92783
64199
39460
815
96870
42603
33419
49107
65745
57296
56241
15983
68620
19562
38073
99656
70676
94953
65467
40319
8791
35921
22327
64099
66310
47389
30654
82283
8326
32859
14265
95132
96209
79215
65945
65611
61621
22692
54823
27164
92905
33848
89922
74968
22548
10769
82968
21107
17873
26864
93554
28679
75530
76708
68702
20869
16079
41163
73819
3121
1875
60428
91577
16112
27738
18169
86746
91232
881
37942
94159
35797
67038
33891
46021
55039
59426
63305
9316
47629
87393
34855
14479
96219
60904
85185
91191
49791
51196
927
38890
41373
54748
71835
77215
30235
75594
11079
12941
52674
89866
96809
40648
48574
57695
85578
52517
64429
87473
58999
98545
52364
48817
62107
94317
56758
50446
52543
32992
63001
51649
6144
73681
46241
16479
1104
65554
87978
96652
44830
83986
18308
76824
57120
40744
43193
42029
24255
9255
64358
47679
8130
37686
75134
81685
70424
68080
64895
69366
17611
77764
73180
65704
63918
18821
61345
47264
39202
97046
36160
18579
21839
649
56509
10094
90039
91729
72616
47424
90747
5321
54285
79604
22305
77977
70283
61265
89056
30430
84588
68969
56597
89860
36128
4549
8088
49795
62778
18310
40015
54380
56596
26499
76567
4906
32212
21264
11498
33679
32398
7289
25426
11661
71302
91266
24893
74275
31335
31696
2598
10353
14221
14686
66626
34452
87633
2812
52493
46353
32977
65768
69702
42387
44976
68560
65294
41915
48698
17489
91296
37952
46594
20117
74648
51472
13677
45037
9807
36239
25279
54011
79773
59961
33155
45409
59615
92735
68588
27673
41600
9550
59385
74957
71593
26178
85219
65756
59806
93405
11665
86080
31659
43016
45757
52091
55603
80954
56627
32433
86121
26652
71121
93330
75389
46584
93139
97590
70412
57327
87071
32813
8952
60815
85633
69978
18464
42864
89459
50735
6018
90768
16079
78644
80574
98301
76436
14529
96334
56645
16897
34569
55650
79005
40177
83077
61673
55169
92233
22036
77583
25681
51556
89654
70344
37219
18008
56573
68841
47434
15326
63603
77314
59976
25067
56900
63097
74002
95275
79457
6372
11857
515
17186
85850
64809
10103
79524
99484
7619
89087
81285
41001
94411
97152
88618
16674
1184
24625
70783
86562
59533
20821
13220
16857
16280
47885
83486
9861
74991
5435
83089
35916
46117
95815
50161
22482
39944
94782
35477
54667
90260
23970
19727
4673
12302
51209
44117
55709
53482
28452
82860
30910
78857
27806
88882
46244
4781
68410
20403
37743
24722
95918
17233
50235
16807
42341
31534
88290
70578
11973
36244
1900
30805
7033
84307
64818
41141
41074
78028
99185
69082
37201
8592
88155
35869
20923
8034
18500
37105
69366
38998
24855
98701
45420
6458
63945
36703
48376
1899
99611
97732
78676
27835
96666
32343
24130
67567
7093
76580
83841
74057
79706
61032
3204
18313
34734
35368
513
39621
26505
11278
3153
81230
1577
61350
63468
12609
87724
73042
22793
30882
88825
43064
92092
90369
31658
16937
99155
64090
62222
82523
84289
28917
64163
57170
46478
44978
33719
57782
52146
8503
57354
16683
58172
46789
62367
29523
44244
42008
40631
73062
13991
37762
61362
12757
23557
51071
53253
56098
13862
44511
89567
32384
76035
28464
75642
97646
16717
79590
34899
23493
60644
92774
6686
18198
9041
45318
7717
84105
12875
27223
33382
29175
83439
32711
74632
6625
57235
20657
61939
81099
97106
70726
80352
84415
43328
66093
23716
