44232
88474
38817
3085
71140
35028
23427
38436
46778
54665
2297
58560
42551
39018
83360
4669
78090
14639
46825
95933
4799
69635
96821
51933
32589
22969
11017
70122
12396
16523
95262
18959
82959
64678
56506
36005
45271
60036
90308
80904
31995
96035
68624
74589
60086
5327
10032
42807
48864
5019
19235
79870
94872
83600
13255
50059
67192
95080
10324
44273
83459
98208
39582
55382
52526
2934
24109
97881
33667
94581
85577
97346
10392
56812
15261
25120
74829
34207
39742
80686
67377
70669
31950
90998
6401
49052
75149
61987
28208
99709
57272
36017
97894
90291
24342
36288
65741
88007
5996
79250
52255
23759
88895
37345
35741
663
53371
27150
2454
54307
86143
17009
36015
35004
60614
78523
83212
41702
12734
29010
29469
2369
92932
42548
28975
8353
80136
37727
95442
93328
79865
60378
77060
55151
83201
78019
43091
70970
50993
62339
73094
1648
44952
44643
41897
45399
58247
19894
60549
97331
65402
27609
69762
91453
22284
88210
51127
33515
52814
4230
86600
74884
10304
82757
63772
73575
45260
10892
27205
98044
69415
48391
39851
38250
98417
41332
59179
88409
61261
3876
20435
81903
76669
21855
81824
46089
74042
56562
54447
3069
98486
37210
72934
97525
64325
30766
49190
70464
17262
49602
79577
16187
12712
51872
28614
27697
14501
74809
37926
23413
20856
96268
52576
72099
53546
46141
98472
28542
54812
78545
36554
41865
47603
82612
13847
87063
90027
82985
99845
83390
41652
65839
70206
69797
51403
29505
52949
64859
99199
60807
37524
58912
20575
23282
52436
37803
438
69818
43786
100000
60821
86009
22580
89569
12888
50247
76043
85604
54802
54824
53779
24757
83417
3807
81118
29386
18163
79916
81255
65977
10553
78587
74788
95965
53579
2993
42602
79930
32761
21819
74621
81985
61855
89701
11924
48536
2978
97382
78820
85737
51032
72360
67022
25302
21153
60001
48374
94773
31368
22966
61889
93428
26187
42301
17387
38402
8496
4049
27133
75708
60448
60188
32119
89611
79070
58151
31705
23184
60478
65565
84067
14570
79169
43419
20876
32095
60584
94641
9155
903
98122
4237
89395
88720
53261
68127
61632
50505
9223
54669
34083
93845
70431
15858
93821
79558
84816
70015
93686
3110
57478
63021
95163
7837
38400
52219
95047
5231
47629
52355
93930
67052
82480
85149
57678
56176
16261
13583
19135
34407
99345
75998
98773
14652
94634
22146
48034
54119
86054
44543
18606
31860
63255
27537
34670
12731
43258
84153
90927
9709
60063
92941
64432
98633
32078
99219
34079
44885
38705
90335
58285
43341
59032
91693
33807
74480
36084
77913
4686
99789
18353
19402
68391
37806
3401
28970
48609
73865
47543
93560
38171
40195
93827
20750
74402
83086
39944
62297
93465
57654
88248
38651
20243
97483
91106
16850
19206
79620
38317
50362
33726
83462
29874
3671
27743
76446
39710
19447
76577
1582
34003
47732
94522
66663
97709
67741
53195
62518
81063
22336
45117
84391
20432
76958
65680
41196
68595
49069
49543
63603
84985
22168
68844
63184
22989
63439
49791
1866
87654
8488
44875
29469
40542
27058
29401
19673
36480
79776
95521
15676
85197
25814
46728
65378
60205
74634
83708
1600
97814
68698
29934
97174
26547
47653
87064
4305
52232
82104
12956
43191
66509
8808
35583
72521
70092
97159
70482
10414
7337
58542
74279
68544
32503
32073
33564
96920
23945
90401
85303
32125
29929
90393
94029
59778
23257
5274
79841
34835
72349
36370
11975
97401
24906
96120
8346
17374
68493
39684
7978
27228
29831
31974
76766
99835
76189
62559
60853
12881
70377
6696
41794
83088
9576
25746
62692
15258
57921
10930
62395
25874
13091
71090
77251
28180
78420
63863
39317
74624
1259
76247
56329
14618
94370
58018
84231
25533
77194
83222
80533
99031
59803
65
32998
98902
53369
78821
35487
64567
82724
23139
43076
66492
63345
67398
37193
84579
39275
34630
69756
32640
44715
36083
88847
73567
65938
40476
82041
57678
14611
99171
23879
63909
855
41840
66788
61671
64984
21382
23436
8594
99673
56626
88209
39930
12396
58091
44884
83609
90042
70595
23942
25375
14250
99989
30383
27947
40266
65770
40028
41946
69521
61850
13490
89752
39330
79892
27564
74844
88066
20264
42437
20499
25154
51936
22516
20702
79971
86848
20596
42688
67695
62099
85655
78018
54646
95220
35309
29980
34453
61864
39796
48601
19004
40139
43742
95252
46391
97677
41334
58945
40373
55745
73832
51583
99968
54674
744
99907
52964
7250
53581
46349
84646
18341
59886
35941
2554
92320
26505
27343
86777
93936
33546
38640
48953
3104
42185
56034
50123
42689
73148
73397
96865
26143
28178
80945
65922
57686
35909
14004
9756
31869
21027
42662
94746
62873
94538
77718
61588
6030
86432
51127
90152
92601
63838
32748
36719
79523
76824
49155
7775
13296
7356
83838
44918
36182
70504
48425
57426
37256
14554
61846
17601
98282
9698
42539
96004
54235
19894
19716
77308
39172
75247
26214
73642
11536
57444
32143
42971
75070
71643
99981
86599
34173
72965
69603
38197
90384
2865
18412
8914
91653
93245
96870
41152
47348
58438
97947
28156
24136
42110
61385
29843
60399
47475
43649
26082
88824
92283
33952
33471
79118
97997
3033
18386
15623
84180
53842
56012
51945
63748
6296
69259
7902
67144
48953
2124
74150
57306
4206
66089
42870
70623
64489
37048
75343
43746
83149
8797
96264
9903
74096
12078
73177
14724
69700
20739
67306
11499
75226
61401
79959
85220
25021
98555
9580
89648
56486
36290
61043
59152
96854
19950
85255
43311
9572
23813
84914
75396
44540
59513
69169
90779
96923
56676
2816
52621
75333
38511
833
81749
51112
2474
1120
29522
42256
55988
19726
33929
29215
76596
88414
42811
69779
59999
85671
87216
26258
75293
46485
93704
75610
20003
24753
19436
27020
40434
23801
13225
3438
69917
78896
5172
16689
70789
45682
9079
42921
41332
30161
86268
27369
26438
39706
21403
55612
35531
30538
28474
46576
3578
17998
57625
16137
49167
3333
58190
97511
96982
27340
49862
6451
58565
57482
52322
26036
26953
49874
77361
16339
12171
22951
66415
75800
94965
67699
15952
21350
99170
27478
15776
64109
97078
79279
46975
98263
41535
54412
25033
27569
11901
66442
47168
62650
33461
66681
14680
59894
2117
952
49812
55053
52470
13116
46489
47238
40630
8560
56905
85460
39413
30063
91910
11070
85254
84356
51077
61783
2078
36008
