78216
97746
34930
6581
80614
79876
28319
62335
45917
10535
27934
63814
54509
89420
70129
33800
69527
14724
39725
96571
85591
13332
93453
78049
96506
49912
64837
73841
80571
13064
72957
38086
42774
8951
81743
20102
376
66684
94600
35628
81471
98214
55909
45912
32734
67219
44038
11952
74709
34390
5140
48918
52841
70723
38015
98802
89574
45481
83077
76279
28064
90966
33054
7145
13007
6162
60529
47655
22885
71933
59349
92778
79741
80898
62108
21574
18245
44523
61945
95506
86313
92647
42059
6202
16877
22899
44083
80872
32571
94093
15421
86782
20514
24203
62248
22118
48867
35269
37414
88795
74725
47937
41268
81946
1558
32411
89254
1752
59367
75573
41576
71548
17369
43292
32947
56092
61528
57713
19466
31159
81099
49174
57899
87421
63563
68179
25070
73864
1434
58171
41857
10551
53362
26420
71235
587
52516
55865
23727
52998
98930
63286
81464
39182
1707
79808
91034
75806
5041
60161
27345
61178
94406
17856
22260
80908
94895
14597
65475
51141
35943
69837
1969
28509
52425
9034
37449
83155
87535
46641
39808
32878
3327
88976
94088
23896
78001
10465
80144
47457
50113
43631
2534
87202
42585
97971
68497
36802
73454
39421
9299
83782
35559
74794
23541
16618
70484
29350
42994
93471
52632
4450
92941
17533
17673
77775
30685
46729
8394
10749
86924
63912
39330
66986
83197
53233
24823
54464
81481
31806
70822
96374
6054
45891
70633
33186
51337
4361
62204
783
86654
34454
29998
44209
87893
91489
13751
63824
49098
79461
25096
10537
57349
21038
55325
8577
4374
70926
88257
34441
42809
52042
26344
84543
10015
99025
32893
58571
89414
77551
52045
13630
23534
55291
44007
6573
69150
70180
93254
79782
79353
63746
47208
43911
66275
41947
25496
61964
77391
78785
87381
62505
70632
67041
10659
55818
93236
54953
67498
83224
5656
81775
53040
43258
10231
13748
75284
71983
98410
66503
72573
58378
37465
84402
39682
92432
62230
25447
23684
10945
62222
83945
59322
66698
42329
38454
41688
60474
37379
62523
89356
60575
3061
52013
5199
68278
83588
44810
96683
44472
72367
94586
66522
87798
25011
40903
70818
48923
54289
37170
98670
94253
30362
21841
61133
92541
47864
40394
10788
9298
95162
42173
55809
47695
19705
61969
59500
6720
11069
84206
45126
50177
21215
51085
52554
99145
81786
73989
70487
10653
70757
7450
48163
16487
59061
77056
19592
3476
5910
73173
42695
33403
52173
31217
13362
55361
94248
99837
36384
93490
53617
5122
52393
89946
52669
83177
40510
73942
26342
21058
31294
63551
43874
43116
91033
70613
27603
67534
68252
26431
95118
29475
29719
85712
11653
34528
76212
32637
85310
20273
46879
37438
67007
42559
75755
89888
21573
65759
82599
22788
97694
1047
51618
56314
56987
42189
27216
33907
65536
80026
58781
91470
11491
4583
74370
2788
2811
19878
70377
10804
16
5145
2568
26900
21995
97978
54806
52323
53655
11802
61145
73496
1715
66602
94048
67035
53221
33663
40428
90974
81913
92296
76068
9110
51313
18828
64774
91067
63736
54263
45310
462
19362
95983
79812
38667
21209
46462
8183
99351
11152
20203
17448
75222
15261
47390
26389
48291
26577
59836
42952
76742
20483
63066
9573
77640
60818
51791
97690
51692
15238
49279
21918
37832
17865
79435
98609
24896
27867
69537
3262
14340
87689
6351
98455
62182
89412
5825
15149
57479
60420
98895
38494
40437
51937
2586
70678
28974
38800
73286
49186
34778
75303
15347
63881
97435
42394
1250
59739
71776
99490
26504
12474
17306
26862
29181
15112
41794
89469
29657
35745
78453
65361
49456
22685
13508
64229
37581
9373
83680
3909
98794
83536
29004
59315
45671
13709
39082
13953
49778
36726
73549
96054
96566
53524
91060
50398
69240
89824
75720
73363
24512
24852
79894
94127
59492
88339
25255
84906
17127
58361
69360
51528
4213
20888
68912
37994
91199
81841
54150
28240
47166
48022
46636
85921
87347
2202
8917
18503
8702
86208
78674
87923
74283
10610
34413
88703
77606
93702
77295
45616
16933
42150
25077
44156
75589
47885
31016
990
11008
75021
50809
47815
35597
74616
95734
63965
7614
44137
81731
38007
33580
47295
88864
86840
76993
74397
13138
34052
41032
19375
9217
593
17934
4926
83873
99772
26848
66111
71471
87324
62434
216
82783
59250
9547
32361
97745
83253
56300
2907
37754
17226
8742
18507
13019
807
4443
37527
53379
70954
63588
79791
61805
46357
18910
10599
5301
7926
68979
37279
72251
56573
41120
39267
22977
45489
88829
43405
92748
56814
92344
67793
50302
18638
23962
21679
80915
7230
97828
84326
42237
34902
37122
12404
60292
11601
2319
45508
50169
65258
28156
78717
95961
18818
81272
28378
91488
84493
53935
98837
75155
4320
61031
1208
49793
32924
89068
67680
84689
64550
18576
93708
31502
43833
99450
68743
99384
95518
24630
73603
82931
75469
87415
86471
43750
10830
60571
47756
83320
18186
7129
39868
60902
63325
3042
5220
40131
68297
25610
91447
956
90060
58545
51215
17008
60575
32593
22296
47441
44940
27955
71587
20660
60300
95655
40236
28311
73204
30701
20446
91326
51729
99955
21141
16712
44211
7653
55788
27296
39857
69402
27645
59699
30885
97851
89149
97010
17951
30395
373
9347
34088
53850
33635
55580
63275
47641
3917
32633
69499
7366
78936
42825
96947
38685
11153
70967
41336
91113
21686
8087
27800
76654
64880
13779
5717
15850
90721
2571
36209
99041
35443
28362
28550
4700
47654
5666
76535
70701
7000
76143
77000
31643
33315
5378
86981
76009
53593
91341
2587
7189
95560
69340
63012
52977
66038
38238
87419
69040
51419
48961
42908
68344
87906
39739
20381
21334
46078
24257
60869
57652
51138
68495
46094
61285
43984
48001
90850
56981
38438
40858
18553
76195
22991
64784
64710
44732
3023
11329
79037
27550
19193
47129
17104
92798
53454
57833
40913
79926
36611
18038
24514
22687
11820
55623
50513
7605
80362
46570
22897
25022
66743
13411
35994
79834
71763
58993
9925
90316
37716
23807
97874
2852
95836
91808
29151
87104
41697
59840
65371
58905
81635
28890
15756
23176
33221
6649
37998
77279
32163
67809
50234
93219
27938
49155
19209
98882
30021
8912
64275
44294
83796
46035
26750
28586
95857
61206
26228
82800
39001
63324
61333
85221
56591
28534
8179
93989
56942
41980
70296
46667
66753
18725
59512
56506
46687
39325
82503
50906
