60035
86358
13125
91204
49892
74888
41480
38067
3184
18429
25168
12303
26320
99715
95951
37648
24164
89963
50460
73425
25740
80352
85733
87952
50152
77046
81086
45101
60542
12464
28819
83242
83133
80183
46295
60815
2872
5956
13937
55369
71699
38310
45567
8615
82005
19118
22068
95989
35509
82594
8129
22826
28991
68049
99648
58344
70260
80500
88723
24786
5799
26609
70419
15112
38731
95745
61003
51441
6729
36039
343
75209
51922
91636
24114
96664
55378
18903
73827
21034
19743
45816
74428
93195
46787
26614
57958
55815
22040
15569
727
94932
74109
72059
47143
26121
23757
93812
58312
16963
57594
17801
5267
56688
52023
60687
48314
35939
76274
84870
1954
47687
75677
65244
28036
2169
31524
59876
42422
87313
31687
61951
33479
49086
90309
7964
66403
92180
67700
26706
523
94113
52517
73496
18186
73882
34126
67675
16125
57952
6763
36473
75883
90322
55017
63979
19526
76525
39134
17777
58451
94389
81279
11052
76591
9216
56235
27817
59243
90936
80713
68555
3840
4682
35311
98977
58644
19158
202
21837
90808
95584
69554
70469
72966
93116
22119
27994
75799
58026
73729
63991
355
73599
57716
62403
5115
9057
41420
87499
22046
97546
39344
89932
22661
35060
37178
32600
11439
5824
16559
81348
75173
28460
18702
12405
2838
28155
52949
61834
85608
34606
4617
4658
77160
24168
95683
44654
87364
96150
34540
19269
65132
3140
77232
67493
28213
14138
90679
67382
15985
71455
7949
31088
36512
24652
3846
59891
13716
39554
70941
72185
84173
28474
5493
43324
97876
40264
45255
3266
72001
17305
64759
83486
46941
89857
78520
71384
93037
51982
67954
48336
72663
12690
77977
64649
36719
66357
72304
89105
91907
39173
54565
85916
57586
33853
71665
20480
22378
24899
22412
70418
52245
33289
21638
43870
1091
39685
53421
36525
60524
12268
91298
96766
91803
63623
38366
18179
50705
47425
71334
71415
39117
7005
53379
57079
11124
19678
35375
45215
3342
10933
9200
56750
87612
4955
13176
20575
83469
35454
92256
15034
72688
13775
13269
90527
53667
6918
59809
52066
23410
97013
13268
3012
76608
52404
80009
85107
94422
21364
53570
96182
23744
12106
49369
73532
35553
61470
23673
95833
2433
20510
6181
49766
25549
9101
40896
8882
4558
77527
17143
36863
33668
28097
23857
76693
46832
97917
38942
554
87086
45094
57091
69613
92009
51193
37407
19408
75135
51619
97661
16176
92797
64430
22661
36318
99530
60024
18024
64498
88467
27350
8951
68788
72825
74633
64332
4861
56901
6237
40462
35025
51027
18628
2272
27627
58054
36917
37752
95879
46380
62329
9608
75598
81871
9985
87425
57193
89097
62506
26210
36907
91532
19421
82176
9704
33325
18952
11995
13011
36495
3243
60759
85999
73178
10174
30275
57247
86974
49862
40948
78320
17286
77726
1311
64831
7512
25122
67845
29057
73888
38271
22669
60594
15012
97871
28863
95318
34734
18741
39013
64156
7440
54538
87483
38971
87226
87554
74566
17525
16804
16754
41231
91125
58340
99583
12749
55203
94937
38114
6497
3707
36723
65666
92514
74893
47193
21370
34552
15362
34878
29111
83515
36811
92169
93595
90909
47677
56221
40337
53510
51719
28601
79105
63058
10421
65616
5509
11797
18280
95959
5854
50550
27178
31590
46383
64761
46753
83449
75795
80274
93380
62554
81214
35807
78331
61287
41347
53053
60370
46661
54864
36742
49636
86498
55323
65017
49432
52005
57825
33499
75369
93641
12161
28802
39678
92094
66901
13526
51512
76575
95204
36482
1586
27854
21763
39552
18588
21156
14498
55474
91967
33536
97375
46288
26163
91979
17800
89076
37185
94564
37605
90595
83191
17460
15728
40130
52312
12463
1730
2140
37232
74999
67331
25120
41339
81383
5624
6918
43825
65826
13139
81023
73473
25153
55374
47937
9903
38382
52472
76187
7513
42295
78037
87309
11221
70377
29741
63082
54099
46325
26805
81192
59937
75584
98533
4348
4767
42049
60140
70636
28395
33494
11959
2232
71163
6481
65266
46914
4704
77383
43504
7723
86229
27744
42395
35703
48813
14715
27458
56336
36077
4898
16488
95064
91549
79642
39104
22972
95428
19566
90234
5713
87199
88822
73524
43596
76770
42116
339
25062
13059
18994
99260
91505
12687
47170
44159
75151
46765
75325
80507
97067
48284
74779
22657
35127
9190
79638
91031
57597
14577
56804
51305
44312
42291
28406
49687
6039
15478
71550
11307
14310
84659
61656
38
26821
17018
71819
5798
87895
32620
19812
90947
46549
26358
70425
26185
52025
9281
37611
35064
91150
92897
81570
15876
61571
75963
20456
9254
85764
54844
44294
9603
40836
71490
15815
8284
13043
38569
53533
72488
65359
23297
49728
15140
15495
64701
30743
62681
1899
22677
16006
49138
27392
71443
33742
45888
5450
26753
47517
42699
82191
76552
78492
52072
60473
29315
11536
26062
87057
14059
19900
15366
26596
9766
94690
24204
40673
25936
33443
92855
87343
49964
49752
91376
50886
16796
79253
14583
26389
91026
49433
23375
10259
43859
29753
77657
36174
33800
1897
50335
290
10077
38200
54932
95400
14792
91168
17187
1227
44986
94195
72511
36075
78115
73124
36882
33789
59212
48795
28819
81145
26227
55793
8082
3650
62854
38828
67597
14290
26487
89816
24754
48428
30877
27672
90958
32056
56182
81513
36087
8259
58079
45894
14557
65722
3853
88295
422
58768
86926
45854
50663
48172
70162
18607
44054
42981
34199
66934
96725
31295
66358
55810
73215
97786
49245
11564
18468
26048
89103
44613
68313
63765
79925
280
44312
595
62822
26966
5494
92071
96685
78170
8106
63077
16687
74138
32785
89489
88190
69317
41126
50642
32549
50693
55848
52931
57932
25399
12822
28012
99141
78886
97046
53005
98123
23400
90420
68036
51974
32381
26773
71411
75675
60148
43782
40337
64145
3029
15459
87636
10414
23801
10946
37663
25803
93147
47001
79679
97319
25010
81003
29798
74716
34023
21127
58319
22307
67075
97689
19543
69809
67008
15782
46035
54615
48229
97408
81910
99560
50062
1801
38519
7047
23024
72780
86209
60904
36910
39981
60333
60921
2444
50411
36777
71168
10311
26954
31424
44200
65479
68488
20771
80990
77187
20351
35146
97789
37221
17130
30382
42613
5822
53208
71605
67770
40931
28217
99315
77587
32478
77404
29218
87348
81481
51037
3475
51384
91736
19002
55349
25734
71145
92205
19349
30162
81290
14372
