88258
25648
34772
61619
19849
63506
24525
96150
65107
37041
17275
26028
83201
11628
67674
94803
98232
28075
420
56928
8817
64316
73104
80114
27335
93060
23346
5088
54809
90176
34482
80397
49846
82710
76533
30765
83587
45706
63470
69529
86107
23602
39335
30395
38289
87553
63578
64255
82579
51408
78361
46810
71227
63041
38721
12653
28696
14729
98955
37654
54998
58612
42651
32427
86825
55688
15181
23095
60914
41800
86588
14882
45558
91354
52179
92383
16785
63405
64118
78782
54003
90076
30784
3797
38133
35118
66518
28195
53610
7970
73697
42362
34290
88473
41631
53901
51299
57928
55732
52256
34171
7161
35169
63637
95445
28698
44544
83397
5981
40438
58673
53715
29008
75040
21829
70257
27028
81958
14460
80387
80053
43213
16937
79294
70749
2611
94664
2768
49701
11830
92371
43685
46230
72469
8319
85844
6451
67981
27586
47461
70186
26010
20578
70216
51843
94087
30060
38036
21156
49006
43451
54185
28262
72477
96120
32599
1788
4729
2626
98976
69017
13438
65733
52159
63557
5543
20572
37106
39514
3178
30148
82780
90187
32416
4428
35712
98293
16207
49527
85889
52528
17196
97063
35390
11131
10031
9685
66128
94649
92208
99928
96029
54445
2642
1933
97341
71002
79282
19903
12525
96453
77096
51266
25466
79390
40920
42432
55726
67156
97450
3072
39604
35921
60150
26564
13066
34639
85990
75524
61788
49360
38174
56300
12198
29132
53259
73531
36512
63354
37280
92128
69889
66401
32063
50124
2257
65148
95363
51596
48856
99969
71642
93662
14196
59280
29369
75744
3263
52082
30424
58601
48474
62496
73814
14281
84256
40713
43573
18845
82565
10963
12503
73517
22185
27222
64201
77780
32764
10996
18525
52848
80805
62065
68604
94770
74271
99691
30466
7725
64674
33034
53984
40824
97061
44286
19742
4786
42133
90309
74097
78477
53286
731
35147
90492
27424
98965
73717
64059
71512
65512
41028
85461
30899
42184
60473
92913
63308
67428
72720
96952
96085
10674
13769
55798
91653
10159
49242
16684
99207
1786
21246
68150
98062
15923
21784
25870
57358
14899
5120
55599
64905
22377
82073
68759
63858
18333
98173
71708
54808
52351
1214
38896
15412
57080
38565
94365
88695
35535
68483
42256
80623
48711
73900
85226
21751
18549
38037
68584
89788
26800
80479
93648
48661
68077
79236
32931
61881
60671
27607
43277
97880
94389
17740
21528
68732
93728
62112
1288
41641
54566
23492
19707
61669
8789
735
40874
91943
24599
26119
90970
12301
70482
60109
43390
12415
8010
81917
61433
77917
20507
8752
45935
83407
73290
29627
45215
82421
1852
25250
35990
37250
55859
76608
95594
40076
48140
81855
52858
33391
73547
70913
84096
86425
26554
10155
77679
19979
13498
95769
28370
36699
23374
34464
73881
13412
16608
68462
76981
84520
50194
43275
75453
77617
79270
36339
96635
80726
87622
62051
27435
22034
351
30387
28370
11972
80600
19201
18787
21604
62321
33
42381
10196
6841
17954
67071
57631
55759
87143
61826
42873
39657
65586
99616
15375
31559
73420
51544
49455
50533
92569
62191
46530
40864
68418
41547
69559
10250
79349
28037
21774
83070
36404
93238
18729
57311
73465
57888
64238
91109
32839
89833
15761
73126
57071
85472
45637
23333
3316
47932
61090
87824
45350
95485
55585
28021
80869
73374
25033
50130
49048
23463
97994
1399
25669
57945
47316
68945
25545
736
76833
40684
43051
12335
48349
33261
65903
1704
79532
35787
4395
84833
36039
84106
62749
52206
5757
91161
92310
33167
35937
81956
7501
74997
3989
94114
61710
79633
82869
59570
64265
22777
62056
98296
84876
98381
71512
13617
5007
48436
3780
80337
93496
20080
92490
96495
23188
17256
10856
54995
15654
7347
58115
83556
93139
8170
41188
12777
71315
36370
25452
85866
80479
96660
2186
43604
88080
41482
92971
22180
76920
94652
48006
67678
1858
87097
52845
54576
87520
87772
8059
8514
25290
99785
65736
19335
95546
34949
11006
22622
58118
5834
36114
79762
26042
90272
66253
53642
22672
83271
97889
423
40785
35883
73474
45965
15430
44755
61113
74472
91265
11285
74212
60688
11556
15239
11871
23921
95624
11327
24335
41616
77484
82133
2636
22196
1369
28512
83617
49091
60339
10653
94933
32340
40342
89246
84190
25047
97965
99069
96746
17398
40697
6991
49717
92526
37628
23332
36565
18406
74061
41359
54262
29618
24674
35757
26113
23215
38658
33995
91431
57620
34675
12113
64211
46551
75851
47660
45726
84126
68557
58940
82710
90052
22345
4815
76707
50552
20409
70511
74543
27612
92038
56867
45472
84674
89394
37840
27191
44851
91706
66030
72301
97404
35252
11896
67276
27620
33845
28608
61301
34190
4122
15113
67769
86289
82722
24436
62287
18326
61243
76916
42336
48796
73895
49534
86286
77122
4437
42254
91920
13712
82507
47040
1036
20808
55235
62325
43872
44129
84920
13135
24526
46925
40145
21332
61190
71668
24401
98573
2851
57542
80821
59828
77802
75493
91030
57013
95808
52342
62073
31928
33106
94814
48919
78767
44287
63250
88940
52580
39345
5260
30711
66449
14137
55180
55823
35306
75693
52528
77736
3743
21500
67136
21809
39398
78231
91440
68693
26013
74448
98547
18291
17026
86955
43667
7052
11849
40538
18542
45365
60125
51904
21672
60371
111
86326
19332
26268
22554
39490
40309
10535
24196
30958
26650
57220
11819
94914
32078
20204
89747
72791
49055
649
62567
20884
45183
13096
61709
72068
90019
51649
91591
27852
61907
87614
49322
60750
92567
31817
12560
50801
16844
41728
17502
52414
42876
37119
88441
95732
55653
78242
51623
70008
9393
45465
64004
87803
97050
76865
3526
29058
79761
23352
30823
48383
47485
44545
65727
209
80029
78535
98525
52191
10128
84618
30157
18099
65530
24638
5800
27687
39576
57069
12171
44511
50341
85727
23577
55799
19759
37351
40776
50701
88510
63001
4565
34213
55278
23530
21436
52195
89436
67810
13951
60939
10832
45389
89924
96033
13292
85967
53016
1603
21088
41816
16875
75325
66450
50331
89955
59598
1519
63720
85698
87844
52653
55373
7145
39709
55704
33902
97264
83116
15199
79120
59018
65807
48867
62069
93327
43918
70127
47824
14638
23441
55584
69693
99564
50263
88437
10487
19712
912
44187
92742
77353
33796
25902
67489
80547
95372
59637
57002
6363
60918
36925
5223
15932
64176
60326
48118
6564
78556
89967
48405
33073
55798
